Date:	09/05/2018		Time:	12:07		Version no:	0.00		Project name:	55		Sample name:	222		Section name:	section		Position	290.000031	mm	E0	0.000000	keV	E1	1.000000	keV/channel	sample surface	6.145391	cm	Tube anode:	Mo		Tube voltage:	30	kV	Tube current:	50	mA	gain	10		std. database			resultfile	result		matrix element	11		sample thickness	1.000000		air passage	0.560000	cm	comments	in position		peaking_time	2.200000	m-sec	trigger_threshold	547.363281	V	mca_bin_width	22.090000	no:	number_mca_channels	1024.000000	no:	gap_time	0.150000	m-sec	trigger_peaking_time	0.200000	m-sec	GAINDAC	18610		HIGHGAIN	1		TAURC	1		RCTAU	1		RCTAUFRAC	1		livetime	9.482080	seconds	runtime	10.000489	seconds	input_count_rate	23115.603328	cps	output_count_rate	19152.063847	cps	triggers	219184	seconds	events_in_run	191530	seconds	channel	content		1	0
2	0
3	0
4	0
5	0
6	0
7	0
8	0
9	0
10	0
11	0
12	0
13	0
14	0
15	0
16	0
17	0
18	0
19	0
20	0
21	0
22	0
23	0
24	0
25	0
26	0
27	0
28	0
29	0
30	0
31	13
32	9
33	15
34	10
35	9
36	6
37	10
38	10
39	9
40	10
41	11
42	12
43	7
44	12
45	12
46	7
47	6
48	7
49	5
50	10
51	9
52	11
53	9
54	17
55	7
56	14
57	6
58	5
59	14
60	9
61	12
62	5
63	10
64	6
65	4
66	2
67	7
68	7
69	7
70	4
71	10
72	6
73	9
74	5
75	7
76	5
77	10
78	2
79	9
80	15
81	8
82	12
83	12
84	7
85	5
86	10
87	9
88	5
89	8
90	9
91	9
92	5
93	9
94	13
95	22
96	19
97	20
98	21
99	6
100	8
101	11
102	12
103	7
104	3
105	7
106	12
107	7
108	11
109	10
110	17
111	7
112	7
113	2
114	6
115	6
116	7
117	7
118	5
119	4
120	6
121	9
122	2
123	3
124	7
125	5
126	4
127	6
128	3
129	5
130	2
131	6
132	4
133	4
134	5
135	3
136	3
137	3
138	3
139	5
140	3
141	4
142	4
143	8
144	2
145	5
146	6
147	4
148	4
149	8
150	6
151	8
152	6
153	9
154	6
155	2
156	7
157	6
158	10
159	15
160	16
161	25
162	21
163	23
164	28
165	20
166	24
167	17
168	7
169	6
170	6
171	2
172	6
173	4
174	7
175	9
176	10
177	12
178	16
179	13
180	20
181	23
182	26
183	19
184	23
185	12
186	11
187	14
188	6
189	4
190	8
191	5
192	6
193	10
194	13
195	25
196	40
197	87
198	143
199	286
200	370
201	464
202	575
203	581
204	581
205	475
206	332
207	228
208	134
209	71
210	41
211	21
212	13
213	12
214	18
215	15
216	32
217	54
218	70
219	89
220	107
221	109
222	99
223	84
224	62
225	38
226	22
227	17
228	11
229	7
230	2
231	8
232	5
233	8
234	5
235	8
236	5
237	8
238	7
239	7
240	20
241	34
242	61
243	115
244	172
245	217
246	314
247	320
248	350
249	335
250	238
251	230
252	146
253	106
254	73
255	53
256	53
257	33
258	20
259	28
260	18
261	11
262	7
263	14
264	16
265	30
266	46
267	44
268	54
269	64
270	67
271	64
272	61
273	78
274	56
275	36
276	25
277	20
278	21
279	12
280	7
281	4
282	5
283	9
284	12
285	14
286	10
287	11
288	10
289	12
290	10
291	16
292	15
293	14
294	19
295	20
296	22
297	19
298	19
299	17
300	14
301	15
302	13
303	11
304	11
305	21
306	12
307	19
308	13
309	15
310	10
311	14
312	14
313	7
314	10
315	22
316	22
317	33
318	34
319	60
320	59
321	91
322	111
323	94
324	110
325	95
326	61
327	68
328	58
329	47
330	36
331	39
332	25
333	30
334	30
335	24
336	35
337	42
338	55
339	83
340	121
341	226
342	388
343	770
344	1318
345	2232
346	3378
347	4903
348	6381
349	7599
350	8440
351	8826
352	8400
353	7241
354	5878
355	4348
356	3030
357	1933
358	1194
359	621
360	329
361	166
362	89
363	57
364	48
365	39
366	39
367	36
368	37
369	32
370	34
371	57
372	41
373	54
374	59
375	78
376	90
377	97
378	154
379	234
380	335
381	502
382	710
383	960
384	1211
385	1308
386	1387
387	1474
388	1451
389	1192
390	997
391	783
392	517
393	329
394	206
395	120
396	77
397	53
398	34
399	23
400	37
401	19
402	20
403	30
404	21
405	22
406	39
407	22
408	30
409	42
410	26
411	27
412	22
413	28
414	31
415	18
416	30
417	28
418	27
419	21
420	24
421	25
422	28
423	27
424	26
425	25
426	26
427	22
428	30
429	31
430	29
431	29
432	31
433	30
434	32
435	31
436	28
437	38
438	40
439	53
440	54
441	40
442	71
443	61
444	57
445	49
446	46
447	59
448	47
449	50
450	43
451	40
452	40
453	57
454	56
455	78
456	67
457	68
458	86
459	82
460	57
461	96
462	70
463	56
464	66
465	48
466	59
467	50
468	44
469	65
470	60
471	56
472	49
473	71
474	66
475	47
476	62
477	46
478	47
479	50
480	43
481	42
482	34
483	43
484	44
485	48
486	56
487	39
488	56
489	45
490	52
491	56
492	59
493	50
494	54
495	57
496	63
497	47
498	53
499	33
500	66
501	57
502	52
503	48
504	61
505	73
506	64
507	62
508	69
509	71
510	59
511	69
512	75
513	58
514	76
515	72
516	70
517	70
518	66
519	65
520	80
521	70
522	74
523	68
524	60
525	75
526	75
527	72
528	90
529	97
530	101
531	84
532	79
533	88
534	76
535	71
536	72
537	71
538	74
539	74
540	69
541	65
542	74
543	70
544	71
545	74
546	86
547	77
548	72
549	83
550	79
551	76
552	68
553	71
554	52
555	56
556	63
557	64
558	59
559	60
560	68
561	70
562	50
563	62
564	64
565	56
566	57
567	61
568	54
569	54
570	64
571	84
572	79
573	67
574	60
575	63
576	65
577	69
578	76
579	72
580	55
581	74
582	66
583	69
584	66
585	63
586	66
587	68
588	86
589	77
590	76
591	74
592	76
593	72
594	84
595	78
596	95
597	90
598	80
599	70
600	77
601	67
602	77
603	73
604	80
605	74
606	77
607	92
608	75
609	66
610	91
611	71
612	66
613	84
614	75
615	86
616	96
617	93
618	80
619	106
620	86
621	87
622	83
623	71
624	91
625	85
626	83
627	86
628	76
629	90
630	83
631	88
632	84
633	85
634	83
635	79
636	79
637	74
638	101
639	89
640	74
641	94
642	75
643	73
644	82
645	98
646	103
647	100
648	81
649	82
650	98
651	87
652	71
653	96
654	82
655	79
656	97
657	102
658	82
659	112
660	92
661	89
662	85
663	91
664	84
665	82
666	99
667	89
668	80
669	105
670	100
671	99
672	111
673	88
674	85
675	89
676	96
677	93
678	90
679	88
680	88
681	95
682	99
683	91
684	100
685	94
686	94
687	80
688	78
689	93
690	101
691	100
692	82
693	75
694	110
695	124
696	87
697	101
698	103
699	97
700	112
701	115
702	103
703	114
704	93
705	107
706	109
707	113
708	118
709	114
710	113
711	90
712	100
713	104
714	104
715	90
716	90
717	107
718	91
719	101
720	86
721	107
722	90
723	80
724	105
725	108
726	104
727	108
728	94
729	123
730	113
731	126
732	135
733	96
734	111
735	111
736	117
737	110
738	97
739	114
740	115
741	125
742	117
743	95
744	105
745	129
746	110
747	97
748	111
749	122
750	118
751	102
752	100
753	101
754	93
755	114
756	104
757	116
758	110
759	111
760	129
761	121
762	117
763	120
764	140
765	149
766	151
767	185
768	181
769	210
770	246
771	248
772	240
773	262
774	262
775	274
776	250
777	221
778	212
779	194
780	195
781	155
782	139
783	133
784	125
785	103
786	107
787	108
788	125
789	108
790	100
791	112
792	108
793	96
794	112
795	113
796	105
797	105
798	110
799	94
800	128
801	99
802	115
803	112
804	115
805	104
806	109
807	100
808	139
809	112
810	111
811	120
812	111
813	122
814	106
815	122
816	132
817	129
818	124
819	123
820	110
821	123
822	134
823	114
824	114
825	119
826	114
827	115
828	119
829	104
830	131
831	125
832	117
833	125
834	109
835	128
836	131
837	103
838	116
839	110
840	112
841	122
842	110
843	116
844	130
845	138
846	130
847	114
848	124
849	138
850	103
851	140
852	133
853	145
854	151
855	146
856	139
857	157
858	176
859	181
860	188
861	201
862	165
863	200
864	191
865	176
866	186
867	206
868	201
869	187
870	187
871	177
872	201
873	171
874	159
875	223
876	203
877	222
878	199
879	203
880	202
881	248
882	224
883	253
884	247
885	288
886	261
887	298
888	299
889	316
890	345
891	331
892	349
893	381
894	403
895	397
896	401
897	389
898	451
899	427
900	437
901	415
902	451
903	418
904	443
905	409
906	412
907	366
908	376
909	371
910	347
911	315
912	333
913	305
914	270
915	278
916	259
917	257
918	241
919	269
920	249
921	205
922	198
923	196
924	184
925	183
926	164
927	168
928	157
929	145
930	158
931	167
932	128
933	147
934	141
935	125
936	118
937	155
938	118
939	129
940	140
941	134
942	141
943	168
944	196
945	234
946	219
947	220
948	260
949	306
950	344
951	335
952	329
953	380
954	389
955	382
956	340
957	352
958	323
959	311
960	256
961	239
962	190
963	187
964	164
965	162
966	123
967	125
968	100
969	118
970	98
971	101
972	98
973	99
974	126
975	90
976	94
977	107
978	113
979	116
980	110
981	67
982	101
983	109
984	119
985	83
986	133
987	133
988	102
989	121
990	106
991	123
992	110
993	133
994	129
995	110
996	122
997	118
998	121
999	138
1000	125
1001	148
1002	137
1003	139
1004	154
1005	121
1006	116
1007	149
1008	117
1009	142
1010	137
1011	137
1012	133
1013	125
1014	152
1015	131
1016	107
1017	115
1018	109
1019	109
1020	116
1021	106
1022	86
1023	98
1024	91
