Date:	09/05/2018		Time:	12:24		Version no:	0.00		Project name:	55		Sample name:	222		Section name:	section		Position	308.000031	mm	E0	0.000000	keV	E1	1.000000	keV/channel	sample surface	6.058629	cm	Tube anode:	Mo		Tube voltage:	30	kV	Tube current:	50	mA	gain	10		std. database			resultfile	result		matrix element	11		sample thickness	1.000000		air passage	0.560000	cm	comments	in position		peaking_time	2.200000	m-sec	trigger_threshold	547.363281	V	mca_bin_width	22.090000	no:	number_mca_channels	1024.000000	no:	gap_time	0.150000	m-sec	trigger_peaking_time	0.200000	m-sec	GAINDAC	18610		HIGHGAIN	1		TAURC	1		RCTAU	1		RCTAUFRAC	1		livetime	9.436924	seconds	runtime	10.000498	seconds	input_count_rate	24160.626916	cps	output_count_rate	19803.013018	cps	triggers	228002	seconds	events_in_run	198040	seconds	channel	content		1	0
2	0
3	0
4	0
5	0
6	0
7	0
8	0
9	0
10	0
11	0
12	0
13	0
14	0
15	0
16	0
17	0
18	0
19	0
20	0
21	0
22	0
23	0
24	0
25	0
26	0
27	0
28	0
29	0
30	0
31	16
32	17
33	12
34	14
35	17
36	15
37	13
38	15
39	21
40	16
41	15
42	9
43	13
44	16
45	12
46	6
47	9
48	14
49	17
50	9
51	19
52	8
53	11
54	12
55	16
56	11
57	15
58	21
59	5
60	10
61	14
62	11
63	10
64	6
65	9
66	16
67	8
68	11
69	6
70	5
71	9
72	9
73	12
74	8
75	7
76	5
77	12
78	8
79	13
80	11
81	13
82	7
83	18
84	7
85	7
86	8
87	9
88	11
89	6
90	9
91	6
92	10
93	12
94	10
95	10
96	13
97	22
98	16
99	18
100	11
101	8
102	10
103	9
104	8
105	6
106	10
107	7
108	11
109	9
110	6
111	8
112	6
113	6
114	5
115	3
116	2
117	6
118	4
119	5
120	6
121	5
122	5
123	3
124	2
125	3
126	5
127	3
128	5
129	3
130	2
131	4
132	4
133	6
134	3
135	2
136	4
137	3
138	4
139	2
140	3
141	5
142	3
143	3
144	1
145	4
146	6
147	3
148	3
149	3
150	2
151	4
152	5
153	7
154	8
155	3
156	2
157	8
158	11
159	14
160	19
161	19
162	17
163	22
164	28
165	27
166	21
167	12
168	8
169	5
170	6
171	9
172	8
173	8
174	10
175	9
176	7
177	9
178	10
179	14
180	14
181	20
182	25
183	23
184	23
185	15
186	8
187	10
188	10
189	8
190	2
191	5
192	3
193	5
194	8
195	17
196	32
197	53
198	74
199	126
200	206
201	255
202	300
203	319
204	313
205	238
206	175
207	125
208	63
209	41
210	24
211	10
212	13
213	7
214	18
215	14
216	21
217	35
218	55
219	56
220	46
221	59
222	45
223	41
224	36
225	17
226	12
227	13
228	5
229	7
230	5
231	3
232	4
233	0
234	4
235	8
236	4
237	8
238	4
239	10
240	12
241	21
242	39
243	73
244	91
245	149
246	161
247	157
248	188
249	162
250	141
251	117
252	87
253	64
254	48
255	43
256	40
257	39
258	26
259	23
260	23
261	22
262	15
263	13
264	8
265	15
266	15
267	26
268	25
269	44
270	47
271	38
272	41
273	53
274	32
275	29
276	23
277	10
278	9
279	9
280	7
281	8
282	10
283	11
284	16
285	8
286	15
287	11
288	8
289	16
290	14
291	13
292	21
293	20
294	14
295	15
296	11
297	21
298	12
299	17
300	14
301	17
302	9
303	13
304	12
305	8
306	10
307	12
308	17
309	9
310	13
311	9
312	18
313	19
314	22
315	27
316	24
317	44
318	56
319	64
320	102
321	120
322	149
323	161
324	161
325	160
326	115
327	92
328	85
329	47
330	48
331	34
332	24
333	37
334	34
335	29
336	31
337	53
338	51
339	79
340	116
341	195
342	332
343	671
344	1206
345	2044
346	3201
347	4499
348	5943
349	7056
350	8010
351	8147
352	7877
353	6904
354	5573
355	4146
356	2999
357	1808
358	1122
359	617
360	335
361	183
362	100
363	55
364	57
365	31
366	39
367	40
368	49
369	41
370	44
371	47
372	42
373	37
374	38
375	69
376	85
377	120
378	146
379	196
380	317
381	472
382	654
383	855
384	1120
385	1226
386	1284
387	1292
388	1300
389	1112
390	890
391	709
392	513
393	351
394	197
395	118
396	84
397	52
398	40
399	29
400	21
401	23
402	26
403	21
404	16
405	23
406	28
407	34
408	30
409	28
410	50
411	36
412	27
413	38
414	30
415	21
416	29
417	25
418	20
419	34
420	26
421	31
422	30
423	20
424	31
425	27
426	35
427	26
428	25
429	26
430	32
431	36
432	34
433	33
434	37
435	47
436	45
437	64
438	54
439	55
440	50
441	56
442	66
443	61
444	70
445	58
446	64
447	57
448	42
449	31
450	54
451	71
452	52
453	49
454	50
455	47
456	70
457	58
458	78
459	67
460	86
461	70
462	66
463	59
464	59
465	60
466	47
467	36
468	62
469	56
470	48
471	47
472	62
473	45
474	66
475	55
476	55
477	46
478	61
479	46
480	53
481	52
482	52
483	37
484	64
485	53
486	54
487	50
488	55
489	52
490	54
491	50
492	40
493	70
494	54
495	67
496	59
497	52
498	58
499	65
500	67
501	52
502	62
503	68
504	63
505	76
506	59
507	70
508	82
509	66
510	69
511	84
512	76
513	70
514	80
515	93
516	65
517	85
518	83
519	79
520	64
521	71
522	84
523	80
524	87
525	77
526	72
527	103
528	94
529	92
530	75
531	68
532	89
533	85
534	77
535	60
536	65
537	66
538	77
539	73
540	82
541	75
542	82
543	84
544	72
545	78
546	84
547	76
548	64
549	64
550	72
551	63
552	82
553	69
554	60
555	73
556	82
557	67
558	66
559	75
560	83
561	81
562	75
563	72
564	59
565	78
566	82
567	84
568	70
569	79
570	86
571	64
572	78
573	72
574	88
575	72
576	74
577	96
578	84
579	77
580	89
581	86
582	95
583	90
584	79
585	74
586	88
587	96
588	74
589	83
590	75
591	94
592	78
593	77
594	80
595	87
596	83
597	76
598	81
599	91
600	90
601	109
602	93
603	68
604	101
605	83
606	78
607	88
608	84
609	92
610	99
611	118
612	102
613	101
614	96
615	92
616	100
617	103
618	100
619	78
620	108
621	92
622	109
623	105
624	82
625	79
626	86
627	89
628	90
629	112
630	86
631	92
632	97
633	102
634	114
635	75
636	106
637	108
638	105
639	94
640	92
641	104
642	95
643	108
644	134
645	94
646	97
647	105
648	94
649	89
650	108
651	100
652	111
653	100
654	105
655	98
656	90
657	108
658	115
659	106
660	105
661	109
662	108
663	100
664	91
665	114
666	101
667	96
668	110
669	106
670	105
671	105
672	101
673	103
674	112
675	102
676	122
677	123
678	117
679	115
680	126
681	115
682	103
683	102
684	126
685	88
686	113
687	114
688	113
689	130
690	109
691	94
692	112
693	111
694	127
695	112
696	127
697	108
698	131
699	112
700	127
701	140
702	110
703	143
704	129
705	117
706	111
707	127
708	120
709	119
710	122
711	122
712	111
713	135
714	114
715	114
716	111
717	127
718	132
719	108
720	137
721	129
722	117
723	117
724	139
725	121
726	125
727	121
728	124
729	140
730	119
731	119
732	135
733	125
734	146
735	121
736	130
737	124
738	133
739	140
740	126
741	136
742	119
743	112
744	130
745	144
746	138
747	105
748	156
749	123
750	129
751	127
752	106
753	96
754	126
755	131
756	126
757	147
758	136
759	129
760	116
761	159
762	145
763	131
764	162
765	160
766	170
767	193
768	212
769	215
770	229
771	267
772	287
773	277
774	267
775	265
776	276
777	223
778	223
779	241
780	181
781	153
782	169
783	132
784	153
785	141
786	135
787	129
788	143
789	143
790	123
791	117
792	117
793	146
794	127
795	132
796	155
797	119
798	140
799	125
800	131
801	134
802	146
803	129
804	136
805	165
806	154
807	152
808	138
809	140
810	141
811	141
812	130
813	151
814	145
815	145
816	154
817	136
818	120
819	146
820	139
821	123
822	140
823	116
824	152
825	153
826	137
827	119
828	146
829	122
830	153
831	142
832	135
833	144
834	166
835	153
836	142
837	140
838	139
839	114
840	136
841	162
842	163
843	145
844	146
845	152
846	153
847	152
848	131
849	164
850	150
851	151
852	174
853	144
854	155
855	178
856	164
857	197
858	213
859	202
860	189
861	201
862	218
863	202
864	209
865	207
866	230
867	229
868	214
869	203
870	212
871	213
872	221
873	212
874	225
875	255
876	220
877	245
878	252
879	248
880	274
881	295
882	286
883	334
884	309
885	328
886	363
887	363
888	377
889	411
890	469
891	467
892	490
893	523
894	501
895	504
896	506
897	494
898	570
899	557
900	592
901	586
902	492
903	564
904	523
905	503
906	501
907	463
908	467
909	466
910	436
911	420
912	422
913	373
914	335
915	349
916	343
917	309
918	288
919	310
920	265
921	262
922	247
923	242
924	235
925	193
926	198
927	197
928	187
929	170
930	183
931	174
932	167
933	173
934	158
935	183
936	148
937	162
938	145
939	153
940	178
941	188
942	197
943	184
944	194
945	255
946	260
947	284
948	348
949	375
950	359
951	405
952	401
953	434
954	411
955	414
956	409
957	353
958	332
959	317
960	315
961	265
962	228
963	184
964	179
965	174
966	136
967	143
968	135
969	151
970	113
971	126
972	135
973	137
974	110
975	120
976	144
977	120
978	127
979	108
980	131
981	135
982	134
983	119
984	162
985	135
986	142
987	135
988	155
989	116
990	147
991	166
992	174
993	147
994	183
995	174
996	160
997	174
998	185
999	179
1000	178
1001	161
1002	198
1003	169
1004	163
1005	172
1006	151
1007	179
1008	171
1009	172
1010	181
1011	170
1012	184
1013	144
1014	172
1015	146
1016	144
1017	145
1018	161
1019	147
1020	129
1021	121
1022	103
1023	117
1024	107
