Date:	09/05/2018		Time:	10:38		Version no:	0.00		Project name:	55		Sample name:	222		Section name:	section		Position	196.600037	mm	E0	0.000000	keV	E1	1.000000	keV/channel	sample surface	6.051701	cm	Tube anode:	Mo		Tube voltage:	30	kV	Tube current:	50	mA	gain	10		std. database			resultfile	result		matrix element	11		sample thickness	1.000000		air passage	0.560000	cm	comments	in position		peaking_time	2.200000	m-sec	trigger_threshold	547.363281	V	mca_bin_width	22.090000	no:	number_mca_channels	1024.000000	no:	gap_time	0.150000	m-sec	trigger_peaking_time	0.200000	m-sec	GAINDAC	18610		HIGHGAIN	1		TAURC	1		RCTAU	1		RCTAUFRAC	1		livetime	9.379519	seconds	runtime	10.000486	seconds	input_count_rate	26151.873542	cps	output_count_rate	21055.877527	cps	triggers	245292	seconds	events_in_run	210569	seconds	channel	content		1	0
2	0
3	0
4	0
5	0
6	0
7	0
8	0
9	0
10	0
11	0
12	0
13	0
14	0
15	0
16	0
17	0
18	0
19	0
20	0
21	0
22	0
23	0
24	0
25	0
26	0
27	0
28	0
29	0
30	0
31	19
32	16
33	11
34	17
35	13
36	16
37	22
38	10
39	10
40	15
41	14
42	17
43	18
44	12
45	20
46	15
47	21
48	18
49	13
50	11
51	18
52	12
53	14
54	11
55	14
56	16
57	16
58	8
59	14
60	12
61	9
62	9
63	4
64	13
65	16
66	14
67	10
68	6
69	7
70	10
71	8
72	12
73	5
74	9
75	10
76	10
77	9
78	15
79	11
80	11
81	10
82	13
83	15
84	9
85	14
86	9
87	10
88	2
89	3
90	3
91	11
92	16
93	14
94	16
95	24
96	19
97	24
98	21
99	20
100	16
101	7
102	13
103	8
104	7
105	13
106	14
107	13
108	9
109	12
110	7
111	8
112	11
113	5
114	7
115	6
116	10
117	6
118	5
119	6
120	6
121	3
122	8
123	4
124	3
125	8
126	3
127	6
128	5
129	2
130	6
131	2
132	1
133	1
134	3
135	3
136	4
137	5
138	2
139	9
140	7
141	1
142	3
143	6
144	10
145	2
146	2
147	1
148	6
149	5
150	5
151	5
152	3
153	8
154	1
155	4
156	5
157	5
158	11
159	11
160	21
161	24
162	25
163	29
164	30
165	17
166	11
167	9
168	8
169	10
170	8
171	6
172	6
173	10
174	5
175	5
176	6
177	10
178	13
179	14
180	17
181	18
182	31
183	24
184	20
185	24
186	14
187	12
188	11
189	7
190	8
191	2
192	4
193	12
194	9
195	19
196	24
197	63
198	111
199	157
200	273
201	347
202	386
203	458
204	423
205	329
206	236
207	162
208	103
209	51
210	26
211	14
212	5
213	11
214	9
215	24
216	22
217	34
218	54
219	78
220	62
221	72
222	54
223	61
224	39
225	32
226	13
227	15
228	7
229	1
230	6
231	5
232	4
233	6
234	2
235	11
236	6
237	4
238	7
239	10
240	16
241	17
242	40
243	71
244	116
245	146
246	186
247	216
248	212
249	155
250	175
251	129
252	129
253	47
254	62
255	46
256	34
257	28
258	33
259	24
260	13
261	9
262	17
263	17
264	25
265	19
266	18
267	22
268	40
269	60
270	52
271	43
272	50
273	46
274	39
275	40
276	19
277	17
278	22
279	12
280	8
281	10
282	12
283	14
284	10
285	8
286	15
287	14
288	18
289	15
290	14
291	12
292	18
293	29
294	20
295	21
296	20
297	17
298	19
299	13
300	9
301	11
302	20
303	13
304	8
305	17
306	11
307	10
308	13
309	15
310	17
311	10
312	17
313	12
314	16
315	19
316	24
317	28
318	32
319	64
320	71
321	82
322	88
323	117
324	100
325	103
326	82
327	58
328	46
329	39
330	25
331	33
332	35
333	25
334	26
335	41
336	36
337	36
338	56
339	65
340	124
341	233
342	358
343	712
344	1297
345	2072
346	3115
347	4545
348	5879
349	6841
350	7863
351	7912
352	7687
353	6703
354	5523
355	3899
356	2826
357	1739
358	1019
359	533
360	269
361	159
362	100
363	64
364	50
365	40
366	55
367	38
368	42
369	42
370	42
371	55
372	69
373	49
374	59
375	63
376	95
377	117
378	160
379	247
380	314
381	414
382	615
383	873
384	1039
385	1247
386	1317
387	1322
388	1282
389	1057
390	893
391	681
392	459
393	297
394	211
395	145
396	71
397	54
398	44
399	44
400	35
401	32
402	32
403	27
404	37
405	31
406	34
407	43
408	53
409	47
410	34
411	31
412	42
413	36
414	43
415	43
416	33
417	31
418	34
419	43
420	31
421	35
422	36
423	37
424	36
425	29
426	42
427	39
428	38
429	39
430	44
431	36
432	36
433	47
434	60
435	62
436	56
437	63
438	53
439	71
440	94
441	82
442	77
443	65
444	66
445	65
446	77
447	69
448	68
449	54
450	76
451	58
452	61
453	73
454	75
455	70
456	94
457	97
458	97
459	91
460	105
461	87
462	79
463	80
464	77
465	66
466	70
467	56
468	66
469	61
470	64
471	63
472	71
473	69
474	66
475	58
476	73
477	64
478	71
479	53
480	60
481	42
482	51
483	73
484	59
485	57
486	61
487	66
488	59
489	79
490	64
491	59
492	53
493	70
494	67
495	67
496	59
497	66
498	77
499	70
500	69
501	64
502	68
503	83
504	83
505	73
506	87
507	91
508	76
509	79
510	87
511	96
512	85
513	79
514	102
515	77
516	89
517	91
518	75
519	79
520	86
521	120
522	95
523	104
524	98
525	104
526	94
527	107
528	109
529	106
530	110
531	93
532	100
533	85
534	104
535	103
536	79
537	85
538	90
539	88
540	90
541	100
542	89
543	107
544	103
545	90
546	90
547	93
548	91
549	97
550	74
551	94
552	90
553	87
554	90
555	79
556	85
557	83
558	82
559	72
560	86
561	79
562	81
563	102
564	91
565	90
566	72
567	84
568	99
569	103
570	97
571	87
572	88
573	91
574	105
575	68
576	86
577	77
578	94
579	93
580	90
581	79
582	98
583	87
584	86
585	93
586	80
587	101
588	108
589	95
590	104
591	100
592	107
593	97
594	95
595	115
596	117
597	104
598	120
599	102
600	110
601	100
602	91
603	110
604	107
605	108
606	119
607	86
608	115
609	110
610	117
611	114
612	111
613	94
614	116
615	98
616	103
617	111
618	88
619	103
620	114
621	107
622	100
623	118
624	117
625	119
626	94
627	103
628	105
629	96
630	111
631	112
632	111
633	103
634	91
635	93
636	119
637	118
638	106
639	119
640	105
641	112
642	103
643	97
644	128
645	110
646	103
647	134
648	106
649	110
650	115
651	135
652	114
653	120
654	126
655	131
656	115
657	111
658	112
659	131
660	114
661	137
662	123
663	100
664	110
665	112
666	119
667	116
668	138
669	84
670	122
671	154
672	107
673	123
674	126
675	126
676	113
677	131
678	103
679	142
680	137
681	125
682	134
683	112
684	115
685	138
686	145
687	137
688	123
689	133
690	131
691	127
692	134
693	154
694	147
695	148
696	131
697	128
698	134
699	142
700	117
701	126
702	119
703	134
704	139
705	131
706	134
707	150
708	141
709	118
710	147
711	133
712	145
713	140
714	138
715	132
716	123
717	135
718	130
719	143
720	145
721	148
722	130
723	125
724	145
725	126
726	144
727	145
728	148
729	159
730	150
731	140
732	141
733	147
734	163
735	151
736	151
737	144
738	137
739	127
740	147
741	173
742	153
743	144
744	166
745	123
746	154
747	136
748	133
749	153
750	151
751	141
752	153
753	142
754	139
755	138
756	138
757	132
758	160
759	149
760	148
761	149
762	187
763	186
764	163
765	199
766	225
767	236
768	233
769	258
770	286
771	288
772	325
773	332
774	333
775	307
776	308
777	265
778	269
779	260
780	228
781	234
782	199
783	168
784	172
785	177
786	149
787	170
788	135
789	153
790	161
791	125
792	130
793	150
794	146
795	138
796	124
797	142
798	143
799	158
800	173
801	145
802	141
803	164
804	145
805	140
806	123
807	158
808	145
809	157
810	171
811	161
812	148
813	141
814	158
815	146
816	178
817	135
818	180
819	178
820	146
821	179
822	164
823	159
824	192
825	140
826	146
827	163
828	137
829	160
830	155
831	169
832	158
833	168
834	160
835	151
836	162
837	156
838	165
839	189
840	176
841	167
842	155
843	147
844	148
845	191
846	157
847	181
848	151
849	181
850	182
851	198
852	177
853	177
854	165
855	154
856	177
857	186
858	172
859	181
860	209
861	228
862	232
863	228
864	224
865	253
866	239
867	233
868	236
869	212
870	220
871	212
872	253
873	257
874	255
875	263
876	246
877	259
878	262
879	293
880	291
881	331
882	359
883	368
884	342
885	363
886	403
887	404
888	446
889	496
890	477
891	513
892	588
893	553
894	557
895	584
896	564
897	568
898	601
899	615
900	634
901	662
902	622
903	615
904	603
905	571
906	541
907	546
908	537
909	527
910	527
911	498
912	455
913	441
914	420
915	400
916	398
917	363
918	371
919	331
920	313
921	318
922	302
923	215
924	243
925	262
926	235
927	231
928	198
929	233
930	223
931	184
932	197
933	192
934	181
935	215
936	185
937	200
938	163
939	193
940	182
941	207
942	216
943	214
944	237
945	268
946	295
947	303
948	377
949	404
950	444
951	453
952	450
953	452
954	482
955	460
956	435
957	407
958	375
959	343
960	314
961	268
962	252
963	212
964	197
965	194
966	162
967	145
968	147
969	158
970	152
971	158
972	131
973	137
974	140
975	133
976	139
977	147
978	131
979	132
980	138
981	139
982	134
983	129
984	136
985	157
986	155
987	148
988	163
989	158
990	161
991	194
992	172
993	173
994	191
995	156
996	176
997	198
998	186
999	203
1000	200
1001	175
1002	222
1003	180
1004	181
1005	199
1006	199
1007	191
1008	191
1009	171
1010	194
1011	171
1012	175
1013	140
1014	178
1015	171
1016	174
1017	160
1018	131
1019	136
1020	154
1021	139
1022	138
1023	142
1024	117
