Date:	09/05/2018		Time:	10:04		Version no:	0.00		Project name:	55		Sample name:	222		Section name:	section		Position	160.600037	mm	E0	0.000000	keV	E1	1.000000	keV/channel	sample surface	6.474383	cm	Tube anode:	Mo		Tube voltage:	30	kV	Tube current:	50	mA	gain	10		std. database			resultfile	result		matrix element	11		sample thickness	1.000000		air passage	0.560000	cm	comments	in position		peaking_time	2.200000	m-sec	trigger_threshold	547.363281	V	mca_bin_width	22.090000	no:	number_mca_channels	1024.000000	no:	gap_time	0.150000	m-sec	trigger_peaking_time	0.200000	m-sec	GAINDAC	18610		HIGHGAIN	1		TAURC	1		RCTAU	1		RCTAUFRAC	1		livetime	9.374526	seconds	runtime	10.000486	seconds	input_count_rate	27401.917605	cps	output_count_rate	21982.930750	cps	triggers	256880	seconds	events_in_run	219840	seconds	channel	content		1	0
2	0
3	0
4	0
5	0
6	0
7	0
8	0
9	0
10	0
11	0
12	0
13	0
14	0
15	0
16	0
17	0
18	0
19	0
20	0
21	0
22	0
23	0
24	0
25	0
26	0
27	0
28	0
29	0
30	0
31	18
32	18
33	12
34	20
35	13
36	13
37	13
38	13
39	16
40	16
41	11
42	30
43	11
44	9
45	8
46	13
47	13
48	14
49	18
50	12
51	14
52	18
53	11
54	9
55	12
56	9
57	13
58	9
59	10
60	18
61	9
62	13
63	10
64	12
65	14
66	16
67	7
68	4
69	11
70	13
71	12
72	9
73	6
74	7
75	8
76	9
77	14
78	9
79	12
80	11
81	16
82	11
83	7
84	14
85	14
86	11
87	4
88	6
89	3
90	8
91	8
92	15
93	14
94	15
95	11
96	18
97	17
98	21
99	10
100	14
101	8
102	10
103	8
104	10
105	12
106	11
107	13
108	12
109	11
110	18
111	5
112	5
113	5
114	7
115	5
116	6
117	9
118	4
119	5
120	7
121	3
122	4
123	5
124	7
125	4
126	5
127	4
128	8
129	1
130	0
131	4
132	6
133	4
134	3
135	7
136	1
137	5
138	5
139	4
140	4
141	2
142	4
143	4
144	7
145	2
146	3
147	7
148	8
149	1
150	7
151	3
152	6
153	6
154	6
155	3
156	4
157	6
158	16
159	10
160	13
161	15
162	27
163	19
164	31
165	23
166	13
167	10
168	9
169	4
170	8
171	10
172	3
173	10
174	12
175	3
176	7
177	14
178	10
179	17
180	18
181	17
182	20
183	30
184	28
185	19
186	8
187	13
188	1
189	8
190	5
191	5
192	6
193	6
194	11
195	20
196	30
197	61
198	97
199	168
200	267
201	353
202	426
203	440
204	399
205	359
206	302
207	162
208	126
209	58
210	25
211	12
212	15
213	9
214	16
215	20
216	32
217	43
218	49
219	67
220	70
221	72
222	71
223	58
224	43
225	32
226	21
227	20
228	9
229	4
230	8
231	7
232	3
233	7
234	4
235	8
236	8
237	4
238	9
239	9
240	12
241	29
242	55
243	81
244	144
245	182
246	241
247	227
248	273
249	248
250	189
251	151
252	131
253	95
254	77
255	53
256	28
257	42
258	31
259	24
260	29
261	18
262	15
263	20
264	24
265	19
266	29
267	37
268	50
269	61
270	71
271	64
272	55
273	52
274	52
275	33
276	21
277	20
278	18
279	12
280	9
281	11
282	14
283	15
284	11
285	14
286	15
287	9
288	18
289	14
290	20
291	27
292	17
293	24
294	19
295	16
296	14
297	19
298	18
299	18
300	22
301	17
302	17
303	15
304	19
305	13
306	15
307	16
308	23
309	18
310	24
311	16
312	15
313	15
314	24
315	33
316	41
317	64
318	88
319	144
320	209
321	222
322	283
323	307
324	270
325	264
326	220
327	177
328	111
329	106
330	56
331	42
332	43
333	30
334	34
335	45
336	47
337	33
338	64
339	81
340	100
341	213
342	467
343	823
344	1467
345	2399
346	3649
347	5207
348	6921
349	8053
350	9044
351	9373
352	8841
353	7568
354	6031
355	4595
356	3097
357	2063
358	1176
359	644
360	369
361	188
362	105
363	73
364	51
365	50
366	43
367	49
368	40
369	52
370	57
371	45
372	48
373	58
374	66
375	89
376	91
377	119
378	171
379	237
380	335
381	540
382	712
383	970
384	1209
385	1371
386	1559
387	1534
388	1374
389	1184
390	994
391	737
392	531
393	364
394	207
395	121
396	88
397	64
398	43
399	35
400	35
401	40
402	24
403	23
404	40
405	35
406	32
407	27
408	41
409	45
410	34
411	32
412	38
413	48
414	45
415	45
416	39
417	36
418	38
419	30
420	31
421	44
422	34
423	38
424	38
425	24
426	23
427	29
428	29
429	32
430	47
431	44
432	38
433	42
434	47
435	55
436	58
437	43
438	56
439	58
440	78
441	65
442	69
443	74
444	81
445	64
446	64
447	64
448	57
449	73
450	67
451	65
452	74
453	63
454	62
455	89
456	80
457	75
458	89
459	70
460	100
461	98
462	99
463	81
464	79
465	62
466	74
467	60
468	65
469	72
470	56
471	73
472	57
473	88
474	59
475	69
476	67
477	65
478	70
479	52
480	56
481	42
482	53
483	57
484	64
485	55
486	65
487	65
488	64
489	47
490	56
491	66
492	60
493	60
494	77
495	64
496	66
497	57
498	62
499	55
500	74
501	80
502	71
503	87
504	54
505	76
506	76
507	81
508	70
509	76
510	86
511	64
512	82
513	86
514	86
515	82
516	91
517	59
518	95
519	91
520	84
521	107
522	92
523	77
524	111
525	91
526	104
527	78
528	102
529	120
530	112
531	126
532	125
533	105
534	90
535	74
536	80
537	102
538	73
539	106
540	73
541	85
542	95
543	96
544	91
545	98
546	79
547	94
548	94
549	90
550	102
551	90
552	77
553	82
554	75
555	85
556	84
557	77
558	83
559	87
560	79
561	88
562	86
563	75
564	91
565	66
566	89
567	90
568	81
569	79
570	75
571	80
572	96
573	93
574	97
575	75
576	79
577	97
578	78
579	80
580	80
581	89
582	98
583	85
584	89
585	83
586	103
587	101
588	107
589	99
590	109
591	102
592	79
593	106
594	77
595	94
596	99
597	93
598	87
599	100
600	107
601	104
602	90
603	96
604	92
605	109
606	97
607	113
608	100
609	113
610	100
611	117
612	110
613	129
614	118
615	111
616	100
617	102
618	90
619	108
620	105
621	115
622	102
623	114
624	97
625	110
626	85
627	103
628	103
629	117
630	103
631	101
632	109
633	112
634	106
635	115
636	112
637	107
638	105
639	88
640	103
641	101
642	109
643	103
644	115
645	120
646	91
647	112
648	109
649	121
650	129
651	122
652	113
653	135
654	130
655	124
656	121
657	104
658	135
659	110
660	115
661	114
662	116
663	117
664	93
665	111
666	104
667	80
668	111
669	106
670	117
671	98
672	136
673	118
674	114
675	138
676	120
677	121
678	122
679	121
680	110
681	132
682	141
683	105
684	113
685	128
686	109
687	128
688	119
689	103
690	129
691	138
692	141
693	139
694	114
695	150
696	130
697	134
698	114
699	130
700	128
701	133
702	139
703	140
704	152
705	127
706	126
707	150
708	133
709	122
710	120
711	129
712	131
713	139
714	114
715	123
716	131
717	118
718	109
719	109
720	145
721	129
722	118
723	140
724	115
725	119
726	134
727	122
728	149
729	133
730	132
731	123
732	145
733	131
734	135
735	137
736	152
737	139
738	147
739	136
740	124
741	148
742	132
743	133
744	153
745	147
746	144
747	132
748	137
749	128
750	133
751	139
752	132
753	140
754	142
755	167
756	155
757	145
758	153
759	144
760	156
761	157
762	153
763	137
764	168
765	167
766	199
767	183
768	241
769	238
770	237
771	311
772	258
773	270
774	289
775	304
776	277
777	240
778	266
779	214
780	195
781	200
782	169
783	161
784	131
785	152
786	147
787	152
788	157
789	145
790	132
791	156
792	141
793	140
794	126
795	119
796	147
797	148
798	132
799	132
800	176
801	136
802	130
803	149
804	149
805	151
806	118
807	150
808	151
809	168
810	162
811	136
812	139
813	142
814	144
815	169
816	170
817	146
818	143
819	163
820	165
821	135
822	135
823	151
824	151
825	136
826	142
827	147
828	155
829	132
830	156
831	145
832	150
833	140
834	141
835	172
836	169
837	156
838	147
839	153
840	166
841	173
842	169
843	152
844	171
845	176
846	169
847	166
848	172
849	167
850	148
851	159
852	180
853	209
854	164
855	191
856	181
857	173
858	171
859	244
860	219
861	218
862	238
863	209
864	244
865	227
866	222
867	224
868	206
869	225
870	208
871	221
872	250
873	245
874	229
875	221
876	227
877	253
878	255
879	303
880	244
881	311
882	278
883	311
884	350
885	346
886	387
887	396
888	439
889	448
890	434
891	495
892	507
893	521
894	524
895	539
896	541
897	565
898	582
899	620
900	572
901	619
902	570
903	582
904	580
905	545
906	562
907	514
908	529
909	515
910	487
911	473
912	388
913	420
914	408
915	369
916	374
917	341
918	316
919	288
920	269
921	290
922	246
923	264
924	244
925	238
926	222
927	199
928	188
929	184
930	201
931	209
932	156
933	188
934	177
935	145
936	172
937	178
938	143
939	181
940	215
941	163
942	191
943	212
944	224
945	288
946	301
947	261
948	313
949	368
950	430
951	411
952	450
953	431
954	441
955	416
956	441
957	398
958	386
959	355
960	304
961	251
962	255
963	201
964	186
965	178
966	172
967	135
968	148
969	133
970	137
971	148
972	145
973	121
974	128
975	133
976	116
977	127
978	122
979	98
980	138
981	160
982	136
983	142
984	146
985	132
986	144
987	157
988	150
989	149
990	149
991	143
992	164
993	189
994	192
995	175
996	157
997	163
998	196
999	180
1000	166
1001	192
1002	177
1003	174
1004	195
1005	181
1006	173
1007	189
1008	190
1009	194
1010	168
1011	175
1012	168
1013	160
1014	171
1015	190
1016	160
1017	157
1018	146
1019	133
1020	157
1021	123
1022	112
1023	138
1024	114
