Date:	09/05/2018		Time:	09:23		Version no:	0.00		Project name:	55		Sample name:	222		Section name:	section		Position	117.800034	mm	E0	0.000000	keV	E1	1.000000	keV/channel	sample surface	6.171370	cm	Tube anode:	Mo		Tube voltage:	30	kV	Tube current:	50	mA	gain	10		std. database			resultfile	result		matrix element	11		sample thickness	1.000000		air passage	0.560000	cm	comments	in position		peaking_time	2.200000	m-sec	trigger_threshold	547.363281	V	mca_bin_width	22.090000	no:	number_mca_channels	1024.000000	no:	gap_time	0.150000	m-sec	trigger_peaking_time	0.200000	m-sec	GAINDAC	18610		HIGHGAIN	1		TAURC	1		RCTAU	1		RCTAUFRAC	1		livetime	9.506582	seconds	runtime	10.000490	seconds	input_count_rate	20935.180318	cps	output_count_rate	17529.840337	cps	triggers	199022	seconds	events_in_run	175307	seconds	channel	content		1	0
2	0
3	0
4	0
5	0
6	0
7	0
8	0
9	0
10	0
11	0
12	0
13	0
14	0
15	0
16	0
17	0
18	0
19	0
20	0
21	0
22	0
23	0
24	0
25	0
26	0
27	0
28	0
29	0
30	0
31	15
32	12
33	15
34	15
35	14
36	14
37	13
38	21
39	24
40	21
41	10
42	15
43	17
44	12
45	12
46	5
47	6
48	10
49	16
50	16
51	9
52	14
53	10
54	11
55	13
56	7
57	13
58	12
59	9
60	6
61	8
62	8
63	12
64	6
65	8
66	9
67	12
68	15
69	3
70	8
71	10
72	11
73	8
74	12
75	10
76	3
77	10
78	5
79	6
80	13
81	8
82	22
83	12
84	8
85	10
86	8
87	17
88	4
89	3
90	5
91	5
92	5
93	10
94	10
95	20
96	15
97	15
98	17
99	13
100	13
101	4
102	6
103	7
104	1
105	5
106	5
107	8
108	6
109	5
110	3
111	8
112	4
113	5
114	4
115	8
116	3
117	3
118	6
119	3
120	3
121	11
122	5
123	4
124	3
125	7
126	3
127	7
128	4
129	3
130	1
131	4
132	3
133	9
134	5
135	3
136	1
137	2
138	5
139	4
140	7
141	5
142	2
143	7
144	5
145	1
146	2
147	2
148	2
149	3
150	4
151	7
152	4
153	4
154	6
155	4
156	5
157	4
158	4
159	14
160	15
161	27
162	20
163	22
164	28
165	23
166	17
167	10
168	8
169	8
170	5
171	8
172	1
173	4
174	7
175	5
176	7
177	11
178	8
179	10
180	19
181	29
182	16
183	19
184	18
185	10
186	14
187	7
188	4
189	1
190	5
191	3
192	2
193	5
194	7
195	15
196	21
197	49
198	99
199	136
200	192
201	256
202	288
203	313
204	294
205	234
206	187
207	122
208	72
209	37
210	21
211	12
212	6
213	10
214	12
215	13
216	15
217	24
218	46
219	47
220	51
221	68
222	45
223	38
224	25
225	24
226	21
227	11
228	5
229	7
230	9
231	4
232	5
233	3
234	3
235	4
236	8
237	8
238	6
239	10
240	15
241	26
242	32
243	73
244	98
245	128
246	165
247	154
248	184
249	155
250	154
251	117
252	93
253	60
254	46
255	35
256	38
257	23
258	20
259	15
260	22
261	15
262	11
263	9
264	15
265	19
266	19
267	23
268	43
269	45
270	47
271	52
272	54
273	30
274	35
275	21
276	17
277	18
278	14
279	8
280	15
281	5
282	12
283	6
284	11
285	6
286	12
287	18
288	12
289	5
290	19
291	9
292	18
293	10
294	19
295	11
296	16
297	21
298	18
299	15
300	8
301	18
302	10
303	11
304	9
305	8
306	11
307	4
308	14
309	9
310	9
311	16
312	7
313	10
314	15
315	16
316	22
317	45
318	63
319	74
320	108
321	147
322	179
323	175
324	164
325	162
326	121
327	97
328	88
329	66
330	58
331	26
332	20
333	23
334	23
335	28
336	25
337	43
338	43
339	59
340	103
341	163
342	342
343	634
344	1060
345	1766
346	2795
347	3924
348	5097
349	6146
350	6901
351	6918
352	6440
353	5837
354	4614
355	3478
356	2331
357	1459
358	881
359	477
360	262
361	132
362	83
363	54
364	33
365	34
366	40
367	28
368	32
369	41
370	34
371	35
372	38
373	48
374	68
375	56
376	65
377	89
378	141
379	187
380	287
381	416
382	573
383	756
384	940
385	1065
386	1227
387	1144
388	1094
389	953
390	798
391	595
392	395
393	295
394	154
395	101
396	57
397	37
398	35
399	27
400	25
401	27
402	33
403	25
404	19
405	22
406	18
407	40
408	21
409	35
410	27
411	32
412	30
413	28
414	27
415	28
416	28
417	18
418	31
419	26
420	23
421	22
422	22
423	27
424	26
425	25
426	34
427	32
428	27
429	30
430	31
431	27
432	27
433	25
434	36
435	33
436	35
437	39
438	49
439	48
440	52
441	68
442	69
443	64
444	34
445	62
446	52
447	43
448	47
449	40
450	68
451	53
452	51
453	39
454	61
455	52
456	68
457	46
458	81
459	62
460	61
461	71
462	71
463	86
464	59
465	42
466	40
467	51
468	40
469	48
470	61
471	50
472	60
473	59
474	73
475	34
476	46
477	56
478	50
479	43
480	62
481	49
482	45
483	44
484	45
485	50
486	50
487	50
488	52
489	43
490	45
491	47
492	55
493	41
494	59
495	57
496	57
497	44
498	50
499	41
500	52
501	63
502	63
503	62
504	69
505	61
506	68
507	71
508	67
509	56
510	82
511	64
512	62
513	74
514	52
515	61
516	71
517	69
518	83
519	65
520	76
521	71
522	71
523	70
524	65
525	67
526	87
527	97
528	76
529	81
530	96
531	72
532	67
533	86
534	85
535	69
536	72
537	73
538	93
539	81
540	66
541	66
542	67
543	71
544	72
545	76
546	65
547	62
548	59
549	61
550	70
551	59
552	52
553	53
554	64
555	57
556	65
557	76
558	60
559	74
560	80
561	67
562	66
563	73
564	49
565	60
566	63
567	57
568	69
569	87
570	73
571	77
572	68
573	62
574	86
575	67
576	69
577	82
578	64
579	75
580	78
581	67
582	70
583	67
584	75
585	72
586	76
587	66
588	69
589	80
590	76
591	72
592	85
593	74
594	76
595	76
596	71
597	75
598	86
599	77
600	76
601	71
602	64
603	96
604	73
605	85
606	80
607	95
608	73
609	69
610	81
611	85
612	97
613	74
614	87
615	86
616	83
617	89
618	78
619	100
620	78
621	81
622	90
623	88
624	95
625	95
626	84
627	100
628	90
629	88
630	77
631	77
632	99
633	74
634	101
635	74
636	85
637	92
638	91
639	93
640	102
641	89
642	79
643	88
644	88
645	87
646	99
647	105
648	109
649	105
650	96
651	96
652	95
653	99
654	100
655	92
656	95
657	94
658	97
659	86
660	97
661	99
662	93
663	83
664	86
665	107
666	94
667	84
668	90
669	105
670	96
671	68
672	95
673	88
674	99
675	93
676	110
677	95
678	88
679	93
680	86
681	98
682	107
683	103
684	102
685	89
686	101
687	113
688	102
689	90
690	92
691	98
692	104
693	95
694	88
695	109
696	114
697	104
698	91
699	101
700	115
701	111
702	99
703	111
704	101
705	111
706	101
707	89
708	104
709	82
710	100
711	109
712	108
713	111
714	106
715	123
716	92
717	107
718	96
719	110
720	92
721	109
722	122
723	113
724	113
725	101
726	105
727	104
728	108
729	117
730	123
731	123
732	110
733	117
734	122
735	111
736	123
737	108
738	123
739	111
740	113
741	126
742	133
743	125
744	109
745	105
746	115
747	98
748	110
749	120
750	106
751	98
752	111
753	113
754	129
755	134
756	104
757	107
758	133
759	123
760	119
761	121
762	118
763	144
764	139
765	150
766	165
767	173
768	201
769	209
770	220
771	241
772	223
773	253
774	252
775	224
776	223
777	183
778	185
779	195
780	185
781	150
782	164
783	133
784	123
785	121
786	128
787	157
788	122
789	127
790	115
791	116
792	99
793	97
794	118
795	130
796	108
797	109
798	113
799	121
800	121
801	94
802	129
803	127
804	112
805	131
806	122
807	118
808	139
809	142
810	135
811	136
812	109
813	129
814	135
815	105
816	148
817	139
818	114
819	123
820	116
821	103
822	123
823	110
824	128
825	130
826	131
827	131
828	131
829	123
830	110
831	123
832	120
833	128
834	130
835	115
836	117
837	122
838	117
839	154
840	120
841	125
842	138
843	141
844	127
845	119
846	127
847	142
848	137
849	165
850	132
851	138
852	163
853	174
854	156
855	146
856	159
857	173
858	155
859	173
860	178
861	167
862	186
863	198
864	200
865	178
866	197
867	163
868	187
869	198
870	182
871	184
872	196
873	200
874	209
875	200
876	199
877	209
878	200
879	214
880	245
881	263
882	272
883	257
884	262
885	311
886	366
887	309
888	346
889	351
890	406
891	385
892	386
893	467
894	461
895	504
896	488
897	481
898	491
899	516
900	522
901	489
902	504
903	488
904	431
905	502
906	457
907	480
908	402
909	438
910	411
911	396
912	393
913	370
914	341
915	302
916	303
917	298
918	251
919	248
920	256
921	231
922	221
923	182
924	187
925	173
926	174
927	171
928	172
929	187
930	160
931	177
932	146
933	152
934	169
935	146
936	135
937	155
938	153
939	145
940	149
941	161
942	180
943	206
944	209
945	216
946	285
947	266
948	324
949	323
950	352
951	361
952	405
953	364
954	382
955	392
956	398
957	360
958	315
959	278
960	228
961	210
962	191
963	164
964	150
965	157
966	125
967	132
968	113
969	114
970	122
971	123
972	98
973	121
974	106
975	114
976	111
977	103
978	119
979	114
980	112
981	114
982	99
983	145
984	128
985	130
986	118
987	130
988	141
989	129
990	144
991	143
992	131
993	146
994	152
995	169
996	160
997	164
998	176
999	145
1000	168
1001	161
1002	187
1003	152
1004	182
1005	170
1006	152
1007	139
1008	178
1009	157
1010	137
1011	157
1012	150
1013	151
1014	147
1015	136
1016	143
1017	126
1018	108
1019	134
1020	119
1021	140
1022	110
1023	116
1024	96
