Date:	09/05/2018		Time:	12:12		Version no:	0.00		Project name:	55		Sample name:	222		Section name:	section		Position	295.400024	mm	E0	0.000000	keV	E1	1.000000	keV/channel	sample surface	6.108258	cm	Tube anode:	Mo		Tube voltage:	30	kV	Tube current:	50	mA	gain	10		std. database			resultfile	result		matrix element	11		sample thickness	1.000000		air passage	0.560000	cm	comments	in position		peaking_time	2.200000	m-sec	trigger_threshold	547.363281	V	mca_bin_width	22.090000	no:	number_mca_channels	1024.000000	no:	gap_time	0.150000	m-sec	trigger_peaking_time	0.200000	m-sec	GAINDAC	18610		HIGHGAIN	1		TAURC	1		RCTAU	1		RCTAUFRAC	1		livetime	9.459700	seconds	runtime	10.000491	seconds	input_count_rate	23572.312018	cps	output_count_rate	19441.445036	cps	triggers	222987	seconds	events_in_run	194424	seconds	channel	content		1	0
2	0
3	0
4	0
5	0
6	0
7	0
8	0
9	0
10	0
11	0
12	0
13	0
14	0
15	0
16	0
17	0
18	0
19	0
20	0
21	0
22	0
23	0
24	0
25	0
26	0
27	0
28	0
29	0
30	0
31	17
32	6
33	14
34	8
35	13
36	17
37	14
38	14
39	13
40	10
41	18
42	9
43	16
44	13
45	10
46	14
47	19
48	11
49	9
50	20
51	9
52	9
53	13
54	6
55	8
56	10
57	7
58	13
59	11
60	12
61	8
62	14
63	17
64	9
65	12
66	13
67	7
68	10
69	8
70	7
71	14
72	6
73	7
74	6
75	12
76	8
77	6
78	5
79	11
80	6
81	6
82	7
83	9
84	13
85	2
86	7
87	9
88	9
89	6
90	4
91	5
92	15
93	8
94	10
95	16
96	19
97	13
98	11
99	11
100	13
101	10
102	8
103	6
104	4
105	6
106	6
107	7
108	12
109	8
110	9
111	3
112	9
113	8
114	7
115	1
116	3
117	3
118	3
119	5
120	4
121	4
122	10
123	6
124	3
125	6
126	4
127	2
128	6
129	5
130	2
131	7
132	6
133	3
134	2
135	6
136	2
137	3
138	4
139	5
140	1
141	2
142	3
143	2
144	3
145	4
146	3
147	3
148	2
149	1
150	6
151	4
152	6
153	1
154	7
155	4
156	8
157	10
158	9
159	7
160	23
161	20
162	26
163	30
164	25
165	23
166	21
167	10
168	4
169	7
170	4
171	5
172	4
173	8
174	8
175	8
176	10
177	4
178	20
179	13
180	17
181	14
182	21
183	22
184	11
185	10
186	10
187	12
188	8
189	8
190	6
191	7
192	6
193	3
194	12
195	12
196	31
197	63
198	95
199	179
200	274
201	350
202	398
203	458
204	405
205	371
206	235
207	155
208	91
209	60
210	26
211	16
212	13
213	12
214	10
215	12
216	29
217	40
218	58
219	68
220	55
221	74
222	76
223	67
224	46
225	25
226	21
227	14
228	4
229	5
230	7
231	8
232	5
233	5
234	4
235	7
236	4
237	5
238	6
239	8
240	23
241	32
242	43
243	95
244	100
245	153
246	237
247	256
248	241
249	204
250	176
251	139
252	101
253	80
254	59
255	55
256	50
257	40
258	31
259	18
260	24
261	15
262	9
263	11
264	10
265	14
266	26
267	32
268	33
269	53
270	39
271	63
272	53
273	44
274	39
275	24
276	24
277	15
278	19
279	13
280	12
281	13
282	15
283	14
284	9
285	13
286	9
287	13
288	12
289	11
290	13
291	12
292	11
293	24
294	15
295	15
296	18
297	10
298	22
299	22
300	14
301	15
302	17
303	11
304	14
305	9
306	12
307	10
308	11
309	9
310	9
311	18
312	11
313	10
314	15
315	17
316	24
317	33
318	45
319	54
320	73
321	109
322	117
323	121
324	125
325	95
326	68
327	68
328	71
329	43
330	47
331	28
332	23
333	25
334	24
335	25
336	31
337	36
338	53
339	76
340	114
341	212
342	381
343	692
344	1293
345	2076
346	3257
347	4725
348	6160
349	7422
350	8172
351	8400
352	8160
353	7193
354	5637
355	4240
356	2966
357	1775
358	1082
359	593
360	311
361	171
362	115
363	59
364	49
365	50
366	40
367	48
368	42
369	43
370	43
371	48
372	37
373	41
374	49
375	63
376	89
377	119
378	155
379	213
380	328
381	494
382	634
383	893
384	1121
385	1284
386	1404
387	1405
388	1403
389	1136
390	923
391	639
392	506
393	355
394	205
395	118
396	72
397	48
398	34
399	28
400	20
401	23
402	27
403	17
404	25
405	33
406	29
407	45
408	36
409	34
410	39
411	33
412	34
413	22
414	25
415	32
416	18
417	23
418	23
419	28
420	28
421	29
422	30
423	23
424	29
425	22
426	36
427	27
428	38
429	30
430	36
431	28
432	30
433	29
434	26
435	36
436	40
437	51
438	59
439	44
440	62
441	59
442	53
443	57
444	67
445	58
446	67
447	60
448	39
449	53
450	58
451	54
452	50
453	49
454	64
455	59
456	60
457	67
458	77
459	75
460	84
461	78
462	74
463	60
464	68
465	56
466	65
467	44
468	47
469	52
470	44
471	71
472	55
473	72
474	59
475	68
476	59
477	56
478	53
479	52
480	36
481	46
482	49
483	54
484	39
485	58
486	45
487	49
488	43
489	51
490	45
491	55
492	50
493	48
494	55
495	50
496	48
497	49
498	48
499	61
500	43
501	59
502	72
503	65
504	42
505	78
506	64
507	71
508	83
509	58
510	68
511	74
512	77
513	64
514	71
515	58
516	75
517	65
518	60
519	70
520	77
521	77
522	77
523	71
524	89
525	72
526	93
527	88
528	97
529	91
530	80
531	86
532	93
533	73
534	80
535	70
536	73
537	77
538	76
539	79
540	69
541	75
542	75
543	61
544	69
545	63
546	70
547	66
548	76
549	63
550	56
551	67
552	64
553	82
554	69
555	75
556	66
557	78
558	79
559	84
560	63
561	66
562	64
563	64
564	56
565	71
566	64
567	63
568	65
569	75
570	86
571	66
572	72
573	87
574	81
575	62
576	66
577	78
578	82
579	81
580	67
581	81
582	77
583	84
584	83
585	75
586	79
587	84
588	86
589	77
590	69
591	78
592	85
593	78
594	74
595	77
596	102
597	86
598	76
599	83
600	93
601	75
602	113
603	77
604	92
605	81
606	86
607	99
608	81
609	96
610	85
611	84
612	78
613	87
614	95
615	108
616	78
617	84
618	86
619	85
620	90
621	79
622	102
623	80
624	91
625	105
626	86
627	86
628	90
629	89
630	84
631	71
632	96
633	72
634	96
635	73
636	87
637	83
638	105
639	71
640	102
641	97
642	82
643	112
644	85
645	88
646	88
647	80
648	107
649	101
650	90
651	83
652	101
653	114
654	103
655	87
656	98
657	100
658	92
659	107
660	110
661	98
662	99
663	95
664	95
665	91
666	108
667	70
668	90
669	106
670	79
671	114
672	95
673	103
674	88
675	100
676	104
677	90
678	78
679	91
680	95
681	113
682	88
683	88
684	104
685	100
686	105
687	98
688	110
689	87
690	112
691	103
692	98
693	107
694	102
695	105
696	127
697	104
698	106
699	105
700	137
701	94
702	116
703	112
704	115
705	112
706	102
707	106
708	114
709	117
710	89
711	119
712	117
713	113
714	121
715	121
716	89
717	108
718	110
719	106
720	137
721	104
722	114
723	104
724	94
725	105
726	110
727	112
728	114
729	116
730	128
731	107
732	109
733	125
734	129
735	120
736	113
737	110
738	109
739	140
740	131
741	126
742	124
743	137
744	113
745	114
746	111
747	135
748	130
749	101
750	119
751	112
752	115
753	119
754	128
755	116
756	129
757	112
758	132
759	103
760	137
761	132
762	122
763	131
764	166
765	161
766	161
767	175
768	209
769	217
770	237
771	245
772	288
773	253
774	299
775	283
776	269
777	242
778	203
779	211
780	168
781	174
782	169
783	155
784	137
785	122
786	125
787	118
788	99
789	122
790	118
791	124
792	124
793	111
794	118
795	112
796	115
797	128
798	125
799	141
800	139
801	123
802	117
803	108
804	112
805	137
806	118
807	101
808	128
809	139
810	143
811	130
812	125
813	131
814	117
815	148
816	138
817	129
818	141
819	130
820	138
821	131
822	110
823	131
824	115
825	143
826	129
827	126
828	134
829	134
830	116
831	127
832	124
833	121
834	127
835	121
836	125
837	130
838	150
839	139
840	128
841	133
842	139
843	133
844	128
845	120
846	124
847	135
848	149
849	150
850	129
851	139
852	161
853	138
854	150
855	166
856	154
857	173
858	194
859	182
860	188
861	188
862	222
863	217
864	199
865	197
866	206
867	211
868	178
869	176
870	201
871	202
872	193
873	196
874	217
875	228
876	213
877	214
878	251
879	238
880	231
881	264
882	269
883	226
884	262
885	310
886	308
887	312
888	379
889	375
890	381
891	397
892	410
893	432
894	477
895	496
896	491
897	492
898	500
899	470
900	506
901	493
902	509
903	524
904	507
905	476
906	479
907	471
908	440
909	401
910	378
911	365
912	380
913	380
914	319
915	313
916	308
917	296
918	231
919	246
920	228
921	253
922	226
923	248
924	215
925	200
926	206
927	186
928	180
929	179
930	166
931	154
932	167
933	159
934	154
935	164
936	149
937	142
938	140
939	148
940	169
941	171
942	189
943	194
944	208
945	235
946	250
947	294
948	293
949	321
950	341
951	422
952	359
953	393
954	429
955	403
956	374
957	349
958	322
959	282
960	248
961	210
962	219
963	203
964	178
965	179
966	144
967	146
968	123
969	132
970	116
971	132
972	110
973	118
974	129
975	117
976	113
977	106
978	133
979	126
980	130
981	115
982	111
983	120
984	133
985	137
986	104
987	155
988	121
989	148
990	128
991	133
992	137
993	169
994	148
995	153
996	165
997	154
998	144
999	169
1000	175
1001	165
1002	160
1003	156
1004	148
1005	155
1006	172
1007	184
1008	133
1009	167
1010	144
1011	168
1012	160
1013	134
1014	151
1015	117
1016	141
1017	124
1018	118
1019	112
1020	131
1021	106
1022	109
1023	132
1024	105
