Date:	09/05/2018		Time:	09:41		Version no:	0.00		Project name:	55		Sample name:	222		Section name:	section		Position	137.200027	mm	E0	0.000000	keV	E1	1.000000	keV/channel	sample surface	6.448059	cm	Tube anode:	Mo		Tube voltage:	30	kV	Tube current:	50	mA	gain	10		std. database			resultfile	result		matrix element	11		sample thickness	1.000000		air passage	0.560000	cm	comments	in position		peaking_time	2.200000	m-sec	trigger_threshold	547.363281	V	mca_bin_width	22.090000	no:	number_mca_channels	1024.000000	no:	gap_time	0.150000	m-sec	trigger_peaking_time	0.200000	m-sec	GAINDAC	18610		HIGHGAIN	1		TAURC	1		RCTAU	1		RCTAUFRAC	1		livetime	9.403730	seconds	runtime	10.000156	seconds	input_count_rate	26080.928571	cps	output_count_rate	21065.971371	cps	triggers	245258	seconds	events_in_run	210663	seconds	channel	content		1	0
2	0
3	0
4	0
5	0
6	0
7	0
8	0
9	0
10	0
11	0
12	0
13	0
14	0
15	0
16	0
17	0
18	0
19	0
20	0
21	0
22	0
23	0
24	0
25	0
26	0
27	0
28	0
29	0
30	0
31	17
32	14
33	17
34	9
35	17
36	9
37	12
38	23
39	12
40	11
41	8
42	8
43	12
44	12
45	18
46	13
47	18
48	18
49	12
50	14
51	15
52	14
53	15
54	21
55	14
56	12
57	10
58	11
59	11
60	13
61	10
62	12
63	11
64	15
65	14
66	10
67	8
68	10
69	10
70	4
71	11
72	7
73	5
74	9
75	11
76	9
77	6
78	9
79	11
80	6
81	10
82	13
83	12
84	15
85	12
86	8
87	5
88	11
89	8
90	9
91	6
92	8
93	5
94	18
95	16
96	19
97	22
98	14
99	12
100	7
101	12
102	9
103	10
104	12
105	15
106	6
107	7
108	9
109	10
110	10
111	8
112	7
113	4
114	5
115	3
116	4
117	7
118	2
119	2
120	5
121	7
122	8
123	3
124	1
125	8
126	6
127	10
128	6
129	4
130	3
131	4
132	2
133	1
134	4
135	2
136	1
137	5
138	2
139	4
140	3
141	0
142	3
143	3
144	5
145	3
146	2
147	6
148	4
149	3
150	5
151	7
152	5
153	10
154	9
155	4
156	0
157	5
158	8
159	16
160	17
161	30
162	27
163	22
164	22
165	23
166	18
167	9
168	10
169	11
170	3
171	6
172	4
173	10
174	7
175	7
176	6
177	15
178	16
179	13
180	20
181	15
182	21
183	16
184	27
185	11
186	14
187	4
188	10
189	5
190	7
191	7
192	7
193	12
194	10
195	17
196	32
197	49
198	113
199	178
200	263
201	354
202	372
203	420
204	353
205	294
206	211
207	153
208	85
209	61
210	32
211	14
212	16
213	8
214	10
215	22
216	34
217	32
218	53
219	67
220	80
221	79
222	63
223	63
224	41
225	22
226	19
227	6
228	10
229	9
230	7
231	14
232	9
233	3
234	8
235	8
236	6
237	8
238	6
239	16
240	19
241	29
242	50
243	95
244	114
245	155
246	195
247	208
248	193
249	216
250	160
251	113
252	89
253	82
254	67
255	45
256	43
257	36
258	27
259	29
260	16
261	16
262	15
263	4
264	12
265	15
266	22
267	35
268	48
269	43
270	54
271	51
272	71
273	49
274	30
275	24
276	22
277	13
278	16
279	11
280	10
281	15
282	15
283	12
284	12
285	7
286	15
287	12
288	23
289	16
290	21
291	25
292	22
293	22
294	17
295	23
296	27
297	25
298	27
299	19
300	13
301	21
302	12
303	15
304	13
305	18
306	18
307	14
308	12
309	10
310	18
311	7
312	21
313	21
314	30
315	43
316	67
317	104
318	163
319	289
320	366
321	470
322	545
323	580
324	536
325	470
326	391
327	316
328	227
329	149
330	101
331	60
332	42
333	39
334	42
335	35
336	42
337	46
338	47
339	88
340	149
341	244
342	394
343	773
344	1426
345	2263
346	3579
347	4885
348	6457
349	8048
350	8685
351	8884
352	8452
353	7374
354	5915
355	4355
356	3098
357	1904
358	1121
359	632
360	379
361	187
362	107
363	65
364	53
365	47
366	46
367	36
368	31
369	42
370	41
371	41
372	49
373	52
374	68
375	70
376	91
377	144
378	135
379	236
380	351
381	469
382	670
383	949
384	1099
385	1304
386	1470
387	1482
388	1335
389	1172
390	979
391	667
392	501
393	326
394	191
395	118
396	80
397	57
398	37
399	26
400	35
401	31
402	40
403	42
404	31
405	29
406	41
407	33
408	38
409	37
410	33
411	39
412	38
413	35
414	39
415	36
416	35
417	28
418	31
419	36
420	28
421	35
422	44
423	31
424	32
425	34
426	30
427	38
428	35
429	36
430	31
431	42
432	40
433	43
434	42
435	49
436	38
437	63
438	56
439	82
440	79
441	72
442	88
443	74
444	83
445	63
446	74
447	52
448	66
449	69
450	49
451	67
452	51
453	73
454	61
455	76
456	64
457	64
458	72
459	86
460	79
461	82
462	87
463	61
464	47
465	65
466	47
467	56
468	57
469	68
470	56
471	57
472	73
473	54
474	51
475	59
476	69
477	55
478	57
479	65
480	50
481	55
482	52
483	61
484	45
485	64
486	48
487	61
488	57
489	72
490	44
491	63
492	59
493	61
494	48
495	59
496	56
497	60
498	64
499	65
500	66
501	66
502	74
503	75
504	84
505	74
506	58
507	81
508	61
509	76
510	80
511	74
512	77
513	77
514	78
515	71
516	83
517	93
518	81
519	90
520	69
521	102
522	91
523	75
524	94
525	95
526	90
527	100
528	100
529	98
530	83
531	79
532	106
533	99
534	91
535	81
536	74
537	76
538	74
539	86
540	76
541	75
542	79
543	83
544	78
545	86
546	77
547	83
548	80
549	84
550	79
551	72
552	74
553	70
554	77
555	71
556	98
557	72
558	78
559	69
560	86
561	82
562	81
563	75
564	76
565	72
566	85
567	74
568	87
569	93
570	89
571	75
572	88
573	93
574	82
575	82
576	93
577	85
578	85
579	84
580	77
581	85
582	75
583	76
584	83
585	79
586	84
587	105
588	92
589	100
590	103
591	84
592	95
593	111
594	110
595	84
596	79
597	95
598	98
599	97
600	80
601	110
602	117
603	98
604	87
605	91
606	108
607	104
608	99
609	99
610	95
611	105
612	94
613	106
614	98
615	97
616	108
617	111
618	83
619	91
620	94
621	69
622	96
623	106
624	95
625	113
626	110
627	98
628	101
629	89
630	107
631	89
632	111
633	111
634	113
635	104
636	117
637	103
638	99
639	89
640	95
641	116
642	121
643	112
644	109
645	115
646	99
647	98
648	109
649	109
650	122
651	113
652	111
653	121
654	125
655	126
656	114
657	111
658	115
659	108
660	96
661	110
662	109
663	112
664	104
665	113
666	108
667	110
668	126
669	132
670	86
671	109
672	149
673	119
674	116
675	133
676	113
677	99
678	118
679	121
680	108
681	110
682	99
683	129
684	122
685	104
686	107
687	125
688	114
689	120
690	103
691	104
692	116
693	121
694	104
695	133
696	121
697	116
698	118
699	114
700	130
701	106
702	112
703	122
704	120
705	114
706	125
707	120
708	126
709	113
710	137
711	127
712	124
713	111
714	110
715	123
716	132
717	124
718	122
719	147
720	135
721	136
722	119
723	130
724	124
725	114
726	141
727	119
728	141
729	133
730	132
731	112
732	111
733	145
734	126
735	104
736	127
737	131
738	124
739	126
740	132
741	123
742	113
743	141
744	127
745	130
746	122
747	116
748	104
749	122
750	131
751	128
752	105
753	151
754	111
755	128
756	131
757	120
758	130
759	137
760	125
761	143
762	148
763	136
764	180
765	169
766	182
767	223
768	230
769	275
770	268
771	243
772	256
773	268
774	266
775	240
776	256
777	227
778	205
779	211
780	184
781	172
782	147
783	156
784	144
785	154
786	143
787	148
788	138
789	143
790	119
791	142
792	135
793	132
794	150
795	120
796	124
797	121
798	125
799	132
800	149
801	143
802	127
803	137
804	140
805	148
806	143
807	144
808	138
809	142
810	138
811	126
812	129
813	152
814	144
815	153
816	140
817	165
818	139
819	145
820	129
821	147
822	138
823	142
824	162
825	160
826	139
827	137
828	132
829	135
830	138
831	124
832	147
833	111
834	148
835	131
836	129
837	135
838	137
839	142
840	143
841	160
842	121
843	134
844	145
845	131
846	146
847	151
848	162
849	160
850	151
851	154
852	158
853	179
854	154
855	168
856	177
857	185
858	196
859	162
860	208
861	177
862	229
863	210
864	224
865	194
866	235
867	212
868	226
869	216
870	206
871	245
872	236
873	190
874	219
875	221
876	210
877	229
878	252
879	231
880	275
881	272
882	299
883	348
884	306
885	358
886	365
887	390
888	370
889	418
890	435
891	474
892	475
893	507
894	521
895	575
896	488
897	544
898	572
899	525
900	529
901	512
902	527
903	543
904	539
905	523
906	452
907	506
908	498
909	491
910	433
911	453
912	408
913	399
914	356
915	359
916	346
917	310
918	294
919	248
920	248
921	276
922	229
923	211
924	228
925	223
926	186
927	208
928	196
929	173
930	196
931	142
932	197
933	153
934	156
935	161
936	156
937	138
938	170
939	173
940	156
941	185
942	210
943	213
944	218
945	267
946	246
947	301
948	322
949	336
950	367
951	399
952	413
953	434
954	410
955	404
956	377
957	331
958	318
959	304
960	297
961	245
962	226
963	180
964	159
965	168
966	147
967	126
968	142
969	127
970	122
971	107
972	125
973	117
974	119
975	121
976	130
977	116
978	133
979	125
980	118
981	123
982	131
983	124
984	167
985	139
986	143
987	149
988	137
989	138
990	143
991	145
992	160
993	166
994	181
995	138
996	157
997	160
998	168
999	173
1000	221
1001	176
1002	159
1003	172
1004	159
1005	167
1006	154
1007	167
1008	144
1009	181
1010	153
1011	144
1012	158
1013	135
1014	150
1015	153
1016	141
1017	120
1018	129
1019	121
1020	118
1021	108
1022	121
1023	116
1024	117
