Date:	09/05/2018		Time:	12:20		Version no:	0.00		Project name:	55		Sample name:	222		Section name:	section		Position	303.200043	mm	E0	0.000000	keV	E1	1.000000	keV/channel	sample surface	6.091384	cm	Tube anode:	Mo		Tube voltage:	30	kV	Tube current:	50	mA	gain	10		std. database			resultfile	result		matrix element	11		sample thickness	1.000000		air passage	0.560000	cm	comments	in position		peaking_time	2.200000	m-sec	trigger_threshold	547.363281	V	mca_bin_width	22.090000	no:	number_mca_channels	1024.000000	no:	gap_time	0.150000	m-sec	trigger_peaking_time	0.200000	m-sec	GAINDAC	18610		HIGHGAIN	1		TAURC	1		RCTAU	1		RCTAUFRAC	1		livetime	9.433596	seconds	runtime	10.000486	seconds	input_count_rate	24362.925866	cps	output_count_rate	19908.631644	cps	triggers	229830	seconds	events_in_run	199096	seconds	channel	content		1	0
2	0
3	0
4	0
5	0
6	0
7	0
8	0
9	0
10	0
11	0
12	0
13	0
14	0
15	0
16	0
17	0
18	0
19	0
20	0
21	0
22	0
23	0
24	0
25	0
26	0
27	0
28	0
29	0
30	0
31	15
32	17
33	11
34	9
35	14
36	16
37	11
38	15
39	8
40	10
41	10
42	10
43	17
44	8
45	10
46	16
47	13
48	11
49	8
50	21
51	5
52	14
53	13
54	13
55	18
56	8
57	8
58	6
59	11
60	17
61	6
62	8
63	9
64	8
65	7
66	9
67	5
68	11
69	9
70	13
71	3
72	10
73	8
74	10
75	8
76	16
77	10
78	5
79	7
80	13
81	13
82	6
83	7
84	16
85	9
86	11
87	6
88	4
89	4
90	4
91	6
92	9
93	10
94	11
95	16
96	13
97	16
98	10
99	11
100	7
101	12
102	7
103	7
104	5
105	8
106	6
107	11
108	16
109	10
110	5
111	12
112	9
113	4
114	6
115	7
116	5
117	7
118	5
119	4
120	3
121	4
122	7
123	3
124	3
125	4
126	5
127	3
128	4
129	3
130	5
131	8
132	2
133	6
134	1
135	3
136	3
137	1
138	4
139	2
140	3
141	1
142	2
143	5
144	1
145	4
146	1
147	0
148	3
149	3
150	5
151	3
152	10
153	7
154	4
155	5
156	8
157	10
158	13
159	16
160	33
161	21
162	32
163	33
164	25
165	27
166	24
167	15
168	8
169	5
170	7
171	3
172	5
173	8
174	4
175	1
176	7
177	8
178	8
179	14
180	23
181	19
182	18
183	20
184	10
185	13
186	7
187	7
188	8
189	3
190	5
191	4
192	7
193	8
194	11
195	17
196	24
197	46
198	99
199	176
200	235
201	313
202	350
203	353
204	354
205	288
206	213
207	142
208	75
209	54
210	18
211	19
212	6
213	7
214	8
215	24
216	27
217	32
218	49
219	58
220	62
221	48
222	54
223	45
224	34
225	24
226	17
227	6
228	11
229	8
230	6
231	5
232	3
233	4
234	7
235	6
236	4
237	6
238	11
239	12
240	21
241	28
242	68
243	103
244	144
245	202
246	236
247	246
248	282
249	247
250	238
251	164
252	137
253	80
254	72
255	50
256	38
257	40
258	25
259	23
260	15
261	15
262	21
263	14
264	19
265	18
266	38
267	43
268	41
269	69
270	57
271	70
272	80
273	43
274	40
275	34
276	30
277	17
278	17
279	14
280	9
281	4
282	7
283	5
284	14
285	7
286	15
287	14
288	13
289	16
290	19
291	18
292	16
293	14
294	22
295	25
296	17
297	19
298	16
299	12
300	19
301	16
302	17
303	15
304	14
305	15
306	10
307	11
308	13
309	13
310	15
311	12
312	10
313	11
314	16
315	16
316	30
317	36
318	34
319	64
320	73
321	106
322	101
323	121
324	113
325	78
326	109
327	75
328	62
329	40
330	27
331	35
332	21
333	33
334	31
335	29
336	48
337	50
338	55
339	85
340	111
341	215
342	390
343	757
344	1338
345	2111
346	3295
347	4634
348	6111
349	7428
350	8155
351	8350
352	8020
353	6833
354	5729
355	4232
356	2803
357	1773
358	1017
359	586
360	293
361	155
362	103
363	56
364	51
365	32
366	43
367	38
368	34
369	49
370	47
371	46
372	54
373	53
374	65
375	63
376	90
377	119
378	171
379	239
380	357
381	513
382	731
383	929
384	1099
385	1287
386	1355
387	1405
388	1308
389	1127
390	961
391	674
392	522
393	301
394	185
395	119
396	82
397	38
398	30
399	27
400	27
401	23
402	20
403	17
404	32
405	30
406	29
407	38
408	32
409	32
410	35
411	39
412	42
413	43
414	28
415	24
416	22
417	28
418	20
419	22
420	29
421	28
422	30
423	33
424	23
425	20
426	36
427	37
428	33
429	38
430	40
431	23
432	34
433	33
434	44
435	38
436	49
437	43
438	50
439	67
440	47
441	56
442	73
443	62
444	45
445	58
446	58
447	67
448	64
449	74
450	52
451	51
452	39
453	53
454	58
455	54
456	62
457	78
458	72
459	76
460	71
461	72
462	43
463	72
464	65
465	58
466	47
467	50
468	71
469	59
470	49
471	51
472	52
473	64
474	61
475	60
476	64
477	36
478	59
479	59
480	51
481	42
482	43
483	44
484	50
485	56
486	59
487	55
488	52
489	47
490	57
491	59
492	58
493	63
494	62
495	57
496	53
497	43
498	47
499	64
500	50
501	56
502	78
503	63
504	64
505	59
506	53
507	57
508	66
509	74
510	73
511	75
512	75
513	70
514	69
515	78
516	69
517	74
518	81
519	77
520	80
521	83
522	87
523	86
524	85
525	68
526	96
527	85
528	102
529	95
530	78
531	82
532	83
533	75
534	80
535	82
536	77
537	89
538	62
539	65
540	77
541	80
542	65
543	88
544	73
545	91
546	76
547	89
548	71
549	76
550	61
551	85
552	72
553	77
554	66
555	71
556	68
557	79
558	87
559	72
560	69
561	62
562	76
563	64
564	67
565	69
566	76
567	86
568	68
569	89
570	84
571	80
572	69
573	79
574	74
575	85
576	84
577	87
578	74
579	78
580	77
581	68
582	92
583	79
584	85
585	78
586	69
587	83
588	68
589	79
590	79
591	97
592	94
593	70
594	87
595	97
596	95
597	82
598	88
599	90
600	110
601	106
602	89
603	97
604	91
605	95
606	106
607	76
608	111
609	83
610	96
611	70
612	98
613	99
614	81
615	92
616	101
617	100
618	97
619	102
620	95
621	110
622	95
623	95
624	99
625	98
626	102
627	94
628	103
629	85
630	89
631	103
632	95
633	80
634	107
635	94
636	92
637	94
638	89
639	90
640	116
641	104
642	109
643	110
644	103
645	96
646	90
647	100
648	96
649	112
650	126
651	118
652	119
653	97
654	110
655	103
656	104
657	114
658	94
659	105
660	93
661	92
662	109
663	104
664	103
665	92
666	115
667	95
668	91
669	99
670	98
671	110
672	120
673	110
674	113
675	110
676	90
677	120
678	118
679	125
680	112
681	118
682	110
683	128
684	109
685	106
686	124
687	111
688	129
689	102
690	111
691	112
692	115
693	110
694	117
695	121
696	117
697	122
698	115
699	112
700	118
701	118
702	136
703	125
704	122
705	117
706	112
707	113
708	117
709	123
710	130
711	106
712	124
713	115
714	115
715	105
716	118
717	107
718	113
719	117
720	127
721	126
722	120
723	120
724	140
725	97
726	111
727	136
728	130
729	122
730	124
731	104
732	130
733	120
734	141
735	138
736	139
737	108
738	115
739	118
740	113
741	155
742	115
743	118
744	113
745	128
746	111
747	110
748	105
749	116
750	128
751	121
752	141
753	102
754	120
755	126
756	138
757	122
758	106
759	144
760	133
761	140
762	133
763	118
764	150
765	166
766	161
767	185
768	219
769	220
770	236
771	224
772	230
773	256
774	235
775	251
776	255
777	225
778	226
779	199
780	178
781	191
782	170
783	150
784	129
785	139
786	119
787	133
788	133
789	128
790	115
791	138
792	147
793	130
794	128
795	117
796	139
797	118
798	124
799	118
800	148
801	131
802	138
803	119
804	129
805	140
806	125
807	119
808	150
809	131
810	141
811	143
812	143
813	151
814	154
815	147
816	108
817	148
818	134
819	153
820	145
821	147
822	150
823	141
824	147
825	132
826	129
827	137
828	144
829	147
830	139
831	149
832	145
833	128
834	156
835	138
836	152
837	116
838	142
839	140
840	133
841	143
842	136
843	141
844	139
845	151
846	140
847	138
848	144
849	153
850	178
851	172
852	147
853	147
854	168
855	163
856	187
857	190
858	158
859	195
860	211
861	185
862	234
863	201
864	200
865	203
866	226
867	206
868	209
869	213
870	210
871	209
872	228
873	204
874	215
875	230
876	207
877	260
878	233
879	241
880	229
881	269
882	275
883	324
884	338
885	330
886	351
887	383
888	349
889	438
890	461
891	428
892	475
893	502
894	475
895	499
896	531
897	524
898	548
899	516
900	560
901	547
902	517
903	563
904	530
905	533
906	500
907	485
908	505
909	433
910	431
911	408
912	407
913	401
914	365
915	317
916	329
917	344
918	272
919	272
920	227
921	243
922	242
923	236
924	233
925	189
926	191
927	191
928	177
929	177
930	161
931	178
932	159
933	182
934	164
935	175
936	158
937	150
938	155
939	158
940	170
941	185
942	202
943	216
944	229
945	237
946	236
947	295
948	327
949	368
950	374
951	360
952	410
953	412
954	377
955	416
956	408
957	344
958	358
959	308
960	313
961	259
962	223
963	206
964	176
965	180
966	159
967	158
968	137
969	122
970	156
971	114
972	115
973	126
974	123
975	140
976	110
977	129
978	110
979	125
980	150
981	150
982	141
983	138
984	104
985	128
986	152
987	143
988	151
989	127
990	159
991	157
992	157
993	156
994	141
995	179
996	132
997	160
998	162
999	186
1000	163
1001	182
1002	194
1003	156
1004	166
1005	183
1006	176
1007	157
1008	169
1009	161
1010	142
1011	152
1012	161
1013	158
1014	146
1015	145
1016	138
1017	125
1018	142
1019	142
1020	128
1021	103
1022	125
1023	123
1024	110
