Date:	09/05/2018		Time:	11:16		Version no:	0.00		Project name:	55		Sample name:	222		Section name:	section		Position	236.800034	mm	E0	0.000000	keV	E1	1.000000	keV/channel	sample surface	6.097937	cm	Tube anode:	Mo		Tube voltage:	30	kV	Tube current:	50	mA	gain	10		std. database			resultfile	result		matrix element	11		sample thickness	1.000000		air passage	0.560000	cm	comments	in position		peaking_time	2.200000	m-sec	trigger_threshold	547.363281	V	mca_bin_width	22.090000	no:	number_mca_channels	1024.000000	no:	gap_time	0.150000	m-sec	trigger_peaking_time	0.200000	m-sec	GAINDAC	18610		HIGHGAIN	1		TAURC	1		RCTAU	1		RCTAUFRAC	1		livetime	9.455955	seconds	runtime	10.000183	seconds	input_count_rate	22906.305647	cps	output_count_rate	18905.653648	cps	triggers	216601	seconds	events_in_run	189060	seconds	channel	content		1	0
2	0
3	0
4	0
5	0
6	0
7	0
8	0
9	0
10	0
11	0
12	0
13	0
14	0
15	0
16	0
17	0
18	0
19	0
20	0
21	0
22	0
23	0
24	0
25	0
26	0
27	0
28	0
29	0
30	0
31	15
32	13
33	18
34	13
35	14
36	7
37	17
38	13
39	9
40	18
41	18
42	15
43	7
44	17
45	11
46	10
47	15
48	17
49	10
50	14
51	18
52	17
53	12
54	11
55	11
56	6
57	10
58	14
59	8
60	10
61	11
62	11
63	10
64	10
65	8
66	10
67	11
68	10
69	10
70	4
71	9
72	6
73	13
74	7
75	9
76	9
77	8
78	9
79	11
80	9
81	14
82	10
83	5
84	5
85	8
86	7
87	13
88	5
89	5
90	4
91	6
92	8
93	7
94	16
95	16
96	21
97	24
98	17
99	6
100	13
101	8
102	8
103	8
104	7
105	8
106	9
107	9
108	12
109	9
110	3
111	7
112	6
113	7
114	5
115	5
116	2
117	4
118	9
119	7
120	7
121	5
122	2
123	4
124	6
125	6
126	7
127	5
128	5
129	11
130	4
131	6
132	4
133	7
134	4
135	3
136	5
137	6
138	5
139	1
140	3
141	3
142	7
143	1
144	5
145	5
146	4
147	2
148	3
149	1
150	2
151	2
152	7
153	6
154	5
155	5
156	3
157	5
158	10
159	12
160	20
161	32
162	31
163	23
164	24
165	17
166	20
167	21
168	7
169	6
170	11
171	4
172	5
173	4
174	11
175	8
176	5
177	8
178	12
179	20
180	19
181	29
182	21
183	25
184	16
185	21
186	14
187	17
188	4
189	3
190	4
191	7
192	5
193	8
194	16
195	14
196	21
197	78
198	95
199	186
200	286
201	316
202	368
203	412
204	357
205	307
206	216
207	157
208	108
209	45
210	22
211	17
212	9
213	9
214	11
215	25
216	27
217	31
218	46
219	58
220	81
221	75
222	49
223	49
224	39
225	32
226	17
227	13
228	6
229	5
230	6
231	7
232	7
233	4
234	6
235	4
236	5
237	10
238	7
239	12
240	19
241	29
242	36
243	67
244	87
245	126
246	145
247	174
248	167
249	169
250	133
251	121
252	92
253	81
254	42
255	48
256	28
257	40
258	35
259	19
260	15
261	9
262	15
263	10
264	19
265	19
266	12
267	27
268	32
269	36
270	44
271	31
272	39
273	38
274	25
275	29
276	11
277	18
278	14
279	7
280	10
281	7
282	8
283	6
284	13
285	9
286	18
287	16
288	11
289	13
290	16
291	14
292	9
293	23
294	19
295	21
296	20
297	18
298	18
299	19
300	11
301	18
302	8
303	7
304	13
305	14
306	21
307	10
308	12
309	13
310	11
311	17
312	8
313	15
314	15
315	16
316	24
317	25
318	34
319	41
320	62
321	70
322	86
323	85
324	80
325	75
326	66
327	50
328	36
329	43
330	35
331	28
332	28
333	29
334	27
335	23
336	31
337	44
338	48
339	64
340	111
341	184
342	348
343	616
344	1096
345	1766
346	2889
347	4063
348	5188
349	6375
350	7064
351	7251
352	6862
353	5742
354	4698
355	3519
356	2429
357	1516
358	905
359	495
360	291
361	160
362	75
363	73
364	45
365	43
366	45
367	31
368	31
369	46
370	49
371	53
372	51
373	40
374	53
375	53
376	74
377	107
378	152
379	210
380	280
381	401
382	586
383	780
384	964
385	1078
386	1174
387	1184
388	1089
389	966
390	791
391	594
392	405
393	280
394	211
395	102
396	80
397	43
398	44
399	25
400	28
401	22
402	27
403	27
404	31
405	37
406	36
407	39
408	41
409	34
410	44
411	53
412	38
413	34
414	26
415	32
416	36
417	31
418	29
419	27
420	42
421	36
422	35
423	36
424	41
425	38
426	46
427	23
428	27
429	44
430	40
431	41
432	34
433	45
434	52
435	43
436	55
437	60
438	58
439	66
440	68
441	72
442	81
443	81
444	62
445	72
446	77
447	72
448	67
449	70
450	65
451	58
452	67
453	64
454	84
455	82
456	75
457	84
458	92
459	92
460	83
461	87
462	92
463	77
464	65
465	63
466	70
467	58
468	50
469	57
470	61
471	81
472	62
473	71
474	84
475	62
476	63
477	59
478	55
479	61
480	58
481	63
482	54
483	56
484	58
485	51
486	57
487	50
488	54
489	44
490	59
491	73
492	56
493	53
494	62
495	60
496	51
497	61
498	64
499	52
500	75
501	70
502	72
503	73
504	90
505	70
506	66
507	77
508	78
509	76
510	81
511	102
512	81
513	105
514	92
515	76
516	91
517	93
518	76
519	87
520	86
521	70
522	88
523	98
524	82
525	119
526	114
527	98
528	109
529	96
530	101
531	112
532	98
533	100
534	85
535	96
536	84
537	95
538	82
539	80
540	76
541	79
542	79
543	100
544	99
545	93
546	80
547	83
548	93
549	70
550	79
551	77
552	91
553	80
554	73
555	80
556	97
557	69
558	85
559	89
560	88
561	72
562	84
563	101
564	73
565	88
566	84
567	76
568	74
569	64
570	75
571	90
572	76
573	83
574	85
575	91
576	82
577	91
578	93
579	94
580	104
581	84
582	95
583	83
584	103
585	81
586	84
587	91
588	80
589	85
590	80
591	88
592	89
593	113
594	94
595	88
596	101
597	97
598	93
599	83
600	94
601	86
602	95
603	108
604	106
605	109
606	92
607	100
608	114
609	109
610	92
611	123
612	86
613	94
614	95
615	95
616	103
617	107
618	97
619	110
620	84
621	93
622	109
623	92
624	100
625	99
626	106
627	100
628	96
629	112
630	94
631	118
632	94
633	112
634	117
635	117
636	107
637	107
638	94
639	98
640	125
641	100
642	118
643	109
644	108
645	98
646	110
647	92
648	115
649	98
650	101
651	109
652	122
653	107
654	119
655	107
656	109
657	102
658	113
659	107
660	92
661	113
662	125
663	101
664	107
665	114
666	112
667	141
668	100
669	127
670	114
671	111
672	108
673	104
674	105
675	132
676	128
677	128
678	114
679	113
680	107
681	130
682	104
683	119
684	113
685	115
686	111
687	124
688	98
689	143
690	130
691	115
692	136
693	112
694	133
695	106
696	127
697	120
698	113
699	134
700	108
701	126
702	131
703	127
704	136
705	131
706	120
707	129
708	140
709	135
710	115
711	109
712	133
713	114
714	143
715	130
716	129
717	101
718	122
719	154
720	110
721	124
722	125
723	126
724	129
725	131
726	113
727	112
728	111
729	125
730	135
731	136
732	133
733	131
734	120
735	142
736	121
737	145
738	126
739	120
740	127
741	120
742	126
743	117
744	122
745	130
746	125
747	118
748	119
749	118
750	133
751	149
752	128
753	126
754	144
755	125
756	116
757	123
758	143
759	134
760	137
761	135
762	173
763	146
764	164
765	157
766	180
767	207
768	204
769	278
770	275
771	297
772	329
773	322
774	338
775	278
776	283
777	273
778	253
779	208
780	208
781	193
782	163
783	174
784	160
785	139
786	132
787	137
788	140
789	140
790	128
791	156
792	121
793	109
794	130
795	125
796	152
797	128
798	135
799	126
800	139
801	122
802	139
803	144
804	154
805	138
806	134
807	155
808	141
809	140
810	137
811	126
812	130
813	141
814	150
815	135
816	142
817	147
818	134
819	168
820	141
821	158
822	145
823	141
824	129
825	147
826	130
827	130
828	139
829	137
830	150
831	149
832	138
833	157
834	146
835	115
836	151
837	143
838	140
839	138
840	133
841	162
842	145
843	158
844	151
845	156
846	151
847	160
848	171
849	160
850	142
851	188
852	150
853	154
854	159
855	174
856	180
857	171
858	196
859	165
860	184
861	180
862	229
863	208
864	215
865	232
866	213
867	203
868	224
869	217
870	221
871	207
872	197
873	215
874	235
875	242
876	219
877	256
878	239
879	244
880	267
881	257
882	274
883	298
884	297
885	345
886	332
887	386
888	408
889	427
890	426
891	428
892	468
893	493
894	488
895	531
896	497
897	534
898	548
899	578
900	558
901	561
902	566
903	490
904	544
905	509
906	483
907	472
908	459
909	485
910	416
911	437
912	399
913	379
914	364
915	364
916	327
917	286
918	301
919	302
920	272
921	267
922	221
923	231
924	257
925	235
926	211
927	200
928	191
929	187
930	203
931	157
932	174
933	167
934	133
935	138
936	144
937	163
938	173
939	205
940	171
941	175
942	198
943	210
944	230
945	267
946	252
947	289
948	318
949	334
950	367
951	406
952	420
953	393
954	398
955	430
956	382
957	349
958	370
959	291
960	266
961	227
962	215
963	164
964	169
965	168
966	155
967	150
968	129
969	128
970	134
971	128
972	125
973	123
974	108
975	107
976	127
977	117
978	151
979	121
980	122
981	135
982	121
983	147
984	112
985	136
986	130
987	137
988	151
989	145
990	124
991	151
992	158
993	135
994	157
995	183
996	160
997	174
998	181
999	174
1000	158
1001	175
1002	173
1003	168
1004	163
1005	152
1006	159
1007	156
1008	139
1009	172
1010	166
1011	136
1012	170
1013	181
1014	146
1015	147
1016	135
1017	143
1018	128
1019	128
1020	137
1021	118
1022	123
1023	106
1024	106
