Date:	09/05/2018		Time:	09:28		Version no:	0.00		Project name:	55		Sample name:	222		Section name:	section		Position	123.400032	mm	E0	0.000000	keV	E1	1.000000	keV/channel	sample surface	6.272327	cm	Tube anode:	Mo		Tube voltage:	30	kV	Tube current:	50	mA	gain	10		std. database			resultfile	result		matrix element	11		sample thickness	1.000000		air passage	0.560000	cm	comments	in position		peaking_time	2.200000	m-sec	trigger_threshold	547.363281	V	mca_bin_width	22.090000	no:	number_mca_channels	1024.000000	no:	gap_time	0.150000	m-sec	trigger_peaking_time	0.200000	m-sec	GAINDAC	18610		HIGHGAIN	1		TAURC	1		RCTAU	1		RCTAUFRAC	1		livetime	9.460436	seconds	runtime	10.000494	seconds	input_count_rate	22911.206207	cps	output_count_rate	18922.764459	cps	triggers	216750	seconds	events_in_run	189237	seconds	channel	content		1	0
2	0
3	0
4	0
5	0
6	0
7	0
8	0
9	0
10	0
11	0
12	0
13	0
14	0
15	0
16	0
17	0
18	0
19	0
20	0
21	0
22	0
23	0
24	0
25	0
26	0
27	0
28	0
29	0
30	0
31	13
32	18
33	11
34	10
35	17
36	11
37	10
38	8
39	15
40	11
41	14
42	14
43	11
44	16
45	9
46	11
47	17
48	13
49	13
50	8
51	15
52	14
53	14
54	8
55	7
56	14
57	8
58	13
59	12
60	8
61	14
62	14
63	8
64	10
65	9
66	10
67	2
68	9
69	10
70	6
71	12
72	9
73	7
74	9
75	5
76	13
77	8
78	12
79	9
80	13
81	9
82	12
83	10
84	12
85	9
86	12
87	9
88	6
89	2
90	8
91	5
92	7
93	13
94	10
95	12
96	19
97	11
98	14
99	11
100	8
101	5
102	6
103	3
104	7
105	6
106	10
107	7
108	10
109	4
110	4
111	7
112	8
113	4
114	5
115	5
116	6
117	4
118	7
119	7
120	7
121	7
122	2
123	5
124	6
125	7
126	7
127	9
128	5
129	4
130	2
131	2
132	3
133	1
134	5
135	3
136	5
137	4
138	5
139	4
140	5
141	7
142	4
143	9
144	4
145	3
146	4
147	4
148	5
149	5
150	4
151	5
152	7
153	3
154	8
155	5
156	7
157	3
158	9
159	19
160	23
161	20
162	16
163	25
164	28
165	17
166	22
167	12
168	8
169	4
170	5
171	4
172	3
173	3
174	7
175	6
176	11
177	10
178	9
179	11
180	11
181	24
182	20
183	31
184	12
185	19
186	8
187	8
188	5
189	4
190	4
191	9
192	2
193	4
194	8
195	14
196	22
197	48
198	93
199	144
200	195
201	290
202	327
203	337
204	307
205	261
206	185
207	124
208	74
209	40
210	19
211	10
212	14
213	7
214	15
215	15
216	27
217	37
218	40
219	58
220	58
221	56
222	61
223	51
224	29
225	22
226	11
227	11
228	8
229	5
230	5
231	5
232	11
233	11
234	9
235	8
236	2
237	5
238	9
239	9
240	22
241	31
242	43
243	79
244	115
245	139
246	163
247	155
248	196
249	172
250	168
251	104
252	90
253	72
254	64
255	52
256	50
257	38
258	27
259	23
260	11
261	11
262	14
263	18
264	13
265	14
266	30
267	28
268	30
269	31
270	40
271	65
272	46
273	41
274	34
275	32
276	26
277	14
278	8
279	9
280	9
281	11
282	10
283	5
284	11
285	13
286	18
287	10
288	10
289	17
290	10
291	13
292	19
293	13
294	20
295	12
296	12
297	16
298	7
299	26
300	14
301	13
302	13
303	20
304	16
305	14
306	9
307	11
308	7
309	9
310	14
311	9
312	14
313	24
314	27
315	29
316	51
317	78
318	125
319	175
320	220
321	282
322	330
323	348
324	314
325	287
326	274
327	192
328	147
329	103
330	53
331	40
332	41
333	34
334	36
335	25
336	42
337	41
338	39
339	78
340	117
341	202
342	364
343	683
344	1203
345	1942
346	3008
347	4259
348	5552
349	6687
350	7381
351	7681
352	7363
353	6339
354	5162
355	3796
356	2584
357	1711
358	976
359	516
360	288
361	155
362	100
363	56
364	58
365	35
366	42
367	36
368	32
369	40
370	39
371	34
372	49
373	54
374	53
375	59
376	83
377	108
378	127
379	215
380	296
381	402
382	616
383	869
384	993
385	1133
386	1212
387	1278
388	1148
389	1072
390	815
391	607
392	446
393	251
394	174
395	111
396	78
397	46
398	34
399	27
400	23
401	28
402	31
403	33
404	25
405	27
406	29
407	34
408	34
409	28
410	27
411	42
412	31
413	44
414	38
415	28
416	36
417	31
418	32
419	44
420	28
421	38
422	20
423	30
424	32
425	45
426	41
427	31
428	37
429	35
430	22
431	28
432	38
433	39
434	50
435	37
436	45
437	43
438	59
439	53
440	79
441	60
442	68
443	73
444	79
445	63
446	54
447	64
448	58
449	49
450	53
451	55
452	63
453	52
454	60
455	66
456	73
457	85
458	77
459	67
460	79
461	64
462	67
463	79
464	62
465	69
466	58
467	41
468	66
469	65
470	60
471	65
472	49
473	44
474	67
475	54
476	48
477	54
478	48
479	57
480	64
481	53
482	51
483	53
484	47
485	55
486	45
487	50
488	64
489	40
490	49
491	48
492	54
493	57
494	54
495	55
496	63
497	65
498	58
499	69
500	57
501	64
502	66
503	60
504	73
505	75
506	78
507	69
508	76
509	69
510	87
511	81
512	81
513	81
514	77
515	85
516	88
517	73
518	69
519	82
520	78
521	81
522	91
523	81
524	61
525	74
526	86
527	89
528	88
529	92
530	104
531	98
532	116
533	80
534	85
535	79
536	66
537	80
538	83
539	78
540	78
541	83
542	66
543	78
544	70
545	84
546	76
547	80
548	78
549	78
550	83
551	58
552	72
553	75
554	72
555	70
556	76
557	85
558	59
559	72
560	74
561	91
562	69
563	69
564	74
565	73
566	69
567	76
568	64
569	72
570	77
571	84
572	74
573	95
574	68
575	87
576	95
577	80
578	76
579	74
580	102
581	87
582	83
583	87
584	87
585	92
586	85
587	80
588	83
589	102
590	86
591	88
592	82
593	83
594	88
595	93
596	93
597	89
598	70
599	79
600	81
601	73
602	87
603	88
604	86
605	79
606	81
607	84
608	84
609	90
610	78
611	98
612	86
613	85
614	82
615	89
616	110
617	82
618	100
619	105
620	92
621	86
622	103
623	86
624	88
625	98
626	78
627	93
628	108
629	87
630	92
631	102
632	78
633	80
634	92
635	104
636	108
637	109
638	82
639	97
640	93
641	104
642	96
643	94
644	96
645	92
646	106
647	93
648	92
649	102
650	112
651	104
652	97
653	93
654	122
655	76
656	108
657	96
658	124
659	100
660	93
661	88
662	106
663	91
664	101
665	93
666	98
667	108
668	116
669	110
670	111
671	106
672	105
673	107
674	97
675	103
676	110
677	109
678	112
679	113
680	89
681	106
682	93
683	98
684	97
685	112
686	117
687	110
688	102
689	118
690	101
691	115
692	104
693	115
694	116
695	104
696	96
697	113
698	93
699	112
700	107
701	96
702	120
703	115
704	106
705	117
706	118
707	112
708	108
709	110
710	121
711	116
712	106
713	122
714	100
715	100
716	120
717	106
718	113
719	130
720	104
721	133
722	125
723	138
724	108
725	153
726	121
727	130
728	131
729	114
730	113
731	99
732	124
733	126
734	139
735	115
736	143
737	121
738	125
739	118
740	123
741	99
742	134
743	128
744	118
745	111
746	125
747	102
748	97
749	134
750	123
751	124
752	124
753	126
754	126
755	120
756	120
757	129
758	137
759	130
760	129
761	135
762	126
763	150
764	153
765	160
766	153
767	165
768	203
769	209
770	208
771	245
772	255
773	255
774	243
775	238
776	235
777	215
778	176
779	209
780	175
781	162
782	156
783	125
784	146
785	116
786	133
787	138
788	133
789	116
790	148
791	130
792	105
793	106
794	129
795	125
796	120
797	123
798	129
799	111
800	132
801	132
802	128
803	126
804	125
805	107
806	121
807	105
808	145
809	128
810	130
811	128
812	127
813	135
814	111
815	150
816	125
817	117
818	118
819	142
820	150
821	137
822	124
823	144
824	134
825	122
826	134
827	140
828	149
829	115
830	126
831	126
832	137
833	142
834	133
835	141
836	149
837	128
838	135
839	140
840	140
841	134
842	128
843	138
844	134
845	165
846	149
847	159
848	141
849	140
850	152
851	149
852	145
853	180
854	169
855	162
856	166
857	164
858	178
859	151
860	196
861	209
862	175
863	194
864	222
865	194
866	210
867	209
868	195
869	196
870	191
871	182
872	187
873	199
874	199
875	199
876	204
877	237
878	224
879	233
880	243
881	254
882	268
883	291
884	327
885	319
886	347
887	345
888	376
889	394
890	364
891	430
892	441
893	475
894	462
895	476
896	547
897	449
898	504
899	558
900	517
901	494
902	535
903	522
904	500
905	443
906	476
907	487
908	446
909	460
910	401
911	351
912	383
913	366
914	370
915	307
916	285
917	309
918	269
919	274
920	262
921	250
922	230
923	256
924	201
925	217
926	198
927	190
928	208
929	181
930	163
931	184
932	162
933	151
934	156
935	173
936	137
937	149
938	138
939	148
940	174
941	149
942	191
943	181
944	213
945	220
946	244
947	319
948	317
949	292
950	346
951	367
952	366
953	389
954	410
955	407
956	324
957	410
958	340
959	299
960	282
961	248
962	238
963	181
964	169
965	139
966	160
967	140
968	150
969	99
970	134
971	114
972	108
973	117
974	126
975	124
976	120
977	111
978	116
979	165
980	113
981	116
982	116
983	129
984	146
985	116
986	117
987	120
988	129
989	140
990	145
991	145
992	158
993	144
994	163
995	152
996	148
997	168
998	169
999	142
1000	178
1001	168
1002	164
1003	172
1004	161
1005	155
1006	164
1007	163
1008	170
1009	173
1010	146
1011	154
1012	174
1013	135
1014	155
1015	159
1016	139
1017	148
1018	111
1019	124
1020	125
1021	122
1022	119
1023	103
1024	116
