Date:	09/05/2018		Time:	11:01		Version no:	0.00		Project name:	55		Sample name:	222		Section name:	section		Position	221.200027	mm	E0	0.000000	keV	E1	1.000000	keV/channel	sample surface	5.998527	cm	Tube anode:	Mo		Tube voltage:	30	kV	Tube current:	50	mA	gain	10		std. database			resultfile	result		matrix element	11		sample thickness	1.000000		air passage	0.560000	cm	comments	in position		peaking_time	2.200000	m-sec	trigger_threshold	547.363281	V	mca_bin_width	22.090000	no:	number_mca_channels	1024.000000	no:	gap_time	0.150000	m-sec	trigger_peaking_time	0.200000	m-sec	GAINDAC	18610		HIGHGAIN	1		TAURC	1		RCTAU	1		RCTAUFRAC	1		livetime	9.421737	seconds	runtime	10.000171	seconds	input_count_rate	24413.651632	cps	output_count_rate	19895.459390	cps	triggers	230019	seconds	events_in_run	198958	seconds	channel	content		1	0
2	0
3	0
4	0
5	0
6	0
7	0
8	0
9	0
10	0
11	0
12	0
13	0
14	0
15	0
16	0
17	0
18	0
19	0
20	0
21	0
22	0
23	0
24	0
25	0
26	0
27	0
28	0
29	0
30	0
31	24
32	14
33	14
34	13
35	12
36	17
37	9
38	21
39	7
40	19
41	8
42	14
43	16
44	18
45	13
46	7
47	16
48	21
49	11
50	14
51	11
52	20
53	10
54	13
55	13
56	13
57	20
58	7
59	8
60	18
61	5
62	14
63	12
64	8
65	8
66	15
67	6
68	13
69	7
70	14
71	5
72	8
73	3
74	10
75	10
76	9
77	9
78	6
79	10
80	11
81	10
82	9
83	10
84	5
85	12
86	8
87	9
88	7
89	10
90	3
91	11
92	10
93	6
94	20
95	17
96	22
97	14
98	17
99	14
100	9
101	6
102	6
103	6
104	12
105	5
106	8
107	12
108	7
109	8
110	9
111	8
112	3
113	3
114	5
115	3
116	4
117	7
118	6
119	5
120	7
121	6
122	3
123	2
124	5
125	5
126	2
127	5
128	4
129	1
130	3
131	1
132	5
133	4
134	7
135	3
136	7
137	5
138	3
139	3
140	4
141	3
142	3
143	6
144	2
145	4
146	1
147	2
148	2
149	4
150	5
151	3
152	7
153	5
154	6
155	6
156	4
157	10
158	6
159	9
160	20
161	16
162	39
163	24
164	30
165	15
166	14
167	13
168	4
169	6
170	3
171	6
172	3
173	6
174	3
175	5
176	6
177	11
178	11
179	14
180	15
181	19
182	27
183	27
184	24
185	16
186	16
187	5
188	4
189	4
190	3
191	6
192	1
193	11
194	9
195	19
196	19
197	51
198	95
199	163
200	233
201	304
202	343
203	333
204	363
205	288
206	224
207	125
208	88
209	38
210	27
211	14
212	9
213	11
214	11
215	21
216	32
217	43
218	41
219	59
220	65
221	68
222	60
223	44
224	23
225	22
226	18
227	8
228	9
229	5
230	9
231	9
232	7
233	5
234	5
235	2
236	4
237	6
238	11
239	13
240	8
241	24
242	39
243	57
244	88
245	136
246	154
247	180
248	157
249	141
250	131
251	99
252	85
253	71
254	56
255	51
256	37
257	33
258	27
259	19
260	12
261	14
262	13
263	10
264	18
265	17
266	22
267	35
268	33
269	46
270	54
271	51
272	45
273	42
274	34
275	27
276	19
277	10
278	15
279	13
280	10
281	10
282	14
283	13
284	20
285	9
286	19
287	18
288	21
289	16
290	16
291	20
292	20
293	14
294	17
295	16
296	20
297	19
298	26
299	22
300	12
301	16
302	19
303	12
304	18
305	21
306	16
307	13
308	11
309	8
310	18
311	16
312	14
313	13
314	13
315	22
316	20
317	27
318	45
319	72
320	76
321	94
322	109
323	115
324	106
325	87
326	81
327	50
328	54
329	48
330	51
331	29
332	32
333	23
334	25
335	36
336	37
337	36
338	45
339	70
340	101
341	188
342	359
343	675
344	1158
345	1982
346	2992
347	4243
348	5492
349	6669
350	7294
351	7572
352	7253
353	6297
354	5124
355	3838
356	2622
357	1727
358	957
359	548
360	303
361	128
362	89
363	62
364	43
365	51
366	35
367	43
368	40
369	34
370	38
371	47
372	46
373	43
374	61
375	70
376	85
377	103
378	153
379	212
380	289
381	465
382	603
383	801
384	1046
385	1154
386	1243
387	1276
388	1202
389	1077
390	835
391	629
392	469
393	296
394	178
395	118
396	82
397	57
398	44
399	37
400	35
401	27
402	33
403	27
404	31
405	29
406	36
407	36
408	31
409	44
410	49
411	39
412	29
413	33
414	36
415	36
416	29
417	31
418	33
419	36
420	25
421	29
422	34
423	29
424	34
425	38
426	36
427	44
428	42
429	31
430	44
431	44
432	45
433	60
434	48
435	54
436	53
437	64
438	73
439	85
440	94
441	91
442	83
443	85
444	83
445	64
446	80
447	75
448	80
449	53
450	75
451	72
452	69
453	62
454	90
455	72
456	96
457	90
458	98
459	82
460	98
461	84
462	70
463	71
464	85
465	71
466	63
467	64
468	64
469	63
470	62
471	64
472	74
473	71
474	57
475	81
476	74
477	65
478	69
479	62
480	66
481	47
482	60
483	55
484	53
485	73
486	75
487	59
488	64
489	80
490	83
491	80
492	58
493	75
494	61
495	66
496	74
497	70
498	68
499	76
500	68
501	77
502	82
503	79
504	64
505	73
506	82
507	70
508	109
509	79
510	80
511	65
512	69
513	80
514	81
515	83
516	79
517	78
518	95
519	91
520	95
521	82
522	95
523	103
524	102
525	84
526	107
527	120
528	91
529	109
530	95
531	111
532	99
533	91
534	99
535	92
536	89
537	72
538	94
539	88
540	85
541	85
542	82
543	84
544	84
545	74
546	99
547	86
548	83
549	93
550	103
551	104
552	95
553	80
554	80
555	73
556	86
557	83
558	79
559	83
560	92
561	89
562	94
563	93
564	79
565	77
566	105
567	91
568	95
569	89
570	96
571	93
572	87
573	88
574	83
575	100
576	86
577	95
578	108
579	87
580	87
581	95
582	106
583	102
584	102
585	79
586	90
587	99
588	104
589	111
590	108
591	92
592	101
593	97
594	93
595	92
596	87
597	101
598	91
599	107
600	88
601	91
602	91
603	108
604	93
605	98
606	97
607	117
608	112
609	92
610	114
611	94
612	123
613	118
614	103
615	104
616	109
617	117
618	130
619	115
620	115
621	121
622	115
623	93
624	109
625	94
626	112
627	92
628	100
629	101
630	91
631	96
632	100
633	105
634	93
635	102
636	112
637	115
638	97
639	112
640	119
641	113
642	103
643	96
644	98
645	112
646	113
647	106
648	112
649	121
650	135
651	122
652	112
653	104
654	118
655	116
656	121
657	117
658	115
659	114
660	114
661	118
662	118
663	130
664	125
665	119
666	92
667	109
668	97
669	112
670	122
671	109
672	121
673	146
674	119
675	94
676	104
677	131
678	125
679	118
680	107
681	117
682	111
683	123
684	128
685	122
686	127
687	134
688	123
689	120
690	112
691	115
692	116
693	107
694	119
695	123
696	128
697	135
698	137
699	113
700	140
701	119
702	104
703	112
704	126
705	140
706	118
707	129
708	109
709	119
710	114
711	129
712	131
713	105
714	131
715	140
716	118
717	125
718	124
719	124
720	131
721	128
722	115
723	116
724	130
725	133
726	129
727	145
728	130
729	109
730	143
731	141
732	144
733	124
734	153
735	134
736	134
737	138
738	137
739	137
740	143
741	114
742	132
743	136
744	131
745	131
746	140
747	136
748	123
749	151
750	139
751	142
752	124
753	103
754	157
755	132
756	132
757	118
758	136
759	163
760	147
761	153
762	138
763	161
764	154
765	181
766	173
767	186
768	208
769	236
770	244
771	278
772	301
773	283
774	296
775	274
776	253
777	265
778	224
779	237
780	202
781	192
782	164
783	182
784	157
785	133
786	136
787	151
788	125
789	154
790	133
791	137
792	128
793	148
794	134
795	125
796	145
797	137
798	138
799	127
800	156
801	137
802	136
803	137
804	169
805	131
806	139
807	141
808	159
809	144
810	121
811	161
812	158
813	140
814	156
815	139
816	164
817	157
818	164
819	141
820	144
821	139
822	154
823	150
824	153
825	160
826	158
827	171
828	145
829	154
830	137
831	172
832	140
833	143
834	139
835	144
836	161
837	157
838	145
839	148
840	147
841	172
842	158
843	150
844	160
845	160
846	140
847	159
848	144
849	186
850	172
851	151
852	180
853	180
854	168
855	185
856	182
857	172
858	176
859	199
860	175
861	215
862	187
863	213
864	228
865	215
866	221
867	206
868	237
869	228
870	226
871	229
872	208
873	224
874	220
875	211
876	248
877	249
878	235
879	235
880	270
881	285
882	322
883	347
884	332
885	337
886	371
887	362
888	407
889	420
890	426
891	483
892	524
893	437
894	507
895	540
896	551
897	558
898	515
899	600
900	585
901	587
902	568
903	599
904	558
905	565
906	558
907	526
908	488
909	513
910	496
911	459
912	469
913	425
914	392
915	361
916	352
917	326
918	337
919	303
920	296
921	264
922	283
923	262
924	233
925	274
926	235
927	225
928	192
929	201
930	187
931	188
932	199
933	178
934	171
935	149
936	182
937	176
938	172
939	187
940	179
941	198
942	222
943	233
944	237
945	265
946	257
947	305
948	317
949	387
950	394
951	405
952	434
953	433
954	434
955	420
956	412
957	413
958	370
959	318
960	301
961	288
962	224
963	220
964	199
965	158
966	150
967	115
968	137
969	140
970	125
971	141
972	146
973	122
974	140
975	119
976	138
977	112
978	144
979	142
980	124
981	133
982	160
983	136
984	134
985	139
986	163
987	111
988	164
989	166
990	156
991	146
992	175
993	169
994	171
995	182
996	179
997	185
998	189
999	214
1000	187
1001	200
1002	199
1003	194
1004	184
1005	191
1006	183
1007	181
1008	194
1009	186
1010	186
1011	175
1012	161
1013	155
1014	174
1015	148
1016	133
1017	161
1018	115
1019	157
1020	137
1021	125
1022	138
1023	122
1024	128
