Date:	09/05/2018		Time:	10:45		Version no:	0.00		Project name:	55		Sample name:	222		Section name:	section		Position	203.400024	mm	E0	0.000000	keV	E1	1.000000	keV/channel	sample surface	5.990595	cm	Tube anode:	Mo		Tube voltage:	30	kV	Tube current:	50	mA	gain	10		std. database			resultfile	result		matrix element	11		sample thickness	1.000000		air passage	0.560000	cm	comments	in position		peaking_time	2.200000	m-sec	trigger_threshold	547.363281	V	mca_bin_width	22.090000	no:	number_mca_channels	1024.000000	no:	gap_time	0.150000	m-sec	trigger_peaking_time	0.200000	m-sec	GAINDAC	18610		HIGHGAIN	1		TAURC	1		RCTAU	1		RCTAUFRAC	1		livetime	9.409774	seconds	runtime	10.000494	seconds	input_count_rate	24989.015677	cps	output_count_rate	20273.999275	cps	triggers	235141	seconds	events_in_run	202750	seconds	channel	content		1	0
2	0
3	0
4	0
5	0
6	0
7	0
8	0
9	0
10	0
11	0
12	0
13	0
14	0
15	0
16	0
17	0
18	0
19	0
20	0
21	0
22	0
23	0
24	0
25	0
26	0
27	0
28	0
29	0
30	0
31	15
32	9
33	22
34	12
35	16
36	20
37	12
38	13
39	17
40	10
41	10
42	7
43	11
44	17
45	21
46	13
47	15
48	16
49	13
50	14
51	12
52	11
53	17
54	31
55	13
56	12
57	9
58	12
59	10
60	14
61	16
62	10
63	16
64	10
65	9
66	9
67	9
68	11
69	14
70	6
71	8
72	8
73	7
74	9
75	13
76	7
77	4
78	10
79	7
80	12
81	20
82	12
83	9
84	12
85	8
86	12
87	6
88	2
89	8
90	8
91	7
92	13
93	11
94	15
95	25
96	18
97	26
98	18
99	16
100	18
101	9
102	6
103	4
104	6
105	12
106	11
107	8
108	8
109	3
110	8
111	7
112	7
113	9
114	9
115	7
116	6
117	4
118	3
119	7
120	2
121	7
122	2
123	6
124	8
125	4
126	5
127	3
128	7
129	5
130	5
131	4
132	4
133	6
134	1
135	3
136	8
137	4
138	4
139	2
140	9
141	4
142	5
143	5
144	8
145	1
146	5
147	2
148	10
149	5
150	3
151	5
152	9
153	6
154	4
155	4
156	4
157	6
158	7
159	18
160	15
161	19
162	32
163	32
164	23
165	24
166	21
167	15
168	7
169	6
170	3
171	5
172	3
173	5
174	5
175	6
176	3
177	9
178	9
179	16
180	17
181	17
182	26
183	27
184	20
185	21
186	15
187	6
188	8
189	7
190	1
191	4
192	7
193	9
194	10
195	16
196	14
197	55
198	105
199	154
200	243
201	310
202	377
203	406
204	361
205	309
206	229
207	165
208	89
209	57
210	24
211	9
212	8
213	5
214	10
215	16
216	28
217	35
218	62
219	71
220	64
221	65
222	62
223	53
224	45
225	25
226	12
227	14
228	9
229	6
230	5
231	4
232	3
233	6
234	6
235	6
236	6
237	8
238	3
239	5
240	14
241	41
242	42
243	72
244	112
245	147
246	169
247	207
248	190
249	203
250	166
251	134
252	103
253	68
254	56
255	41
256	44
257	35
258	32
259	36
260	20
261	11
262	20
263	7
264	12
265	21
266	22
267	30
268	37
269	39
270	43
271	49
272	32
273	43
274	35
275	38
276	26
277	17
278	11
279	11
280	18
281	15
282	8
283	7
284	6
285	14
286	9
287	11
288	14
289	17
290	16
291	15
292	17
293	26
294	22
295	24
296	10
297	20
298	23
299	29
300	19
301	10
302	15
303	10
304	15
305	13
306	13
307	16
308	22
309	10
310	15
311	14
312	10
313	14
314	16
315	12
316	27
317	28
318	42
319	59
320	91
321	104
322	121
323	130
324	128
325	119
326	99
327	92
328	60
329	56
330	40
331	30
332	25
333	30
334	35
335	37
336	33
337	38
338	44
339	68
340	137
341	229
342	368
343	665
344	1209
345	1940
346	3017
347	4529
348	5670
349	6934
350	7782
351	7999
352	7722
353	6373
354	5252
355	3892
356	2656
357	1735
358	1028
359	538
360	284
361	171
362	99
363	66
364	42
365	46
366	35
367	49
368	47
369	50
370	30
371	43
372	53
373	63
374	61
375	77
376	93
377	123
378	150
379	202
380	319
381	458
382	629
383	801
384	1091
385	1208
386	1318
387	1290
388	1266
389	1113
390	869
391	648
392	525
393	270
394	192
395	130
396	96
397	44
398	44
399	32
400	37
401	28
402	28
403	44
404	35
405	43
406	46
407	39
408	43
409	26
410	46
411	34
412	40
413	40
414	34
415	36
416	36
417	22
418	20
419	30
420	36
421	32
422	32
423	30
424	30
425	44
426	47
427	28
428	38
429	35
430	42
431	44
432	51
433	40
434	51
435	39
436	44
437	61
438	61
439	68
440	71
441	70
442	62
443	67
444	59
445	79
446	68
447	64
448	65
449	73
450	68
451	73
452	66
453	77
454	64
455	84
456	74
457	87
458	75
459	96
460	83
461	95
462	82
463	72
464	52
465	65
466	53
467	74
468	58
469	63
470	46
471	70
472	63
473	58
474	85
475	74
476	64
477	70
478	65
479	54
480	57
481	53
482	50
483	79
484	62
485	56
486	67
487	65
488	66
489	65
490	80
491	62
492	47
493	52
494	64
495	55
496	62
497	59
498	73
499	66
500	68
501	71
502	57
503	74
504	65
505	82
506	82
507	74
508	73
509	86
510	95
511	87
512	96
513	101
514	92
515	72
516	81
517	90
518	86
519	79
520	78
521	89
522	83
523	96
524	109
525	93
526	113
527	104
528	107
529	96
530	118
531	100
532	95
533	93
534	65
535	89
536	78
537	88
538	77
539	93
540	71
541	95
542	90
543	64
544	84
545	105
546	87
547	81
548	84
549	83
550	84
551	78
552	89
553	70
554	92
555	73
556	76
557	68
558	81
559	80
560	70
561	67
562	71
563	77
564	72
565	95
566	86
567	66
568	86
569	95
570	73
571	96
572	92
573	82
574	65
575	87
576	100
577	91
578	96
579	95
580	101
581	89
582	79
583	83
584	90
585	100
586	88
587	81
588	74
589	85
590	92
591	93
592	102
593	98
594	101
595	106
596	98
597	87
598	89
599	91
600	116
601	91
602	101
603	100
604	101
605	96
606	110
607	115
608	108
609	106
610	102
611	117
612	99
613	120
614	104
615	103
616	96
617	117
618	121
619	111
620	102
621	85
622	110
623	118
624	113
625	103
626	88
627	89
628	113
629	109
630	95
631	116
632	105
633	109
634	114
635	120
636	93
637	115
638	112
639	113
640	118
641	126
642	97
643	99
644	114
645	99
646	110
647	119
648	98
649	113
650	127
651	115
652	120
653	122
654	96
655	122
656	121
657	111
658	129
659	112
660	119
661	116
662	91
663	118
664	104
665	119
666	116
667	104
668	115
669	116
670	107
671	124
672	96
673	111
674	123
675	109
676	125
677	127
678	106
679	131
680	105
681	124
682	110
683	123
684	124
685	122
686	125
687	124
688	117
689	138
690	117
691	122
692	102
693	102
694	128
695	137
696	143
697	127
698	121
699	132
700	123
701	115
702	151
703	131
704	113
705	117
706	120
707	132
708	118
709	130
710	137
711	123
712	112
713	142
714	141
715	129
716	108
717	118
718	124
719	126
720	109
721	118
722	105
723	113
724	124
725	151
726	152
727	138
728	144
729	151
730	129
731	120
732	137
733	124
734	151
735	127
736	148
737	139
738	141
739	136
740	147
741	137
742	134
743	121
744	150
745	130
746	136
747	111
748	134
749	125
750	117
751	144
752	142
753	143
754	144
755	127
756	136
757	152
758	139
759	138
760	136
761	152
762	170
763	156
764	156
765	169
766	198
767	203
768	247
769	238
770	245
771	277
772	298
773	296
774	309
775	279
776	247
777	268
778	203
779	253
780	218
781	176
782	189
783	178
784	174
785	158
786	155
787	139
788	139
789	155
790	135
791	132
792	169
793	128
794	134
795	121
796	139
797	134
798	149
799	132
800	146
801	139
802	134
803	117
804	157
805	145
806	131
807	130
808	161
809	125
810	150
811	159
812	148
813	171
814	153
815	161
816	150
817	153
818	174
819	157
820	143
821	146
822	128
823	151
824	176
825	177
826	147
827	160
828	143
829	134
830	158
831	161
832	139
833	137
834	136
835	135
836	148
837	159
838	154
839	141
840	157
841	142
842	153
843	138
844	167
845	149
846	142
847	168
848	141
849	155
850	152
851	161
852	184
853	166
854	177
855	185
856	170
857	174
858	222
859	206
860	218
861	219
862	213
863	213
864	239
865	216
866	257
867	204
868	211
869	240
870	210
871	198
872	230
873	229
874	219
875	241
876	234
877	251
878	268
879	261
880	283
881	307
882	316
883	320
884	366
885	335
886	347
887	368
888	427
889	446
890	473
891	491
892	502
893	477
894	537
895	506
896	591
897	558
898	560
899	553
900	616
901	580
902	612
903	576
904	576
905	562
906	554
907	528
908	517
909	488
910	453
911	463
912	420
913	414
914	408
915	348
916	392
917	332
918	342
919	331
920	313
921	272
922	278
923	248
924	252
925	230
926	219
927	202
928	186
929	184
930	182
931	196
932	206
933	195
934	177
935	151
936	176
937	162
938	194
939	150
940	204
941	176
942	176
943	216
944	243
945	252
946	285
947	316
948	354
949	372
950	382
951	405
952	412
953	378
954	447
955	414
956	423
957	395
958	368
959	349
960	293
961	254
962	210
963	203
964	186
965	187
966	161
967	156
968	119
969	139
970	153
971	141
972	138
973	144
974	127
975	159
976	124
977	119
978	138
979	126
980	127
981	132
982	133
983	138
984	149
985	164
986	160
987	150
988	172
989	161
990	156
991	162
992	172
993	162
994	173
995	175
996	172
997	180
998	176
999	176
1000	167
1001	170
1002	191
1003	197
1004	153
1005	181
1006	185
1007	201
1008	181
1009	186
1010	165
1011	156
1012	174
1013	149
1014	167
1015	138
1016	157
1017	130
1018	131
1019	153
1020	139
1021	133
1022	143
1023	110
1024	110
