Date:	09/05/2018		Time:	11:38		Version no:	0.00		Project name:	55		Sample name:	222		Section name:	section		Position	259.800018	mm	E0	0.000000	keV	E1	1.000000	keV/channel	sample surface	6.239270	cm	Tube anode:	Mo		Tube voltage:	30	kV	Tube current:	50	mA	gain	10		std. database			resultfile	result		matrix element	11		sample thickness	1.000000		air passage	0.560000	cm	comments	in position		peaking_time	2.200000	m-sec	trigger_threshold	547.363281	V	mca_bin_width	22.090000	no:	number_mca_channels	1024.000000	no:	gap_time	0.150000	m-sec	trigger_peaking_time	0.200000	m-sec	GAINDAC	18610		HIGHGAIN	1		TAURC	1		RCTAU	1		RCTAUFRAC	1		livetime	9.444400	seconds	runtime	10.000493	seconds	input_count_rate	23954.936259	cps	output_count_rate	19687.729789	cps	triggers	226240	seconds	events_in_run	196887	seconds	channel	content		1	0
2	0
3	0
4	0
5	0
6	0
7	0
8	0
9	0
10	0
11	0
12	0
13	0
14	0
15	0
16	0
17	0
18	0
19	0
20	0
21	0
22	0
23	0
24	0
25	0
26	0
27	0
28	0
29	0
30	0
31	12
32	10
33	11
34	9
35	20
36	18
37	17
38	14
39	14
40	11
41	11
42	7
43	7
44	10
45	7
46	14
47	13
48	15
49	13
50	14
51	13
52	16
53	15
54	14
55	16
56	10
57	13
58	14
59	5
60	16
61	10
62	13
63	11
64	10
65	13
66	3
67	12
68	4
69	5
70	11
71	9
72	2
73	10
74	8
75	8
76	7
77	9
78	13
79	8
80	6
81	12
82	13
83	4
84	3
85	12
86	8
87	4
88	7
89	4
90	3
91	7
92	9
93	12
94	17
95	11
96	17
97	12
98	15
99	9
100	14
101	4
102	4
103	11
104	2
105	9
106	6
107	9
108	3
109	9
110	9
111	8
112	3
113	8
114	5
115	6
116	5
117	3
118	3
119	3
120	6
121	4
122	8
123	3
124	5
125	6
126	6
127	6
128	3
129	3
130	4
131	4
132	3
133	4
134	5
135	3
136	3
137	7
138	4
139	2
140	5
141	13
142	3
143	3
144	3
145	4
146	3
147	5
148	7
149	8
150	4
151	7
152	6
153	3
154	4
155	6
156	7
157	7
158	6
159	8
160	18
161	25
162	24
163	25
164	27
165	22
166	14
167	9
168	5
169	13
170	6
171	5
172	8
173	3
174	4
175	6
176	6
177	7
178	13
179	12
180	20
181	24
182	18
183	15
184	17
185	18
186	12
187	5
188	3
189	3
190	3
191	6
192	6
193	6
194	10
195	15
196	33
197	57
198	105
199	155
200	202
201	324
202	375
203	429
204	340
205	302
206	207
207	162
208	91
209	47
210	28
211	16
212	9
213	7
214	19
215	17
216	27
217	33
218	53
219	56
220	64
221	75
222	56
223	51
224	32
225	23
226	15
227	13
228	7
229	5
230	5
231	6
232	4
233	5
234	4
235	5
236	2
237	5
238	6
239	16
240	16
241	40
242	68
243	115
244	180
245	183
246	315
247	304
248	327
249	299
250	257
251	190
252	145
253	110
254	67
255	67
256	46
257	35
258	30
259	22
260	23
261	18
262	17
263	11
264	14
265	16
266	31
267	40
268	55
269	66
270	69
271	68
272	67
273	64
274	49
275	51
276	24
277	21
278	16
279	11
280	14
281	6
282	10
283	10
284	9
285	12
286	13
287	11
288	12
289	15
290	13
291	16
292	14
293	15
294	12
295	20
296	15
297	20
298	20
299	15
300	21
301	14
302	18
303	13
304	14
305	13
306	13
307	20
308	17
309	10
310	12
311	15
312	17
313	18
314	18
315	28
316	30
317	25
318	52
319	53
320	73
321	77
322	101
323	97
324	94
325	78
326	58
327	59
328	58
329	39
330	35
331	19
332	30
333	32
334	12
335	32
336	45
337	41
338	52
339	53
340	135
341	207
342	427
343	696
344	1297
345	2093
346	3213
347	4647
348	6091
349	7155
350	7848
351	8421
352	7699
353	6852
354	5574
355	4131
356	2870
357	1797
358	1051
359	598
360	336
361	171
362	94
363	67
364	44
365	49
366	49
367	45
368	38
369	41
370	42
371	38
372	39
373	50
374	70
375	62
376	78
377	116
378	136
379	216
380	287
381	500
382	592
383	898
384	1089
385	1273
386	1376
387	1345
388	1276
389	1092
390	878
391	708
392	503
393	326
394	201
395	116
396	73
397	48
398	26
399	32
400	35
401	24
402	25
403	21
404	28
405	30
406	31
407	35
408	44
409	35
410	39
411	28
412	34
413	35
414	29
415	33
416	35
417	35
418	18
419	35
420	41
421	25
422	29
423	28
424	24
425	35
426	27
427	28
428	32
429	30
430	33
431	40
432	29
433	27
434	36
435	46
436	43
437	49
438	46
439	42
440	59
441	63
442	58
443	68
444	55
445	48
446	61
447	61
448	47
449	51
450	49
451	47
452	51
453	62
454	52
455	77
456	78
457	85
458	100
459	84
460	80
461	78
462	57
463	83
464	55
465	43
466	49
467	58
468	61
469	60
470	61
471	71
472	70
473	58
474	56
475	64
476	55
477	70
478	56
479	64
480	36
481	40
482	38
483	50
484	48
485	44
486	63
487	63
488	58
489	51
490	52
491	52
492	48
493	51
494	53
495	54
496	57
497	58
498	45
499	53
500	64
501	61
502	57
503	44
504	63
505	77
506	73
507	81
508	76
509	73
510	90
511	77
512	66
513	85
514	85
515	97
516	66
517	75
518	81
519	75
520	80
521	89
522	90
523	79
524	81
525	80
526	98
527	88
528	85
529	124
530	86
531	80
532	95
533	78
534	86
535	88
536	77
537	70
538	89
539	76
540	86
541	72
542	76
543	75
544	70
545	74
546	78
547	82
548	90
549	80
550	79
551	65
552	69
553	72
554	74
555	58
556	66
557	74
558	69
559	66
560	60
561	70
562	67
563	81
564	68
565	68
566	76
567	77
568	88
569	75
570	61
571	85
572	72
573	73
574	74
575	66
576	80
577	81
578	95
579	75
580	76
581	76
582	75
583	95
584	79
585	81
586	98
587	74
588	91
589	88
590	84
591	74
592	95
593	89
594	71
595	80
596	77
597	97
598	84
599	81
600	86
601	87
602	71
603	78
604	95
605	88
606	91
607	113
608	82
609	81
610	88
611	99
612	79
613	92
614	87
615	101
616	104
617	92
618	98
619	89
620	89
621	112
622	96
623	93
624	97
625	97
626	85
627	87
628	95
629	84
630	72
631	95
632	92
633	112
634	94
635	104
636	103
637	94
638	101
639	108
640	100
641	109
642	118
643	115
644	93
645	100
646	112
647	97
648	116
649	103
650	116
651	117
652	107
653	90
654	127
655	100
656	92
657	116
658	128
659	94
660	120
661	94
662	94
663	114
664	99
665	91
666	86
667	95
668	102
669	117
670	93
671	94
672	109
673	112
674	95
675	92
676	105
677	109
678	102
679	111
680	105
681	114
682	110
683	96
684	104
685	113
686	114
687	126
688	125
689	101
690	101
691	101
692	103
693	112
694	116
695	105
696	115
697	115
698	120
699	106
700	142
701	117
702	132
703	111
704	109
705	136
706	152
707	122
708	108
709	119
710	104
711	109
712	107
713	91
714	114
715	121
716	118
717	114
718	120
719	120
720	124
721	129
722	105
723	122
724	119
725	120
726	114
727	147
728	107
729	140
730	109
731	115
732	130
733	109
734	119
735	145
736	138
737	126
738	142
739	115
740	148
741	119
742	127
743	153
744	119
745	111
746	111
747	109
748	128
749	112
750	118
751	118
752	123
753	137
754	122
755	153
756	123
757	128
758	133
759	121
760	130
761	138
762	140
763	165
764	157
765	158
766	172
767	184
768	216
769	225
770	225
771	229
772	269
773	262
774	274
775	282
776	273
777	237
778	199
779	225
780	199
781	166
782	162
783	152
784	145
785	135
786	149
787	151
788	117
789	134
790	123
791	137
792	114
793	133
794	121
795	135
796	127
797	129
798	105
799	139
800	121
801	143
802	119
803	121
804	144
805	138
806	145
807	108
808	134
809	112
810	121
811	149
812	141
813	139
814	152
815	146
816	132
817	162
818	149
819	147
820	145
821	148
822	121
823	128
824	157
825	149
826	131
827	111
828	149
829	141
830	137
831	141
832	143
833	158
834	153
835	142
836	123
837	142
838	158
839	151
840	160
841	138
842	133
843	163
844	142
845	139
846	138
847	136
848	151
849	143
850	136
851	162
852	147
853	160
854	173
855	212
856	166
857	175
858	197
859	206
860	188
861	210
862	220
863	246
864	202
865	218
866	185
867	208
868	198
869	204
870	198
871	179
872	208
873	223
874	205
875	203
876	209
877	234
878	222
879	225
880	267
881	257
882	311
883	313
884	325
885	306
886	335
887	342
888	392
889	403
890	407
891	454
892	461
893	455
894	475
895	510
896	529
897	524
898	542
899	503
900	514
901	482
902	537
903	523
904	531
905	545
906	530
907	468
908	477
909	436
910	451
911	437
912	375
913	343
914	359
915	327
916	297
917	304
918	289
919	268
920	236
921	238
922	266
923	269
924	209
925	183
926	204
927	187
928	187
929	179
930	187
931	160
932	187
933	165
934	168
935	167
936	149
937	158
938	150
939	155
940	177
941	164
942	176
943	199
944	210
945	244
946	255
947	300
948	339
949	356
950	376
951	340
952	410
953	394
954	435
955	417
956	398
957	367
958	362
959	306
960	263
961	254
962	207
963	170
964	187
965	161
966	156
967	134
968	133
969	114
970	138
971	125
972	128
973	108
974	122
975	125
976	136
977	126
978	128
979	126
980	130
981	118
982	121
983	118
984	125
985	128
986	116
987	121
988	135
989	144
990	136
991	143
992	135
993	157
994	147
995	179
996	145
997	162
998	150
999	156
1000	184
1001	191
1002	176
1003	174
1004	198
1005	175
1006	167
1007	169
1008	160
1009	174
1010	144
1011	158
1012	139
1013	146
1014	163
1015	106
1016	130
1017	127
1018	131
1019	112
1020	106
1021	120
1022	123
1023	111
1024	109
