Date:	09/05/2018		Time:	09:53		Version no:	0.00		Project name:	55		Sample name:	222		Section name:	section		Position	149.600037	mm	E0	0.000000	keV	E1	1.000000	keV/channel	sample surface	6.458216	cm	Tube anode:	Mo		Tube voltage:	30	kV	Tube current:	50	mA	gain	10		std. database			resultfile	result		matrix element	11		sample thickness	1.000000		air passage	0.560000	cm	comments	in position		peaking_time	2.200000	m-sec	trigger_threshold	547.363281	V	mca_bin_width	22.090000	no:	number_mca_channels	1024.000000	no:	gap_time	0.150000	m-sec	trigger_peaking_time	0.200000	m-sec	GAINDAC	18610		HIGHGAIN	1		TAURC	1		RCTAU	1		RCTAUFRAC	1		livetime	9.372767	seconds	runtime	10.000493	seconds	input_count_rate	27691.821899	cps	output_count_rate	22157.508078	cps	triggers	259549	seconds	events_in_run	221586	seconds	channel	content		1	0
2	0
3	0
4	0
5	0
6	0
7	0
8	0
9	0
10	0
11	0
12	0
13	0
14	0
15	0
16	0
17	0
18	0
19	0
20	0
21	0
22	0
23	0
24	0
25	0
26	0
27	0
28	0
29	0
30	0
31	10
32	17
33	13
34	18
35	11
36	20
37	13
38	13
39	15
40	15
41	16
42	11
43	12
44	10
45	10
46	7
47	11
48	11
49	18
50	10
51	8
52	12
53	12
54	10
55	10
56	11
57	10
58	13
59	8
60	12
61	11
62	10
63	7
64	13
65	5
66	10
67	12
68	12
69	4
70	7
71	6
72	12
73	7
74	5
75	8
76	8
77	9
78	3
79	7
80	12
81	9
82	12
83	11
84	10
85	15
86	7
87	6
88	7
89	6
90	6
91	4
92	18
93	12
94	17
95	19
96	21
97	21
98	17
99	13
100	12
101	10
102	10
103	10
104	9
105	10
106	12
107	11
108	11
109	13
110	10
111	5
112	4
113	5
114	6
115	9
116	6
117	8
118	4
119	6
120	4
121	7
122	5
123	5
124	4
125	6
126	4
127	6
128	3
129	3
130	4
131	6
132	7
133	9
134	7
135	3
136	3
137	5
138	7
139	1
140	5
141	1
142	2
143	3
144	6
145	9
146	6
147	6
148	4
149	2
150	6
151	4
152	2
153	9
154	7
155	4
156	5
157	9
158	3
159	8
160	15
161	18
162	26
163	21
164	27
165	22
166	15
167	12
168	9
169	4
170	5
171	7
172	6
173	5
174	3
175	15
176	8
177	8
178	8
179	23
180	27
181	24
182	21
183	21
184	25
185	17
186	10
187	8
188	10
189	4
190	3
191	3
192	10
193	10
194	6
195	29
196	43
197	64
198	113
199	196
200	297
201	430
202	444
203	497
204	442
205	389
206	302
207	202
208	117
209	59
210	32
211	17
212	11
213	13
214	10
215	16
216	26
217	43
218	64
219	69
220	72
221	80
222	68
223	80
224	45
225	33
226	16
227	13
228	8
229	7
230	4
231	5
232	3
233	6
234	5
235	7
236	3
237	3
238	8
239	13
240	20
241	36
242	53
243	91
244	131
245	191
246	252
247	273
248	285
249	248
250	215
251	150
252	110
253	90
254	60
255	58
256	45
257	42
258	33
259	30
260	18
261	23
262	12
263	19
264	15
265	23
266	34
267	35
268	57
269	58
270	67
271	57
272	63
273	56
274	47
275	32
276	23
277	23
278	19
279	14
280	12
281	12
282	15
283	15
284	11
285	11
286	12
287	10
288	14
289	12
290	11
291	22
292	20
293	24
294	23
295	22
296	20
297	17
298	28
299	15
300	26
301	11
302	15
303	13
304	26
305	10
306	22
307	19
308	16
309	13
310	13
311	12
312	17
313	17
314	19
315	25
316	42
317	48
318	92
319	104
320	140
321	182
322	190
323	187
324	202
325	212
326	189
327	124
328	95
329	77
330	52
331	46
332	31
333	31
334	38
335	24
336	42
337	63
338	73
339	75
340	131
341	242
342	470
343	875
344	1521
345	2599
346	3946
347	5498
348	7276
349	8870
350	9799
351	10045
352	9563
353	8210
354	6674
355	4899
356	3303
357	1951
358	1287
359	684
360	340
361	186
362	125
363	66
364	62
365	43
366	41
367	52
368	46
369	54
370	68
371	58
372	55
373	64
374	73
375	88
376	95
377	120
378	175
379	242
380	365
381	533
382	812
383	1008
384	1353
385	1489
386	1550
387	1607
388	1608
389	1391
390	1044
391	811
392	541
393	350
394	204
395	152
396	80
397	54
398	50
399	32
400	39
401	29
402	26
403	27
404	41
405	32
406	34
407	43
408	35
409	40
410	35
411	36
412	33
413	45
414	27
415	28
416	29
417	25
418	39
419	33
420	25
421	33
422	31
423	41
424	36
425	34
426	29
427	35
428	32
429	34
430	35
431	31
432	36
433	40
434	52
435	44
436	43
437	42
438	54
439	67
440	77
441	65
442	69
443	60
444	63
445	80
446	62
447	72
448	58
449	81
450	63
451	54
452	58
453	58
454	72
455	67
456	83
457	94
458	82
459	93
460	77
461	81
462	65
463	60
464	62
465	73
466	45
467	57
468	64
469	55
470	67
471	62
472	66
473	42
474	74
475	57
476	62
477	59
478	57
479	62
480	49
481	56
482	55
483	62
484	55
485	66
486	50
487	42
488	68
489	59
490	54
491	50
492	55
493	68
494	79
495	55
496	52
497	50
498	47
499	72
500	62
501	59
502	60
503	60
504	72
505	80
506	75
507	93
508	81
509	77
510	73
511	96
512	92
513	63
514	79
515	58
516	87
517	83
518	89
519	91
520	86
521	62
522	85
523	94
524	98
525	80
526	75
527	92
528	85
529	103
530	90
531	99
532	93
533	94
534	90
535	83
536	98
537	78
538	82
539	78
540	84
541	82
542	81
543	87
544	92
545	82
546	66
547	87
548	90
549	79
550	90
551	71
552	92
553	81
554	68
555	83
556	77
557	82
558	72
559	77
560	74
561	75
562	74
563	80
564	87
565	68
566	65
567	73
568	60
569	68
570	77
571	82
572	83
573	84
574	73
575	75
576	78
577	77
578	69
579	66
580	72
581	68
582	94
583	87
584	93
585	80
586	80
587	86
588	82
589	93
590	97
591	92
592	81
593	95
594	77
595	70
596	93
597	93
598	96
599	110
600	94
601	94
602	100
603	99
604	90
605	96
606	87
607	85
608	87
609	82
610	97
611	106
612	78
613	91
614	114
615	105
616	130
617	93
618	119
619	91
620	90
621	102
622	106
623	104
624	107
625	100
626	98
627	81
628	102
629	85
630	104
631	83
632	95
633	114
634	95
635	108
636	113
637	113
638	85
639	120
640	114
641	98
642	100
643	104
644	108
645	112
646	97
647	125
648	114
649	113
650	122
651	98
652	99
653	98
654	117
655	109
656	118
657	93
658	92
659	100
660	107
661	99
662	113
663	117
664	106
665	137
666	95
667	116
668	103
669	88
670	111
671	101
672	84
673	101
674	108
675	105
676	100
677	99
678	108
679	107
680	100
681	119
682	134
683	114
684	109
685	126
686	113
687	105
688	117
689	118
690	101
691	113
692	132
693	121
694	112
695	109
696	134
697	105
698	122
699	133
700	117
701	136
702	136
703	141
704	130
705	129
706	109
707	123
708	105
709	109
710	126
711	131
712	126
713	119
714	127
715	133
716	106
717	131
718	124
719	130
720	107
721	110
722	98
723	125
724	134
725	125
726	138
727	111
728	118
729	132
730	149
731	141
732	119
733	119
734	124
735	133
736	147
737	141
738	129
739	141
740	129
741	128
742	112
743	112
744	142
745	124
746	128
747	136
748	113
749	134
750	116
751	108
752	105
753	135
754	118
755	112
756	147
757	104
758	137
759	143
760	128
761	124
762	157
763	164
764	165
765	172
766	151
767	202
768	220
769	234
770	229
771	276
772	260
773	287
774	293
775	280
776	238
777	246
778	234
779	225
780	214
781	187
782	163
783	157
784	138
785	133
786	147
787	151
788	141
789	125
790	126
791	151
792	124
793	129
794	155
795	138
796	134
797	124
798	134
799	156
800	120
801	121
802	122
803	143
804	126
805	147
806	139
807	128
808	117
809	147
810	129
811	160
812	143
813	142
814	147
815	138
816	132
817	150
818	145
819	156
820	148
821	135
822	150
823	137
824	138
825	140
826	144
827	144
828	103
829	156
830	141
831	155
832	165
833	144
834	148
835	152
836	124
837	114
838	148
839	159
840	130
841	133
842	151
843	150
844	139
845	151
846	143
847	149
848	139
849	158
850	155
851	149
852	157
853	173
854	162
855	142
856	171
857	153
858	171
859	201
860	163
861	210
862	183
863	197
864	218
865	242
866	234
867	205
868	210
869	231
870	232
871	218
872	211
873	226
874	210
875	204
876	253
877	231
878	241
879	235
880	249
881	255
882	286
883	302
884	308
885	355
886	340
887	379
888	401
889	416
890	457
891	442
892	464
893	522
894	518
895	505
896	567
897	505
898	589
899	572
900	577
901	547
902	569
903	534
904	553
905	562
906	546
907	492
908	484
909	455
910	451
911	454
912	380
913	413
914	385
915	372
916	346
917	308
918	277
919	300
920	246
921	265
922	239
923	247
924	223
925	213
926	194
927	206
928	234
929	184
930	184
931	187
932	176
933	195
934	143
935	162
936	148
937	167
938	155
939	188
940	185
941	194
942	180
943	204
944	218
945	238
946	296
947	326
948	346
949	368
950	435
951	405
952	424
953	411
954	405
955	404
956	386
957	387
958	377
959	332
960	278
961	266
962	235
963	214
964	184
965	165
966	167
967	148
968	128
969	147
970	114
971	116
972	140
973	127
974	157
975	98
976	137
977	126
978	128
979	124
980	104
981	132
982	164
983	116
984	142
985	122
986	134
987	146
988	153
989	144
990	137
991	151
992	159
993	165
994	165
995	163
996	171
997	169
998	149
999	160
1000	170
1001	184
1002	192
1003	176
1004	172
1005	178
1006	211
1007	175
1008	171
1009	167
1010	177
1011	169
1012	178
1013	160
1014	144
1015	169
1016	159
1017	142
1018	156
1019	158
1020	152
1021	127
1022	113
1023	136
1024	121
