Date:	09/05/2018		Time:	10:31		Version no:	0.00		Project name:	55		Sample name:	222		Section name:	section		Position	189.400024	mm	E0	0.000000	keV	E1	1.000000	keV/channel	sample surface	6.108109	cm	Tube anode:	Mo		Tube voltage:	30	kV	Tube current:	50	mA	gain	10		std. database			resultfile	result		matrix element	11		sample thickness	1.000000		air passage	0.560000	cm	comments	in position		peaking_time	2.200000	m-sec	trigger_threshold	547.363281	V	mca_bin_width	22.090000	no:	number_mca_channels	1024.000000	no:	gap_time	0.150000	m-sec	trigger_peaking_time	0.200000	m-sec	GAINDAC	18610		HIGHGAIN	1		TAURC	1		RCTAU	1		RCTAUFRAC	1		livetime	9.381140	seconds	runtime	10.000496	seconds	input_count_rate	26107.914390	cps	output_count_rate	21008.257990	cps	triggers	244922	seconds	events_in_run	210093	seconds	channel	content		1	0
2	0
3	0
4	0
5	0
6	0
7	0
8	0
9	0
10	0
11	0
12	0
13	0
14	0
15	0
16	0
17	0
18	0
19	0
20	0
21	0
22	0
23	0
24	0
25	0
26	0
27	0
28	0
29	0
30	0
31	18
32	21
33	15
34	15
35	17
36	22
37	12
38	22
39	19
40	18
41	17
42	18
43	25
44	11
45	12
46	12
47	21
48	15
49	11
50	18
51	12
52	18
53	10
54	15
55	18
56	15
57	9
58	14
59	15
60	16
61	9
62	14
63	14
64	10
65	10
66	6
67	14
68	12
69	12
70	5
71	5
72	8
73	4
74	14
75	6
76	12
77	12
78	11
79	13
80	8
81	20
82	15
83	9
84	12
85	10
86	12
87	7
88	7
89	7
90	10
91	5
92	13
93	12
94	11
95	23
96	24
97	8
98	11
99	19
100	11
101	8
102	7
103	11
104	7
105	10
106	8
107	13
108	9
109	8
110	9
111	5
112	11
113	5
114	4
115	7
116	4
117	6
118	5
119	6
120	8
121	2
122	7
123	5
124	3
125	8
126	4
127	5
128	5
129	4
130	1
131	1
132	2
133	7
134	4
135	5
136	6
137	3
138	1
139	5
140	4
141	3
142	2
143	0
144	3
145	5
146	4
147	4
148	10
149	4
150	1
151	3
152	9
153	6
154	4
155	2
156	6
157	7
158	5
159	11
160	15
161	17
162	26
163	34
164	22
165	33
166	16
167	11
168	10
169	6
170	6
171	7
172	6
173	3
174	4
175	7
176	10
177	9
178	14
179	20
180	18
181	23
182	23
183	23
184	30
185	15
186	16
187	8
188	5
189	4
190	3
191	3
192	5
193	2
194	8
195	17
196	37
197	59
198	95
199	191
200	234
201	347
202	360
203	370
204	394
205	305
206	215
207	149
208	88
209	48
210	34
211	14
212	12
213	11
214	14
215	21
216	21
217	29
218	46
219	66
220	68
221	69
222	61
223	47
224	34
225	25
226	15
227	12
228	6
229	4
230	7
231	3
232	7
233	2
234	2
235	7
236	8
237	3
238	14
239	7
240	15
241	28
242	57
243	74
244	115
245	164
246	190
247	206
248	230
249	191
250	174
251	116
252	107
253	72
254	56
255	58
256	44
257	31
258	26
259	23
260	13
261	15
262	18
263	8
264	11
265	19
266	21
267	27
268	40
269	53
270	51
271	56
272	71
273	47
274	41
275	28
276	25
277	15
278	17
279	16
280	12
281	11
282	9
283	12
284	13
285	9
286	19
287	15
288	18
289	13
290	17
291	22
292	17
293	17
294	18
295	19
296	21
297	27
298	23
299	17
300	18
301	16
302	19
303	22
304	11
305	7
306	16
307	16
308	17
309	17
310	23
311	21
312	20
313	24
314	25
315	26
316	43
317	50
318	62
319	116
320	152
321	179
322	215
323	228
324	199
325	189
326	155
327	131
328	84
329	73
330	50
331	42
332	30
333	32
334	27
335	25
336	44
337	46
338	43
339	65
340	125
341	214
342	381
343	703
344	1211
345	2035
346	3115
347	4202
348	5749
349	7033
350	7647
351	7940
352	7502
353	6664
354	5263
355	3896
356	2709
357	1740
358	1012
359	598
360	327
361	154
362	87
363	54
364	44
365	37
366	35
367	46
368	42
369	47
370	36
371	49
372	61
373	56
374	69
375	74
376	85
377	120
378	150
379	224
380	297
381	457
382	621
383	819
384	1078
385	1209
386	1394
387	1306
388	1210
389	1112
390	845
391	684
392	477
393	283
394	219
395	116
396	90
397	57
398	33
399	26
400	30
401	24
402	26
403	35
404	32
405	38
406	29
407	41
408	45
409	41
410	46
411	41
412	42
413	37
414	40
415	45
416	38
417	36
418	43
419	28
420	41
421	37
422	36
423	35
424	40
425	29
426	39
427	35
428	37
429	37
430	41
431	49
432	42
433	47
434	40
435	49
436	49
437	63
438	78
439	87
440	88
441	80
442	77
443	73
444	93
445	58
446	69
447	54
448	64
449	51
450	77
451	56
452	73
453	63
454	67
455	77
456	79
457	94
458	88
459	87
460	83
461	72
462	94
463	68
464	89
465	54
466	67
467	66
468	75
469	56
470	70
471	66
472	80
473	64
474	90
475	72
476	62
477	63
478	60
479	58
480	74
481	54
482	59
483	48
484	52
485	67
486	68
487	55
488	48
489	69
490	55
491	56
492	47
493	75
494	63
495	72
496	56
497	74
498	67
499	74
500	59
501	68
502	85
503	84
504	85
505	68
506	71
507	85
508	91
509	76
510	83
511	97
512	88
513	80
514	76
515	88
516	86
517	91
518	98
519	75
520	96
521	97
522	109
523	84
524	101
525	115
526	108
527	92
528	100
529	100
530	89
531	95
532	127
533	116
534	107
535	109
536	103
537	86
538	85
539	90
540	93
541	94
542	89
543	84
544	95
545	97
546	86
547	95
548	83
549	86
550	78
551	73
552	83
553	90
554	76
555	77
556	84
557	92
558	78
559	76
560	78
561	69
562	96
563	99
564	77
565	77
566	73
567	78
568	85
569	80
570	76
571	77
572	83
573	90
574	81
575	91
576	98
577	87
578	107
579	94
580	116
581	80
582	82
583	83
584	107
585	89
586	98
587	92
588	88
589	86
590	128
591	106
592	102
593	96
594	92
595	110
596	97
597	93
598	98
599	96
600	111
601	111
602	99
603	86
604	105
605	90
606	102
607	97
608	114
609	110
610	99
611	93
612	110
613	105
614	109
615	127
616	104
617	120
618	118
619	109
620	105
621	107
622	105
623	102
624	126
625	122
626	126
627	114
628	98
629	128
630	119
631	133
632	116
633	103
634	98
635	114
636	121
637	108
638	125
639	122
640	124
641	115
642	133
643	130
644	129
645	144
646	127
647	98
648	122
649	119
650	111
651	116
652	114
653	124
654	145
655	123
656	134
657	106
658	113
659	124
660	120
661	124
662	105
663	112
664	123
665	140
666	130
667	111
668	98
669	131
670	113
671	127
672	114
673	103
674	118
675	133
676	131
677	112
678	130
679	121
680	124
681	121
682	111
683	115
684	123
685	126
686	138
687	101
688	146
689	132
690	126
691	134
692	141
693	124
694	133
695	130
696	142
697	133
698	132
699	132
700	129
701	136
702	150
703	126
704	135
705	164
706	134
707	162
708	140
709	137
710	136
711	149
712	143
713	151
714	136
715	131
716	129
717	144
718	138
719	140
720	143
721	130
722	139
723	141
724	151
725	125
726	138
727	150
728	138
729	158
730	153
731	137
732	132
733	146
734	132
735	135
736	125
737	140
738	142
739	141
740	139
741	137
742	143
743	138
744	149
745	148
746	130
747	162
748	137
749	145
750	124
751	133
752	137
753	138
754	140
755	128
756	140
757	124
758	142
759	151
760	139
761	143
762	162
763	178
764	168
765	190
766	227
767	214
768	264
769	253
770	292
771	284
772	306
773	321
774	339
775	303
776	256
777	294
778	238
779	200
780	217
781	192
782	192
783	186
784	168
785	182
786	156
787	154
788	153
789	150
790	142
791	146
792	153
793	137
794	123
795	145
796	148
797	142
798	141
799	154
800	159
801	135
802	161
803	153
804	155
805	148
806	143
807	141
808	160
809	144
810	143
811	156
812	152
813	134
814	164
815	176
816	137
817	157
818	161
819	143
820	151
821	181
822	160
823	173
824	147
825	157
826	169
827	173
828	147
829	148
830	176
831	166
832	159
833	167
834	145
835	162
836	158
837	164
838	159
839	157
840	159
841	154
842	173
843	182
844	169
845	169
846	178
847	178
848	191
849	173
850	164
851	167
852	174
853	177
854	203
855	200
856	190
857	207
858	209
859	211
860	189
861	215
862	232
863	271
864	245
865	252
866	263
867	231
868	238
869	232
870	227
871	217
872	229
873	265
874	228
875	254
876	253
877	263
878	269
879	296
880	304
881	295
882	342
883	341
884	357
885	390
886	394
887	447
888	453
889	441
890	482
891	522
892	555
893	504
894	555
895	555
896	579
897	635
898	581
899	616
900	612
901	621
902	643
903	624
904	614
905	632
906	573
907	544
908	489
909	520
910	527
911	450
912	439
913	446
914	473
915	378
916	379
917	371
918	324
919	332
920	306
921	298
922	300
923	277
924	264
925	259
926	226
927	234
928	245
929	227
930	207
931	216
932	207
933	186
934	176
935	190
936	175
937	179
938	197
939	179
940	196
941	197
942	221
943	221
944	259
945	286
946	289
947	295
948	347
949	383
950	433
951	426
952	431
953	455
954	436
955	446
956	452
957	406
958	394
959	314
960	278
961	249
962	222
963	233
964	210
965	194
966	185
967	140
968	153
969	155
970	146
971	153
972	143
973	151
974	138
975	147
976	148
977	149
978	128
979	145
980	149
981	143
982	141
983	140
984	138
985	151
986	167
987	161
988	180
989	158
990	165
991	147
992	162
993	170
994	152
995	164
996	209
997	208
998	178
999	158
1000	206
1001	181
1002	216
1003	199
1004	173
1005	205
1006	197
1007	221
1008	179
1009	187
1010	185
1011	196
1012	168
1013	184
1014	188
1015	175
1016	182
1017	158
1018	149
1019	148
1020	138
1021	149
1022	142
1023	135
1024	122
