Date:	09/05/2018		Time:	11:06		Version no:	0.00		Project name:	55		Sample name:	222		Section name:	section		Position	226.000031	mm	E0	0.000000	keV	E1	1.000000	keV/channel	sample surface	6.067115	cm	Tube anode:	Mo		Tube voltage:	30	kV	Tube current:	50	mA	gain	10		std. database			resultfile	result		matrix element	11		sample thickness	1.000000		air passage	0.560000	cm	comments	in position		peaking_time	2.200000	m-sec	trigger_threshold	547.363281	V	mca_bin_width	22.090000	no:	number_mca_channels	1024.000000	no:	gap_time	0.150000	m-sec	trigger_peaking_time	0.200000	m-sec	GAINDAC	18610		HIGHGAIN	1		TAURC	1		RCTAU	1		RCTAUFRAC	1		livetime	9.387730	seconds	runtime	10.000490	seconds	input_count_rate	26123.142703	cps	output_count_rate	21088.365827	cps	triggers	245237	seconds	events_in_run	210894	seconds	channel	content		1	0
2	0
3	0
4	0
5	0
6	0
7	0
8	0
9	0
10	0
11	0
12	0
13	0
14	0
15	0
16	0
17	0
18	0
19	0
20	0
21	0
22	0
23	0
24	0
25	0
26	0
27	0
28	0
29	0
30	0
31	18
32	13
33	14
34	19
35	18
36	13
37	9
38	12
39	14
40	16
41	15
42	14
43	18
44	18
45	22
46	11
47	14
48	12
49	17
50	10
51	14
52	10
53	14
54	12
55	13
56	10
57	22
58	12
59	13
60	11
61	7
62	15
63	10
64	9
65	8
66	13
67	9
68	11
69	7
70	9
71	4
72	13
73	12
74	5
75	10
76	12
77	12
78	9
79	11
80	13
81	17
82	19
83	13
84	15
85	9
86	10
87	8
88	3
89	7
90	7
91	7
92	14
93	12
94	15
95	16
96	25
97	29
98	16
99	18
100	9
101	8
102	5
103	5
104	5
105	5
106	10
107	9
108	8
109	7
110	4
111	11
112	6
113	7
114	8
115	6
116	7
117	2
118	5
119	5
120	8
121	5
122	3
123	9
124	8
125	4
126	7
127	4
128	8
129	1
130	7
131	2
132	10
133	3
134	2
135	1
136	7
137	2
138	6
139	4
140	3
141	3
142	6
143	5
144	5
145	2
146	2
147	3
148	4
149	5
150	3
151	6
152	2
153	4
154	6
155	3
156	9
157	5
158	6
159	11
160	16
161	19
162	25
163	22
164	31
165	32
166	17
167	7
168	10
169	4
170	4
171	6
172	3
173	4
174	5
175	8
176	13
177	10
178	24
179	19
180	23
181	18
182	28
183	29
184	20
185	26
186	16
187	8
188	6
189	7
190	2
191	4
192	8
193	8
194	9
195	14
196	29
197	63
198	124
199	161
200	245
201	315
202	397
203	402
204	376
205	283
206	225
207	145
208	101
209	42
210	17
211	14
212	11
213	7
214	14
215	18
216	24
217	44
218	39
219	63
220	70
221	79
222	60
223	56
224	54
225	32
226	18
227	13
228	7
229	7
230	5
231	6
232	1
233	6
234	4
235	7
236	2
237	6
238	11
239	10
240	21
241	32
242	42
243	76
244	84
245	145
246	156
247	213
248	198
249	178
250	148
251	142
252	102
253	52
254	63
255	63
256	48
257	39
258	30
259	23
260	25
261	9
262	15
263	15
264	14
265	14
266	24
267	30
268	41
269	40
270	62
271	60
272	65
273	37
274	34
275	24
276	28
277	20
278	17
279	9
280	7
281	12
282	13
283	14
284	12
285	8
286	16
287	12
288	20
289	13
290	17
291	22
292	22
293	21
294	24
295	15
296	34
297	18
298	21
299	23
300	25
301	16
302	20
303	16
304	21
305	13
306	10
307	16
308	6
309	15
310	12
311	16
312	17
313	12
314	20
315	23
316	22
317	30
318	40
319	69
320	92
321	104
322	102
323	123
324	137
325	92
326	95
327	74
328	67
329	48
330	36
331	29
332	22
333	28
334	37
335	38
336	31
337	40
338	57
339	85
340	132
341	204
342	395
343	734
344	1279
345	2115
346	3228
347	4529
348	6006
349	7211
350	8269
351	8304
352	7899
353	6864
354	5439
355	4263
356	2823
357	1761
358	1112
359	647
360	308
361	164
362	95
363	64
364	41
365	40
366	45
367	40
368	42
369	44
370	49
371	42
372	62
373	60
374	81
375	69
376	96
377	122
378	178
379	221
380	346
381	486
382	670
383	871
384	1159
385	1318
386	1403
387	1437
388	1302
389	1143
390	965
391	669
392	484
393	322
394	213
395	114
396	78
397	45
398	39
399	28
400	22
401	41
402	31
403	40
404	31
405	33
406	43
407	38
408	42
409	36
410	34
411	41
412	28
413	32
414	39
415	31
416	45
417	31
418	32
419	33
420	37
421	30
422	33
423	38
424	45
425	34
426	33
427	44
428	43
429	35
430	49
431	42
432	34
433	48
434	53
435	47
436	61
437	57
438	88
439	82
440	80
441	90
442	84
443	95
444	75
445	93
446	62
447	71
448	78
449	73
450	51
451	68
452	73
453	59
454	67
455	82
456	89
457	84
458	97
459	83
460	94
461	90
462	89
463	69
464	81
465	66
466	58
467	67
468	74
469	67
470	66
471	57
472	73
473	66
474	77
475	49
476	81
477	73
478	75
479	71
480	47
481	62
482	54
483	53
484	62
485	55
486	56
487	66
488	60
489	60
490	61
491	46
492	72
493	74
494	63
495	68
496	68
497	68
498	61
499	58
500	58
501	71
502	69
503	75
504	71
505	89
506	76
507	79
508	90
509	83
510	76
511	71
512	70
513	89
514	86
515	92
516	88
517	81
518	91
519	83
520	76
521	91
522	101
523	104
524	89
525	102
526	116
527	126
528	93
529	108
530	99
531	104
532	116
533	97
534	96
535	99
536	95
537	89
538	96
539	99
540	98
541	73
542	86
543	88
544	93
545	94
546	82
547	94
548	74
549	98
550	86
551	87
552	102
553	76
554	84
555	73
556	80
557	79
558	84
559	73
560	79
561	92
562	73
563	89
564	79
565	83
566	80
567	101
568	80
569	94
570	89
571	99
572	97
573	75
574	99
575	103
576	110
577	92
578	83
579	101
580	104
581	96
582	89
583	96
584	80
585	90
586	93
587	103
588	97
589	92
590	114
591	97
592	90
593	97
594	105
595	114
596	90
597	89
598	108
599	110
600	102
601	116
602	94
603	112
604	115
605	106
606	110
607	98
608	104
609	121
610	104
611	114
612	103
613	116
614	121
615	114
616	118
617	107
618	100
619	104
620	88
621	119
622	117
623	131
624	129
625	99
626	109
627	105
628	103
629	135
630	104
631	108
632	127
633	101
634	111
635	105
636	119
637	91
638	107
639	101
640	103
641	121
642	105
643	98
644	107
645	118
646	109
647	113
648	118
649	86
650	123
651	125
652	129
653	115
654	112
655	109
656	123
657	117
658	120
659	124
660	114
661	118
662	99
663	110
664	122
665	133
666	138
667	123
668	116
669	132
670	117
671	104
672	114
673	123
674	137
675	134
676	120
677	110
678	120
679	120
680	105
681	118
682	102
683	113
684	114
685	129
686	130
687	124
688	146
689	122
690	112
691	141
692	152
693	114
694	135
695	111
696	130
697	109
698	124
699	129
700	137
701	136
702	160
703	131
704	154
705	125
706	135
707	142
708	128
709	140
710	140
711	145
712	119
713	147
714	143
715	148
716	147
717	146
718	157
719	136
720	146
721	137
722	129
723	115
724	152
725	143
726	121
727	147
728	131
729	149
730	159
731	131
732	136
733	126
734	148
735	141
736	139
737	119
738	147
739	129
740	139
741	144
742	136
743	130
744	143
745	137
746	143
747	138
748	127
749	139
750	125
751	131
752	106
753	133
754	126
755	152
756	145
757	145
758	153
759	137
760	145
761	148
762	145
763	162
764	167
765	196
766	191
767	227
768	230
769	280
770	274
771	283
772	293
773	265
774	356
775	307
776	285
777	270
778	245
779	244
780	215
781	216
782	185
783	162
784	170
785	169
786	128
787	140
788	150
789	152
790	142
791	158
792	133
793	166
794	131
795	146
796	138
797	139
798	166
799	144
800	129
801	130
802	140
803	152
804	122
805	140
806	151
807	149
808	159
809	154
810	153
811	145
812	163
813	140
814	169
815	164
816	146
817	157
818	184
819	159
820	166
821	148
822	154
823	138
824	155
825	156
826	157
827	147
828	164
829	160
830	149
831	137
832	160
833	155
834	159
835	142
836	170
837	136
838	132
839	168
840	162
841	153
842	161
843	176
844	158
845	151
846	131
847	169
848	152
849	166
850	149
851	177
852	185
853	161
854	183
855	195
856	186
857	196
858	196
859	199
860	197
861	234
862	211
863	220
864	215
865	265
866	216
867	264
868	239
869	256
870	241
871	225
872	251
873	271
874	247
875	203
876	272
877	249
878	295
879	270
880	308
881	277
882	308
883	299
884	377
885	405
886	371
887	452
888	389
889	467
890	451
891	479
892	543
893	499
894	537
895	552
896	582
897	545
898	602
899	597
900	631
901	621
902	597
903	606
904	604
905	553
906	590
907	563
908	503
909	524
910	481
911	471
912	489
913	414
914	368
915	406
916	363
917	373
918	319
919	317
920	308
921	277
922	280
923	268
924	244
925	250
926	231
927	204
928	198
929	214
930	208
931	189
932	180
933	171
934	170
935	161
936	190
937	139
938	180
939	188
940	178
941	208
942	202
943	241
944	235
945	248
946	293
947	272
948	331
949	363
950	424
951	445
952	463
953	459
954	464
955	477
956	399
957	412
958	371
959	351
960	336
961	272
962	241
963	225
964	179
965	176
966	141
967	177
968	132
969	123
970	137
971	150
972	137
973	120
974	149
975	141
976	137
977	134
978	108
979	137
980	147
981	123
982	150
983	128
984	159
985	158
986	141
987	150
988	174
989	165
990	178
991	169
992	160
993	168
994	169
995	195
996	192
997	194
998	168
999	172
1000	189
1001	175
1002	178
1003	204
1004	213
1005	195
1006	187
1007	213
1008	193
1009	190
1010	169
1011	165
1012	177
1013	154
1014	157
1015	182
1016	146
1017	169
1018	170
1019	140
1020	129
1021	113
1022	133
1023	111
1024	126
