Date:	09/05/2018		Time:	09:51		Version no:	0.00		Project name:	55		Sample name:	222		Section name:	section		Position	147.600037	mm	E0	0.000000	keV	E1	1.000000	keV/channel	sample surface	6.467788	cm	Tube anode:	Mo		Tube voltage:	30	kV	Tube current:	50	mA	gain	10		std. database			resultfile	result		matrix element	11		sample thickness	1.000000		air passage	0.560000	cm	comments	in position		peaking_time	2.200000	m-sec	trigger_threshold	547.363281	V	mca_bin_width	22.090000	no:	number_mca_channels	1024.000000	no:	gap_time	0.150000	m-sec	trigger_peaking_time	0.200000	m-sec	GAINDAC	18610		HIGHGAIN	1		TAURC	1		RCTAU	1		RCTAUFRAC	1		livetime	9.404489	seconds	runtime	10.000487	seconds	input_count_rate	26422.063472	cps	output_count_rate	21377.358495	cps	triggers	248486	seconds	events_in_run	213784	seconds	channel	content		1	0
2	0
3	0
4	0
5	0
6	0
7	0
8	0
9	0
10	0
11	0
12	0
13	0
14	0
15	0
16	0
17	0
18	0
19	0
20	0
21	0
22	0
23	0
24	0
25	0
26	0
27	0
28	0
29	0
30	0
31	19
32	16
33	15
34	14
35	13
36	6
37	15
38	9
39	25
40	9
41	11
42	10
43	11
44	13
45	13
46	8
47	10
48	18
49	19
50	26
51	14
52	13
53	12
54	12
55	10
56	9
57	9
58	5
59	13
60	12
61	13
62	6
63	8
64	7
65	5
66	13
67	5
68	10
69	9
70	13
71	9
72	7
73	10
74	6
75	10
76	5
77	10
78	9
79	9
80	9
81	14
82	5
83	14
84	8
85	7
86	8
87	10
88	5
89	3
90	9
91	6
92	8
93	13
94	15
95	16
96	24
97	23
98	18
99	17
100	14
101	4
102	9
103	12
104	8
105	6
106	17
107	18
108	9
109	8
110	10
111	7
112	4
113	3
114	3
115	10
116	3
117	5
118	3
119	3
120	3
121	6
122	8
123	5
124	6
125	6
126	8
127	8
128	5
129	10
130	5
131	3
132	4
133	1
134	6
135	5
136	5
137	3
138	3
139	8
140	5
141	3
142	5
143	6
144	4
145	7
146	9
147	2
148	7
149	2
150	5
151	2
152	5
153	4
154	1
155	6
156	5
157	7
158	11
159	12
160	22
161	22
162	33
163	33
164	29
165	24
166	17
167	10
168	8
169	7
170	3
171	0
172	4
173	4
174	5
175	13
176	11
177	8
178	10
179	16
180	21
181	15
182	24
183	27
184	22
185	22
186	15
187	10
188	5
189	4
190	6
191	4
192	8
193	5
194	11
195	18
196	44
197	63
198	111
199	206
200	286
201	380
202	459
203	467
204	452
205	357
206	249
207	166
208	97
209	65
210	25
211	11
212	14
213	9
214	16
215	24
216	24
217	40
218	59
219	81
220	78
221	94
222	83
223	54
224	43
225	46
226	27
227	17
228	7
229	7
230	2
231	2
232	7
233	5
234	7
235	6
236	8
237	5
238	7
239	9
240	20
241	36
242	54
243	78
244	127
245	178
246	212
247	232
248	238
249	247
250	193
251	125
252	113
253	72
254	63
255	58
256	43
257	33
258	39
259	28
260	18
261	15
262	13
263	14
264	13
265	21
266	28
267	23
268	39
269	53
270	68
271	63
272	57
273	55
274	37
275	23
276	27
277	24
278	13
279	16
280	10
281	12
282	15
283	8
284	9
285	15
286	17
287	16
288	11
289	22
290	13
291	22
292	25
293	20
294	25
295	13
296	21
297	16
298	17
299	28
300	17
301	21
302	19
303	16
304	17
305	14
306	10
307	13
308	16
309	15
310	5
311	21
312	13
313	17
314	21
315	34
316	49
317	60
318	114
319	158
320	187
321	226
322	274
323	304
324	288
325	266
326	235
327	166
328	139
329	98
330	75
331	33
332	30
333	36
334	25
335	33
336	48
337	45
338	69
339	76
340	141
341	236
342	458
343	867
344	1545
345	2592
346	3763
347	5488
348	7111
349	8649
350	9430
351	9891
352	9392
353	8147
354	6511
355	4760
356	3276
357	2071
358	1204
359	687
360	358
361	206
362	93
363	75
364	33
365	36
366	51
367	41
368	40
369	44
370	49
371	52
372	37
373	61
374	85
375	79
376	98
377	137
378	186
379	256
380	362
381	525
382	801
383	1062
384	1303
385	1498
386	1567
387	1528
388	1521
389	1246
390	1061
391	766
392	576
393	390
394	209
395	122
396	86
397	68
398	39
399	38
400	25
401	32
402	31
403	27
404	34
405	37
406	47
407	41
408	36
409	39
410	34
411	36
412	42
413	35
414	27
415	30
416	20
417	30
418	34
419	21
420	32
421	26
422	25
423	21
424	30
425	43
426	39
427	24
428	32
429	29
430	26
431	55
432	36
433	40
434	50
435	46
436	64
437	49
438	66
439	59
440	58
441	75
442	59
443	54
444	72
445	68
446	63
447	51
448	68
449	69
450	61
451	52
452	48
453	57
454	57
455	65
456	77
457	75
458	75
459	71
460	82
461	76
462	81
463	73
464	64
465	69
466	47
467	52
468	70
469	52
470	60
471	58
472	71
473	63
474	55
475	56
476	62
477	49
478	59
479	64
480	55
481	63
482	68
483	57
484	55
485	54
486	65
487	50
488	49
489	42
490	54
491	69
492	47
493	56
494	55
495	46
496	58
497	57
498	52
499	71
500	78
501	68
502	65
503	72
504	60
505	69
506	73
507	82
508	73
509	75
510	69
511	67
512	67
513	59
514	70
515	84
516	77
517	80
518	65
519	65
520	81
521	79
522	79
523	89
524	75
525	104
526	88
527	99
528	96
529	94
530	75
531	94
532	95
533	103
534	89
535	88
536	81
537	86
538	57
539	76
540	83
541	80
542	59
543	78
544	94
545	80
546	101
547	78
548	83
549	91
550	79
551	86
552	80
553	82
554	76
555	77
556	79
557	71
558	63
559	61
560	71
561	80
562	78
563	80
564	78
565	89
566	68
567	82
568	81
569	83
570	70
571	73
572	81
573	85
574	74
575	94
576	82
577	78
578	81
579	72
580	88
581	88
582	66
583	71
584	59
585	94
586	88
587	83
588	83
589	79
590	74
591	76
592	85
593	80
594	87
595	77
596	102
597	94
598	86
599	90
600	91
601	88
602	83
603	87
604	82
605	88
606	97
607	78
608	89
609	91
610	87
611	105
612	105
613	92
614	97
615	105
616	80
617	104
618	86
619	79
620	84
621	92
622	106
623	91
624	112
625	82
626	103
627	66
628	88
629	80
630	93
631	95
632	105
633	85
634	112
635	84
636	104
637	91
638	106
639	89
640	91
641	80
642	106
643	98
644	90
645	107
646	117
647	106
648	97
649	107
650	89
651	111
652	122
653	120
654	115
655	100
656	109
657	107
658	102
659	102
660	107
661	94
662	107
663	108
664	98
665	104
666	114
667	81
668	97
669	84
670	114
671	101
672	107
673	102
674	82
675	125
676	100
677	107
678	112
679	102
680	105
681	86
682	104
683	107
684	93
685	102
686	94
687	115
688	109
689	94
690	98
691	91
692	97
693	112
694	125
695	104
696	118
697	118
698	91
699	112
700	124
701	118
702	136
703	135
704	113
705	117
706	116
707	107
708	99
709	109
710	114
711	109
712	101
713	110
714	113
715	116
716	113
717	118
718	119
719	111
720	106
721	128
722	105
723	115
724	139
725	123
726	121
727	106
728	122
729	126
730	130
731	135
732	127
733	119
734	112
735	127
736	130
737	114
738	132
739	118
740	127
741	126
742	116
743	136
744	107
745	126
746	115
747	112
748	132
749	101
750	133
751	139
752	93
753	120
754	123
755	116
756	119
757	132
758	125
759	124
760	115
761	142
762	153
763	138
764	167
765	155
766	172
767	181
768	215
769	213
770	249
771	219
772	267
773	262
774	254
775	251
776	259
777	249
778	197
779	203
780	170
781	168
782	171
783	133
784	121
785	129
786	97
787	136
788	131
789	117
790	120
791	133
792	127
793	109
794	123
795	110
796	113
797	139
798	134
799	109
800	116
801	113
802	106
803	133
804	115
805	144
806	135
807	112
808	131
809	129
810	129
811	138
812	126
813	125
814	150
815	154
816	122
817	142
818	140
819	139
820	162
821	152
822	149
823	138
824	135
825	137
826	140
827	128
828	125
829	162
830	133
831	156
832	148
833	134
834	138
835	116
836	148
837	124
838	128
839	151
840	152
841	152
842	161
843	144
844	136
845	136
846	123
847	129
848	124
849	162
850	116
851	157
852	167
853	151
854	145
855	165
856	151
857	170
858	185
859	188
860	214
861	192
862	199
863	197
864	203
865	187
866	217
867	213
868	205
869	201
870	208
871	201
872	206
873	201
874	218
875	215
876	195
877	230
878	229
879	221
880	249
881	262
882	252
883	285
884	309
885	329
886	334
887	317
888	326
889	416
890	395
891	411
892	452
893	457
894	487
895	523
896	509
897	489
898	537
899	482
900	526
901	490
902	479
903	493
904	481
905	480
906	503
907	454
908	468
909	462
910	406
911	395
912	367
913	407
914	353
915	308
916	300
917	287
918	271
919	272
920	255
921	244
922	230
923	241
924	221
925	185
926	182
927	195
928	193
929	204
930	192
931	161
932	162
933	120
934	151
935	153
936	168
937	142
938	161
939	196
940	150
941	153
942	183
943	188
944	216
945	255
946	264
947	287
948	304
949	313
950	354
951	358
952	387
953	401
954	396
955	390
956	382
957	336
958	341
959	288
960	281
961	227
962	242
963	193
964	172
965	154
966	123
967	139
968	119
969	122
970	122
971	122
972	105
973	107
974	121
975	104
976	137
977	103
978	98
979	125
980	131
981	121
982	96
983	127
984	145
985	112
986	143
987	120
988	133
989	126
990	125
991	143
992	152
993	164
994	153
995	135
996	169
997	140
998	160
999	175
1000	166
1001	169
1002	177
1003	177
1004	168
1005	204
1006	176
1007	157
1008	158
1009	171
1010	145
1011	128
1012	164
1013	147
1014	169
1015	139
1016	144
1017	142
1018	146
1019	109
1020	124
1021	120
1022	118
1023	124
1024	99
