Date:	09/05/2018		Time:	09:27		Version no:	0.00		Project name:	55		Sample name:	222		Section name:	section		Position	121.800034	mm	E0	0.000000	keV	E1	1.000000	keV/channel	sample surface	6.249509	cm	Tube anode:	Mo		Tube voltage:	30	kV	Tube current:	50	mA	gain	10		std. database			resultfile	result		matrix element	11		sample thickness	1.000000		air passage	0.560000	cm	comments	in position		peaking_time	2.200000	m-sec	trigger_threshold	547.363281	V	mca_bin_width	22.090000	no:	number_mca_channels	1024.000000	no:	gap_time	0.150000	m-sec	trigger_peaking_time	0.200000	m-sec	GAINDAC	18610		HIGHGAIN	1		TAURC	1		RCTAU	1		RCTAUFRAC	1		livetime	9.504522	seconds	runtime	10.000497	seconds	input_count_rate	20725.293528	cps	output_count_rate	17368.137151	cps	triggers	196984	seconds	events_in_run	173690	seconds	channel	content		1	0
2	0
3	0
4	0
5	0
6	0
7	0
8	0
9	0
10	0
11	0
12	0
13	0
14	0
15	0
16	0
17	0
18	0
19	0
20	0
21	0
22	0
23	0
24	0
25	0
26	0
27	0
28	0
29	0
30	0
31	12
32	12
33	13
34	21
35	11
36	8
37	11
38	13
39	15
40	10
41	12
42	14
43	14
44	13
45	13
46	11
47	10
48	7
49	10
50	16
51	10
52	13
53	16
54	9
55	13
56	19
57	7
58	4
59	10
60	11
61	14
62	14
63	12
64	17
65	12
66	8
67	11
68	8
69	10
70	15
71	13
72	8
73	4
74	4
75	6
76	12
77	10
78	4
79	12
80	7
81	11
82	11
83	13
84	3
85	11
86	6
87	5
88	7
89	3
90	9
91	7
92	5
93	15
94	17
95	9
96	19
97	10
98	9
99	12
100	9
101	4
102	15
103	7
104	9
105	14
106	2
107	6
108	7
109	7
110	5
111	5
112	6
113	4
114	5
115	5
116	7
117	7
118	7
119	5
120	7
121	6
122	7
123	3
124	4
125	0
126	7
127	5
128	2
129	3
130	6
131	5
132	2
133	1
134	2
135	1
136	6
137	3
138	4
139	5
140	2
141	0
142	4
143	1
144	4
145	1
146	5
147	4
148	3
149	6
150	6
151	6
152	4
153	6
154	5
155	5
156	5
157	4
158	9
159	24
160	10
161	17
162	24
163	23
164	32
165	28
166	25
167	9
168	9
169	5
170	8
171	5
172	1
173	2
174	5
175	7
176	5
177	9
178	8
179	13
180	19
181	22
182	21
183	19
184	20
185	10
186	5
187	8
188	4
189	3
190	3
191	4
192	3
193	4
194	10
195	11
196	31
197	48
198	68
199	121
200	192
201	261
202	291
203	283
204	320
205	218
206	170
207	121
208	62
209	33
210	20
211	11
212	8
213	7
214	7
215	15
216	22
217	28
218	41
219	35
220	52
221	58
222	53
223	31
224	38
225	26
226	17
227	17
228	8
229	6
230	6
231	6
232	4
233	4
234	2
235	3
236	3
237	7
238	8
239	5
240	16
241	27
242	30
243	56
244	81
245	123
246	147
247	174
248	153
249	162
250	133
251	102
252	55
253	51
254	41
255	47
256	33
257	29
258	27
259	19
260	16
261	10
262	16
263	6
264	11
265	16
266	21
267	29
268	24
269	35
270	53
271	47
272	34
273	28
274	29
275	28
276	15
277	12
278	14
279	13
280	6
281	9
282	7
283	8
284	4
285	9
286	7
287	15
288	13
289	10
290	17
291	21
292	8
293	18
294	15
295	15
296	14
297	15
298	19
299	12
300	9
301	4
302	9
303	15
304	10
305	10
306	9
307	14
308	11
309	18
310	8
311	16
312	17
313	12
314	16
315	29
316	30
317	55
318	84
319	154
320	165
321	226
322	220
323	263
324	253
325	233
326	189
327	149
328	97
329	92
330	63
331	46
332	26
333	26
334	29
335	20
336	33
337	29
338	41
339	61
340	93
341	183
342	329
343	601
344	1015
345	1678
346	2581
347	3728
348	4702
349	5804
350	6390
351	6668
352	6183
353	5504
354	4449
355	3305
356	2236
357	1465
358	838
359	471
360	258
361	145
362	69
363	62
364	51
365	34
366	40
367	36
368	41
369	34
370	34
371	47
372	36
373	48
374	56
375	54
376	84
377	100
378	111
379	197
380	270
381	354
382	536
383	766
384	898
385	1027
386	1110
387	1100
388	1028
389	836
390	675
391	517
392	398
393	252
394	151
395	79
396	53
397	49
398	36
399	20
400	27
401	24
402	21
403	29
404	31
405	29
406	34
407	22
408	34
409	38
410	14
411	25
412	36
413	34
414	36
415	26
416	27
417	32
418	24
419	25
420	26
421	22
422	20
423	35
424	32
425	25
426	27
427	32
428	37
429	31
430	35
431	41
432	26
433	39
434	35
435	41
436	45
437	50
438	49
439	62
440	54
441	67
442	58
443	48
444	60
445	56
446	48
447	58
448	47
449	49
450	64
451	66
452	51
453	57
454	50
455	51
456	81
457	59
458	59
459	70
460	68
461	59
462	60
463	74
464	65
465	53
466	45
467	44
468	52
469	48
470	53
471	57
472	61
473	45
474	68
475	57
476	48
477	31
478	68
479	49
480	47
481	49
482	49
483	33
484	43
485	58
486	55
487	37
488	56
489	45
490	49
491	33
492	49
493	51
494	46
495	59
496	51
497	64
498	51
499	43
500	48
501	71
502	53
503	73
504	63
505	55
506	61
507	62
508	57
509	79
510	61
511	69
512	79
513	56
514	60
515	83
516	71
517	56
518	62
519	69
520	104
521	71
522	66
523	72
524	94
525	74
526	81
527	82
528	83
529	107
530	86
531	88
532	69
533	68
534	70
535	66
536	77
537	81
538	72
539	96
540	71
541	81
542	70
543	67
544	75
545	77
546	75
547	68
548	77
549	76
550	65
551	64
552	69
553	63
554	55
555	63
556	70
557	77
558	78
559	70
560	57
561	62
562	68
563	72
564	60
565	72
566	69
567	73
568	80
569	89
570	59
571	79
572	61
573	65
574	77
575	64
576	73
577	78
578	72
579	61
580	85
581	77
582	71
583	74
584	70
585	91
586	81
587	66
588	56
589	73
590	68
591	85
592	76
593	84
594	76
595	84
596	76
597	76
598	113
599	92
600	96
601	71
602	84
603	99
604	86
605	103
606	73
607	95
608	87
609	77
610	97
611	91
612	82
613	85
614	99
615	78
616	83
617	97
618	91
619	72
620	97
621	71
622	90
623	91
624	67
625	92
626	95
627	92
628	77
629	86
630	94
631	99
632	84
633	105
634	99
635	76
636	97
637	90
638	81
639	84
640	96
641	97
642	102
643	97
644	85
645	98
646	92
647	118
648	119
649	94
650	96
651	100
652	87
653	101
654	105
655	85
656	86
657	85
658	116
659	89
660	83
661	123
662	97
663	83
664	84
665	80
666	92
667	94
668	100
669	108
670	94
671	106
672	97
673	100
674	109
675	110
676	118
677	87
678	98
679	94
680	95
681	80
682	93
683	96
684	110
685	94
686	107
687	94
688	91
689	103
690	98
691	111
692	119
693	94
694	100
695	112
696	112
697	98
698	120
699	112
700	109
701	122
702	102
703	108
704	93
705	109
706	99
707	121
708	114
709	105
710	115
711	113
712	105
713	112
714	114
715	111
716	110
717	106
718	102
719	83
720	142
721	107
722	109
723	113
724	117
725	125
726	121
727	128
728	131
729	99
730	127
731	106
732	114
733	106
734	118
735	120
736	138
737	120
738	137
739	113
740	134
741	120
742	108
743	126
744	116
745	102
746	130
747	130
748	112
749	97
750	116
751	99
752	101
753	138
754	126
755	114
756	120
757	107
758	117
759	113
760	98
761	128
762	126
763	131
764	153
765	146
766	152
767	173
768	200
769	203
770	240
771	213
772	232
773	242
774	225
775	231
776	244
777	192
778	196
779	197
780	147
781	172
782	155
783	131
784	119
785	114
786	129
787	123
788	115
789	109
790	110
791	121
792	122
793	129
794	124
795	110
796	117
797	113
798	133
799	125
800	125
801	115
802	132
803	126
804	113
805	135
806	110
807	112
808	119
809	129
810	132
811	126
812	123
813	145
814	128
815	124
816	135
817	119
818	119
819	145
820	128
821	112
822	126
823	120
824	125
825	116
826	131
827	139
828	134
829	116
830	106
831	109
832	140
833	134
834	143
835	133
836	119
837	134
838	134
839	148
840	136
841	125
842	111
843	148
844	159
845	137
846	139
847	134
848	145
849	152
850	166
851	144
852	145
853	148
854	143
855	170
856	166
857	190
858	166
859	189
860	175
861	167
862	176
863	187
864	201
865	180
866	218
867	177
868	186
869	184
870	180
871	192
872	152
873	200
874	199
875	197
876	209
877	235
878	229
879	216
880	253
881	265
882	242
883	301
884	295
885	309
886	306
887	355
888	365
889	380
890	396
891	461
892	454
893	454
894	510
895	444
896	451
897	491
898	515
899	519
900	518
901	536
902	514
903	518
904	469
905	465
906	485
907	436
908	412
909	404
910	426
911	393
912	370
913	368
914	329
915	309
916	324
917	281
918	267
919	293
920	235
921	245
922	196
923	245
924	183
925	210
926	184
927	198
928	178
929	184
930	152
931	190
932	183
933	155
934	167
935	157
936	169
937	171
938	142
939	150
940	151
941	178
942	178
943	185
944	220
945	247
946	274
947	273
948	312
949	306
950	358
951	342
952	387
953	369
954	412
955	366
956	361
957	351
958	322
959	290
960	256
961	239
962	219
963	179
964	170
965	147
966	112
967	145
968	115
969	120
970	115
971	105
972	116
973	136
974	95
975	122
976	98
977	115
978	112
979	121
980	121
981	121
982	131
983	133
984	102
985	117
986	151
987	141
988	143
989	134
990	138
991	151
992	149
993	153
994	153
995	155
996	135
997	149
998	179
999	173
1000	162
1001	165
1002	170
1003	161
1004	172
1005	161
1006	160
1007	168
1008	160
1009	136
1010	174
1011	168
1012	159
1013	130
1014	118
1015	148
1016	124
1017	141
1018	137
1019	120
1020	138
1021	124
1022	120
1023	109
1024	100
