Date:	09/05/2018		Time:	12:03		Version no:	0.00		Project name:	55		Sample name:	222		Section name:	section		Position	285.400024	mm	E0	0.000000	keV	E1	1.000000	keV/channel	sample surface	6.151432	cm	Tube anode:	Mo		Tube voltage:	30	kV	Tube current:	50	mA	gain	10		std. database			resultfile	result		matrix element	11		sample thickness	1.000000		air passage	0.560000	cm	comments	in position		peaking_time	2.200000	m-sec	trigger_threshold	547.363281	V	mca_bin_width	22.090000	no:	number_mca_channels	1024.000000	no:	gap_time	0.150000	m-sec	trigger_peaking_time	0.200000	m-sec	GAINDAC	18610		HIGHGAIN	1		TAURC	1		RCTAU	1		RCTAUFRAC	1		livetime	9.491746	seconds	runtime	10.000496	seconds	input_count_rate	22238.267976	cps	output_count_rate	18527.681027	cps	triggers	211080	seconds	events_in_run	185286	seconds	channel	content		1	0
2	0
3	0
4	0
5	0
6	0
7	0
8	0
9	0
10	0
11	0
12	0
13	0
14	0
15	0
16	0
17	0
18	0
19	0
20	0
21	0
22	0
23	0
24	0
25	0
26	0
27	0
28	0
29	0
30	0
31	10
32	11
33	15
34	14
35	13
36	17
37	12
38	15
39	17
40	9
41	11
42	9
43	13
44	11
45	10
46	14
47	14
48	10
49	8
50	13
51	12
52	14
53	16
54	15
55	6
56	8
57	8
58	16
59	9
60	13
61	3
62	9
63	12
64	11
65	10
66	5
67	8
68	17
69	7
70	4
71	9
72	11
73	11
74	10
75	4
76	9
77	7
78	11
79	7
80	10
81	10
82	16
83	12
84	13
85	10
86	4
87	7
88	2
89	6
90	6
91	6
92	8
93	15
94	16
95	19
96	22
97	16
98	10
99	18
100	8
101	7
102	6
103	10
104	5
105	5
106	11
107	13
108	4
109	10
110	5
111	7
112	4
113	3
114	6
115	3
116	4
117	2
118	8
119	5
120	4
121	5
122	3
123	2
124	6
125	4
126	8
127	5
128	5
129	1
130	5
131	3
132	3
133	1
134	1
135	3
136	5
137	4
138	1
139	2
140	0
141	6
142	2
143	5
144	4
145	4
146	3
147	2
148	2
149	4
150	4
151	6
152	3
153	9
154	11
155	6
156	6
157	8
158	11
159	8
160	20
161	26
162	23
163	33
164	29
165	26
166	19
167	14
168	9
169	7
170	2
171	6
172	3
173	2
174	6
175	7
176	6
177	9
178	10
179	20
180	18
181	23
182	21
183	26
184	20
185	14
186	7
187	4
188	7
189	5
190	4
191	7
192	2
193	4
194	8
195	14
196	38
197	58
198	119
199	191
200	312
201	376
202	450
203	459
204	447
205	376
206	295
207	170
208	99
209	62
210	31
211	15
212	21
213	6
214	14
215	14
216	19
217	41
218	47
219	66
220	82
221	77
222	50
223	63
224	44
225	33
226	21
227	10
228	6
229	4
230	6
231	5
232	1
233	3
234	5
235	4
236	3
237	4
238	4
239	16
240	12
241	32
242	73
243	99
244	145
245	231
246	265
247	286
248	259
249	254
250	201
251	166
252	132
253	86
254	50
255	71
256	49
257	25
258	27
259	15
260	17
261	14
262	9
263	14
264	17
265	16
266	32
267	35
268	47
269	50
270	59
271	81
272	76
273	54
274	43
275	42
276	27
277	15
278	9
279	13
280	11
281	9
282	2
283	11
284	11
285	10
286	9
287	16
288	11
289	21
290	20
291	15
292	17
293	10
294	16
295	14
296	23
297	14
298	18
299	22
300	15
301	14
302	23
303	13
304	13
305	6
306	13
307	15
308	12
309	9
310	11
311	17
312	12
313	11
314	10
315	16
316	14
317	31
318	36
319	48
320	76
321	92
322	97
323	104
324	90
325	77
326	96
327	59
328	49
329	44
330	35
331	36
332	18
333	31
334	23
335	33
336	40
337	42
338	45
339	65
340	101
341	196
342	397
343	716
344	1194
345	1977
346	3005
347	4376
348	5685
349	6971
350	7788
351	8011
352	7601
353	6704
354	5359
355	4050
356	2816
357	1766
358	1103
359	621
360	290
361	156
362	101
363	60
364	44
365	45
366	53
367	25
368	31
369	46
370	30
371	44
372	50
373	37
374	69
375	64
376	72
377	100
378	136
379	185
380	287
381	466
382	632
383	815
384	1052
385	1271
386	1290
387	1293
388	1221
389	1089
390	874
391	712
392	501
393	325
394	199
395	108
396	68
397	43
398	39
399	25
400	22
401	26
402	20
403	24
404	29
405	25
406	24
407	30
408	34
409	41
410	39
411	29
412	46
413	33
414	33
415	24
416	28
417	28
418	25
419	31
420	22
421	32
422	33
423	24
424	23
425	32
426	39
427	28
428	28
429	25
430	28
431	30
432	22
433	35
434	36
435	40
436	49
437	54
438	48
439	39
440	61
441	44
442	62
443	51
444	55
445	59
446	45
447	56
448	40
449	45
450	56
451	44
452	46
453	44
454	58
455	48
456	82
457	73
458	90
459	92
460	69
461	81
462	57
463	60
464	61
465	57
466	48
467	52
468	42
469	65
470	40
471	56
472	56
473	58
474	58
475	55
476	48
477	51
478	54
479	41
480	41
481	51
482	51
483	54
484	47
485	56
486	48
487	56
488	45
489	47
490	62
491	57
492	57
493	45
494	47
495	53
496	39
497	50
498	46
499	70
500	63
501	54
502	58
503	60
504	61
505	59
506	63
507	70
508	80
509	56
510	67
511	68
512	72
513	73
514	62
515	67
516	64
517	66
518	66
519	47
520	78
521	60
522	84
523	72
524	89
525	77
526	94
527	102
528	98
529	83
530	88
531	75
532	92
533	78
534	65
535	71
536	68
537	84
538	77
539	58
540	70
541	74
542	74
543	74
544	65
545	83
546	71
547	71
548	79
549	70
550	62
551	73
552	71
553	71
554	74
555	73
556	64
557	58
558	54
559	53
560	66
561	76
562	53
563	69
564	65
565	57
566	73
567	82
568	77
569	64
570	75
571	64
572	64
573	87
574	70
575	70
576	79
577	67
578	83
579	76
580	72
581	69
582	82
583	73
584	85
585	66
586	70
587	79
588	72
589	85
590	78
591	79
592	74
593	62
594	81
595	75
596	74
597	73
598	80
599	81
600	65
601	76
602	79
603	82
604	77
605	57
606	71
607	89
608	93
609	84
610	99
611	64
612	96
613	88
614	76
615	94
616	98
617	86
618	104
619	94
620	67
621	95
622	81
623	70
624	82
625	96
626	81
627	92
628	107
629	87
630	93
631	92
632	83
633	102
634	89
635	100
636	76
637	95
638	89
639	90
640	84
641	101
642	92
643	81
644	89
645	102
646	93
647	93
648	77
649	107
650	96
651	91
652	90
653	89
654	95
655	100
656	98
657	89
658	95
659	95
660	94
661	109
662	76
663	88
664	89
665	101
666	88
667	82
668	102
669	90
670	107
671	96
672	88
673	87
674	110
675	95
676	98
677	103
678	86
679	99
680	115
681	102
682	79
683	91
684	104
685	113
686	102
687	100
688	92
689	107
690	118
691	98
692	107
693	94
694	99
695	87
696	92
697	115
698	117
699	121
700	97
701	101
702	116
703	95
704	121
705	107
706	120
707	116
708	86
709	111
710	103
711	114
712	116
713	113
714	110
715	116
716	114
717	115
718	110
719	110
720	96
721	110
722	115
723	115
724	90
725	99
726	108
727	109
728	107
729	148
730	101
731	127
732	125
733	108
734	126
735	112
736	104
737	105
738	116
739	114
740	102
741	105
742	96
743	109
744	110
745	108
746	106
747	139
748	116
749	101
750	112
751	128
752	111
753	118
754	127
755	109
756	104
757	125
758	116
759	117
760	126
761	125
762	129
763	163
764	138
765	154
766	165
767	173
768	214
769	213
770	219
771	248
772	297
773	272
774	223
775	263
776	232
777	217
778	192
779	189
780	184
781	185
782	164
783	157
784	120
785	131
786	117
787	104
788	114
789	101
790	129
791	113
792	105
793	107
794	125
795	134
796	110
797	132
798	127
799	131
800	113
801	111
802	116
803	113
804	96
805	115
806	117
807	139
808	109
809	126
810	121
811	129
812	143
813	127
814	117
815	137
816	146
817	132
818	133
819	115
820	138
821	137
822	129
823	133
824	132
825	142
826	135
827	133
828	109
829	113
830	108
831	125
832	121
833	126
834	136
835	116
836	119
837	116
838	138
839	126
840	128
841	140
842	141
843	120
844	128
845	129
846	116
847	129
848	154
849	123
850	128
851	146
852	133
853	152
854	152
855	176
856	165
857	174
858	195
859	163
860	220
861	188
862	204
863	211
864	196
865	205
866	196
867	193
868	185
869	218
870	207
871	195
872	176
873	180
874	191
875	200
876	184
877	218
878	209
879	206
880	249
881	261
882	247
883	298
884	283
885	282
886	300
887	290
888	322
889	320
890	381
891	362
892	405
893	413
894	449
895	438
896	421
897	468
898	454
899	441
900	458
901	471
902	481
903	466
904	466
905	462
906	455
907	377
908	377
909	374
910	359
911	348
912	364
913	339
914	295
915	287
916	299
917	285
918	265
919	230
920	247
921	219
922	193
923	196
924	187
925	201
926	176
927	162
928	191
929	176
930	172
931	146
932	165
933	147
934	135
935	145
936	159
937	138
938	147
939	129
940	125
941	150
942	164
943	188
944	189
945	233
946	258
947	269
948	290
949	299
950	315
951	361
952	361
953	354
954	382
955	397
956	365
957	332
958	362
959	291
960	261
961	267
962	194
963	150
964	168
965	143
966	119
967	113
968	110
969	120
970	110
971	111
972	112
973	102
974	103
975	108
976	115
977	94
978	101
979	85
980	122
981	112
982	97
983	114
984	122
985	138
986	116
987	104
988	113
989	119
990	128
991	126
992	127
993	110
994	126
995	124
996	144
997	150
998	142
999	153
1000	159
1001	136
1002	138
1003	136
1004	161
1005	142
1006	164
1007	147
1008	162
1009	124
1010	155
1011	146
1012	117
1013	129
1014	132
1015	127
1016	120
1017	132
1018	110
1019	121
1020	118
1021	115
1022	94
1023	99
1024	96
