Date:	09/05/2018		Time:	10:23		Version no:	0.00		Project name:	55		Sample name:	222		Section name:	section		Position	180.600037	mm	E0	0.000000	keV	E1	1.000000	keV/channel	sample surface	6.230526	cm	Tube anode:	Mo		Tube voltage:	30	kV	Tube current:	50	mA	gain	10		std. database			resultfile	result		matrix element	11		sample thickness	1.000000		air passage	0.560000	cm	comments	in position		peaking_time	2.200000	m-sec	trigger_threshold	547.363281	V	mca_bin_width	22.090000	no:	number_mca_channels	1024.000000	no:	gap_time	0.150000	m-sec	trigger_peaking_time	0.200000	m-sec	GAINDAC	18610		HIGHGAIN	1		TAURC	1		RCTAU	1		RCTAUFRAC	1		livetime	9.396919	seconds	runtime	10.000493	seconds	input_count_rate	25792.070235	cps	output_count_rate	20826.873652	cps	triggers	242366	seconds	events_in_run	208279	seconds	channel	content		1	0
2	0
3	0
4	0
5	0
6	0
7	0
8	0
9	0
10	0
11	0
12	0
13	0
14	0
15	0
16	0
17	0
18	0
19	0
20	0
21	0
22	0
23	0
24	0
25	0
26	0
27	0
28	0
29	0
30	0
31	10
32	10
33	17
34	20
35	12
36	10
37	20
38	20
39	21
40	14
41	12
42	13
43	12
44	14
45	11
46	12
47	14
48	19
49	6
50	15
51	10
52	14
53	18
54	10
55	10
56	8
57	17
58	13
59	12
60	8
61	10
62	11
63	9
64	8
65	19
66	9
67	7
68	13
69	6
70	11
71	12
72	10
73	11
74	12
75	13
76	5
77	12
78	9
79	9
80	17
81	11
82	12
83	15
84	12
85	11
86	12
87	7
88	8
89	10
90	11
91	10
92	12
93	14
94	11
95	16
96	17
97	22
98	17
99	15
100	13
101	15
102	7
103	9
104	10
105	7
106	10
107	8
108	7
109	10
110	11
111	6
112	3
113	8
114	10
115	4
116	4
117	3
118	8
119	7
120	2
121	2
122	3
123	2
124	7
125	8
126	5
127	3
128	4
129	2
130	3
131	4
132	4
133	3
134	5
135	5
136	5
137	7
138	5
139	6
140	4
141	4
142	5
143	6
144	3
145	0
146	4
147	2
148	3
149	7
150	3
151	6
152	5
153	5
154	8
155	6
156	5
157	10
158	7
159	10
160	16
161	26
162	26
163	29
164	23
165	15
166	6
167	9
168	6
169	7
170	4
171	7
172	4
173	9
174	10
175	7
176	12
177	7
178	5
179	11
180	15
181	27
182	34
183	23
184	18
185	13
186	20
187	8
188	8
189	7
190	5
191	6
192	5
193	6
194	12
195	11
196	35
197	47
198	115
199	174
200	251
201	366
202	406
203	484
204	405
205	355
206	238
207	194
208	100
209	31
210	38
211	16
212	8
213	5
214	14
215	21
216	23
217	43
218	59
219	76
220	81
221	72
222	61
223	52
224	49
225	32
226	20
227	5
228	7
229	9
230	4
231	3
232	1
233	1
234	6
235	6
236	3
237	9
238	9
239	14
240	12
241	27
242	56
243	78
244	132
245	187
246	190
247	219
248	243
249	214
250	187
251	136
252	121
253	79
254	63
255	51
256	33
257	34
258	27
259	22
260	18
261	17
262	14
263	17
264	13
265	32
266	25
267	25
268	43
269	48
270	54
271	45
272	48
273	57
274	40
275	31
276	32
277	21
278	16
279	13
280	9
281	14
282	19
283	11
284	10
285	11
286	12
287	14
288	19
289	9
290	17
291	10
292	14
293	20
294	16
295	23
296	24
297	17
298	20
299	15
300	17
301	17
302	11
303	19
304	9
305	18
306	15
307	5
308	14
309	13
310	17
311	20
312	15
313	9
314	7
315	24
316	29
317	38
318	54
319	77
320	88
321	109
322	123
323	132
324	137
325	134
326	100
327	72
328	63
329	68
330	48
331	34
332	32
333	27
334	31
335	29
336	37
337	44
338	48
339	80
340	120
341	212
342	387
343	748
344	1226
345	2203
346	3234
347	4606
348	6062
349	7357
350	8192
351	8651
352	8004
353	6814
354	5815
355	4215
356	2920
357	1820
358	1057
359	621
360	340
361	169
362	105
363	68
364	49
365	41
366	38
367	43
368	46
369	49
370	54
371	46
372	46
373	54
374	50
375	62
376	81
377	108
378	157
379	200
380	333
381	475
382	651
383	909
384	1065
385	1285
386	1353
387	1427
388	1337
389	1119
390	898
391	716
392	498
393	297
394	185
395	125
396	81
397	46
398	31
399	24
400	26
401	29
402	31
403	27
404	30
405	34
406	43
407	39
408	39
409	35
410	39
411	26
412	32
413	45
414	22
415	26
416	31
417	25
418	39
419	22
420	23
421	37
422	29
423	41
424	38
425	38
426	37
427	31
428	39
429	37
430	36
431	34
432	35
433	51
434	36
435	57
436	58
437	42
438	81
439	64
440	74
441	71
442	68
443	62
444	74
445	63
446	66
447	58
448	56
449	62
450	62
451	61
452	60
453	70
454	62
455	72
456	78
457	79
458	84
459	95
460	71
461	67
462	66
463	66
464	74
465	66
466	45
467	63
468	51
469	62
470	68
471	49
472	62
473	48
474	67
475	62
476	61
477	60
478	62
479	64
480	55
481	46
482	62
483	45
484	49
485	54
486	62
487	54
488	56
489	57
490	54
491	70
492	47
493	50
494	73
495	69
496	58
497	49
498	49
499	60
500	61
501	61
502	72
503	78
504	67
505	71
506	60
507	70
508	76
509	76
510	80
511	72
512	87
513	71
514	91
515	80
516	85
517	91
518	83
519	77
520	83
521	82
522	79
523	71
524	86
525	101
526	82
527	104
528	98
529	96
530	87
531	100
532	102
533	89
534	91
535	82
536	89
537	84
538	70
539	86
540	92
541	84
542	78
543	73
544	77
545	71
546	86
547	81
548	75
549	88
550	75
551	80
552	79
553	76
554	71
555	82
556	79
557	69
558	86
559	73
560	83
561	70
562	73
563	87
564	69
565	78
566	74
567	67
568	79
569	98
570	76
571	78
572	75
573	83
574	79
575	85
576	69
577	81
578	87
579	94
580	99
581	90
582	90
583	112
584	74
585	95
586	83
587	92
588	94
589	83
590	95
591	70
592	85
593	78
594	99
595	93
596	96
597	84
598	96
599	101
600	92
601	92
602	82
603	78
604	96
605	95
606	96
607	92
608	98
609	95
610	104
611	111
612	108
613	84
614	92
615	106
616	97
617	107
618	101
619	92
620	89
621	108
622	104
623	100
624	99
625	90
626	76
627	101
628	117
629	113
630	107
631	106
632	99
633	106
634	97
635	126
636	114
637	119
638	99
639	91
640	118
641	109
642	114
643	119
644	109
645	108
646	109
647	111
648	121
649	100
650	117
651	112
652	100
653	109
654	105
655	110
656	122
657	89
658	124
659	108
660	103
661	114
662	107
663	115
664	105
665	113
666	151
667	117
668	104
669	99
670	110
671	109
672	113
673	109
674	125
675	107
676	98
677	99
678	132
679	107
680	148
681	124
682	100
683	123
684	106
685	113
686	141
687	105
688	119
689	95
690	120
691	118
692	114
693	133
694	150
695	113
696	128
697	136
698	135
699	114
700	124
701	116
702	127
703	135
704	114
705	122
706	125
707	125
708	117
709	125
710	131
711	135
712	119
713	125
714	130
715	136
716	142
717	144
718	131
719	135
720	141
721	127
722	114
723	128
724	128
725	131
726	154
727	117
728	130
729	165
730	138
731	140
732	115
733	157
734	137
735	133
736	145
737	137
738	132
739	140
740	126
741	143
742	136
743	126
744	138
745	137
746	134
747	132
748	130
749	137
750	135
751	133
752	154
753	126
754	133
755	141
756	145
757	141
758	139
759	146
760	131
761	146
762	154
763	165
764	160
765	180
766	194
767	219
768	245
769	238
770	271
771	261
772	291
773	308
774	308
775	264
776	274
777	267
778	234
779	237
780	213
781	176
782	170
783	158
784	157
785	140
786	138
787	125
788	141
789	123
790	147
791	142
792	130
793	144
794	126
795	126
796	159
797	123
798	132
799	145
800	135
801	127
802	144
803	145
804	137
805	143
806	146
807	140
808	173
809	158
810	135
811	145
812	163
813	136
814	157
815	159
816	155
817	164
818	166
819	150
820	145
821	141
822	170
823	164
824	158
825	163
826	140
827	140
828	133
829	142
830	143
831	134
832	141
833	152
834	135
835	129
836	117
837	166
838	185
839	157
840	144
841	168
842	156
843	170
844	191
845	152
846	149
847	165
848	154
849	181
850	162
851	163
852	181
853	156
854	177
855	179
856	187
857	177
858	181
859	207
860	205
861	207
862	211
863	236
864	215
865	236
866	244
867	224
868	245
869	246
870	234
871	243
872	230
873	241
874	221
875	231
876	253
877	267
878	269
879	260
880	309
881	306
882	307
883	343
884	338
885	374
886	392
887	433
888	419
889	460
890	468
891	488
892	521
893	489
894	528
895	532
896	596
897	583
898	589
899	564
900	574
901	572
902	564
903	569
904	591
905	558
906	570
907	531
908	507
909	536
910	487
911	404
912	423
913	392
914	387
915	335
916	346
917	332
918	342
919	314
920	306
921	268
922	270
923	240
924	232
925	225
926	219
927	214
928	198
929	177
930	178
931	183
932	171
933	188
934	168
935	173
936	176
937	176
938	196
939	173
940	170
941	201
942	181
943	207
944	226
945	253
946	294
947	307
948	343
949	430
950	404
951	416
952	456
953	414
954	413
955	436
956	393
957	388
958	371
959	344
960	307
961	254
962	244
963	215
964	184
965	187
966	168
967	165
968	141
969	143
970	130
971	117
972	129
973	131
974	138
975	108
976	107
977	119
978	126
979	161
980	139
981	126
982	153
983	150
984	139
985	151
986	140
987	130
988	142
989	168
990	183
991	157
992	156
993	153
994	175
995	193
996	168
997	187
998	192
999	171
1000	200
1001	185
1002	197
1003	190
1004	208
1005	179
1006	158
1007	176
1008	171
1009	180
1010	164
1011	184
1012	168
1013	171
1014	175
1015	185
1016	153
1017	159
1018	149
1019	168
1020	149
1021	114
1022	107
1023	107
1024	121
