Date:	09/05/2018		Time:	11:44		Version no:	0.00		Project name:	55		Sample name:	222		Section name:	section		Position	265.600037	mm	E0	0.000000	keV	E1	1.000000	keV/channel	sample surface	6.232725	cm	Tube anode:	Mo		Tube voltage:	30	kV	Tube current:	50	mA	gain	10		std. database			resultfile	result		matrix element	11		sample thickness	1.000000		air passage	0.560000	cm	comments	in position		peaking_time	2.200000	m-sec	trigger_threshold	547.363281	V	mca_bin_width	22.090000	no:	number_mca_channels	1024.000000	no:	gap_time	0.150000	m-sec	trigger_peaking_time	0.200000	m-sec	GAINDAC	18610		HIGHGAIN	1		TAURC	1		RCTAU	1		RCTAUFRAC	1		livetime	9.459958	seconds	runtime	10.000493	seconds	input_count_rate	24204.969020	cps	output_count_rate	19900.819288	cps	triggers	228978	seconds	events_in_run	199018	seconds	channel	content		1	0
2	0
3	0
4	0
5	0
6	0
7	0
8	0
9	0
10	0
11	0
12	0
13	0
14	0
15	0
16	0
17	0
18	0
19	0
20	0
21	0
22	0
23	0
24	0
25	0
26	0
27	0
28	0
29	0
30	0
31	10
32	18
33	19
34	9
35	7
36	11
37	12
38	12
39	13
40	16
41	13
42	10
43	16
44	17
45	14
46	19
47	13
48	13
49	14
50	6
51	10
52	12
53	12
54	12
55	8
56	14
57	15
58	10
59	6
60	11
61	13
62	9
63	9
64	7
65	8
66	6
67	13
68	12
69	8
70	9
71	3
72	11
73	3
74	10
75	8
76	10
77	9
78	7
79	9
80	12
81	6
82	11
83	14
84	7
85	10
86	7
87	10
88	5
89	5
90	4
91	6
92	6
93	5
94	11
95	13
96	12
97	14
98	14
99	9
100	9
101	10
102	3
103	5
104	6
105	9
106	9
107	10
108	9
109	10
110	7
111	7
112	6
113	7
114	12
115	2
116	1
117	6
118	5
119	7
120	3
121	6
122	6
123	1
124	5
125	6
126	5
127	4
128	6
129	2
130	7
131	1
132	2
133	5
134	2
135	1
136	3
137	5
138	4
139	2
140	4
141	2
142	9
143	7
144	5
145	3
146	2
147	8
148	4
149	6
150	4
151	6
152	10
153	6
154	3
155	6
156	6
157	4
158	11
159	14
160	22
161	20
162	26
163	42
164	36
165	19
166	17
167	13
168	9
169	4
170	4
171	6
172	2
173	4
174	8
175	10
176	5
177	4
178	11
179	14
180	26
181	27
182	35
183	25
184	16
185	15
186	13
187	8
188	10
189	6
190	7
191	10
192	6
193	11
194	7
195	17
196	40
197	65
198	147
199	186
200	284
201	400
202	443
203	462
204	486
205	348
206	273
207	201
208	126
209	59
210	26
211	11
212	11
213	12
214	13
215	22
216	29
217	51
218	62
219	86
220	58
221	93
222	69
223	57
224	39
225	30
226	30
227	12
228	6
229	6
230	4
231	5
232	6
233	4
234	6
235	5
236	4
237	5
238	8
239	20
240	29
241	49
242	88
243	125
244	216
245	253
246	373
247	450
248	454
249	359
250	334
251	254
252	170
253	115
254	88
255	70
256	61
257	39
258	32
259	28
260	27
261	16
262	13
263	13
264	20
265	26
266	34
267	40
268	60
269	66
270	87
271	83
272	79
273	75
274	76
275	54
276	37
277	26
278	9
279	14
280	11
281	10
282	10
283	11
284	13
285	13
286	15
287	15
288	18
289	12
290	9
291	18
292	12
293	11
294	19
295	21
296	20
297	15
298	18
299	13
300	22
301	19
302	14
303	11
304	12
305	11
306	11
307	8
308	11
309	12
310	10
311	18
312	14
313	17
314	13
315	13
316	26
317	28
318	48
319	56
320	63
321	71
322	113
323	105
324	96
325	88
326	83
327	79
328	61
329	49
330	38
331	19
332	36
333	21
334	33
335	35
336	36
337	54
338	59
339	77
340	128
341	208
342	411
343	781
344	1471
345	2317
346	3500
347	4998
348	6661
349	8132
350	9061
351	9560
352	8886
353	7941
354	6513
355	4834
356	3326
357	2095
358	1239
359	674
360	362
361	184
362	105
363	61
364	41
365	40
366	48
367	41
368	45
369	31
370	45
371	32
372	40
373	48
374	61
375	57
376	83
377	139
378	156
379	246
380	301
381	514
382	727
383	901
384	1203
385	1416
386	1589
387	1625
388	1537
389	1259
390	1051
391	816
392	565
393	395
394	245
395	150
396	100
397	52
398	24
399	33
400	26
401	30
402	26
403	18
404	27
405	19
406	22
407	20
408	32
409	33
410	32
411	39
412	27
413	36
414	29
415	34
416	25
417	19
418	17
419	24
420	24
421	30
422	15
423	35
424	29
425	29
426	25
427	24
428	28
429	32
430	30
431	33
432	25
433	33
434	33
435	34
436	43
437	50
438	46
439	54
440	54
441	48
442	48
443	57
444	46
445	65
446	59
447	49
448	55
449	41
450	49
451	64
452	45
453	57
454	51
455	75
456	60
457	63
458	71
459	66
460	76
461	79
462	77
463	60
464	58
465	58
466	43
467	46
468	57
469	58
470	60
471	60
472	60
473	44
474	51
475	50
476	56
477	47
478	49
479	53
480	46
481	38
482	56
483	35
484	50
485	57
486	44
487	41
488	47
489	43
490	47
491	53
492	51
493	42
494	41
495	46
496	38
497	46
498	43
499	42
500	64
501	60
502	68
503	62
504	50
505	67
506	52
507	65
508	61
509	58
510	66
511	68
512	65
513	55
514	68
515	66
516	82
517	90
518	62
519	73
520	76
521	73
522	79
523	60
524	71
525	97
526	81
527	78
528	80
529	91
530	73
531	86
532	82
533	84
534	73
535	77
536	74
537	75
538	67
539	71
540	66
541	70
542	58
543	61
544	65
545	63
546	66
547	52
548	61
549	82
550	69
551	60
552	58
553	60
554	81
555	61
556	76
557	69
558	48
559	85
560	57
561	69
562	57
563	57
564	52
565	85
566	49
567	62
568	64
569	47
570	68
571	54
572	65
573	59
574	65
575	78
576	62
577	74
578	76
579	77
580	72
581	71
582	72
583	64
584	74
585	60
586	73
587	69
588	60
589	72
590	62
591	82
592	87
593	74
594	64
595	75
596	71
597	67
598	89
599	90
600	82
601	61
602	79
603	65
604	73
605	88
606	77
607	74
608	91
609	102
610	76
611	61
612	85
613	88
614	96
615	93
616	95
617	82
618	80
619	110
620	97
621	82
622	74
623	86
624	73
625	70
626	92
627	63
628	91
629	78
630	73
631	78
632	102
633	91
634	95
635	81
636	86
637	92
638	85
639	73
640	81
641	69
642	89
643	82
644	85
645	101
646	89
647	69
648	79
649	90
650	98
651	87
652	87
653	96
654	107
655	97
656	79
657	88
658	88
659	113
660	89
661	92
662	102
663	98
664	97
665	92
666	103
667	101
668	78
669	84
670	90
671	95
672	91
673	96
674	79
675	98
676	88
677	95
678	87
679	98
680	97
681	67
682	101
683	86
684	94
685	104
686	85
687	90
688	94
689	98
690	104
691	100
692	92
693	92
694	127
695	100
696	113
697	117
698	107
699	96
700	122
701	111
702	116
703	119
704	106
705	96
706	116
707	116
708	108
709	107
710	106
711	85
712	113
713	99
714	91
715	97
716	98
717	117
718	105
719	102
720	87
721	104
722	96
723	104
724	88
725	83
726	99
727	104
728	99
729	109
730	110
731	89
732	106
733	126
734	131
735	112
736	91
737	127
738	102
739	103
740	113
741	114
742	105
743	117
744	100
745	128
746	110
747	99
748	110
749	118
750	98
751	89
752	99
753	98
754	118
755	114
756	109
757	108
758	99
759	111
760	112
761	116
762	129
763	115
764	116
765	147
766	153
767	174
768	186
769	198
770	244
771	254
772	256
773	235
774	241
775	253
776	222
777	210
778	210
779	170
780	168
781	149
782	132
783	126
784	122
785	132
786	113
787	107
788	119
789	115
790	132
791	95
792	116
793	89
794	112
795	96
796	110
797	88
798	98
799	98
800	113
801	113
802	109
803	104
804	129
805	110
806	114
807	100
808	118
809	122
810	111
811	114
812	107
813	111
814	127
815	122
816	118
817	141
818	127
819	110
820	132
821	122
822	108
823	119
824	128
825	113
826	127
827	118
828	123
829	126
830	120
831	112
832	128
833	119
834	121
835	136
836	130
837	130
838	104
839	134
840	140
841	132
842	119
843	119
844	132
845	130
846	139
847	116
848	113
849	126
850	122
851	144
852	138
853	140
854	125
855	143
856	164
857	172
858	166
859	170
860	210
861	194
862	205
863	160
864	187
865	199
866	188
867	192
868	191
869	171
870	170
871	178
872	191
873	188
874	172
875	168
876	215
877	198
878	212
879	187
880	205
881	248
882	258
883	252
884	257
885	273
886	284
887	295
888	311
889	332
890	358
891	359
892	390
893	358
894	381
895	399
896	419
897	436
898	490
899	448
900	455
901	465
902	429
903	406
904	464
905	421
906	431
907	405
908	385
909	350
910	360
911	353
912	330
913	298
914	311
915	305
916	244
917	275
918	240
919	248
920	212
921	220
922	211
923	203
924	167
925	175
926	165
927	172
928	150
929	135
930	135
931	133
932	162
933	145
934	161
935	141
936	118
937	124
938	146
939	142
940	130
941	134
942	178
943	172
944	186
945	259
946	244
947	257
948	272
949	331
950	352
951	340
952	360
953	401
954	398
955	365
956	348
957	349
958	343
959	296
960	232
961	215
962	193
963	188
964	156
965	139
966	140
967	107
968	127
969	125
970	108
971	114
972	118
973	106
974	105
975	110
976	99
977	93
978	104
979	97
980	93
981	111
982	123
983	109
984	134
985	105
986	120
987	128
988	136
989	117
990	107
991	124
992	134
993	126
994	131
995	137
996	116
997	124
998	147
999	141
1000	157
1001	144
1002	150
1003	128
1004	161
1005	157
1006	133
1007	144
1008	149
1009	123
1010	120
1011	145
1012	114
1013	138
1014	106
1015	117
1016	120
1017	118
1018	113
1019	127
1020	122
1021	95
1022	126
1023	100
1024	93
