Date:	09/05/2018		Time:	11:59		Version no:	0.00		Project name:	55		Sample name:	222		Section name:	section		Position	281.400024	mm	E0	0.000000	keV	E1	1.000000	keV/channel	sample surface	6.168543	cm	Tube anode:	Mo		Tube voltage:	30	kV	Tube current:	50	mA	gain	10		std. database			resultfile	result		matrix element	11		sample thickness	1.000000		air passage	0.560000	cm	comments	in position		peaking_time	2.200000	m-sec	trigger_threshold	547.363281	V	mca_bin_width	22.090000	no:	number_mca_channels	1024.000000	no:	gap_time	0.150000	m-sec	trigger_peaking_time	0.200000	m-sec	GAINDAC	18610		HIGHGAIN	1		TAURC	1		RCTAU	1		RCTAUFRAC	1		livetime	9.466562	seconds	runtime	10.000494	seconds	input_count_rate	22850.535299	cps	output_count_rate	18921.164538	cps	triggers	216316	seconds	events_in_run	189221	seconds	channel	content		1	0
2	0
3	0
4	0
5	0
6	0
7	0
8	0
9	0
10	0
11	0
12	0
13	0
14	0
15	0
16	0
17	0
18	0
19	0
20	0
21	0
22	0
23	0
24	0
25	0
26	0
27	0
28	0
29	0
30	0
31	16
32	17
33	11
34	13
35	10
36	13
37	12
38	11
39	12
40	11
41	11
42	19
43	12
44	17
45	8
46	11
47	13
48	13
49	14
50	8
51	9
52	6
53	13
54	12
55	12
56	15
57	10
58	9
59	10
60	9
61	8
62	6
63	10
64	6
65	14
66	9
67	14
68	7
69	8
70	10
71	6
72	4
73	9
74	4
75	12
76	6
77	10
78	8
79	10
80	10
81	10
82	12
83	4
84	9
85	10
86	17
87	5
88	5
89	4
90	7
91	5
92	11
93	11
94	11
95	12
96	18
97	15
98	21
99	9
100	10
101	6
102	2
103	11
104	4
105	14
106	11
107	8
108	11
109	8
110	4
111	4
112	5
113	7
114	3
115	1
116	3
117	3
118	4
119	5
120	7
121	5
122	5
123	6
124	5
125	11
126	5
127	5
128	5
129	3
130	5
131	1
132	8
133	9
134	1
135	5
136	5
137	5
138	1
139	1
140	3
141	9
142	1
143	3
144	4
145	2
146	4
147	3
148	5
149	4
150	7
151	3
152	2
153	6
154	3
155	5
156	4
157	6
158	9
159	11
160	24
161	20
162	26
163	30
164	22
165	20
166	13
167	17
168	9
169	8
170	6
171	7
172	4
173	6
174	5
175	6
176	10
177	6
178	15
179	12
180	22
181	21
182	27
183	26
184	20
185	17
186	13
187	5
188	7
189	1
190	1
191	6
192	10
193	8
194	9
195	21
196	27
197	71
198	109
199	190
200	275
201	367
202	407
203	431
204	403
205	355
206	242
207	167
208	92
209	53
210	28
211	15
212	10
213	5
214	7
215	13
216	25
217	29
218	64
219	69
220	69
221	62
222	69
223	56
224	46
225	20
226	19
227	8
228	10
229	4
230	6
231	5
232	5
233	2
234	5
235	1
236	6
237	7
238	10
239	14
240	25
241	27
242	55
243	89
244	145
245	183
246	219
247	277
248	247
249	243
250	181
251	143
252	109
253	77
254	55
255	51
256	38
257	35
258	28
259	18
260	19
261	17
262	12
263	13
264	14
265	15
266	28
267	34
268	43
269	52
270	56
271	56
272	52
273	47
274	33
275	29
276	24
277	14
278	11
279	12
280	9
281	8
282	7
283	13
284	12
285	10
286	11
287	13
288	19
289	9
290	13
291	19
292	10
293	17
294	21
295	24
296	15
297	22
298	20
299	15
300	16
301	16
302	11
303	14
304	12
305	11
306	18
307	10
308	10
309	7
310	10
311	8
312	15
313	12
314	22
315	16
316	19
317	36
318	53
319	68
320	76
321	89
322	92
323	107
324	114
325	99
326	81
327	81
328	66
329	43
330	36
331	31
332	21
333	24
334	30
335	37
336	37
337	37
338	37
339	75
340	115
341	183
342	349
343	668
344	1233
345	1939
346	2975
347	4261
348	5715
349	6721
350	7575
351	7869
352	7354
353	6457
354	5369
355	3838
356	2710
357	1611
358	1008
359	607
360	294
361	152
362	99
363	56
364	42
365	36
366	39
367	29
368	36
369	24
370	42
371	38
372	56
373	49
374	58
375	55
376	77
377	110
378	146
379	202
380	298
381	452
382	634
383	824
384	1138
385	1169
386	1218
387	1295
388	1239
389	1047
390	834
391	665
392	475
393	321
394	173
395	122
396	77
397	43
398	38
399	25
400	29
401	18
402	23
403	22
404	20
405	31
406	26
407	31
408	32
409	53
410	25
411	20
412	25
413	33
414	32
415	36
416	19
417	28
418	25
419	22
420	27
421	33
422	28
423	26
424	32
425	26
426	27
427	28
428	26
429	30
430	23
431	35
432	34
433	31
434	31
435	39
436	57
437	45
438	51
439	67
440	53
441	66
442	62
443	57
444	59
445	57
446	54
447	40
448	66
449	62
450	48
451	58
452	52
453	53
454	59
455	59
456	60
457	62
458	85
459	86
460	59
461	69
462	69
463	59
464	70
465	61
466	51
467	60
468	62
469	50
470	47
471	68
472	68
473	70
474	68
475	55
476	55
477	55
478	49
479	63
480	54
481	52
482	53
483	61
484	55
485	54
486	46
487	32
488	64
489	57
490	61
491	55
492	54
493	54
494	54
495	56
496	40
497	63
498	45
499	48
500	66
501	55
502	73
503	72
504	66
505	69
506	67
507	65
508	82
509	57
510	74
511	77
512	63
513	86
514	72
515	68
516	73
517	72
518	70
519	68
520	71
521	76
522	80
523	81
524	75
525	83
526	81
527	92
528	85
529	95
530	81
531	94
532	89
533	85
534	75
535	86
536	91
537	80
538	74
539	71
540	74
541	71
542	63
543	66
544	75
545	92
546	64
547	83
548	77
549	72
550	63
551	68
552	59
553	70
554	73
555	69
556	78
557	73
558	65
559	74
560	69
561	75
562	75
563	62
564	71
565	72
566	76
567	80
568	60
569	83
570	61
571	74
572	88
573	88
574	72
575	68
576	65
577	67
578	73
579	82
580	79
581	75
582	78
583	73
584	80
585	90
586	76
587	63
588	79
589	60
590	73
591	96
592	96
593	88
594	96
595	72
596	68
597	85
598	87
599	83
600	72
601	85
602	95
603	98
604	88
605	84
606	89
607	81
608	87
609	99
610	90
611	83
612	93
613	101
614	78
615	90
616	82
617	89
618	97
619	92
620	85
621	87
622	116
623	111
624	94
625	82
626	88
627	86
628	96
629	95
630	99
631	77
632	107
633	104
634	101
635	113
636	97
637	88
638	90
639	94
640	88
641	95
642	86
643	103
644	90
645	93
646	102
647	109
648	90
649	111
650	92
651	77
652	107
653	97
654	87
655	104
656	105
657	92
658	92
659	120
660	106
661	105
662	92
663	103
664	96
665	86
666	90
667	99
668	115
669	105
670	113
671	96
672	118
673	98
674	100
675	92
676	113
677	106
678	97
679	96
680	110
681	111
682	95
683	108
684	108
685	81
686	101
687	111
688	111
689	107
690	138
691	101
692	113
693	112
694	114
695	119
696	111
697	109
698	108
699	101
700	107
701	105
702	105
703	124
704	117
705	113
706	109
707	105
708	104
709	98
710	106
711	98
712	99
713	105
714	105
715	125
716	97
717	125
718	123
719	120
720	97
721	108
722	121
723	113
724	128
725	112
726	131
727	121
728	107
729	118
730	112
731	143
732	114
733	138
734	118
735	126
736	104
737	134
738	120
739	112
740	131
741	126
742	126
743	113
744	138
745	112
746	114
747	108
748	135
749	120
750	140
751	105
752	123
753	138
754	114
755	112
756	128
757	140
758	113
759	116
760	140
761	125
762	123
763	173
764	164
765	166
766	194
767	194
768	205
769	248
770	235
771	241
772	295
773	321
774	278
775	269
776	276
777	226
778	198
779	219
780	205
781	166
782	170
783	161
784	140
785	134
786	124
787	139
788	121
789	123
790	120
791	136
792	118
793	128
794	133
795	135
796	134
797	112
798	132
799	122
800	128
801	130
802	125
803	107
804	126
805	123
806	119
807	143
808	127
809	153
810	147
811	129
812	119
813	141
814	124
815	128
816	124
817	155
818	140
819	142
820	145
821	109
822	131
823	129
824	143
825	136
826	128
827	135
828	130
829	131
830	152
831	133
832	152
833	125
834	132
835	129
836	110
837	141
838	145
839	140
840	114
841	107
842	144
843	128
844	137
845	160
846	145
847	122
848	142
849	154
850	139
851	167
852	153
853	139
854	164
855	138
856	174
857	165
858	174
859	191
860	200
861	174
862	205
863	202
864	216
865	198
866	225
867	201
868	232
869	207
870	195
871	195
872	205
873	170
874	198
875	222
876	201
877	221
878	254
879	259
880	255
881	256
882	264
883	313
884	283
885	321
886	303
887	339
888	378
889	404
890	383
891	421
892	448
893	442
894	447
895	424
896	485
897	479
898	493
899	500
900	478
901	494
902	517
903	483
904	488
905	490
906	454
907	450
908	405
909	446
910	416
911	395
912	369
913	357
914	362
915	302
916	295
917	323
918	231
919	253
920	216
921	226
922	282
923	213
924	207
925	201
926	185
927	227
928	186
929	186
930	172
931	152
932	159
933	162
934	170
935	151
936	146
937	165
938	170
939	159
940	164
941	169
942	189
943	168
944	213
945	256
946	284
947	263
948	345
949	330
950	329
951	380
952	413
953	409
954	398
955	430
956	375
957	361
958	329
959	296
960	230
961	259
962	215
963	177
964	169
965	154
966	146
967	156
968	123
969	114
970	138
971	119
972	136
973	138
974	121
975	121
976	120
977	109
978	144
979	104
980	122
981	119
982	136
983	123
984	123
985	105
986	134
987	143
988	123
989	154
990	144
991	144
992	139
993	146
994	155
995	146
996	133
997	157
998	165
999	158
1000	168
1001	161
1002	133
1003	150
1004	178
1005	149
1006	187
1007	144
1008	161
1009	173
1010	182
1011	145
1012	133
1013	152
1014	137
1015	137
1016	130
1017	124
1018	122
1019	121
1020	110
1021	121
1022	119
1023	112
1024	91
