Date:	09/05/2018		Time:	10:44		Version no:	0.00		Project name:	55		Sample name:	222		Section name:	section		Position	202.800034	mm	E0	0.000000	keV	E1	1.000000	keV/channel	sample surface	5.992437	cm	Tube anode:	Mo		Tube voltage:	30	kV	Tube current:	50	mA	gain	10		std. database			resultfile	result		matrix element	11		sample thickness	1.000000		air passage	0.560000	cm	comments	in position		peaking_time	2.200000	m-sec	trigger_threshold	547.363281	V	mca_bin_width	22.090000	no:	number_mca_channels	1024.000000	no:	gap_time	0.150000	m-sec	trigger_peaking_time	0.200000	m-sec	GAINDAC	18610		HIGHGAIN	1		TAURC	1		RCTAU	1		RCTAUFRAC	1		livetime	9.403472	seconds	runtime	10.000491	seconds	input_count_rate	25390.089958	cps	output_count_rate	20567.989700	cps	triggers	238755	seconds	events_in_run	205690	seconds	channel	content		1	0
2	0
3	0
4	0
5	0
6	0
7	0
8	0
9	0
10	0
11	0
12	0
13	0
14	0
15	0
16	0
17	0
18	0
19	0
20	0
21	0
22	0
23	0
24	0
25	0
26	0
27	0
28	0
29	0
30	0
31	25
32	15
33	19
34	17
35	8
36	18
37	17
38	14
39	14
40	11
41	15
42	19
43	22
44	12
45	16
46	13
47	17
48	15
49	9
50	13
51	14
52	15
53	18
54	15
55	20
56	10
57	13
58	19
59	10
60	5
61	16
62	18
63	9
64	13
65	9
66	13
67	11
68	8
69	12
70	6
71	10
72	6
73	10
74	18
75	5
76	6
77	6
78	11
79	9
80	11
81	14
82	10
83	13
84	12
85	7
86	8
87	13
88	11
89	8
90	6
91	9
92	9
93	13
94	14
95	23
96	11
97	26
98	20
99	12
100	9
101	6
102	6
103	8
104	9
105	8
106	9
107	10
108	10
109	6
110	8
111	6
112	6
113	5
114	9
115	6
116	3
117	1
118	4
119	7
120	3
121	4
122	10
123	4
124	10
125	0
126	12
127	3
128	2
129	8
130	1
131	5
132	4
133	4
134	5
135	2
136	0
137	4
138	9
139	5
140	1
141	3
142	2
143	1
144	5
145	10
146	6
147	6
148	2
149	7
150	6
151	3
152	7
153	5
154	6
155	5
156	12
157	3
158	7
159	15
160	11
161	27
162	23
163	25
164	30
165	18
166	13
167	23
168	5
169	6
170	9
171	8
172	6
173	5
174	11
175	6
176	6
177	15
178	18
179	13
180	20
181	18
182	31
183	29
184	24
185	14
186	21
187	13
188	3
189	3
190	7
191	6
192	6
193	9
194	11
195	19
196	40
197	66
198	105
199	169
200	227
201	364
202	443
203	447
204	473
205	378
206	267
207	171
208	98
209	41
210	45
211	22
212	12
213	11
214	14
215	25
216	33
217	39
218	54
219	72
220	74
221	72
222	50
223	53
224	40
225	25
226	23
227	10
228	6
229	7
230	6
231	8
232	3
233	4
234	8
235	6
236	6
237	3
238	7
239	9
240	22
241	32
242	39
243	86
244	154
245	173
246	184
247	202
248	211
249	194
250	172
251	146
252	101
253	83
254	67
255	50
256	30
257	31
258	30
259	15
260	17
261	15
262	13
263	10
264	16
265	15
266	23
267	32
268	40
269	54
270	63
271	48
272	51
273	52
274	29
275	28
276	18
277	16
278	12
279	11
280	14
281	10
282	9
283	11
284	15
285	12
286	11
287	18
288	15
289	12
290	12
291	16
292	16
293	25
294	18
295	10
296	18
297	23
298	27
299	21
300	11
301	18
302	16
303	23
304	18
305	23
306	15
307	15
308	11
309	12
310	15
311	24
312	6
313	12
314	16
315	21
316	25
317	34
318	57
319	70
320	108
321	118
322	131
323	140
324	137
325	128
326	92
327	73
328	69
329	48
330	40
331	24
332	31
333	31
334	26
335	34
336	27
337	36
338	51
339	71
340	112
341	232
342	368
343	708
344	1220
345	1996
346	3126
347	4548
348	5793
349	7116
350	8022
351	8138
352	7687
353	6846
354	5368
355	4111
356	2703
357	1755
358	1077
359	585
360	294
361	168
362	79
363	69
364	43
365	46
366	27
367	41
368	46
369	41
370	57
371	52
372	50
373	57
374	51
375	70
376	78
377	101
378	144
379	221
380	342
381	502
382	652
383	845
384	1000
385	1257
386	1389
387	1369
388	1263
389	1097
390	931
391	665
392	471
393	290
394	211
395	114
396	75
397	50
398	44
399	40
400	32
401	28
402	25
403	39
404	27
405	29
406	49
407	37
408	44
409	40
410	42
411	42
412	37
413	42
414	40
415	34
416	29
417	36
418	35
419	30
420	37
421	29
422	28
423	34
424	27
425	27
426	31
427	32
428	29
429	39
430	45
431	35
432	38
433	36
434	47
435	47
436	69
437	56
438	70
439	77
440	60
441	79
442	66
443	82
444	71
445	63
446	75
447	72
448	61
449	60
450	61
451	65
452	69
453	76
454	76
455	84
456	73
457	87
458	107
459	88
460	94
461	91
462	78
463	72
464	56
465	64
466	58
467	66
468	60
469	51
470	69
471	66
472	66
473	65
474	71
475	72
476	69
477	57
478	59
479	49
480	69
481	61
482	59
483	55
484	74
485	54
486	67
487	55
488	68
489	64
490	73
491	59
492	62
493	54
494	57
495	57
496	72
497	53
498	76
499	70
500	68
501	65
502	65
503	77
504	70
505	75
506	83
507	84
508	73
509	76
510	66
511	84
512	90
513	84
514	69
515	88
516	72
517	78
518	87
519	77
520	79
521	87
522	93
523	91
524	98
525	70
526	110
527	117
528	112
529	92
530	110
531	103
532	97
533	97
534	95
535	83
536	88
537	93
538	91
539	98
540	88
541	79
542	78
543	96
544	79
545	97
546	95
547	91
548	93
549	79
550	67
551	78
552	80
553	90
554	65
555	86
556	80
557	86
558	84
559	71
560	79
561	78
562	82
563	86
564	89
565	73
566	88
567	105
568	69
569	84
570	81
571	82
572	82
573	89
574	77
575	86
576	73
577	92
578	85
579	89
580	93
581	94
582	93
583	88
584	86
585	81
586	87
587	88
588	84
589	96
590	104
591	86
592	84
593	80
594	81
595	80
596	89
597	109
598	93
599	112
600	109
601	97
602	88
603	92
604	75
605	114
606	103
607	105
608	95
609	81
610	100
611	100
612	123
613	96
614	95
615	110
616	133
617	108
618	90
619	95
620	108
621	111
622	111
623	98
624	115
625	112
626	105
627	89
628	107
629	89
630	97
631	119
632	114
633	91
634	109
635	111
636	94
637	94
638	107
639	107
640	98
641	108
642	104
643	101
644	126
645	103
646	113
647	83
648	111
649	116
650	96
651	110
652	83
653	115
654	103
655	102
656	122
657	104
658	100
659	87
660	106
661	112
662	100
663	110
664	129
665	98
666	123
667	106
668	110
669	114
670	116
671	113
672	129
673	107
674	114
675	119
676	106
677	105
678	118
679	124
680	145
681	129
682	107
683	104
684	123
685	121
686	117
687	131
688	143
689	117
690	127
691	123
692	102
693	137
694	153
695	124
696	133
697	109
698	134
699	145
700	142
701	129
702	147
703	127
704	126
705	142
706	127
707	138
708	134
709	113
710	127
711	139
712	147
713	140
714	112
715	132
716	139
717	154
718	110
719	136
720	110
721	122
722	132
723	151
724	142
725	128
726	139
727	139
728	121
729	126
730	138
731	152
732	128
733	142
734	133
735	156
736	129
737	131
738	124
739	139
740	151
741	127
742	124
743	134
744	140
745	135
746	136
747	146
748	140
749	126
750	152
751	135
752	147
753	174
754	141
755	141
756	127
757	122
758	142
759	133
760	156
761	129
762	152
763	149
764	160
765	211
766	181
767	200
768	229
769	231
770	266
771	252
772	270
773	275
774	294
775	290
776	277
777	260
778	229
779	222
780	209
781	195
782	172
783	163
784	145
785	142
786	176
787	155
788	134
789	158
790	125
791	145
792	143
793	135
794	144
795	149
796	143
797	144
798	130
799	138
800	140
801	141
802	141
803	144
804	143
805	113
806	134
807	147
808	148
809	152
810	163
811	146
812	140
813	148
814	169
815	145
816	167
817	135
818	166
819	149
820	150
821	151
822	144
823	159
824	135
825	179
826	155
827	161
828	139
829	149
830	144
831	128
832	135
833	139
834	167
835	170
836	178
837	187
838	155
839	141
840	148
841	155
842	153
843	157
844	155
845	134
846	169
847	157
848	150
849	144
850	160
851	188
852	168
853	180
854	180
855	163
856	186
857	197
858	189
859	223
860	209
861	206
862	233
863	238
864	230
865	237
866	255
867	239
868	218
869	220
870	216
871	213
872	197
873	213
874	237
875	234
876	261
877	241
878	266
879	263
880	261
881	321
882	277
883	317
884	340
885	349
886	366
887	392
888	429
889	416
890	503
891	500
892	468
893	523
894	553
895	595
896	561
897	566
898	602
899	639
900	569
901	569
902	512
903	589
904	566
905	540
906	537
907	505
908	517
909	477
910	441
911	459
912	456
913	425
914	387
915	355
916	338
917	325
918	329
919	314
920	287
921	293
922	280
923	280
924	239
925	236
926	244
927	243
928	206
929	198
930	198
931	194
932	168
933	173
934	152
935	158
936	159
937	153
938	195
939	164
940	211
941	172
942	176
943	256
944	237
945	272
946	293
947	326
948	329
949	343
950	373
951	374
952	400
953	439
954	429
955	417
956	423
957	379
958	373
959	333
960	309
961	271
962	231
963	203
964	210
965	193
966	157
967	143
968	136
969	134
970	136
971	125
972	123
973	117
974	131
975	137
976	122
977	138
978	124
979	145
980	136
981	136
982	164
983	128
984	159
985	135
986	180
987	155
988	162
989	148
990	171
991	158
992	165
993	162
994	170
995	188
996	178
997	162
998	183
999	179
1000	189
1001	174
1002	182
1003	172
1004	173
1005	175
1006	188
1007	166
1008	190
1009	201
1010	186
1011	186
1012	180
1013	176
1014	161
1015	140
1016	153
1017	135
1018	163
1019	138
1020	129
1021	126
1022	112
1023	126
1024	124
