Date:	09/05/2018		Time:	11:21		Version no:	0.00		Project name:	55		Sample name:	222		Section name:	section		Position	241.600037	mm	E0	0.000000	keV	E1	1.000000	keV/channel	sample surface	6.125680	cm	Tube anode:	Mo		Tube voltage:	30	kV	Tube current:	50	mA	gain	10		std. database			resultfile	result		matrix element	11		sample thickness	1.000000		air passage	0.560000	cm	comments	in position		peaking_time	2.200000	m-sec	trigger_threshold	547.363281	V	mca_bin_width	22.090000	no:	number_mca_channels	1024.000000	no:	gap_time	0.150000	m-sec	trigger_peaking_time	0.200000	m-sec	GAINDAC	18610		HIGHGAIN	1		TAURC	1		RCTAU	1		RCTAUFRAC	1		livetime	9.466910	seconds	runtime	10.000490	seconds	input_count_rate	22746.282483	cps	output_count_rate	18816.978721	cps	triggers	215337	seconds	events_in_run	188179	seconds	channel	content		1	0
2	0
3	0
4	0
5	0
6	0
7	0
8	0
9	0
10	0
11	0
12	0
13	0
14	0
15	0
16	0
17	0
18	0
19	0
20	0
21	0
22	0
23	0
24	0
25	0
26	0
27	0
28	0
29	0
30	0
31	18
32	15
33	22
34	12
35	12
36	14
37	10
38	11
39	10
40	12
41	10
42	10
43	13
44	10
45	16
46	9
47	16
48	14
49	13
50	11
51	3
52	9
53	12
54	14
55	13
56	6
57	16
58	13
59	12
60	9
61	14
62	7
63	9
64	11
65	11
66	9
67	6
68	7
69	10
70	9
71	10
72	4
73	11
74	3
75	3
76	5
77	7
78	11
79	6
80	11
81	9
82	13
83	12
84	12
85	8
86	4
87	5
88	6
89	5
90	3
91	6
92	14
93	10
94	6
95	15
96	16
97	18
98	13
99	13
100	7
101	5
102	6
103	7
104	4
105	8
106	4
107	9
108	10
109	14
110	2
111	13
112	6
113	8
114	10
115	11
116	4
117	4
118	4
119	6
120	2
121	3
122	2
123	3
124	8
125	2
126	7
127	4
128	8
129	5
130	2
131	5
132	3
133	2
134	4
135	4
136	3
137	3
138	3
139	1
140	3
141	2
142	4
143	8
144	2
145	4
146	3
147	4
148	5
149	6
150	6
151	6
152	4
153	4
154	3
155	4
156	7
157	8
158	6
159	10
160	25
161	20
162	31
163	18
164	24
165	20
166	19
167	9
168	7
169	2
170	2
171	3
172	5
173	1
174	6
175	8
176	11
177	17
178	9
179	12
180	18
181	30
182	25
183	29
184	20
185	17
186	12
187	8
188	5
189	4
190	3
191	6
192	6
193	6
194	14
195	16
196	31
197	60
198	113
199	152
200	239
201	321
202	384
203	415
204	384
205	304
206	219
207	175
208	99
209	56
210	25
211	10
212	5
213	10
214	14
215	17
216	27
217	38
218	60
219	69
220	89
221	56
222	63
223	60
224	30
225	28
226	19
227	13
228	6
229	3
230	9
231	6
232	4
233	5
234	6
235	2
236	7
237	5
238	4
239	7
240	15
241	26
242	44
243	71
244	95
245	126
246	168
247	195
248	189
249	186
250	142
251	132
252	102
253	85
254	49
255	33
256	30
257	45
258	32
259	27
260	19
261	15
262	10
263	9
264	15
265	22
266	24
267	33
268	40
269	43
270	52
271	53
272	68
273	45
274	35
275	33
276	12
277	20
278	9
279	18
280	9
281	14
282	7
283	19
284	11
285	16
286	8
287	16
288	13
289	24
290	13
291	12
292	20
293	14
294	17
295	26
296	9
297	17
298	23
299	19
300	20
301	9
302	13
303	16
304	19
305	9
306	8
307	12
308	16
309	13
310	16
311	11
312	17
313	23
314	18
315	16
316	28
317	26
318	43
319	57
320	65
321	94
322	101
323	95
324	89
325	87
326	87
327	62
328	43
329	43
330	42
331	31
332	27
333	26
334	17
335	31
336	36
337	37
338	44
339	56
340	102
341	186
342	366
343	683
344	1145
345	1969
346	2895
347	4207
348	5375
349	6426
350	7458
351	7716
352	7264
353	6258
354	5088
355	3915
356	2615
357	1683
358	1025
359	553
360	302
361	160
362	95
363	68
364	57
365	49
366	40
367	39
368	36
369	53
370	51
371	48
372	49
373	51
374	52
375	69
376	96
377	97
378	142
379	206
380	307
381	426
382	589
383	777
384	1015
385	1157
386	1218
387	1251
388	1140
389	1084
390	839
391	678
392	454
393	290
394	190
395	105
396	82
397	48
398	36
399	29
400	25
401	32
402	31
403	36
404	30
405	20
406	33
407	46
408	41
409	36
410	43
411	43
412	41
413	38
414	31
415	29
416	39
417	31
418	38
419	32
420	31
421	29
422	32
423	38
424	34
425	35
426	28
427	41
428	38
429	44
430	38
431	30
432	44
433	32
434	49
435	44
436	52
437	62
438	56
439	59
440	80
441	60
442	94
443	79
444	64
445	70
446	67
447	57
448	47
449	69
450	55
451	74
452	65
453	69
454	65
455	81
456	65
457	85
458	87
459	95
460	69
461	99
462	78
463	82
464	66
465	59
466	53
467	66
468	67
469	54
470	48
471	63
472	77
473	75
474	72
475	63
476	62
477	69
478	50
479	61
480	56
481	47
482	53
483	58
484	51
485	58
486	58
487	71
488	70
489	53
490	48
491	65
492	60
493	61
494	49
495	49
496	65
497	64
498	74
499	78
500	65
501	70
502	80
503	97
504	74
505	75
506	72
507	71
508	71
509	85
510	84
511	76
512	82
513	78
514	82
515	84
516	76
517	90
518	77
519	79
520	81
521	86
522	84
523	80
524	89
525	89
526	123
527	88
528	97
529	97
530	96
531	92
532	91
533	93
534	91
535	75
536	93
537	75
538	85
539	78
540	83
541	91
542	78
543	76
544	87
545	86
546	80
547	65
548	76
549	77
550	75
551	75
552	76
553	84
554	65
555	63
556	68
557	87
558	62
559	86
560	68
561	85
562	90
563	76
564	70
565	93
566	76
567	61
568	82
569	82
570	77
571	86
572	90
573	75
574	74
575	79
576	76
577	95
578	68
579	81
580	82
581	81
582	78
583	93
584	73
585	69
586	63
587	94
588	74
589	77
590	88
591	85
592	84
593	82
594	103
595	95
596	93
597	96
598	92
599	91
600	93
601	100
602	80
603	88
604	95
605	86
606	109
607	99
608	86
609	102
610	97
611	103
612	100
613	100
614	97
615	91
616	105
617	100
618	99
619	100
620	105
621	96
622	96
623	90
624	91
625	75
626	80
627	89
628	82
629	105
630	94
631	97
632	103
633	111
634	109
635	85
636	98
637	106
638	91
639	100
640	91
641	85
642	98
643	109
644	118
645	98
646	84
647	103
648	103
649	89
650	116
651	78
652	85
653	109
654	106
655	120
656	119
657	105
658	105
659	108
660	83
661	103
662	90
663	96
664	101
665	99
666	100
667	95
668	112
669	106
670	91
671	112
672	90
673	119
674	107
675	110
676	106
677	90
678	100
679	99
680	103
681	116
682	111
683	96
684	120
685	108
686	132
687	123
688	122
689	98
690	110
691	110
692	121
693	115
694	125
695	122
696	123
697	112
698	115
699	106
700	118
701	116
702	123
703	122
704	124
705	112
706	126
707	115
708	117
709	100
710	104
711	125
712	117
713	113
714	96
715	111
716	104
717	112
718	114
719	116
720	115
721	129
722	106
723	145
724	140
725	111
726	120
727	116
728	125
729	119
730	114
731	121
732	107
733	124
734	110
735	126
736	133
737	107
738	132
739	125
740	127
741	133
742	124
743	127
744	126
745	107
746	129
747	139
748	125
749	140
750	121
751	115
752	119
753	118
754	148
755	100
756	112
757	116
758	135
759	119
760	147
761	131
762	160
763	120
764	158
765	175
766	203
767	241
768	269
769	280
770	309
771	299
772	319
773	344
774	352
775	345
776	306
777	290
778	227
779	244
780	218
781	194
782	169
783	160
784	145
785	130
786	124
787	137
788	132
789	114
790	126
791	131
792	129
793	119
794	130
795	119
796	114
797	116
798	113
799	136
800	142
801	133
802	116
803	107
804	112
805	131
806	110
807	144
808	134
809	119
810	129
811	130
812	144
813	130
814	136
815	127
816	155
817	140
818	121
819	124
820	141
821	130
822	140
823	137
824	120
825	106
826	130
827	146
828	147
829	120
830	110
831	119
832	154
833	129
834	119
835	132
836	124
837	135
838	134
839	132
840	137
841	125
842	131
843	132
844	129
845	154
846	114
847	138
848	125
849	131
850	130
851	146
852	145
853	164
854	176
855	143
856	153
857	171
858	164
859	192
860	213
861	175
862	185
863	219
864	198
865	229
866	202
867	185
868	215
869	216
870	187
871	185
872	197
873	201
874	206
875	193
876	209
877	213
878	224
879	230
880	232
881	259
882	265
883	269
884	290
885	301
886	296
887	349
888	350
889	341
890	381
891	425
892	408
893	456
894	472
895	436
896	482
897	481
898	482
899	489
900	479
901	492
902	477
903	501
904	504
905	536
906	464
907	450
908	410
909	462
910	387
911	377
912	374
913	333
914	353
915	336
916	297
917	318
918	267
919	256
920	288
921	257
922	254
923	228
924	205
925	212
926	184
927	202
928	196
929	176
930	174
931	149
932	152
933	171
934	163
935	183
936	135
937	165
938	161
939	162
940	173
941	177
942	194
943	209
944	228
945	191
946	261
947	294
948	308
949	337
950	346
951	387
952	353
953	371
954	391
955	382
956	356
957	332
958	330
959	293
960	265
961	240
962	223
963	188
964	157
965	128
966	148
967	124
968	125
969	117
970	140
971	109
972	98
973	119
974	109
975	112
976	120
977	91
978	112
979	106
980	109
981	120
982	132
983	129
984	117
985	145
986	134
987	134
988	126
989	133
990	132
991	133
992	156
993	133
994	149
995	131
996	134
997	151
998	156
999	131
1000	150
1001	159
1002	165
1003	154
1004	155
1005	145
1006	157
1007	151
1008	147
1009	151
1010	165
1011	161
1012	152
1013	156
1014	137
1015	119
1016	134
1017	124
1018	146
1019	111
1020	109
1021	91
1022	128
1023	104
1024	122
