Date:	09/05/2018		Time:	09:45		Version no:	0.00		Project name:	55		Sample name:	222		Section name:	section		Position	141.400024	mm	E0	0.000000	keV	E1	1.000000	keV/channel	sample surface	6.446051	cm	Tube anode:	Mo		Tube voltage:	30	kV	Tube current:	50	mA	gain	10		std. database			resultfile	result		matrix element	11		sample thickness	1.000000		air passage	0.560000	cm	comments	in position		peaking_time	2.200000	m-sec	trigger_threshold	547.363281	V	mca_bin_width	22.090000	no:	number_mca_channels	1024.000000	no:	gap_time	0.150000	m-sec	trigger_peaking_time	0.200000	m-sec	GAINDAC	18610		HIGHGAIN	1		TAURC	1		RCTAU	1		RCTAUFRAC	1		livetime	9.397640	seconds	runtime	10.000493	seconds	input_count_rate	27122.341354	cps	output_count_rate	21855.422965	cps	triggers	254886	seconds	events_in_run	218565	seconds	channel	content		1	0
2	0
3	0
4	0
5	0
6	0
7	0
8	0
9	0
10	0
11	0
12	0
13	0
14	0
15	0
16	0
17	0
18	0
19	0
20	0
21	0
22	0
23	0
24	0
25	0
26	0
27	0
28	0
29	0
30	0
31	18
32	12
33	16
34	9
35	10
36	12
37	13
38	10
39	13
40	9
41	14
42	14
43	14
44	8
45	21
46	16
47	7
48	10
49	22
50	20
51	14
52	11
53	12
54	14
55	9
56	14
57	6
58	12
59	15
60	11
61	6
62	12
63	9
64	10
65	9
66	8
67	15
68	8
69	6
70	5
71	9
72	5
73	10
74	7
75	4
76	6
77	6
78	10
79	5
80	12
81	16
82	13
83	10
84	15
85	6
86	10
87	10
88	10
89	5
90	1
91	7
92	4
93	11
94	14
95	15
96	25
97	18
98	16
99	22
100	7
101	8
102	6
103	6
104	6
105	10
106	16
107	9
108	9
109	12
110	12
111	7
112	5
113	1
114	2
115	9
116	10
117	6
118	2
119	6
120	2
121	6
122	6
123	3
124	6
125	3
126	3
127	3
128	4
129	5
130	3
131	2
132	3
133	6
134	2
135	4
136	2
137	4
138	2
139	2
140	3
141	4
142	6
143	4
144	2
145	8
146	8
147	4
148	3
149	6
150	3
151	7
152	2
153	4
154	4
155	3
156	13
157	4
158	8
159	16
160	15
161	28
162	30
163	28
164	27
165	21
166	20
167	4
168	12
169	3
170	2
171	5
172	3
173	3
174	4
175	5
176	9
177	5
178	8
179	12
180	17
181	25
182	19
183	17
184	19
185	13
186	12
187	4
188	5
189	1
190	4
191	4
192	2
193	6
194	11
195	15
196	29
197	44
198	107
199	191
200	277
201	344
202	365
203	388
204	383
205	354
206	218
207	155
208	79
209	63
210	34
211	18
212	10
213	9
214	13
215	17
216	23
217	49
218	45
219	56
220	62
221	74
222	64
223	61
224	44
225	27
226	20
227	6
228	3
229	9
230	6
231	5
232	5
233	4
234	7
235	3
236	5
237	10
238	17
239	12
240	10
241	31
242	57
243	79
244	108
245	138
246	196
247	227
248	212
249	200
250	159
251	125
252	106
253	87
254	63
255	59
256	46
257	46
258	32
259	31
260	15
261	23
262	19
263	11
264	23
265	21
266	19
267	31
268	40
269	47
270	62
271	41
272	52
273	58
274	37
275	25
276	35
277	18
278	14
279	16
280	15
281	11
282	12
283	10
284	8
285	12
286	13
287	4
288	22
289	15
290	17
291	19
292	19
293	16
294	20
295	18
296	19
297	20
298	25
299	18
300	22
301	18
302	17
303	13
304	16
305	16
306	16
307	15
308	17
309	18
310	16
311	12
312	15
313	22
314	16
315	25
316	35
317	64
318	68
319	133
320	156
321	191
322	247
323	244
324	216
325	218
326	155
327	132
328	110
329	82
330	59
331	40
332	25
333	35
334	32
335	56
336	47
337	52
338	58
339	82
340	127
341	253
342	482
343	896
344	1574
345	2707
346	4069
347	5924
348	7719
349	9231
350	10434
351	10638
352	10173
353	8665
354	7112
355	5153
356	3561
357	2316
358	1337
359	695
360	420
361	195
362	105
363	70
364	41
365	48
366	43
367	43
368	42
369	48
370	46
371	50
372	53
373	58
374	65
375	87
376	97
377	129
378	196
379	241
380	425
381	599
382	829
383	1109
384	1427
385	1579
386	1767
387	1738
388	1627
389	1342
390	1098
391	820
392	613
393	377
394	238
395	139
396	78
397	57
398	38
399	31
400	21
401	35
402	24
403	23
404	30
405	29
406	42
407	34
408	31
409	42
410	28
411	40
412	37
413	40
414	32
415	29
416	31
417	22
418	28
419	31
420	33
421	31
422	31
423	28
424	21
425	28
426	40
427	27
428	31
429	38
430	31
431	36
432	38
433	42
434	40
435	48
436	45
437	40
438	66
439	56
440	66
441	61
442	59
443	67
444	53
445	69
446	64
447	70
448	62
449	54
450	56
451	61
452	56
453	74
454	67
455	74
456	73
457	68
458	96
459	82
460	85
461	84
462	67
463	51
464	61
465	49
466	67
467	53
468	56
469	53
470	54
471	60
472	63
473	69
474	66
475	61
476	70
477	62
478	60
479	55
480	40
481	48
482	50
483	59
484	44
485	53
486	38
487	62
488	66
489	47
490	60
491	53
492	60
493	46
494	66
495	66
496	55
497	53
498	62
499	67
500	49
501	57
502	60
503	75
504	53
505	80
506	70
507	71
508	75
509	80
510	54
511	67
512	66
513	80
514	91
515	85
516	68
517	95
518	87
519	70
520	84
521	76
522	109
523	83
524	87
525	77
526	86
527	94
528	95
529	82
530	80
531	86
532	87
533	81
534	86
535	85
536	79
537	71
538	70
539	77
540	86
541	91
542	85
543	82
544	76
545	74
546	61
547	69
548	92
549	81
550	80
551	64
552	62
553	82
554	81
555	86
556	81
557	55
558	72
559	76
560	70
561	66
562	73
563	89
564	66
565	62
566	71
567	64
568	87
569	76
570	87
571	96
572	72
573	69
574	82
575	84
576	63
577	67
578	86
579	72
580	76
581	69
582	71
583	81
584	89
585	66
586	85
587	80
588	86
589	81
590	75
591	64
592	69
593	104
594	99
595	104
596	95
597	102
598	88
599	85
600	90
601	87
602	74
603	80
604	85
605	96
606	99
607	106
608	90
609	88
610	93
611	79
612	104
613	77
614	98
615	108
616	83
617	111
618	113
619	112
620	98
621	84
622	84
623	76
624	92
625	81
626	89
627	95
628	89
629	105
630	99
631	90
632	107
633	122
634	78
635	86
636	96
637	101
638	113
639	106
640	110
641	99
642	106
643	114
644	106
645	110
646	116
647	108
648	99
649	91
650	99
651	99
652	129
653	104
654	106
655	112
656	102
657	100
658	91
659	96
660	75
661	124
662	100
663	87
664	102
665	119
666	117
667	101
668	117
669	100
670	104
671	109
672	89
673	96
674	110
675	94
676	99
677	103
678	116
679	104
680	122
681	98
682	110
683	85
684	109
685	120
686	100
687	96
688	105
689	105
690	102
691	96
692	102
693	117
694	106
695	108
696	117
697	123
698	122
699	125
700	119
701	123
702	123
703	127
704	133
705	137
706	147
707	128
708	126
709	123
710	116
711	131
712	106
713	127
714	124
715	118
716	119
717	105
718	122
719	113
720	98
721	117
722	142
723	133
724	121
725	99
726	114
727	118
728	98
729	128
730	118
731	132
732	114
733	114
734	146
735	131
736	121
737	126
738	119
739	136
740	116
741	138
742	127
743	122
744	126
745	141
746	120
747	124
748	114
749	126
750	136
751	110
752	123
753	124
754	120
755	135
756	110
757	142
758	128
759	111
760	134
761	129
762	139
763	123
764	154
765	156
766	164
767	166
768	179
769	211
770	220
771	249
772	233
773	264
774	219
775	215
776	214
777	194
778	206
779	214
780	170
781	186
782	153
783	141
784	145
785	142
786	139
787	136
788	123
789	126
790	133
791	137
792	120
793	123
794	147
795	115
796	113
797	118
798	124
799	126
800	125
801	116
802	120
803	135
804	112
805	121
806	104
807	112
808	134
809	126
810	116
811	133
812	134
813	139
814	135
815	145
816	136
817	113
818	155
819	130
820	147
821	128
822	139
823	139
824	142
825	123
826	133
827	135
828	112
829	121
830	89
831	135
832	144
833	141
834	128
835	136
836	137
837	145
838	116
839	121
840	134
841	114
842	135
843	143
844	128
845	143
846	153
847	115
848	154
849	160
850	146
851	159
852	144
853	137
854	143
855	161
856	132
857	155
858	159
859	175
860	150
861	183
862	188
863	192
864	194
865	218
866	194
867	203
868	190
869	177
870	179
871	198
872	203
873	187
874	183
875	208
876	194
877	199
878	229
879	237
880	261
881	261
882	271
883	279
884	336
885	319
886	319
887	325
888	362
889	380
890	377
891	420
892	391
893	431
894	474
895	444
896	502
897	469
898	479
899	540
900	526
901	515
902	529
903	541
904	515
905	477
906	476
907	454
908	441
909	433
910	413
911	380
912	394
913	352
914	342
915	325
916	323
917	295
918	292
919	246
920	234
921	243
922	231
923	196
924	200
925	203
926	156
927	207
928	168
929	176
930	162
931	153
932	177
933	155
934	144
935	147
936	149
937	150
938	149
939	143
940	157
941	154
942	193
943	196
944	201
945	250
946	250
947	297
948	324
949	343
950	376
951	395
952	400
953	384
954	360
955	380
956	406
957	348
958	333
959	290
960	281
961	272
962	200
963	174
964	175
965	147
966	164
967	132
968	101
969	132
970	116
971	119
972	92
973	112
974	121
975	115
976	113
977	99
978	127
979	129
980	105
981	134
982	134
983	143
984	126
985	129
986	134
987	142
988	127
989	142
990	129
991	160
992	126
993	127
994	144
995	145
996	133
997	149
998	145
999	149
1000	156
1001	167
1002	167
1003	155
1004	136
1005	151
1006	165
1007	171
1008	153
1009	123
1010	137
1011	162
1012	162
1013	143
1014	140
1015	160
1016	139
1017	137
1018	118
1019	129
1020	114
1021	101
1022	116
1023	102
1024	114
