Date:	09/05/2018		Time:	09:45		Version no:	0.00		Project name:	55		Sample name:	222		Section name:	section		Position	140.800034	mm	E0	0.000000	keV	E1	1.000000	keV/channel	sample surface	6.447455	cm	Tube anode:	Mo		Tube voltage:	30	kV	Tube current:	50	mA	gain	10		std. database			resultfile	result		matrix element	11		sample thickness	1.000000		air passage	0.560000	cm	comments	in position		peaking_time	2.200000	m-sec	trigger_threshold	547.363281	V	mca_bin_width	22.090000	no:	number_mca_channels	1024.000000	no:	gap_time	0.150000	m-sec	trigger_peaking_time	0.200000	m-sec	GAINDAC	18610		HIGHGAIN	1		TAURC	1		RCTAU	1		RCTAUFRAC	1		livetime	9.413715	seconds	runtime	10.000490	seconds	input_count_rate	26104.252655	cps	output_count_rate	21172.161717	cps	triggers	245738	seconds	events_in_run	211732	seconds	channel	content		1	0
2	0
3	0
4	0
5	0
6	0
7	0
8	0
9	0
10	0
11	0
12	0
13	0
14	0
15	0
16	0
17	0
18	0
19	0
20	0
21	0
22	0
23	0
24	0
25	0
26	0
27	0
28	0
29	0
30	0
31	15
32	11
33	14
34	12
35	17
36	16
37	13
38	8
39	15
40	13
41	13
42	13
43	10
44	20
45	7
46	13
47	11
48	9
49	12
50	17
51	18
52	9
53	10
54	14
55	16
56	7
57	10
58	19
59	10
60	5
61	14
62	10
63	10
64	8
65	14
66	13
67	15
68	13
69	10
70	6
71	8
72	6
73	7
74	12
75	6
76	7
77	9
78	13
79	10
80	7
81	13
82	8
83	16
84	12
85	11
86	8
87	2
88	2
89	5
90	4
91	4
92	7
93	5
94	21
95	12
96	19
97	19
98	15
99	13
100	9
101	6
102	7
103	6
104	7
105	11
106	8
107	10
108	15
109	7
110	9
111	4
112	2
113	10
114	5
115	9
116	3
117	10
118	6
119	10
120	2
121	7
122	5
123	2
124	8
125	6
126	8
127	7
128	6
129	3
130	5
131	6
132	4
133	4
134	1
135	2
136	4
137	0
138	3
139	7
140	4
141	7
142	3
143	2
144	2
145	4
146	3
147	4
148	2
149	3
150	6
151	6
152	7
153	3
154	6
155	2
156	5
157	8
158	10
159	14
160	25
161	28
162	19
163	28
164	25
165	20
166	14
167	12
168	7
169	7
170	5
171	11
172	4
173	4
174	2
175	8
176	4
177	13
178	10
179	16
180	15
181	16
182	17
183	18
184	18
185	15
186	14
187	7
188	7
189	7
190	5
191	5
192	10
193	5
194	8
195	16
196	33
197	67
198	96
199	173
200	223
201	307
202	362
203	387
204	365
205	306
206	230
207	151
208	75
209	54
210	16
211	11
212	8
213	10
214	14
215	16
216	21
217	38
218	44
219	60
220	54
221	71
222	53
223	50
224	37
225	29
226	21
227	13
228	2
229	7
230	9
231	9
232	5
233	9
234	4
235	4
236	7
237	5
238	13
239	13
240	11
241	41
242	51
243	83
244	120
245	141
246	179
247	217
248	218
249	218
250	166
251	132
252	93
253	60
254	69
255	55
256	53
257	42
258	47
259	24
260	22
261	21
262	9
263	10
264	17
265	20
266	14
267	29
268	36
269	48
270	68
271	56
272	68
273	53
274	40
275	22
276	21
277	11
278	21
279	11
280	12
281	10
282	11
283	9
284	16
285	14
286	15
287	19
288	15
289	17
290	18
291	21
292	23
293	14
294	10
295	23
296	21
297	22
298	17
299	19
300	16
301	20
302	14
303	11
304	15
305	15
306	23
307	15
308	13
309	17
310	7
311	20
312	21
313	24
314	24
315	29
316	31
317	51
318	89
319	94
320	155
321	171
322	235
323	213
324	253
325	205
326	176
327	110
328	109
329	72
330	52
331	36
332	39
333	34
334	22
335	45
336	30
337	56
338	54
339	95
340	142
341	268
342	456
343	858
344	1496
345	2447
346	3794
347	5529
348	7255
349	8648
350	9663
351	9922
352	9402
353	8140
354	6550
355	4869
356	3365
357	2118
358	1233
359	684
360	373
361	181
362	113
363	73
364	57
365	43
366	31
367	43
368	50
369	38
370	46
371	48
372	62
373	64
374	45
375	77
376	84
377	127
378	170
379	251
380	386
381	599
382	789
383	1040
384	1360
385	1396
386	1712
387	1610
388	1554
389	1319
390	1044
391	772
392	567
393	351
394	237
395	143
396	79
397	59
398	38
399	30
400	28
401	24
402	36
403	27
404	23
405	28
406	30
407	38
408	35
409	36
410	26
411	37
412	31
413	37
414	37
415	34
416	27
417	29
418	21
419	19
420	32
421	30
422	33
423	39
424	27
425	37
426	34
427	31
428	35
429	24
430	41
431	28
432	39
433	36
434	39
435	49
436	46
437	51
438	49
439	55
440	65
441	71
442	63
443	71
444	56
445	71
446	76
447	61
448	58
449	58
450	65
451	65
452	56
453	63
454	79
455	66
456	77
457	66
458	82
459	74
460	73
461	83
462	95
463	61
464	71
465	58
466	39
467	65
468	64
469	55
470	77
471	62
472	55
473	59
474	68
475	50
476	47
477	77
478	54
479	37
480	46
481	60
482	52
483	44
484	41
485	39
486	62
487	70
488	62
489	61
490	45
491	59
492	62
493	52
494	52
495	54
496	65
497	61
498	60
499	56
500	78
501	61
502	58
503	70
504	65
505	74
506	82
507	77
508	79
509	67
510	76
511	61
512	75
513	86
514	89
515	75
516	70
517	66
518	83
519	54
520	85
521	70
522	87
523	90
524	86
525	72
526	87
527	86
528	106
529	79
530	93
531	89
532	73
533	99
534	87
535	84
536	78
537	90
538	76
539	65
540	65
541	73
542	79
543	82
544	81
545	86
546	77
547	100
548	77
549	66
550	88
551	77
552	77
553	78
554	67
555	82
556	82
557	80
558	72
559	66
560	71
561	66
562	72
563	68
564	73
565	71
566	79
567	71
568	81
569	80
570	80
571	61
572	64
573	76
574	80
575	54
576	97
577	67
578	84
579	74
580	86
581	79
582	78
583	82
584	98
585	88
586	87
587	71
588	78
589	90
590	88
591	93
592	87
593	81
594	93
595	81
596	91
597	76
598	97
599	97
600	83
601	88
602	88
603	104
604	87
605	102
606	78
607	73
608	96
609	102
610	90
611	91
612	91
613	112
614	101
615	106
616	94
617	86
618	86
619	79
620	95
621	83
622	92
623	100
624	90
625	100
626	100
627	82
628	80
629	87
630	87
631	110
632	105
633	97
634	105
635	77
636	76
637	97
638	96
639	100
640	94
641	94
642	98
643	103
644	107
645	112
646	92
647	84
648	94
649	97
650	112
651	125
652	91
653	90
654	116
655	80
656	93
657	95
658	106
659	98
660	107
661	85
662	109
663	107
664	96
665	79
666	108
667	101
668	117
669	111
670	93
671	98
672	92
673	103
674	110
675	111
676	113
677	114
678	126
679	109
680	89
681	79
682	92
683	120
684	111
685	115
686	108
687	110
688	126
689	87
690	113
691	94
692	111
693	100
694	118
695	121
696	112
697	125
698	97
699	122
700	115
701	125
702	142
703	124
704	126
705	130
706	118
707	143
708	111
709	110
710	125
711	120
712	132
713	131
714	106
715	121
716	128
717	86
718	119
719	110
720	112
721	125
722	117
723	111
724	121
725	110
726	116
727	116
728	118
729	124
730	139
731	123
732	115
733	123
734	108
735	131
736	128
737	128
738	110
739	125
740	107
741	119
742	119
743	108
744	125
745	125
746	124
747	125
748	126
749	117
750	103
751	105
752	144
753	120
754	116
755	120
756	110
757	133
758	131
759	115
760	117
761	149
762	120
763	139
764	133
765	170
766	161
767	188
768	169
769	224
770	218
771	238
772	252
773	243
774	240
775	263
776	232
777	187
778	222
779	202
780	183
781	136
782	128
783	146
784	150
785	147
786	121
787	110
788	123
789	111
790	116
791	115
792	136
793	106
794	125
795	126
796	111
797	111
798	135
799	125
800	121
801	146
802	129
803	133
804	144
805	120
806	105
807	126
808	130
809	139
810	138
811	136
812	134
813	118
814	129
815	147
816	144
817	121
818	130
819	133
820	138
821	158
822	153
823	144
824	137
825	114
826	134
827	119
828	134
829	137
830	129
831	127
832	141
833	143
834	160
835	138
836	128
837	135
838	142
839	127
840	138
841	126
842	151
843	162
844	148
845	139
846	136
847	131
848	146
849	146
850	176
851	131
852	168
853	161
854	144
855	144
856	138
857	163
858	175
859	157
860	186
861	191
862	166
863	201
864	212
865	198
866	184
867	195
868	186
869	224
870	207
871	180
872	166
873	208
874	210
875	215
876	196
877	232
878	212
879	224
880	224
881	268
882	258
883	301
884	315
885	314
886	336
887	350
888	360
889	403
890	429
891	453
892	440
893	474
894	465
895	507
896	460
897	536
898	522
899	519
900	501
901	508
902	508
903	470
904	482
905	500
906	547
907	496
908	464
909	449
910	417
911	370
912	356
913	367
914	364
915	338
916	294
917	346
918	277
919	277
920	265
921	234
922	238
923	212
924	192
925	224
926	190
927	195
928	206
929	158
930	176
931	165
932	164
933	130
934	151
935	147
936	142
937	147
938	148
939	161
940	148
941	145
942	184
943	199
944	196
945	240
946	228
947	284
948	300
949	309
950	356
951	377
952	350
953	417
954	394
955	364
956	384
957	358
958	325
959	267
960	296
961	242
962	210
963	199
964	161
965	167
966	124
967	132
968	144
969	134
970	116
971	102
972	119
973	115
974	101
975	120
976	126
977	130
978	107
979	137
980	133
981	109
982	117
983	111
984	111
985	120
986	151
987	116
988	120
989	127
990	140
991	137
992	144
993	147
994	144
995	151
996	147
997	143
998	150
999	178
1000	150
1001	170
1002	160
1003	168
1004	157
1005	173
1006	163
1007	167
1008	154
1009	170
1010	146
1011	156
1012	135
1013	143
1014	152
1015	145
1016	136
1017	131
1018	110
1019	125
1020	120
1021	115
1022	103
1023	128
1024	117
