Date:	09/05/2018		Time:	12:16		Version no:	0.00		Project name:	55		Sample name:	222		Section name:	section		Position	299.800018	mm	E0	0.000000	keV	E1	1.000000	keV/channel	sample surface	6.094124	cm	Tube anode:	Mo		Tube voltage:	30	kV	Tube current:	50	mA	gain	10		std. database			resultfile	result		matrix element	11		sample thickness	1.000000		air passage	0.560000	cm	comments	in position		peaking_time	2.200000	m-sec	trigger_threshold	547.363281	V	mca_bin_width	22.090000	no:	number_mca_channels	1024.000000	no:	gap_time	0.150000	m-sec	trigger_peaking_time	0.200000	m-sec	GAINDAC	18610		HIGHGAIN	1		TAURC	1		RCTAU	1		RCTAUFRAC	1		livetime	9.402828	seconds	runtime	10.000492	seconds	input_count_rate	26150.855891	cps	output_count_rate	21149.359452	cps	triggers	245892	seconds	events_in_run	211504	seconds	channel	content		1	0
2	0
3	0
4	0
5	0
6	0
7	0
8	0
9	0
10	0
11	0
12	0
13	0
14	0
15	0
16	0
17	0
18	0
19	0
20	0
21	0
22	0
23	0
24	0
25	0
26	0
27	0
28	0
29	0
30	0
31	17
32	13
33	18
34	16
35	11
36	12
37	8
38	9
39	14
40	16
41	12
42	8
43	7
44	11
45	13
46	16
47	12
48	11
49	10
50	15
51	9
52	14
53	12
54	12
55	9
56	6
57	14
58	12
59	12
60	7
61	11
62	10
63	14
64	11
65	11
66	10
67	8
68	14
69	8
70	2
71	7
72	13
73	14
74	6
75	5
76	3
77	5
78	3
79	11
80	13
81	13
82	6
83	16
84	11
85	12
86	4
87	11
88	5
89	9
90	4
91	6
92	10
93	11
94	17
95	21
96	18
97	13
98	19
99	11
100	15
101	10
102	3
103	8
104	7
105	9
106	10
107	8
108	9
109	9
110	10
111	7
112	7
113	7
114	9
115	2
116	10
117	5
118	10
119	6
120	3
121	6
122	8
123	7
124	9
125	6
126	5
127	5
128	6
129	3
130	7
131	4
132	1
133	5
134	3
135	3
136	2
137	1
138	6
139	7
140	3
141	3
142	7
143	8
144	1
145	2
146	2
147	4
148	3
149	6
150	3
151	6
152	3
153	6
154	8
155	5
156	6
157	8
158	12
159	12
160	14
161	27
162	25
163	25
164	24
165	21
166	19
167	16
168	5
169	4
170	7
171	8
172	3
173	3
174	4
175	4
176	4
177	15
178	15
179	20
180	27
181	19
182	20
183	24
184	17
185	21
186	17
187	5
188	4
189	4
190	5
191	2
192	4
193	10
194	8
195	12
196	29
197	65
198	95
199	177
200	239
201	318
202	412
203	396
204	353
205	315
206	267
207	160
208	78
209	48
210	28
211	13
212	9
213	7
214	17
215	18
216	17
217	34
218	54
219	78
220	69
221	74
222	56
223	50
224	42
225	24
226	15
227	14
228	7
229	6
230	5
231	5
232	6
233	3
234	5
235	5
236	9
237	10
238	7
239	12
240	20
241	34
242	53
243	110
244	122
245	190
246	243
247	254
248	219
249	261
250	222
251	141
252	113
253	103
254	59
255	51
256	46
257	36
258	46
259	26
260	18
261	18
262	14
263	8
264	18
265	20
266	34
267	40
268	54
269	49
270	66
271	80
272	60
273	60
274	42
275	35
276	25
277	19
278	14
279	11
280	15
281	8
282	7
283	5
284	9
285	10
286	12
287	12
288	12
289	12
290	13
291	17
292	17
293	22
294	20
295	20
296	25
297	14
298	17
299	21
300	13
301	15
302	21
303	15
304	10
305	13
306	15
307	10
308	15
309	11
310	20
311	17
312	13
313	13
314	24
315	26
316	23
317	56
318	71
319	87
320	112
321	131
322	194
323	175
324	186
325	184
326	124
327	121
328	69
329	71
330	44
331	37
332	41
333	32
334	34
335	28
336	41
337	55
338	58
339	92
340	139
341	229
342	436
343	812
344	1461
345	2344
346	3632
347	5153
348	6931
349	8415
350	9085
351	9652
352	9087
353	8047
354	6247
355	4824
356	3287
357	2192
358	1273
359	701
360	348
361	221
362	115
363	72
364	43
365	54
366	53
367	37
368	45
369	29
370	32
371	43
372	49
373	50
374	62
375	75
376	90
377	117
378	176
379	254
380	389
381	538
382	722
383	1020
384	1218
385	1423
386	1623
387	1483
388	1474
389	1302
390	1081
391	799
392	559
393	382
394	229
395	136
396	86
397	66
398	27
399	32
400	28
401	37
402	29
403	29
404	31
405	30
406	25
407	26
408	37
409	40
410	32
411	35
412	33
413	40
414	35
415	29
416	30
417	21
418	34
419	33
420	23
421	34
422	31
423	29
424	33
425	23
426	29
427	35
428	36
429	31
430	45
431	41
432	37
433	26
434	34
435	42
436	57
437	52
438	56
439	70
440	46
441	57
442	69
443	66
444	74
445	53
446	52
447	60
448	73
449	51
450	54
451	53
452	57
453	72
454	76
455	70
456	68
457	70
458	87
459	74
460	69
461	82
462	75
463	63
464	58
465	57
466	62
467	58
468	55
469	54
470	54
471	50
472	64
473	68
474	54
475	48
476	64
477	60
478	59
479	66
480	65
481	50
482	38
483	48
484	58
485	47
486	50
487	51
488	58
489	60
490	51
491	42
492	48
493	57
494	59
495	47
496	40
497	46
498	69
499	60
500	46
501	52
502	56
503	63
504	68
505	60
506	68
507	72
508	84
509	66
510	70
511	90
512	84
513	65
514	75
515	76
516	85
517	52
518	82
519	82
520	71
521	59
522	74
523	93
524	91
525	101
526	92
527	84
528	90
529	104
530	90
531	86
532	89
533	87
534	72
535	68
536	80
537	67
538	84
539	79
540	72
541	87
542	85
543	76
544	91
545	76
546	84
547	90
548	89
549	75
550	77
551	64
552	66
553	72
554	78
555	74
556	66
557	76
558	70
559	69
560	69
561	81
562	77
563	73
564	84
565	72
566	71
567	63
568	82
569	76
570	76
571	78
572	84
573	68
574	83
575	70
576	63
577	83
578	67
579	71
580	79
581	85
582	84
583	82
584	77
585	90
586	89
587	84
588	83
589	87
590	86
591	70
592	84
593	83
594	82
595	83
596	82
597	92
598	97
599	101
600	83
601	102
602	94
603	105
604	93
605	88
606	80
607	95
608	88
609	78
610	91
611	94
612	92
613	111
614	86
615	78
616	85
617	111
618	118
619	98
620	106
621	95
622	90
623	108
624	81
625	95
626	95
627	95
628	104
629	69
630	95
631	98
632	84
633	80
634	105
635	92
636	94
637	98
638	83
639	85
640	94
641	100
642	97
643	101
644	112
645	112
646	115
647	103
648	113
649	106
650	100
651	107
652	121
653	104
654	117
655	84
656	137
657	104
658	109
659	100
660	102
661	89
662	96
663	103
664	97
665	79
666	118
667	92
668	107
669	97
670	99
671	112
672	124
673	105
674	101
675	101
676	106
677	106
678	108
679	96
680	109
681	103
682	83
683	134
684	131
685	105
686	94
687	99
688	108
689	101
690	110
691	111
692	105
693	122
694	98
695	111
696	115
697	125
698	105
699	113
700	109
701	129
702	128
703	124
704	106
705	112
706	126
707	103
708	123
709	87
710	113
711	100
712	110
713	119
714	134
715	106
716	111
717	114
718	113
719	121
720	116
721	128
722	110
723	128
724	110
725	142
726	144
727	120
728	108
729	126
730	97
731	129
732	139
733	111
734	122
735	116
736	110
737	139
738	129
739	116
740	98
741	123
742	115
743	114
744	124
745	135
746	123
747	132
748	117
749	115
750	121
751	105
752	111
753	136
754	151
755	141
756	90
757	125
758	121
759	123
760	127
761	137
762	137
763	145
764	147
765	168
766	160
767	203
768	217
769	252
770	253
771	283
772	270
773	318
774	290
775	296
776	280
777	204
778	236
779	222
780	181
781	167
782	163
783	141
784	137
785	125
786	119
787	130
788	108
789	128
790	133
791	112
792	136
793	132
794	112
795	122
796	137
797	136
798	127
799	104
800	110
801	119
802	122
803	120
804	124
805	131
806	127
807	145
808	117
809	118
810	154
811	143
812	154
813	143
814	147
815	133
816	128
817	113
818	134
819	146
820	141
821	136
822	134
823	130
824	148
825	142
826	164
827	129
828	134
829	137
830	136
831	135
832	125
833	143
834	154
835	151
836	137
837	119
838	129
839	154
840	130
841	131
842	144
843	153
844	156
845	172
846	156
847	147
848	150
849	153
850	142
851	169
852	130
853	151
854	162
855	169
856	160
857	173
858	189
859	208
860	200
861	176
862	173
863	203
864	173
865	214
866	241
867	211
868	202
869	207
870	226
871	203
872	173
873	230
874	198
875	231
876	224
877	239
878	264
879	230
880	279
881	277
882	288
883	294
884	309
885	345
886	346
887	370
888	354
889	431
890	386
891	402
892	431
893	467
894	514
895	478
896	503
897	539
898	518
899	539
900	536
901	571
902	554
903	557
904	501
905	492
906	530
907	458
908	460
909	467
910	427
911	417
912	368
913	366
914	326
915	342
916	343
917	283
918	280
919	301
920	250
921	237
922	243
923	206
924	222
925	192
926	204
927	203
928	176
929	197
930	200
931	192
932	165
933	182
934	153
935	167
936	147
937	141
938	147
939	146
940	179
941	190
942	190
943	193
944	215
945	270
946	280
947	288
948	301
949	369
950	376
951	407
952	411
953	423
954	416
955	415
956	359
957	352
958	330
959	324
960	269
961	284
962	238
963	210
964	184
965	159
966	140
967	119
968	142
969	136
970	112
971	126
972	102
973	119
974	123
975	129
976	104
977	131
978	121
979	161
980	101
981	124
982	138
983	140
984	117
985	120
986	151
987	135
988	135
989	132
990	157
991	141
992	154
993	140
994	155
995	143
996	169
997	142
998	140
999	176
1000	164
1001	179
1002	161
1003	150
1004	171
1005	182
1006	179
1007	171
1008	161
1009	173
1010	174
1011	172
1012	179
1013	145
1014	137
1015	120
1016	136
1017	136
1018	130
1019	135
1020	129
1021	130
1022	113
1023	113
1024	112
