Date:	09/05/2018		Time:	09:58		Version no:	0.00		Project name:	55		Sample name:	222		Section name:	section		Position	155.000031	mm	E0	0.000000	keV	E1	1.000000	keV/channel	sample surface	6.460298	cm	Tube anode:	Mo		Tube voltage:	30	kV	Tube current:	50	mA	gain	10		std. database			resultfile	result		matrix element	11		sample thickness	1.000000		air passage	0.560000	cm	comments	in position		peaking_time	2.200000	m-sec	trigger_threshold	547.363281	V	mca_bin_width	22.090000	no:	number_mca_channels	1024.000000	no:	gap_time	0.150000	m-sec	trigger_peaking_time	0.200000	m-sec	GAINDAC	18610		HIGHGAIN	1		TAURC	1		RCTAU	1		RCTAUFRAC	1		livetime	9.422675	seconds	runtime	10.000496	seconds	input_count_rate	24623.898742	cps	output_count_rate	20110.102539	cps	triggers	232023	seconds	events_in_run	201111	seconds	channel	content		1	0
2	0
3	0
4	0
5	0
6	0
7	0
8	0
9	0
10	0
11	0
12	0
13	0
14	0
15	0
16	0
17	0
18	0
19	0
20	0
21	0
22	0
23	0
24	0
25	0
26	0
27	0
28	0
29	0
30	0
31	11
32	12
33	20
34	18
35	15
36	16
37	15
38	18
39	10
40	14
41	17
42	17
43	13
44	16
45	14
46	15
47	14
48	16
49	11
50	11
51	6
52	12
53	21
54	14
55	8
56	16
57	10
58	10
59	14
60	12
61	13
62	7
63	17
64	7
65	12
66	9
67	13
68	2
69	11
70	10
71	7
72	10
73	8
74	9
75	9
76	5
77	2
78	11
79	7
80	16
81	9
82	19
83	11
84	17
85	16
86	11
87	8
88	4
89	5
90	13
91	8
92	8
93	12
94	22
95	18
96	28
97	27
98	16
99	11
100	14
101	13
102	10
103	6
104	11
105	14
106	15
107	11
108	13
109	10
110	13
111	6
112	9
113	6
114	6
115	7
116	3
117	6
118	7
119	5
120	4
121	2
122	7
123	8
124	7
125	5
126	6
127	4
128	9
129	5
130	2
131	7
132	8
133	2
134	1
135	6
136	3
137	5
138	3
139	4
140	6
141	5
142	5
143	4
144	5
145	5
146	5
147	5
148	1
149	0
150	5
151	4
152	1
153	7
154	5
155	4
156	8
157	7
158	7
159	10
160	28
161	25
162	34
163	37
164	25
165	25
166	16
167	7
168	11
169	3
170	4
171	6
172	4
173	2
174	10
175	4
176	12
177	7
178	10
179	23
180	19
181	26
182	25
183	21
184	22
185	18
186	11
187	7
188	3
189	9
190	2
191	6
192	8
193	10
194	10
195	22
196	35
197	57
198	86
199	160
200	275
201	344
202	394
203	418
204	386
205	340
206	251
207	178
208	104
209	49
210	19
211	17
212	11
213	11
214	11
215	19
216	25
217	38
218	65
219	57
220	71
221	69
222	69
223	51
224	40
225	23
226	22
227	11
228	10
229	13
230	8
231	5
232	7
233	5
234	6
235	4
236	2
237	4
238	11
239	12
240	12
241	24
242	42
243	80
244	125
245	144
246	208
247	229
248	216
249	226
250	194
251	141
252	98
253	87
254	64
255	48
256	43
257	36
258	27
259	24
260	17
261	14
262	14
263	11
264	18
265	20
266	18
267	38
268	37
269	44
270	54
271	57
272	63
273	26
274	44
275	33
276	29
277	18
278	12
279	12
280	4
281	8
282	14
283	9
284	12
285	14
286	16
287	9
288	15
289	19
290	16
291	20
292	14
293	14
294	22
295	18
296	15
297	20
298	19
299	19
300	20
301	17
302	19
303	16
304	11
305	12
306	9
307	10
308	15
309	7
310	15
311	9
312	16
313	14
314	19
315	17
316	34
317	55
318	65
319	112
320	126
321	137
322	204
323	188
324	205
325	183
326	146
327	120
328	80
329	63
330	32
331	42
332	23
333	28
334	33
335	36
336	43
337	44
338	59
339	75
340	99
341	207
342	385
343	736
344	1238
345	2079
346	3226
347	4524
348	5797
349	7148
350	7828
351	8045
352	7560
353	6611
354	5399
355	4035
356	2655
357	1675
358	993
359	562
360	324
361	163
362	83
363	76
364	53
365	50
366	44
367	32
368	44
369	37
370	42
371	42
372	47
373	65
374	67
375	75
376	89
377	108
378	141
379	208
380	303
381	474
382	621
383	906
384	1076
385	1282
386	1243
387	1289
388	1208
389	1086
390	831
391	673
392	425
393	322
394	203
395	108
396	74
397	52
398	35
399	29
400	27
401	28
402	28
403	35
404	26
405	24
406	37
407	42
408	34
409	30
410	50
411	40
412	31
413	35
414	39
415	26
416	42
417	29
418	34
419	31
420	31
421	22
422	30
423	33
424	32
425	38
426	39
427	31
428	40
429	29
430	30
431	45
432	34
433	40
434	36
435	50
436	51
437	51
438	58
439	56
440	62
441	66
442	56
443	76
444	61
445	49
446	77
447	63
448	65
449	61
450	61
451	71
452	64
453	80
454	69
455	62
456	78
457	72
458	81
459	80
460	92
461	75
462	65
463	64
464	72
465	60
466	61
467	55
468	54
469	57
470	55
471	77
472	73
473	58
474	75
475	72
476	55
477	48
478	60
479	57
480	55
481	58
482	50
483	60
484	53
485	54
486	57
487	53
488	44
489	53
490	60
491	72
492	58
493	55
494	58
495	64
496	54
497	56
498	70
499	63
500	61
501	67
502	62
503	79
504	61
505	68
506	71
507	76
508	65
509	85
510	75
511	77
512	64
513	93
514	70
515	76
516	93
517	76
518	78
519	86
520	96
521	86
522	86
523	82
524	92
525	91
526	73
527	106
528	90
529	90
530	104
531	99
532	98
533	89
534	95
535	78
536	66
537	68
538	96
539	69
540	81
541	92
542	96
543	82
544	80
545	95
546	77
547	80
548	83
549	66
550	74
551	78
552	88
553	69
554	65
555	85
556	80
557	83
558	87
559	72
560	82
561	74
562	71
563	62
564	65
565	69
566	77
567	73
568	83
569	66
570	75
571	74
572	72
573	80
574	90
575	89
576	104
577	84
578	86
579	70
580	91
581	73
582	103
583	88
584	89
585	72
586	78
587	89
588	78
589	88
590	72
591	92
592	87
593	93
594	94
595	93
596	84
597	101
598	91
599	104
600	92
601	93
602	89
603	88
604	87
605	73
606	100
607	87
608	102
609	90
610	106
611	88
612	99
613	91
614	90
615	98
616	89
617	95
618	103
619	95
620	91
621	116
622	95
623	87
624	89
625	94
626	91
627	100
628	94
629	94
630	116
631	99
632	108
633	103
634	93
635	89
636	111
637	118
638	81
639	96
640	103
641	111
642	108
643	96
644	89
645	118
646	89
647	98
648	103
649	115
650	114
651	121
652	94
653	118
654	97
655	106
656	103
657	118
658	120
659	92
660	97
661	120
662	112
663	109
664	98
665	109
666	95
667	116
668	123
669	105
670	95
671	128
672	106
673	101
674	109
675	111
676	95
677	131
678	96
679	133
680	120
681	108
682	117
683	120
684	109
685	130
686	108
687	108
688	128
689	122
690	124
691	126
692	135
693	96
694	119
695	128
696	125
697	119
698	122
699	121
700	136
701	132
702	127
703	122
704	121
705	117
706	109
707	137
708	134
709	123
710	125
711	107
712	127
713	141
714	129
715	127
716	127
717	153
718	120
719	115
720	139
721	120
722	120
723	134
724	117
725	121
726	139
727	126
728	124
729	128
730	127
731	132
732	112
733	141
734	141
735	143
736	134
737	115
738	123
739	130
740	126
741	143
742	137
743	125
744	131
745	119
746	138
747	124
748	110
749	156
750	148
751	130
752	135
753	120
754	112
755	123
756	119
757	130
758	117
759	112
760	126
761	128
762	134
763	160
764	133
765	164
766	189
767	202
768	215
769	228
770	270
771	287
772	265
773	289
774	283
775	272
776	277
777	250
778	229
779	204
780	197
781	158
782	183
783	181
784	156
785	137
786	178
787	131
788	145
789	141
790	121
791	148
792	130
793	138
794	143
795	148
796	158
797	151
798	149
799	125
800	139
801	126
802	149
803	130
804	128
805	133
806	138
807	140
808	146
809	147
810	137
811	161
812	150
813	127
814	138
815	135
816	140
817	139
818	129
819	154
820	141
821	151
822	150
823	143
824	139
825	146
826	139
827	140
828	139
829	162
830	127
831	124
832	131
833	153
834	148
835	138
836	140
837	134
838	153
839	132
840	145
841	160
842	136
843	176
844	156
845	139
846	149
847	151
848	164
849	132
850	149
851	151
852	187
853	155
854	167
855	186
856	166
857	187
858	184
859	198
860	198
861	217
862	200
863	217
864	225
865	225
866	221
867	227
868	224
869	236
870	209
871	250
872	209
873	213
874	234
875	231
876	243
877	247
878	245
879	244
880	300
881	298
882	327
883	288
884	356
885	385
886	362
887	383
888	394
889	418
890	454
891	442
892	501
893	487
894	489
895	523
896	561
897	582
898	622
899	547
900	605
901	555
902	579
903	560
904	543
905	558
906	537
907	512
908	492
909	484
910	461
911	463
912	424
913	377
914	402
915	369
916	350
917	334
918	312
919	285
920	281
921	294
922	244
923	237
924	204
925	223
926	205
927	200
928	215
929	196
930	181
931	181
932	182
933	169
934	138
935	158
936	161
937	162
938	156
939	189
940	179
941	178
942	210
943	207
944	234
945	254
946	240
947	290
948	329
949	340
950	366
951	402
952	426
953	417
954	457
955	381
956	437
957	384
958	372
959	300
960	321
961	250
962	223
963	187
964	169
965	162
966	159
967	155
968	125
969	160
970	108
971	127
972	135
973	129
974	104
975	157
976	134
977	137
978	110
979	128
980	124
981	147
982	133
983	138
984	141
985	138
986	141
987	141
988	152
989	160
990	162
991	167
992	184
993	139
994	156
995	152
996	195
997	179
998	159
999	165
1000	219
1001	162
1002	201
1003	156
1004	175
1005	172
1006	163
1007	179
1008	170
1009	190
1010	176
1011	168
1012	162
1013	153
1014	177
1015	156
1016	155
1017	138
1018	126
1019	161
1020	131
1021	134
1022	123
1023	122
1024	144
