Date:	09/05/2018		Time:	09:32		Version no:	0.00		Project name:	55		Sample name:	222		Section name:	section		Position	127.000031	mm	E0	0.000000	keV	E1	1.000000	keV/channel	sample surface	6.332878	cm	Tube anode:	Mo		Tube voltage:	30	kV	Tube current:	50	mA	gain	10		std. database			resultfile	result		matrix element	11		sample thickness	1.000000		air passage	0.560000	cm	comments	in position		peaking_time	2.200000	m-sec	trigger_threshold	547.363281	V	mca_bin_width	22.090000	no:	number_mca_channels	1024.000000	no:	gap_time	0.150000	m-sec	trigger_peaking_time	0.200000	m-sec	GAINDAC	18610		HIGHGAIN	1		TAURC	1		RCTAU	1		RCTAUFRAC	1		livetime	9.466840	seconds	runtime	10.000491	seconds	input_count_rate	23106.443121	cps	output_count_rate	19108.161407	cps	triggers	218745	seconds	events_in_run	191091	seconds	channel	content		1	0
2	0
3	0
4	0
5	0
6	0
7	0
8	0
9	0
10	0
11	0
12	0
13	0
14	0
15	0
16	0
17	0
18	0
19	0
20	0
21	0
22	0
23	0
24	0
25	0
26	0
27	0
28	0
29	0
30	0
31	13
32	14
33	16
34	15
35	11
36	13
37	13
38	12
39	14
40	7
41	12
42	14
43	11
44	9
45	16
46	15
47	9
48	9
49	12
50	15
51	11
52	16
53	12
54	13
55	12
56	12
57	10
58	8
59	14
60	8
61	10
62	15
63	9
64	8
65	11
66	10
67	9
68	11
69	4
70	8
71	12
72	12
73	10
74	4
75	9
76	3
77	9
78	5
79	8
80	4
81	8
82	17
83	11
84	13
85	8
86	6
87	11
88	6
89	5
90	6
91	4
92	12
93	12
94	12
95	19
96	17
97	9
98	12
99	11
100	10
101	9
102	1
103	5
104	6
105	7
106	10
107	8
108	8
109	11
110	7
111	8
112	3
113	7
114	3
115	7
116	5
117	7
118	6
119	1
120	8
121	5
122	2
123	6
124	3
125	3
126	4
127	3
128	3
129	6
130	5
131	2
132	4
133	9
134	4
135	4
136	1
137	2
138	1
139	6
140	2
141	3
142	3
143	1
144	3
145	3
146	5
147	5
148	3
149	1
150	3
151	4
152	5
153	4
154	4
155	5
156	3
157	3
158	10
159	10
160	15
161	15
162	24
163	19
164	21
165	18
166	10
167	11
168	5
169	1
170	4
171	5
172	3
173	10
174	3
175	5
176	7
177	4
178	8
179	10
180	11
181	27
182	21
183	24
184	20
185	6
186	12
187	11
188	3
189	4
190	3
191	5
192	5
193	3
194	7
195	11
196	37
197	51
198	76
199	125
200	240
201	283
202	331
203	359
204	309
205	278
206	190
207	145
208	77
209	38
210	24
211	11
212	10
213	9
214	9
215	16
216	27
217	39
218	41
219	58
220	65
221	61
222	58
223	40
224	37
225	19
226	24
227	20
228	5
229	13
230	9
231	5
232	11
233	4
234	5
235	5
236	9
237	5
238	2
239	8
240	11
241	24
242	43
243	76
244	116
245	131
246	165
247	183
248	216
249	193
250	167
251	135
252	110
253	77
254	48
255	50
256	37
257	30
258	29
259	25
260	17
261	19
262	15
263	13
264	7
265	20
266	28
267	19
268	41
269	43
270	49
271	62
272	53
273	37
274	35
275	25
276	17
277	13
278	12
279	10
280	12
281	8
282	5
283	12
284	12
285	7
286	12
287	13
288	11
289	15
290	13
291	24
292	25
293	22
294	20
295	9
296	16
297	13
298	16
299	17
300	16
301	15
302	16
303	11
304	9
305	10
306	15
307	9
308	7
309	15
310	19
311	15
312	17
313	29
314	23
315	38
316	63
317	110
318	165
319	271
320	322
321	419
322	542
323	524
324	522
325	467
326	403
327	290
328	220
329	142
330	83
331	70
332	46
333	31
334	29
335	30
336	37
337	49
338	52
339	64
340	106
341	195
342	376
343	699
344	1184
345	1967
346	3017
347	4302
348	5667
349	6720
350	7645
351	7814
352	7512
353	6405
354	5093
355	3827
356	2732
357	1700
358	1034
359	550
360	320
361	186
362	104
363	63
364	49
365	37
366	37
367	33
368	44
369	43
370	41
371	50
372	50
373	54
374	62
375	64
376	67
377	99
378	151
379	216
380	280
381	451
382	612
383	815
384	970
385	1193
386	1295
387	1239
388	1198
389	954
390	840
391	605
392	455
393	272
394	210
395	128
396	70
397	43
398	25
399	33
400	34
401	27
402	28
403	36
404	25
405	38
406	30
407	28
408	31
409	30
410	31
411	37
412	36
413	38
414	34
415	35
416	28
417	31
418	40
419	36
420	30
421	28
422	31
423	31
424	27
425	32
426	35
427	25
428	29
429	27
430	32
431	31
432	39
433	32
434	36
435	53
436	42
437	54
438	69
439	59
440	52
441	60
442	77
443	67
444	59
445	55
446	61
447	61
448	51
449	66
450	55
451	44
452	59
453	63
454	69
455	58
456	75
457	82
458	76
459	91
460	86
461	85
462	79
463	75
464	66
465	56
466	66
467	44
468	59
469	58
470	35
471	66
472	57
473	54
474	66
475	52
476	58
477	58
478	57
479	46
480	50
481	58
482	54
483	56
484	47
485	61
486	56
487	74
488	62
489	38
490	58
491	58
492	64
493	64
494	46
495	60
496	46
497	51
498	51
499	65
500	59
501	67
502	76
503	51
504	65
505	68
506	78
507	70
508	62
509	67
510	79
511	90
512	78
513	96
514	92
515	72
516	74
517	79
518	79
519	83
520	81
521	94
522	77
523	83
524	78
525	79
526	93
527	100
528	100
529	104
530	93
531	82
532	100
533	88
534	96
535	79
536	81
537	80
538	63
539	79
540	73
541	82
542	71
543	75
544	90
545	74
546	72
547	73
548	82
549	66
550	67
551	62
552	80
553	71
554	77
555	72
556	64
557	67
558	70
559	92
560	80
561	69
562	78
563	62
564	70
565	61
566	63
567	74
568	74
569	66
570	74
571	72
572	86
573	66
574	91
575	91
576	93
577	76
578	87
579	68
580	70
581	78
582	60
583	55
584	86
585	106
586	62
587	95
588	98
589	72
590	82
591	99
592	80
593	91
594	81
595	89
596	81
597	98
598	95
599	82
600	90
601	83
602	97
603	82
604	92
605	68
606	83
607	81
608	92
609	106
610	87
611	89
612	87
613	83
614	81
615	86
616	102
617	85
618	93
619	98
620	87
621	79
622	97
623	85
624	104
625	79
626	101
627	90
628	85
629	84
630	98
631	88
632	111
633	78
634	78
635	95
636	95
637	95
638	116
639	77
640	95
641	94
642	112
643	81
644	100
645	102
646	115
647	112
648	86
649	97
650	102
651	109
652	96
653	97
654	82
655	108
656	125
657	104
658	99
659	89
660	96
661	107
662	101
663	106
664	98
665	107
666	105
667	115
668	103
669	77
670	103
671	104
672	101
673	99
674	107
675	111
676	84
677	99
678	97
679	103
680	113
681	115
682	97
683	116
684	93
685	105
686	108
687	99
688	116
689	116
690	123
691	108
692	122
693	92
694	101
695	100
696	108
697	118
698	114
699	109
700	101
701	110
702	117
703	104
704	125
705	86
706	121
707	107
708	116
709	129
710	117
711	105
712	109
713	108
714	95
715	129
716	108
717	132
718	120
719	125
720	121
721	118
722	110
723	111
724	131
725	125
726	121
727	116
728	124
729	112
730	119
731	126
732	127
733	113
734	136
735	117
736	112
737	120
738	125
739	121
740	137
741	117
742	115
743	107
744	117
745	115
746	107
747	123
748	129
749	138
750	113
751	110
752	103
753	114
754	129
755	118
756	130
757	126
758	132
759	109
760	122
761	138
762	139
763	118
764	146
765	140
766	162
767	188
768	214
769	188
770	203
771	239
772	247
773	254
774	236
775	249
776	222
777	203
778	211
779	193
780	205
781	166
782	136
783	152
784	152
785	115
786	125
787	120
788	124
789	120
790	121
791	112
792	134
793	129
794	124
795	113
796	111
797	133
798	128
799	135
800	120
801	112
802	114
803	134
804	105
805	101
806	138
807	121
808	121
809	109
810	110
811	148
812	142
813	139
814	139
815	150
816	121
817	166
818	127
819	115
820	133
821	144
822	125
823	131
824	141
825	112
826	131
827	143
828	123
829	130
830	142
831	136
832	123
833	131
834	149
835	130
836	149
837	116
838	144
839	124
840	136
841	131
842	128
843	150
844	128
845	154
846	155
847	136
848	138
849	130
850	162
851	139
852	151
853	150
854	176
855	148
856	179
857	156
858	152
859	157
860	189
861	205
862	187
863	182
864	192
865	183
866	174
867	201
868	191
869	217
870	210
871	190
872	225
873	195
874	204
875	202
876	212
877	200
878	215
879	250
880	252
881	262
882	272
883	277
884	276
885	344
886	336
887	331
888	360
889	371
890	424
891	450
892	443
893	449
894	502
895	478
896	501
897	538
898	496
899	525
900	518
901	529
902	524
903	519
904	511
905	473
906	486
907	483
908	463
909	427
910	405
911	406
912	385
913	367
914	345
915	321
916	272
917	287
918	245
919	256
920	240
921	220
922	239
923	215
924	201
925	186
926	195
927	196
928	196
929	161
930	174
931	148
932	179
933	151
934	167
935	142
936	151
937	147
938	183
939	157
940	164
941	173
942	182
943	189
944	197
945	254
946	236
947	283
948	306
949	339
950	361
951	361
952	405
953	395
954	411
955	408
956	363
957	348
958	298
959	316
960	261
961	220
962	212
963	178
964	161
965	159
966	150
967	131
968	131
969	128
970	116
971	137
972	119
973	99
974	135
975	115
976	131
977	120
978	147
979	123
980	116
981	120
982	124
983	128
984	121
985	113
986	126
987	130
988	123
989	141
990	139
991	124
992	142
993	156
994	146
995	137
996	156
997	141
998	172
999	138
1000	168
1001	160
1002	168
1003	154
1004	148
1005	148
1006	178
1007	174
1008	171
1009	161
1010	166
1011	138
1012	145
1013	152
1014	133
1015	136
1016	123
1017	128
1018	132
1019	99
1020	108
1021	104
1022	141
1023	116
1024	116
