Date:	09/05/2018		Time:	11:56		Version no:	0.00		Project name:	55		Sample name:	222		Section name:	section		Position	278.400024	mm	E0	0.000000	keV	E1	1.000000	keV/channel	sample surface	6.170909	cm	Tube anode:	Mo		Tube voltage:	30	kV	Tube current:	50	mA	gain	10		std. database			resultfile	result		matrix element	11		sample thickness	1.000000		air passage	0.560000	cm	comments	in position		peaking_time	2.200000	m-sec	trigger_threshold	547.363281	V	mca_bin_width	22.090000	no:	number_mca_channels	1024.000000	no:	gap_time	0.150000	m-sec	trigger_peaking_time	0.200000	m-sec	GAINDAC	18610		HIGHGAIN	1		TAURC	1		RCTAU	1		RCTAUFRAC	1		livetime	9.470211	seconds	runtime	10.000491	seconds	input_count_rate	22741.942651	cps	output_count_rate	18844.874340	cps	triggers	215371	seconds	events_in_run	188458	seconds	channel	content		1	0
2	0
3	0
4	0
5	0
6	0
7	0
8	0
9	0
10	0
11	0
12	0
13	0
14	0
15	0
16	0
17	0
18	0
19	0
20	0
21	0
22	0
23	0
24	0
25	0
26	0
27	0
28	0
29	0
30	0
31	9
32	14
33	17
34	12
35	17
36	11
37	16
38	13
39	6
40	13
41	10
42	12
43	14
44	20
45	11
46	10
47	14
48	12
49	8
50	11
51	14
52	14
53	14
54	14
55	11
56	6
57	10
58	10
59	8
60	13
61	9
62	13
63	10
64	12
65	8
66	12
67	6
68	11
69	7
70	7
71	12
72	8
73	10
74	8
75	7
76	5
77	2
78	6
79	10
80	8
81	12
82	9
83	7
84	11
85	10
86	11
87	5
88	3
89	3
90	6
91	5
92	12
93	12
94	12
95	19
96	11
97	16
98	23
99	10
100	10
101	13
102	6
103	10
104	7
105	9
106	6
107	6
108	10
109	9
110	7
111	6
112	5
113	7
114	5
115	3
116	4
117	5
118	5
119	7
120	6
121	5
122	4
123	6
124	4
125	2
126	5
127	5
128	5
129	3
130	7
131	1
132	2
133	3
134	1
135	5
136	0
137	6
138	2
139	2
140	1
141	1
142	3
143	4
144	0
145	5
146	8
147	4
148	4
149	9
150	2
151	8
152	5
153	7
154	6
155	5
156	8
157	6
158	8
159	14
160	25
161	18
162	24
163	37
164	29
165	16
166	16
167	12
168	8
169	7
170	5
171	6
172	5
173	2
174	2
175	6
176	9
177	5
178	7
179	17
180	20
181	19
182	21
183	19
184	25
185	16
186	11
187	8
188	5
189	7
190	4
191	5
192	5
193	6
194	11
195	11
196	31
197	52
198	119
199	149
200	269
201	319
202	412
203	380
204	379
205	358
206	254
207	178
208	79
209	42
210	27
211	12
212	8
213	5
214	6
215	25
216	24
217	42
218	44
219	71
220	75
221	61
222	64
223	59
224	28
225	29
226	14
227	11
228	7
229	3
230	2
231	4
232	3
233	1
234	3
235	1
236	7
237	5
238	6
239	11
240	14
241	39
242	69
243	86
244	132
245	202
246	219
247	260
248	264
249	222
250	203
251	148
252	103
253	82
254	64
255	43
256	21
257	43
258	40
259	22
260	15
261	17
262	15
263	6
264	13
265	25
266	22
267	31
268	42
269	56
270	60
271	57
272	68
273	57
274	35
275	43
276	29
277	18
278	23
279	16
280	9
281	12
282	12
283	9
284	10
285	10
286	14
287	9
288	10
289	21
290	16
291	20
292	16
293	18
294	18
295	20
296	18
297	15
298	22
299	14
300	12
301	20
302	15
303	14
304	9
305	13
306	9
307	12
308	20
309	15
310	14
311	7
312	10
313	13
314	16
315	24
316	26
317	24
318	49
319	55
320	65
321	96
322	90
323	88
324	113
325	87
326	85
327	69
328	53
329	35
330	27
331	28
332	27
333	23
334	23
335	27
336	38
337	44
338	45
339	75
340	129
341	189
342	401
343	689
344	1258
345	1946
346	3063
347	4380
348	5681
349	6895
350	7588
351	8113
352	7699
353	6735
354	5373
355	4007
356	2728
357	1778
358	1063
359	634
360	270
361	178
362	90
363	64
364	35
365	41
366	33
367	39
368	42
369	26
370	34
371	37
372	45
373	60
374	59
375	59
376	62
377	86
378	116
379	220
380	330
381	433
382	618
383	829
384	1055
385	1220
386	1260
387	1357
388	1250
389	1092
390	809
391	662
392	491
393	323
394	188
395	105
396	64
397	57
398	33
399	20
400	21
401	25
402	22
403	34
404	35
405	29
406	29
407	30
408	36
409	35
410	34
411	29
412	33
413	27
414	29
415	24
416	27
417	23
418	19
419	21
420	30
421	30
422	21
423	27
424	25
425	32
426	26
427	27
428	30
429	22
430	25
431	35
432	37
433	39
434	33
435	35
436	54
437	48
438	49
439	50
440	60
441	50
442	64
443	66
444	56
445	56
446	55
447	65
448	54
449	46
450	56
451	44
452	54
453	61
454	57
455	56
456	69
457	69
458	65
459	75
460	75
461	70
462	56
463	52
464	60
465	49
466	57
467	56
468	40
469	54
470	61
471	51
472	61
473	63
474	48
475	38
476	58
477	62
478	54
479	46
480	60
481	41
482	50
483	39
484	48
485	46
486	57
487	52
488	57
489	45
490	53
491	62
492	53
493	42
494	52
495	54
496	50
497	46
498	62
499	44
500	50
501	59
502	67
503	56
504	54
505	44
506	75
507	62
508	57
509	76
510	70
511	70
512	59
513	69
514	73
515	61
516	71
517	78
518	71
519	70
520	74
521	77
522	80
523	92
524	75
525	70
526	91
527	81
528	83
529	81
530	79
531	91
532	79
533	70
534	99
535	73
536	66
537	79
538	65
539	75
540	60
541	66
542	58
543	69
544	76
545	70
546	88
547	67
548	66
549	72
550	47
551	82
552	59
553	73
554	88
555	64
556	72
557	62
558	59
559	71
560	52
561	65
562	76
563	60
564	55
565	53
566	67
567	63
568	77
569	65
570	79
571	73
572	71
573	65
574	83
575	76
576	63
577	71
578	79
579	78
580	71
581	89
582	72
583	69
584	67
585	68
586	69
587	79
588	74
589	62
590	87
591	69
592	86
593	81
594	78
595	83
596	72
597	78
598	85
599	73
600	86
601	67
602	81
603	81
604	79
605	75
606	68
607	88
608	78
609	81
610	99
611	90
612	88
613	92
614	75
615	95
616	97
617	88
618	94
619	80
620	80
621	86
622	83
623	88
624	80
625	96
626	95
627	94
628	86
629	81
630	98
631	84
632	70
633	89
634	84
635	82
636	93
637	84
638	95
639	102
640	89
641	98
642	76
643	82
644	97
645	89
646	93
647	108
648	100
649	104
650	97
651	101
652	107
653	87
654	95
655	100
656	96
657	97
658	92
659	86
660	93
661	100
662	92
663	92
664	115
665	83
666	84
667	92
668	85
669	104
670	82
671	87
672	103
673	87
674	91
675	90
676	92
677	99
678	82
679	96
680	104
681	113
682	99
683	88
684	110
685	108
686	85
687	112
688	114
689	111
690	134
691	107
692	96
693	89
694	114
695	100
696	105
697	110
698	120
699	112
700	105
701	112
702	122
703	121
704	113
705	101
706	121
707	126
708	88
709	109
710	111
711	114
712	105
713	111
714	116
715	124
716	99
717	106
718	109
719	112
720	115
721	115
722	126
723	125
724	82
725	112
726	100
727	115
728	105
729	117
730	129
731	107
732	119
733	112
734	115
735	130
736	106
737	119
738	109
739	116
740	97
741	111
742	132
743	112
744	120
745	116
746	117
747	120
748	123
749	105
750	107
751	124
752	131
753	110
754	141
755	109
756	125
757	111
758	97
759	113
760	121
761	126
762	119
763	151
764	145
765	150
766	194
767	187
768	214
769	219
770	230
771	270
772	250
773	269
774	268
775	264
776	219
777	248
778	222
779	207
780	163
781	149
782	160
783	150
784	135
785	128
786	111
787	118
788	134
789	121
790	112
791	130
792	139
793	126
794	118
795	127
796	121
797	120
798	121
799	134
800	133
801	104
802	98
803	119
804	131
805	127
806	121
807	129
808	126
809	139
810	119
811	138
812	150
813	129
814	150
815	113
816	130
817	118
818	141
819	136
820	137
821	139
822	125
823	136
824	114
825	127
826	134
827	130
828	133
829	131
830	121
831	136
832	125
833	129
834	127
835	136
836	121
837	133
838	134
839	127
840	131
841	145
842	151
843	126
844	138
845	147
846	134
847	134
848	153
849	146
850	159
851	152
852	141
853	166
854	149
855	157
856	162
857	166
858	181
859	173
860	175
861	186
862	179
863	185
864	204
865	196
866	193
867	182
868	210
869	195
870	196
871	237
872	195
873	206
874	186
875	222
876	219
877	224
878	241
879	237
880	254
881	257
882	267
883	279
884	303
885	295
886	325
887	320
888	370
889	427
890	390
891	403
892	436
893	426
894	469
895	471
896	502
897	498
898	450
899	476
900	543
901	487
902	480
903	526
904	450
905	498
906	435
907	434
908	452
909	459
910	404
911	336
912	357
913	365
914	355
915	295
916	305
917	278
918	289
919	246
920	234
921	216
922	244
923	217
924	177
925	193
926	219
927	184
928	182
929	190
930	155
931	153
932	145
933	173
934	168
935	134
936	168
937	151
938	138
939	158
940	127
941	206
942	161
943	172
944	188
945	203
946	282
947	288
948	314
949	321
950	387
951	387
952	371
953	416
954	386
955	356
956	372
957	372
958	318
959	277
960	281
961	225
962	220
963	206
964	167
965	170
966	135
967	151
968	125
969	111
970	120
971	132
972	129
973	125
974	112
975	107
976	102
977	114
978	110
979	133
980	126
981	127
982	125
983	114
984	130
985	115
986	109
987	122
988	137
989	148
990	132
991	126
992	134
993	180
994	140
995	154
996	142
997	144
998	160
999	140
1000	174
1001	158
1002	179
1003	152
1004	163
1005	167
1006	167
1007	153
1008	155
1009	135
1010	156
1011	171
1012	139
1013	138
1014	145
1015	141
1016	129
1017	131
1018	135
1019	106
1020	152
1021	134
1022	118
1023	83
1024	112
