Date:	09/05/2018		Time:	09:41		Version no:	0.00		Project name:	55		Sample name:	222		Section name:	section		Position	136.200027	mm	E0	0.000000	keV	E1	1.000000	keV/channel	sample surface	6.439170	cm	Tube anode:	Mo		Tube voltage:	30	kV	Tube current:	50	mA	gain	10		std. database			resultfile	result		matrix element	11		sample thickness	1.000000		air passage	0.560000	cm	comments	in position		peaking_time	2.200000	m-sec	trigger_threshold	547.363281	V	mca_bin_width	22.090000	no:	number_mca_channels	1024.000000	no:	gap_time	0.150000	m-sec	trigger_peaking_time	0.200000	m-sec	GAINDAC	18610		HIGHGAIN	1		TAURC	1		RCTAU	1		RCTAUFRAC	1		livetime	9.388574	seconds	runtime	10.000494	seconds	input_count_rate	27039.677252	cps	output_count_rate	21802.923808	cps	triggers	253864	seconds	events_in_run	218040	seconds	channel	content		1	0
2	0
3	0
4	0
5	0
6	0
7	0
8	0
9	0
10	0
11	0
12	0
13	0
14	0
15	0
16	0
17	0
18	0
19	0
20	0
21	0
22	0
23	0
24	0
25	0
26	0
27	0
28	0
29	0
30	0
31	18
32	14
33	18
34	15
35	16
36	13
37	22
38	15
39	12
40	16
41	15
42	12
43	19
44	13
45	15
46	15
47	10
48	14
49	13
50	9
51	16
52	12
53	14
54	11
55	8
56	11
57	11
58	11
59	10
60	15
61	10
62	13
63	10
64	9
65	7
66	10
67	14
68	12
69	9
70	7
71	17
72	10
73	4
74	12
75	10
76	5
77	10
78	8
79	7
80	16
81	10
82	10
83	14
84	15
85	8
86	5
87	3
88	2
89	5
90	3
91	8
92	11
93	8
94	17
95	33
96	24
97	24
98	20
99	15
100	10
101	6
102	8
103	9
104	5
105	16
106	13
107	8
108	10
109	6
110	5
111	8
112	6
113	11
114	3
115	7
116	4
117	8
118	3
119	6
120	6
121	7
122	4
123	8
124	5
125	9
126	6
127	5
128	4
129	5
130	2
131	4
132	3
133	3
134	1
135	3
136	3
137	6
138	5
139	3
140	3
141	6
142	3
143	4
144	6
145	6
146	2
147	3
148	3
149	9
150	1
151	5
152	3
153	3
154	3
155	8
156	4
157	6
158	8
159	9
160	15
161	28
162	32
163	23
164	21
165	22
166	14
167	10
168	10
169	5
170	7
171	1
172	4
173	2
174	5
175	6
176	7
177	11
178	14
179	14
180	20
181	21
182	21
183	21
184	19
185	16
186	16
187	11
188	4
189	4
190	5
191	4
192	7
193	7
194	11
195	20
196	20
197	48
198	118
199	179
200	259
201	335
202	374
203	413
204	363
205	326
206	234
207	149
208	77
209	40
210	29
211	13
212	14
213	14
214	14
215	10
216	22
217	34
218	57
219	61
220	56
221	79
222	64
223	54
224	34
225	31
226	16
227	16
228	7
229	4
230	6
231	8
232	6
233	15
234	7
235	3
236	6
237	6
238	7
239	7
240	17
241	37
242	52
243	86
244	146
245	156
246	206
247	237
248	232
249	209
250	195
251	144
252	125
253	93
254	57
255	53
256	44
257	33
258	27
259	19
260	26
261	16
262	15
263	18
264	18
265	18
266	25
267	36
268	38
269	56
270	58
271	55
272	58
273	43
274	42
275	32
276	25
277	22
278	23
279	12
280	16
281	15
282	15
283	16
284	12
285	13
286	10
287	11
288	15
289	10
290	13
291	10
292	31
293	20
294	7
295	25
296	25
297	15
298	24
299	14
300	20
301	16
302	15
303	11
304	17
305	23
306	14
307	23
308	20
309	16
310	14
311	24
312	21
313	25
314	20
315	43
316	78
317	120
318	155
319	292
320	393
321	456
322	611
323	579
324	573
325	542
326	439
327	342
328	242
329	157
330	91
331	69
332	52
333	37
334	37
335	33
336	54
337	43
338	49
339	85
340	113
341	253
342	436
343	822
344	1438
345	2568
346	3656
347	5306
348	6733
349	8263
350	9310
351	9437
352	9017
353	7812
354	6346
355	4557
356	3250
357	2107
358	1248
359	709
360	404
361	191
362	123
363	80
364	58
365	48
366	33
367	30
368	51
369	50
370	43
371	55
372	63
373	54
374	52
375	84
376	102
377	133
378	176
379	263
380	350
381	525
382	742
383	1010
384	1236
385	1421
386	1504
387	1566
388	1447
389	1186
390	1060
391	706
392	545
393	344
394	225
395	140
396	75
397	55
398	44
399	28
400	30
401	29
402	39
403	41
404	32
405	47
406	26
407	33
408	33
409	43
410	37
411	39
412	49
413	39
414	40
415	38
416	33
417	22
418	16
419	37
420	46
421	26
422	30
423	34
424	48
425	32
426	34
427	30
428	36
429	43
430	35
431	41
432	35
433	36
434	43
435	36
436	55
437	66
438	59
439	60
440	54
441	62
442	81
443	52
444	66
445	66
446	63
447	66
448	61
449	56
450	53
451	68
452	61
453	84
454	67
455	83
456	68
457	89
458	66
459	97
460	86
461	93
462	84
463	73
464	66
465	62
466	60
467	67
468	64
469	58
470	71
471	70
472	60
473	60
474	56
475	59
476	65
477	58
478	41
479	55
480	54
481	45
482	64
483	52
484	60
485	47
486	67
487	50
488	67
489	55
490	61
491	54
492	57
493	63
494	67
495	81
496	62
497	65
498	57
499	67
500	68
501	57
502	66
503	59
504	65
505	83
506	76
507	77
508	63
509	90
510	71
511	67
512	78
513	91
514	74
515	86
516	70
517	68
518	90
519	80
520	87
521	93
522	83
523	103
524	96
525	97
526	96
527	116
528	105
529	135
530	108
531	96
532	88
533	111
534	98
535	101
536	73
537	75
538	72
539	88
540	65
541	96
542	91
543	76
544	97
545	76
546	92
547	85
548	77
549	92
550	75
551	80
552	60
553	81
554	78
555	80
556	78
557	76
558	69
559	77
560	79
561	84
562	88
563	73
564	75
565	70
566	70
567	71
568	74
569	81
570	74
571	96
572	68
573	104
574	79
575	90
576	79
577	87
578	87
579	88
580	94
581	77
582	99
583	108
584	87
585	82
586	109
587	92
588	88
589	91
590	96
591	95
592	91
593	87
594	83
595	83
596	92
597	88
598	85
599	85
600	107
601	79
602	74
603	100
604	94
605	113
606	96
607	97
608	76
609	98
610	96
611	94
612	103
613	112
614	97
615	100
616	96
617	119
618	92
619	81
620	115
621	85
622	95
623	104
624	99
625	99
626	83
627	107
628	83
629	81
630	93
631	93
632	111
633	108
634	103
635	92
636	115
637	95
638	113
639	88
640	114
641	108
642	114
643	101
644	111
645	113
646	105
647	96
648	115
649	112
650	89
651	126
652	102
653	111
654	96
655	92
656	119
657	93
658	116
659	111
660	107
661	100
662	111
663	104
664	94
665	102
666	108
667	116
668	109
669	110
670	108
671	116
672	106
673	99
674	126
675	106
676	108
677	105
678	113
679	140
680	121
681	101
682	97
683	110
684	120
685	115
686	150
687	110
688	106
689	113
690	129
691	106
692	133
693	111
694	125
695	110
696	133
697	132
698	140
699	145
700	144
701	139
702	121
703	137
704	143
705	141
706	123
707	113
708	141
709	138
710	130
711	113
712	135
713	122
714	130
715	111
716	125
717	116
718	111
719	104
720	113
721	123
722	118
723	142
724	136
725	121
726	134
727	133
728	130
729	146
730	134
731	131
732	141
733	130
734	128
735	131
736	137
737	130
738	95
739	134
740	131
741	133
742	141
743	120
744	133
745	132
746	143
747	135
748	144
749	125
750	140
751	136
752	158
753	124
754	128
755	147
756	134
757	143
758	125
759	132
760	161
761	133
762	169
763	150
764	154
765	164
766	152
767	172
768	201
769	213
770	253
771	226
772	277
773	258
774	274
775	206
776	264
777	247
778	219
779	224
780	222
781	199
782	175
783	167
784	140
785	141
786	126
787	146
788	156
789	146
790	117
791	114
792	134
793	151
794	154
795	137
796	140
797	129
798	141
799	123
800	129
801	165
802	125
803	118
804	137
805	137
806	109
807	131
808	148
809	127
810	119
811	121
812	126
813	144
814	133
815	144
816	134
817	161
818	151
819	153
820	146
821	144
822	141
823	167
824	140
825	158
826	136
827	143
828	154
829	153
830	142
831	129
832	133
833	128
834	146
835	137
836	138
837	150
838	144
839	160
840	155
841	118
842	153
843	119
844	161
845	175
846	161
847	142
848	160
849	153
850	142
851	170
852	174
853	165
854	159
855	186
856	170
857	191
858	182
859	209
860	206
861	204
862	189
863	222
864	212
865	202
866	193
867	213
868	218
869	216
870	199
871	235
872	223
873	193
874	219
875	225
876	236
877	246
878	230
879	252
880	272
881	301
882	311
883	282
884	320
885	348
886	335
887	400
888	382
889	409
890	466
891	465
892	451
893	468
894	548
895	533
896	547
897	578
898	554
899	594
900	585
901	600
902	489
903	494
904	589
905	540
906	505
907	509
908	450
909	497
910	442
911	435
912	424
913	374
914	368
915	343
916	339
917	316
918	315
919	264
920	281
921	256
922	247
923	229
924	220
925	194
926	179
927	179
928	201
929	202
930	184
931	177
932	159
933	163
934	179
935	168
936	172
937	173
938	128
939	159
940	144
941	170
942	197
943	216
944	228
945	223
946	272
947	262
948	326
949	361
950	381
951	400
952	422
953	389
954	419
955	397
956	369
957	372
958	360
959	333
960	270
961	256
962	213
963	213
964	169
965	146
966	154
967	139
968	122
969	131
970	112
971	132
972	135
973	129
974	128
975	126
976	122
977	122
978	139
979	124
980	138
981	157
982	113
983	126
984	118
985	145
986	151
987	136
988	131
989	154
990	131
991	155
992	150
993	132
994	141
995	160
996	159
997	153
998	186
999	165
1000	202
1001	197
1002	167
1003	161
1004	172
1005	166
1006	191
1007	166
1008	186
1009	143
1010	184
1011	145
1012	152
1013	149
1014	162
1015	139
1016	133
1017	134
1018	134
1019	138
1020	101
1021	125
1022	126
1023	108
1024	144
