Date:	09/05/2018		Time:	11:04		Version no:	0.00		Project name:	55		Sample name:	222		Section name:	section		Position	223.600037	mm	E0	0.000000	keV	E1	1.000000	keV/channel	sample surface	6.022860	cm	Tube anode:	Mo		Tube voltage:	30	kV	Tube current:	50	mA	gain	10		std. database			resultfile	result		matrix element	11		sample thickness	1.000000		air passage	0.560000	cm	comments	in position		peaking_time	2.200000	m-sec	trigger_threshold	547.363281	V	mca_bin_width	22.090000	no:	number_mca_channels	1024.000000	no:	gap_time	0.150000	m-sec	trigger_peaking_time	0.200000	m-sec	GAINDAC	18610		HIGHGAIN	1		TAURC	1		RCTAU	1		RCTAUFRAC	1		livetime	9.427006	seconds	runtime	10.000489	seconds	input_count_rate	24383.032136	cps	output_count_rate	19965.324095	cps	triggers	229859	seconds	events_in_run	199663	seconds	channel	content		1	0
2	0
3	0
4	0
5	0
6	0
7	0
8	0
9	0
10	0
11	0
12	0
13	0
14	0
15	0
16	0
17	0
18	0
19	0
20	0
21	0
22	0
23	0
24	0
25	0
26	0
27	0
28	0
29	0
30	0
31	20
32	12
33	11
34	20
35	19
36	19
37	16
38	13
39	16
40	16
41	13
42	15
43	14
44	10
45	10
46	20
47	7
48	16
49	15
50	14
51	14
52	16
53	11
54	14
55	16
56	15
57	14
58	13
59	13
60	8
61	12
62	12
63	8
64	13
65	6
66	10
67	10
68	10
69	7
70	8
71	12
72	8
73	11
74	5
75	9
76	10
77	7
78	14
79	11
80	11
81	13
82	9
83	11
84	10
85	7
86	9
87	6
88	9
89	10
90	8
91	10
92	12
93	8
94	7
95	21
96	19
97	8
98	17
99	10
100	5
101	7
102	7
103	9
104	11
105	6
106	8
107	4
108	12
109	4
110	6
111	2
112	4
113	5
114	6
115	3
116	3
117	5
118	3
119	5
120	5
121	7
122	4
123	2
124	5
125	6
126	6
127	3
128	3
129	5
130	3
131	8
132	3
133	2
134	4
135	0
136	6
137	3
138	5
139	4
140	2
141	3
142	0
143	5
144	5
145	3
146	2
147	8
148	4
149	5
150	4
151	7
152	8
153	6
154	1
155	8
156	2
157	5
158	4
159	14
160	19
161	16
162	29
163	23
164	20
165	23
166	20
167	16
168	4
169	8
170	3
171	8
172	5
173	6
174	2
175	3
176	7
177	9
178	15
179	13
180	20
181	28
182	22
183	27
184	27
185	18
186	11
187	9
188	6
189	6
190	5
191	7
192	8
193	7
194	10
195	15
196	25
197	70
198	93
199	155
200	249
201	309
202	361
203	385
204	336
205	311
206	234
207	138
208	101
209	50
210	23
211	17
212	6
213	7
214	8
215	21
216	22
217	36
218	59
219	66
220	70
221	68
222	69
223	53
224	39
225	24
226	14
227	12
228	12
229	7
230	6
231	4
232	12
233	4
234	5
235	5
236	2
237	5
238	8
239	6
240	12
241	25
242	37
243	72
244	98
245	115
246	164
247	168
248	197
249	177
250	141
251	113
252	76
253	73
254	51
255	31
256	34
257	33
258	29
259	23
260	24
261	15
262	14
263	11
264	18
265	20
266	30
267	31
268	38
269	45
270	47
271	48
272	47
273	48
274	42
275	32
276	19
277	14
278	10
279	20
280	11
281	5
282	7
283	5
284	13
285	14
286	9
287	9
288	17
289	15
290	18
291	21
292	18
293	16
294	22
295	22
296	16
297	25
298	16
299	27
300	17
301	11
302	17
303	14
304	11
305	15
306	13
307	11
308	18
309	10
310	24
311	12
312	13
313	13
314	15
315	23
316	33
317	44
318	60
319	73
320	120
321	113
322	164
323	162
324	152
325	144
326	119
327	85
328	75
329	53
330	36
331	40
332	31
333	29
334	29
335	31
336	51
337	35
338	61
339	68
340	123
341	221
342	357
343	693
344	1244
345	2082
346	3131
347	4445
348	5802
349	7047
350	7830
351	7858
352	7317
353	6549
354	5089
355	3907
356	2681
357	1702
358	976
359	543
360	326
361	156
362	91
363	64
364	37
365	45
366	41
367	34
368	38
369	45
370	48
371	56
372	53
373	66
374	58
375	73
376	95
377	116
378	168
379	213
380	291
381	453
382	675
383	841
384	1056
385	1194
386	1289
387	1381
388	1241
389	1079
390	851
391	639
392	468
393	314
394	177
395	109
396	75
397	56
398	45
399	36
400	26
401	29
402	17
403	35
404	27
405	39
406	34
407	40
408	45
409	54
410	45
411	39
412	43
413	35
414	35
415	31
416	39
417	44
418	39
419	41
420	44
421	36
422	34
423	38
424	33
425	29
426	43
427	30
428	41
429	28
430	36
431	36
432	42
433	46
434	58
435	62
436	74
437	76
438	71
439	67
440	66
441	76
442	67
443	68
444	82
445	76
446	69
447	73
448	59
449	70
450	55
451	63
452	68
453	73
454	86
455	61
456	64
457	89
458	83
459	66
460	81
461	88
462	82
463	74
464	83
465	57
466	62
467	60
468	67
469	60
470	57
471	68
472	72
473	76
474	74
475	63
476	63
477	66
478	54
479	46
480	62
481	67
482	37
483	66
484	51
485	59
486	60
487	55
488	61
489	59
490	54
491	68
492	66
493	71
494	62
495	57
496	58
497	65
498	68
499	67
500	67
501	67
502	84
503	70
504	69
505	80
506	73
507	78
508	90
509	90
510	89
511	97
512	80
513	82
514	76
515	99
516	86
517	85
518	77
519	88
520	94
521	94
522	83
523	81
524	95
525	99
526	109
527	98
528	113
529	97
530	109
531	112
532	95
533	86
534	100
535	108
536	96
537	88
538	92
539	86
540	87
541	83
542	89
543	82
544	90
545	91
546	98
547	84
548	83
549	90
550	80
551	71
552	74
553	82
554	81
555	81
556	76
557	65
558	80
559	81
560	67
561	79
562	69
563	72
564	83
565	70
566	72
567	68
568	81
569	69
570	83
571	79
572	88
573	92
574	104
575	85
576	96
577	96
578	94
579	99
580	100
581	106
582	78
583	93
584	95
585	86
586	83
587	96
588	96
589	85
590	105
591	105
592	107
593	92
594	86
595	85
596	101
597	101
598	114
599	109
600	91
601	103
602	109
603	95
604	110
605	80
606	104
607	83
608	100
609	104
610	93
611	103
612	120
613	103
614	120
615	111
616	108
617	126
618	99
619	97
620	103
621	74
622	106
623	103
624	119
625	108
626	89
627	98
628	97
629	97
630	102
631	99
632	91
633	92
634	105
635	101
636	99
637	111
638	108
639	106
640	121
641	95
642	122
643	111
644	120
645	119
646	99
647	94
648	102
649	119
650	127
651	95
652	106
653	105
654	111
655	102
656	123
657	122
658	116
659	127
660	128
661	92
662	137
663	119
664	117
665	123
666	129
667	111
668	124
669	101
670	114
671	108
672	122
673	113
674	117
675	106
676	107
677	116
678	123
679	103
680	110
681	134
682	104
683	114
684	117
685	128
686	111
687	116
688	117
689	105
690	115
691	142
692	125
693	130
694	127
695	125
696	113
697	120
698	134
699	121
700	128
701	120
702	143
703	132
704	124
705	111
706	110
707	127
708	131
709	99
710	118
711	121
712	133
713	130
714	103
715	126
716	108
717	139
718	128
719	151
720	126
721	134
722	133
723	122
724	137
725	129
726	142
727	130
728	128
729	144
730	133
731	116
732	140
733	136
734	110
735	124
736	136
737	147
738	133
739	121
740	131
741	142
742	135
743	131
744	126
745	109
746	110
747	114
748	125
749	128
750	117
751	122
752	119
753	156
754	128
755	150
756	126
757	143
758	132
759	139
760	161
761	150
762	157
763	156
764	197
765	194
766	201
767	225
768	223
769	279
770	271
771	276
772	278
773	306
774	309
775	323
776	287
777	251
778	234
779	224
780	194
781	192
782	156
783	165
784	157
785	147
786	128
787	131
788	117
789	136
790	125
791	135
792	137
793	132
794	128
795	132
796	144
797	133
798	142
799	137
800	137
801	122
802	165
803	143
804	140
805	140
806	155
807	152
808	118
809	144
810	134
811	135
812	145
813	140
814	179
815	144
816	151
817	144
818	144
819	124
820	146
821	164
822	160
823	146
824	162
825	155
826	144
827	137
828	147
829	136
830	148
831	138
832	143
833	154
834	152
835	124
836	123
837	152
838	162
839	126
840	137
841	159
842	140
843	152
844	164
845	165
846	147
847	153
848	157
849	162
850	153
851	175
852	168
853	166
854	177
855	183
856	190
857	168
858	187
859	194
860	187
861	187
862	196
863	187
864	205
865	243
866	225
867	188
868	182
869	209
870	214
871	222
872	212
873	209
874	221
875	234
876	205
877	235
878	250
879	232
880	256
881	269
882	270
883	292
884	314
885	350
886	346
887	355
888	399
889	381
890	408
891	461
892	453
893	491
894	501
895	525
896	547
897	549
898	578
899	548
900	571
901	525
902	562
903	567
904	566
905	534
906	498
907	550
908	513
909	485
910	471
911	438
912	414
913	434
914	385
915	358
916	366
917	315
918	318
919	304
920	267
921	246
922	272
923	238
924	222
925	215
926	175
927	213
928	178
929	195
930	182
931	199
932	191
933	183
934	137
935	150
936	181
937	166
938	161
939	173
940	168
941	176
942	200
943	203
944	243
945	246
946	247
947	295
948	360
949	371
950	351
951	417
952	412
953	432
954	415
955	424
956	385
957	400
958	362
959	316
960	317
961	246
962	225
963	207
964	194
965	169
966	147
967	149
968	145
969	136
970	123
971	114
972	113
973	121
974	121
975	128
976	126
977	129
978	143
979	146
980	123
981	111
982	135
983	139
984	134
985	134
986	118
987	140
988	128
989	146
990	124
991	178
992	147
993	151
994	172
995	166
996	172
997	169
998	160
999	174
1000	168
1001	162
1002	185
1003	178
1004	180
1005	162
1006	180
1007	185
1008	161
1009	170
1010	186
1011	144
1012	156
1013	163
1014	141
1015	143
1016	161
1017	148
1018	149
1019	149
1020	127
1021	140
1022	117
1023	123
1024	116
