Date:	09/05/2018		Time:	11:18		Version no:	0.00		Project name:	55		Sample name:	222		Section name:	section		Position	238.200027	mm	E0	0.000000	keV	E1	1.000000	keV/channel	sample surface	6.098049	cm	Tube anode:	Mo		Tube voltage:	30	kV	Tube current:	50	mA	gain	10		std. database			resultfile	result		matrix element	11		sample thickness	1.000000		air passage	0.560000	cm	comments	in position		peaking_time	2.200000	m-sec	trigger_threshold	547.363281	V	mca_bin_width	22.090000	no:	number_mca_channels	1024.000000	no:	gap_time	0.150000	m-sec	trigger_peaking_time	0.200000	m-sec	GAINDAC	18610		HIGHGAIN	1		TAURC	1		RCTAU	1		RCTAUFRAC	1		livetime	9.489141	seconds	runtime	10.000491	seconds	input_count_rate	21068.609289	cps	output_count_rate	17588.536051	cps	triggers	199923	seconds	events_in_run	175894	seconds	channel	content		1	0
2	0
3	0
4	0
5	0
6	0
7	0
8	0
9	0
10	0
11	0
12	0
13	0
14	0
15	0
16	0
17	0
18	0
19	0
20	0
21	0
22	0
23	0
24	0
25	0
26	0
27	0
28	0
29	0
30	0
31	20
32	15
33	12
34	9
35	22
36	17
37	8
38	7
39	8
40	16
41	10
42	15
43	11
44	7
45	13
46	12
47	22
48	10
49	16
50	6
51	10
52	14
53	12
54	15
55	7
56	11
57	13
58	5
59	14
60	9
61	9
62	11
63	8
64	18
65	11
66	11
67	15
68	14
69	7
70	5
71	8
72	6
73	7
74	8
75	7
76	9
77	3
78	10
79	10
80	6
81	8
82	19
83	11
84	7
85	6
86	7
87	8
88	3
89	7
90	1
91	6
92	9
93	10
94	15
95	16
96	14
97	16
98	11
99	11
100	2
101	10
102	4
103	4
104	7
105	10
106	5
107	11
108	8
109	7
110	11
111	6
112	2
113	2
114	5
115	3
116	1
117	4
118	5
119	7
120	3
121	6
122	4
123	5
124	4
125	4
126	1
127	4
128	5
129	4
130	6
131	7
132	2
133	1
134	2
135	1
136	5
137	3
138	0
139	3
140	0
141	5
142	5
143	1
144	0
145	2
146	2
147	2
148	2
149	5
150	6
151	3
152	3
153	5
154	4
155	8
156	2
157	6
158	6
159	10
160	19
161	25
162	31
163	30
164	21
165	26
166	19
167	12
168	8
169	5
170	5
171	5
172	3
173	6
174	7
175	3
176	2
177	9
178	11
179	22
180	16
181	20
182	25
183	28
184	23
185	16
186	12
187	11
188	4
189	5
190	4
191	5
192	6
193	6
194	8
195	14
196	38
197	53
198	106
199	153
200	223
201	270
202	317
203	371
204	336
205	292
206	216
207	155
208	90
209	40
210	21
211	20
212	8
213	3
214	14
215	20
216	21
217	34
218	46
219	48
220	74
221	53
222	50
223	43
224	31
225	32
226	18
227	11
228	10
229	1
230	4
231	1
232	5
233	5
234	4
235	6
236	5
237	6
238	7
239	5
240	16
241	21
242	27
243	71
244	69
245	105
246	133
247	157
248	172
249	141
250	131
251	108
252	83
253	53
254	30
255	30
256	42
257	27
258	25
259	14
260	16
261	7
262	13
263	12
264	12
265	19
266	23
267	29
268	24
269	29
270	37
271	40
272	36
273	30
274	26
275	28
276	15
277	15
278	13
279	13
280	9
281	17
282	16
283	8
284	7
285	11
286	10
287	11
288	19
289	17
290	8
291	14
292	19
293	20
294	30
295	19
296	23
297	13
298	21
299	14
300	16
301	16
302	17
303	10
304	17
305	7
306	11
307	11
308	11
309	19
310	14
311	11
312	9
313	9
314	12
315	11
316	14
317	27
318	33
319	39
320	59
321	62
322	68
323	53
324	68
325	70
326	73
327	52
328	35
329	24
330	26
331	25
332	33
333	34
334	23
335	25
336	36
337	24
338	46
339	61
340	95
341	152
342	308
343	540
344	989
345	1634
346	2458
347	3440
348	4573
349	5466
350	6049
351	6175
352	5872
353	5137
354	4143
355	3147
356	2121
357	1289
358	774
359	485
360	221
361	121
362	76
363	48
364	41
365	38
366	31
367	29
368	36
369	48
370	43
371	48
372	49
373	61
374	50
375	58
376	75
377	99
378	130
379	184
380	226
381	345
382	488
383	693
384	808
385	995
386	1138
387	1055
388	994
389	856
390	721
391	520
392	379
393	256
394	153
395	96
396	64
397	42
398	33
399	26
400	37
401	23
402	31
403	21
404	33
405	31
406	35
407	46
408	36
409	35
410	45
411	38
412	43
413	38
414	33
415	40
416	20
417	34
418	34
419	30
420	24
421	25
422	33
423	38
424	37
425	25
426	39
427	25
428	39
429	39
430	49
431	31
432	35
433	40
434	60
435	47
436	37
437	51
438	63
439	55
440	63
441	72
442	67
443	59
444	71
445	79
446	67
447	64
448	48
449	64
450	53
451	54
452	61
453	51
454	59
455	55
456	80
457	90
458	88
459	76
460	86
461	78
462	75
463	63
464	80
465	57
466	58
467	47
468	66
469	52
470	58
471	61
472	68
473	74
474	60
475	62
476	57
477	62
478	54
479	50
480	45
481	39
482	63
483	53
484	53
485	45
486	65
487	58
488	64
489	63
490	47
491	54
492	57
493	57
494	45
495	58
496	76
497	58
498	59
499	67
500	65
501	66
502	63
503	57
504	81
505	72
506	74
507	68
508	82
509	59
510	93
511	91
512	74
513	69
514	85
515	81
516	90
517	83
518	91
519	80
520	79
521	79
522	77
523	86
524	83
525	97
526	100
527	84
528	90
529	102
530	94
531	93
532	80
533	110
534	88
535	82
536	91
537	68
538	92
539	74
540	78
541	77
542	104
543	76
544	80
545	82
546	87
547	89
548	76
549	77
550	68
551	67
552	72
553	100
554	59
555	69
556	67
557	91
558	56
559	69
560	92
561	69
562	69
563	90
564	66
565	86
566	72
567	78
568	85
569	75
570	69
571	77
572	81
573	82
574	75
575	75
576	75
577	94
578	75
579	103
580	82
581	80
582	89
583	86
584	92
585	96
586	81
587	64
588	94
589	76
590	68
591	78
592	89
593	81
594	78
595	90
596	104
597	86
598	92
599	95
600	100
601	91
602	95
603	100
604	87
605	71
606	106
607	97
608	86
609	82
610	84
611	85
612	102
613	106
614	111
615	90
616	85
617	117
618	83
619	102
620	111
621	107
622	107
623	93
624	88
625	86
626	96
627	99
628	114
629	111
630	111
631	103
632	113
633	96
634	83
635	106
636	92
637	101
638	106
639	104
640	115
641	100
642	120
643	100
644	99
645	100
646	111
647	100
648	96
649	101
650	121
651	118
652	95
653	116
654	115
655	107
656	113
657	123
658	100
659	112
660	125
661	106
662	87
663	113
664	122
665	109
666	105
667	92
668	103
669	127
670	105
671	113
672	87
673	105
674	110
675	116
676	113
677	104
678	104
679	116
680	129
681	103
682	108
683	117
684	130
685	102
686	110
687	133
688	102
689	118
690	123
691	112
692	116
693	119
694	114
695	113
696	133
697	139
698	121
699	100
700	128
701	106
702	145
703	124
704	119
705	104
706	126
707	114
708	108
709	123
710	118
711	123
712	130
713	120
714	129
715	122
716	102
717	125
718	112
719	100
720	137
721	117
722	109
723	123
724	134
725	117
726	127
727	114
728	138
729	130
730	138
731	138
732	110
733	124
734	134
735	133
736	121
737	144
738	146
739	130
740	145
741	143
742	140
743	105
744	121
745	116
746	131
747	125
748	121
749	129
750	128
751	142
752	131
753	121
754	106
755	116
756	115
757	133
758	143
759	110
760	147
761	148
762	127
763	162
764	166
765	178
766	189
767	236
768	214
769	237
770	269
771	334
772	309
773	289
774	339
775	315
776	295
777	295
778	232
779	236
780	235
781	171
782	179
783	149
784	145
785	141
786	152
787	141
788	114
789	113
790	123
791	133
792	119
793	138
794	130
795	106
796	140
797	118
798	138
799	139
800	131
801	134
802	145
803	122
804	141
805	128
806	127
807	141
808	140
809	153
810	135
811	129
812	122
813	127
814	139
815	129
816	133
817	150
818	133
819	150
820	130
821	144
822	152
823	126
824	134
825	140
826	143
827	142
828	120
829	129
830	128
831	136
832	117
833	130
834	139
835	132
836	126
837	142
838	134
839	123
840	144
841	147
842	139
843	131
844	153
845	132
846	137
847	138
848	157
849	154
850	154
851	147
852	161
853	185
854	149
855	151
856	171
857	172
858	199
859	176
860	195
861	204
862	198
863	219
864	212
865	219
866	211
867	221
868	212
869	200
870	197
871	222
872	203
873	213
874	216
875	215
876	230
877	219
878	224
879	246
880	283
881	289
882	284
883	286
884	301
885	301
886	373
887	321
888	369
889	406
890	396
891	435
892	455
893	463
894	481
895	505
896	489
897	541
898	498
899	547
900	527
901	499
902	565
903	526
904	509
905	500
906	514
907	457
908	488
909	432
910	457
911	389
912	389
913	386
914	359
915	312
916	333
917	325
918	300
919	280
920	243
921	246
922	296
923	224
924	220
925	198
926	215
927	184
928	184
929	189
930	165
931	144
932	152
933	159
934	165
935	157
936	169
937	136
938	149
939	152
940	140
941	183
942	192
943	198
944	201
945	241
946	270
947	276
948	311
949	330
950	388
951	385
952	406
953	408
954	415
955	440
956	404
957	363
958	361
959	325
960	258
961	246
962	237
963	203
964	175
965	156
966	148
967	120
968	155
969	109
970	103
971	133
972	122
973	120
974	116
975	140
976	114
977	131
978	116
979	111
980	131
981	125
982	115
983	140
984	124
985	114
986	152
987	138
988	146
989	132
990	130
991	153
992	150
993	152
994	145
995	143
996	159
997	169
998	156
999	158
1000	183
1001	165
1002	174
1003	182
1004	174
1005	191
1006	174
1007	156
1008	159
1009	141
1010	141
1011	171
1012	140
1013	185
1014	146
1015	128
1016	142
1017	141
1018	150
1019	148
1020	113
1021	120
1022	114
1023	110
1024	122
