Date:	09/05/2018		Time:	12:21		Version no:	0.00		Project name:	55		Sample name:	222		Section name:	section		Position	304.400024	mm	E0	0.000000	keV	E1	1.000000	keV/channel	sample surface	6.081970	cm	Tube anode:	Mo		Tube voltage:	30	kV	Tube current:	50	mA	gain	10		std. database			resultfile	result		matrix element	11		sample thickness	1.000000		air passage	0.560000	cm	comments	in position		peaking_time	2.200000	m-sec	trigger_threshold	547.363281	V	mca_bin_width	22.090000	no:	number_mca_channels	1024.000000	no:	gap_time	0.150000	m-sec	trigger_peaking_time	0.200000	m-sec	GAINDAC	18610		HIGHGAIN	1		TAURC	1		RCTAU	1		RCTAUFRAC	1		livetime	9.421269	seconds	runtime	10.000155	seconds	input_count_rate	25155.210517	cps	output_count_rate	20487.682031	cps	triggers	236994	seconds	events_in_run	204880	seconds	channel	content		1	0
2	0
3	0
4	0
5	0
6	0
7	0
8	0
9	0
10	0
11	0
12	0
13	0
14	0
15	0
16	0
17	0
18	0
19	0
20	0
21	0
22	0
23	0
24	0
25	0
26	0
27	0
28	0
29	0
30	0
31	11
32	13
33	10
34	16
35	15
36	8
37	16
38	13
39	11
40	16
41	12
42	14
43	15
44	15
45	17
46	16
47	9
48	17
49	13
50	13
51	13
52	11
53	8
54	10
55	7
56	10
57	12
58	10
59	14
60	8
61	6
62	13
63	11
64	8
65	8
66	10
67	9
68	7
69	5
70	15
71	9
72	8
73	3
74	6
75	8
76	6
77	6
78	10
79	10
80	2
81	7
82	8
83	25
84	6
85	12
86	7
87	10
88	6
89	7
90	6
91	10
92	7
93	13
94	13
95	18
96	23
97	19
98	12
99	12
100	15
101	13
102	7
103	3
104	11
105	9
106	3
107	14
108	7
109	14
110	5
111	8
112	7
113	10
114	5
115	2
116	4
117	4
118	4
119	6
120	2
121	5
122	4
123	6
124	7
125	8
126	4
127	2
128	5
129	3
130	1
131	1
132	4
133	4
134	3
135	5
136	4
137	1
138	7
139	4
140	3
141	7
142	4
143	1
144	4
145	5
146	4
147	6
148	2
149	3
150	2
151	1
152	7
153	2
154	4
155	7
156	8
157	8
158	14
159	8
160	18
161	19
162	27
163	33
164	29
165	22
166	15
167	9
168	8
169	6
170	5
171	6
172	7
173	9
174	3
175	8
176	8
177	9
178	10
179	18
180	16
181	20
182	28
183	22
184	9
185	11
186	12
187	11
188	4
189	9
190	4
191	6
192	3
193	11
194	13
195	12
196	29
197	47
198	106
199	154
200	230
201	304
202	389
203	410
204	366
205	313
206	248
207	150
208	105
209	47
210	30
211	12
212	14
213	9
214	14
215	17
216	30
217	32
218	46
219	67
220	64
221	61
222	49
223	47
224	44
225	30
226	15
227	10
228	7
229	6
230	6
231	7
232	2
233	5
234	4
235	10
236	7
237	2
238	8
239	6
240	20
241	28
242	54
243	89
244	120
245	209
246	213
247	257
248	310
249	255
250	185
251	175
252	135
253	79
254	66
255	54
256	36
257	24
258	24
259	27
260	18
261	16
262	12
263	21
264	11
265	21
266	27
267	41
268	40
269	61
270	55
271	66
272	51
273	50
274	48
275	32
276	27
277	19
278	18
279	12
280	13
281	9
282	18
283	12
284	7
285	8
286	9
287	10
288	11
289	17
290	16
291	22
292	12
293	19
294	19
295	18
296	11
297	19
298	17
299	18
300	14
301	19
302	13
303	13
304	10
305	13
306	11
307	16
308	7
309	11
310	13
311	12
312	13
313	12
314	24
315	18
316	30
317	29
318	48
319	58
320	73
321	114
322	128
323	159
324	136
325	114
326	109
327	108
328	71
329	50
330	52
331	30
332	38
333	33
334	29
335	33
336	38
337	41
338	54
339	66
340	105
341	229
342	403
343	782
344	1428
345	2242
346	3400
347	4875
348	6396
349	7674
350	8660
351	8636
352	8491
353	7426
354	5923
355	4376
356	3142
357	1995
358	1171
359	609
360	378
361	179
362	100
363	60
364	47
365	38
366	46
367	26
368	46
369	39
370	51
371	48
372	47
373	54
374	58
375	57
376	105
377	111
378	154
379	253
380	344
381	510
382	663
383	943
384	1176
385	1333
386	1510
387	1492
388	1378
389	1186
390	942
391	767
392	550
393	355
394	257
395	122
396	67
397	54
398	34
399	38
400	32
401	20
402	27
403	27
404	24
405	31
406	37
407	41
408	23
409	44
410	36
411	23
412	30
413	36
414	32
415	24
416	32
417	24
418	27
419	27
420	33
421	27
422	32
423	28
424	30
425	22
426	27
427	27
428	37
429	31
430	28
431	19
432	28
433	34
434	40
435	46
436	45
437	39
438	66
439	59
440	60
441	49
442	63
443	54
444	62
445	55
446	83
447	58
448	72
449	53
450	61
451	55
452	48
453	49
454	67
455	69
456	66
457	69
458	76
459	84
460	74
461	85
462	60
463	66
464	63
465	48
466	62
467	49
468	58
469	58
470	58
471	69
472	76
473	72
474	57
475	60
476	53
477	56
478	63
479	42
480	50
481	48
482	41
483	47
484	57
485	54
486	54
487	53
488	57
489	43
490	58
491	58
492	36
493	42
494	56
495	59
496	52
497	58
498	55
499	53
500	53
501	56
502	63
503	46
504	65
505	78
506	92
507	73
508	70
509	67
510	78
511	61
512	68
513	89
514	64
515	72
516	74
517	65
518	88
519	79
520	68
521	69
522	78
523	79
524	73
525	73
526	85
527	88
528	83
529	84
530	86
531	97
532	89
533	86
534	81
535	89
536	75
537	80
538	77
539	95
540	89
541	75
542	88
543	86
544	94
545	87
546	77
547	85
548	77
549	68
550	69
551	67
552	69
553	73
554	63
555	60
556	79
557	80
558	69
559	70
560	64
561	72
562	71
563	93
564	75
565	73
566	74
567	53
568	64
569	77
570	66
571	91
572	84
573	73
574	83
575	74
576	84
577	79
578	74
579	79
580	83
581	79
582	71
583	77
584	93
585	68
586	73
587	85
588	72
589	80
590	90
591	68
592	78
593	101
594	88
595	78
596	86
597	84
598	61
599	94
600	91
601	89
602	75
603	90
604	85
605	69
606	106
607	70
608	77
609	84
610	88
611	102
612	88
613	98
614	102
615	102
616	104
617	106
618	103
619	84
620	89
621	98
622	113
623	87
624	98
625	92
626	92
627	87
628	89
629	104
630	118
631	99
632	104
633	95
634	111
635	88
636	100
637	100
638	105
639	107
640	118
641	102
642	110
643	88
644	83
645	101
646	112
647	106
648	105
649	111
650	108
651	108
652	119
653	115
654	85
655	98
656	101
657	95
658	121
659	96
660	94
661	108
662	107
663	118
664	89
665	94
666	108
667	110
668	100
669	107
670	103
671	101
672	98
673	92
674	97
675	107
676	120
677	92
678	95
679	95
680	107
681	103
682	111
683	124
684	120
685	118
686	126
687	118
688	117
689	105
690	123
691	112
692	108
693	125
694	104
695	93
696	97
697	106
698	115
699	139
700	133
701	128
702	133
703	135
704	128
705	110
706	125
707	124
708	137
709	127
710	126
711	99
712	127
713	102
714	106
715	119
716	129
717	133
718	122
719	129
720	104
721	106
722	119
723	117
724	122
725	125
726	105
727	126
728	122
729	128
730	129
731	114
732	135
733	133
734	130
735	138
736	128
737	144
738	131
739	129
740	139
741	106
742	118
743	143
744	128
745	120
746	145
747	138
748	107
749	126
750	119
751	122
752	132
753	129
754	132
755	115
756	133
757	142
758	119
759	135
760	115
761	141
762	151
763	153
764	127
765	142
766	197
767	202
768	215
769	254
770	261
771	254
772	264
773	261
774	264
775	286
776	269
777	242
778	210
779	235
780	196
781	191
782	171
783	155
784	152
785	130
786	135
787	132
788	129
789	132
790	126
791	113
792	137
793	110
794	133
795	150
796	146
797	131
798	132
799	135
800	130
801	141
802	109
803	117
804	145
805	116
806	138
807	110
808	126
809	135
810	136
811	145
812	134
813	132
814	150
815	147
816	142
817	162
818	152
819	150
820	135
821	138
822	122
823	149
824	126
825	133
826	123
827	143
828	130
829	142
830	131
831	157
832	111
833	150
834	135
835	162
836	121
837	138
838	149
839	129
840	159
841	158
842	156
843	122
844	152
845	154
846	133
847	142
848	143
849	155
850	131
851	139
852	164
853	159
854	164
855	163
856	154
857	197
858	210
859	195
860	209
861	188
862	246
863	212
864	213
865	216
866	183
867	225
868	199
869	223
870	208
871	194
872	237
873	209
874	252
875	231
876	225
877	239
878	218
879	233
880	279
881	316
882	275
883	273
884	334
885	357
886	398
887	378
888	387
889	405
890	424
891	445
892	476
893	492
894	482
895	492
896	539
897	528
898	544
899	512
900	564
901	561
902	572
903	495
904	475
905	526
906	523
907	450
908	469
909	452
910	449
911	414
912	420
913	392
914	307
915	340
916	329
917	320
918	277
919	290
920	246
921	268
922	265
923	241
924	232
925	229
926	210
927	207
928	182
929	190
930	202
931	168
932	171
933	164
934	151
935	140
936	162
937	152
938	153
939	160
940	141
941	166
942	197
943	218
944	228
945	269
946	252
947	284
948	304
949	362
950	377
951	404
952	412
953	426
954	406
955	404
956	415
957	392
958	343
959	318
960	275
961	259
962	224
963	177
964	198
965	172
966	148
967	130
968	129
969	116
970	106
971	116
972	141
973	123
974	129
975	94
976	109
977	120
978	126
979	115
980	126
981	152
982	119
983	118
984	144
985	131
986	157
987	121
988	155
989	153
990	125
991	152
992	140
993	162
994	134
995	160
996	164
997	179
998	156
999	151
1000	180
1001	194
1002	191
1003	173
1004	150
1005	177
1006	162
1007	166
1008	163
1009	175
1010	177
1011	143
1012	144
1013	159
1014	138
1015	147
1016	143
1017	153
1018	105
1019	119
1020	122
1021	113
1022	121
1023	118
1024	120
