Date:	09/05/2018		Time:	11:58		Version no:	0.00		Project name:	55		Sample name:	222		Section name:	section		Position	281.000031	mm	E0	0.000000	keV	E1	1.000000	keV/channel	sample surface	6.172786	cm	Tube anode:	Mo		Tube voltage:	30	kV	Tube current:	50	mA	gain	10		std. database			resultfile	result		matrix element	11		sample thickness	1.000000		air passage	0.560000	cm	comments	in position		peaking_time	2.200000	m-sec	trigger_threshold	547.363281	V	mca_bin_width	22.090000	no:	number_mca_channels	1024.000000	no:	gap_time	0.150000	m-sec	trigger_peaking_time	0.200000	m-sec	GAINDAC	18610		HIGHGAIN	1		TAURC	1		RCTAU	1		RCTAUFRAC	1		livetime	9.469985	seconds	runtime	10.000492	seconds	input_count_rate	22832.771601	cps	output_count_rate	18887.270746	cps	triggers	216226	seconds	events_in_run	188882	seconds	channel	content		1	0
2	0
3	0
4	0
5	0
6	0
7	0
8	0
9	0
10	0
11	0
12	0
13	0
14	0
15	0
16	0
17	0
18	0
19	0
20	0
21	0
22	0
23	0
24	0
25	0
26	0
27	0
28	0
29	0
30	0
31	15
32	18
33	12
34	17
35	12
36	10
37	14
38	12
39	13
40	7
41	20
42	16
43	7
44	11
45	17
46	16
47	15
48	12
49	16
50	13
51	12
52	16
53	18
54	19
55	12
56	10
57	14
58	11
59	11
60	10
61	9
62	3
63	7
64	14
65	11
66	11
67	5
68	12
69	5
70	8
71	10
72	5
73	6
74	4
75	6
76	6
77	9
78	11
79	5
80	6
81	9
82	12
83	12
84	8
85	9
86	6
87	6
88	2
89	1
90	1
91	4
92	10
93	17
94	18
95	11
96	22
97	17
98	15
99	11
100	12
101	12
102	10
103	6
104	4
105	9
106	10
107	12
108	12
109	10
110	3
111	6
112	5
113	3
114	3
115	4
116	7
117	7
118	0
119	7
120	5
121	7
122	7
123	7
124	9
125	6
126	3
127	3
128	7
129	6
130	4
131	8
132	4
133	1
134	3
135	4
136	3
137	4
138	3
139	3
140	5
141	1
142	5
143	3
144	2
145	7
146	7
147	7
148	5
149	9
150	6
151	10
152	9
153	6
154	2
155	6
156	9
157	3
158	6
159	14
160	13
161	31
162	35
163	27
164	23
165	23
166	11
167	14
168	8
169	7
170	6
171	7
172	2
173	0
174	7
175	6
176	3
177	14
178	12
179	13
180	14
181	14
182	24
183	26
184	16
185	20
186	13
187	7
188	1
189	3
190	3
191	4
192	5
193	2
194	10
195	16
196	33
197	68
198	104
199	170
200	246
201	331
202	403
203	402
204	402
205	348
206	255
207	165
208	98
209	40
210	27
211	16
212	15
213	10
214	15
215	22
216	17
217	39
218	59
219	78
220	70
221	74
222	64
223	47
224	45
225	30
226	18
227	7
228	4
229	5
230	5
231	5
232	3
233	5
234	3
235	4
236	3
237	6
238	4
239	6
240	22
241	27
242	57
243	86
244	143
245	162
246	187
247	239
248	219
249	222
250	173
251	124
252	108
253	76
254	63
255	44
256	39
257	28
258	38
259	22
260	17
261	17
262	14
263	14
264	18
265	17
266	28
267	30
268	34
269	43
270	55
271	49
272	52
273	39
274	34
275	26
276	19
277	14
278	10
279	12
280	12
281	15
282	9
283	11
284	11
285	13
286	11
287	9
288	13
289	9
290	19
291	14
292	19
293	11
294	16
295	17
296	17
297	21
298	26
299	17
300	8
301	15
302	18
303	15
304	15
305	10
306	8
307	7
308	9
309	15
310	17
311	17
312	7
313	12
314	16
315	15
316	21
317	18
318	37
319	56
320	90
321	92
322	103
323	111
324	116
325	78
326	98
327	69
328	71
329	37
330	27
331	35
332	33
333	28
334	22
335	38
336	40
337	28
338	53
339	56
340	108
341	196
342	350
343	709
344	1196
345	2009
346	2959
347	4314
348	5616
349	6800
350	7648
351	7773
352	7412
353	6568
354	5202
355	3888
356	2695
357	1673
358	981
359	505
360	324
361	154
362	78
363	58
364	35
365	51
366	31
367	50
368	35
369	36
370	29
371	34
372	53
373	45
374	56
375	36
376	91
377	106
378	147
379	210
380	290
381	421
382	593
383	799
384	999
385	1132
386	1310
387	1303
388	1223
389	1062
390	874
391	620
392	472
393	289
394	202
395	123
396	75
397	39
398	33
399	32
400	27
401	22
402	21
403	28
404	31
405	34
406	33
407	31
408	31
409	45
410	26
411	33
412	24
413	35
414	30
415	28
416	25
417	31
418	26
419	26
420	25
421	31
422	27
423	26
424	33
425	28
426	26
427	26
428	38
429	30
430	37
431	29
432	33
433	30
434	48
435	35
436	64
437	47
438	49
439	51
440	69
441	62
442	73
443	59
444	54
445	63
446	60
447	59
448	60
449	64
450	74
451	45
452	55
453	57
454	64
455	65
456	66
457	84
458	62
459	82
460	89
461	86
462	82
463	77
464	86
465	76
466	52
467	66
468	46
469	46
470	49
471	61
472	56
473	50
474	69
475	55
476	56
477	54
478	52
479	60
480	35
481	42
482	42
483	51
484	52
485	51
486	60
487	45
488	50
489	51
490	50
491	56
492	51
493	53
494	57
495	63
496	42
497	55
498	56
499	59
500	52
501	55
502	52
503	61
504	68
505	70
506	66
507	63
508	74
509	69
510	62
511	71
512	64
513	74
514	86
515	60
516	72
517	68
518	78
519	79
520	78
521	83
522	84
523	80
524	89
525	99
526	87
527	89
528	93
529	86
530	89
531	88
532	71
533	91
534	86
535	80
536	83
537	70
538	64
539	82
540	75
541	62
542	77
543	70
544	77
545	74
546	77
547	85
548	72
549	66
550	71
551	82
552	68
553	71
554	65
555	70
556	69
557	82
558	57
559	63
560	61
561	66
562	77
563	68
564	77
565	57
566	80
567	71
568	76
569	68
570	78
571	90
572	77
573	76
574	85
575	68
576	75
577	79
578	87
579	70
580	79
581	82
582	89
583	64
584	78
585	65
586	78
587	83
588	79
589	88
590	94
591	88
592	79
593	85
594	71
595	80
596	98
597	85
598	80
599	81
600	99
601	82
602	83
603	86
604	86
605	80
606	74
607	60
608	72
609	71
610	86
611	100
612	97
613	86
614	83
615	91
616	103
617	120
618	97
619	79
620	90
621	90
622	93
623	95
624	96
625	67
626	102
627	107
628	89
629	93
630	100
631	118
632	98
633	98
634	87
635	95
636	110
637	103
638	84
639	93
640	99
641	89
642	103
643	99
644	93
645	77
646	104
647	105
648	99
649	105
650	104
651	91
652	92
653	111
654	106
655	116
656	81
657	101
658	97
659	90
660	94
661	90
662	112
663	100
664	90
665	102
666	101
667	101
668	94
669	100
670	90
671	92
672	90
673	93
674	111
675	103
676	101
677	96
678	88
679	90
680	111
681	105
682	118
683	106
684	84
685	120
686	121
687	101
688	105
689	124
690	112
691	112
692	121
693	103
694	124
695	112
696	118
697	124
698	116
699	114
700	103
701	119
702	116
703	105
704	122
705	120
706	105
707	125
708	142
709	96
710	108
711	116
712	120
713	121
714	105
715	118
716	109
717	112
718	105
719	113
720	135
721	98
722	101
723	127
724	116
725	133
726	117
727	116
728	127
729	104
730	117
731	118
732	128
733	120
734	141
735	121
736	128
737	124
738	114
739	126
740	128
741	123
742	106
743	112
744	108
745	121
746	133
747	103
748	115
749	95
750	111
751	111
752	123
753	117
754	116
755	125
756	140
757	159
758	117
759	122
760	142
761	127
762	123
763	157
764	151
765	149
766	172
767	224
768	201
769	249
770	259
771	252
772	307
773	284
774	292
775	281
776	298
777	237
778	227
779	221
780	181
781	181
782	169
783	159
784	155
785	139
786	134
787	113
788	122
789	126
790	136
791	114
792	113
793	125
794	92
795	100
796	142
797	106
798	130
799	122
800	146
801	119
802	117
803	140
804	117
805	117
806	134
807	118
808	122
809	140
810	154
811	116
812	140
813	109
814	136
815	136
816	149
817	137
818	148
819	131
820	148
821	121
822	117
823	143
824	123
825	117
826	134
827	134
828	134
829	142
830	139
831	135
832	147
833	129
834	136
835	125
836	134
837	145
838	112
839	113
840	141
841	144
842	136
843	122
844	148
845	140
846	134
847	143
848	137
849	135
850	137
851	146
852	158
853	150
854	150
855	146
856	162
857	186
858	190
859	180
860	170
861	186
862	227
863	192
864	192
865	226
866	201
867	208
868	190
869	198
870	188
871	223
872	216
873	226
874	212
875	224
876	236
877	231
878	222
879	238
880	238
881	252
882	250
883	272
884	331
885	340
886	333
887	325
888	358
889	408
890	369
891	407
892	432
893	434
894	482
895	485
896	495
897	528
898	484
899	503
900	506
901	502
902	503
903	489
904	510
905	479
906	461
907	456
908	423
909	400
910	395
911	423
912	379
913	359
914	354
915	371
916	315
917	310
918	267
919	266
920	223
921	215
922	217
923	204
924	220
925	201
926	190
927	201
928	191
929	166
930	139
931	177
932	163
933	175
934	140
935	140
936	169
937	153
938	152
939	149
940	172
941	180
942	178
943	218
944	210
945	252
946	230
947	273
948	325
949	354
950	344
951	366
952	398
953	351
954	427
955	381
956	382
957	375
958	332
959	313
960	266
961	244
962	235
963	211
964	152
965	144
966	130
967	123
968	128
969	135
970	117
971	129
972	97
973	124
974	114
975	115
976	140
977	137
978	109
979	116
980	116
981	128
982	119
983	117
984	110
985	131
986	119
987	158
988	118
989	127
990	159
991	137
992	167
993	160
994	149
995	163
996	156
997	139
998	145
999	163
1000	136
1001	171
1002	162
1003	144
1004	183
1005	148
1006	153
1007	177
1008	161
1009	154
1010	154
1011	148
1012	124
1013	140
1014	143
1015	137
1016	124
1017	123
1018	123
1019	126
1020	135
1021	118
1022	118
1023	110
1024	123
