Date:	09/05/2018		Time:	12:02		Version no:	0.00		Project name:	55		Sample name:	222		Section name:	section		Position	284.800018	mm	E0	0.000000	keV	E1	1.000000	keV/channel	sample surface	6.152677	cm	Tube anode:	Mo		Tube voltage:	30	kV	Tube current:	50	mA	gain	10		std. database			resultfile	result		matrix element	11		sample thickness	1.000000		air passage	0.560000	cm	comments	in position		peaking_time	2.200000	m-sec	trigger_threshold	547.363281	V	mca_bin_width	22.090000	no:	number_mca_channels	1024.000000	no:	gap_time	0.150000	m-sec	trigger_peaking_time	0.200000	m-sec	GAINDAC	18610		HIGHGAIN	1		TAURC	1		RCTAU	1		RCTAUFRAC	1		livetime	9.486443	seconds	runtime	10.000495	seconds	input_count_rate	22143.283375	cps	output_count_rate	18416.488016	cps	triggers	210061	seconds	events_in_run	184174	seconds	channel	content		1	0
2	0
3	0
4	0
5	0
6	0
7	0
8	0
9	0
10	0
11	0
12	0
13	0
14	0
15	0
16	0
17	0
18	0
19	0
20	0
21	0
22	0
23	0
24	0
25	0
26	0
27	0
28	0
29	0
30	0
31	9
32	12
33	14
34	13
35	18
36	8
37	7
38	16
39	11
40	13
41	12
42	11
43	19
44	5
45	15
46	10
47	11
48	11
49	12
50	12
51	11
52	7
53	11
54	7
55	6
56	13
57	11
58	8
59	8
60	15
61	6
62	11
63	9
64	11
65	12
66	11
67	8
68	12
69	7
70	9
71	4
72	9
73	6
74	2
75	4
76	5
77	6
78	12
79	7
80	10
81	4
82	15
83	14
84	9
85	6
86	8
87	9
88	9
89	8
90	6
91	11
92	8
93	7
94	12
95	16
96	22
97	18
98	20
99	10
100	9
101	7
102	6
103	6
104	7
105	7
106	10
107	10
108	19
109	11
110	5
111	2
112	4
113	3
114	1
115	4
116	2
117	4
118	3
119	4
120	6
121	3
122	2
123	4
124	10
125	2
126	4
127	4
128	2
129	3
130	4
131	2
132	10
133	6
134	4
135	2
136	2
137	5
138	4
139	6
140	1
141	1
142	3
143	6
144	3
145	5
146	3
147	4
148	5
149	3
150	7
151	7
152	6
153	7
154	6
155	5
156	7
157	4
158	5
159	14
160	18
161	35
162	21
163	37
164	25
165	23
166	18
167	13
168	9
169	6
170	2
171	1
172	4
173	3
174	9
175	11
176	5
177	11
178	14
179	19
180	19
181	16
182	14
183	20
184	28
185	19
186	13
187	8
188	8
189	3
190	4
191	3
192	4
193	7
194	12
195	15
196	34
197	56
198	111
199	184
200	291
201	333
202	410
203	461
204	420
205	366
206	265
207	176
208	110
209	69
210	35
211	18
212	15
213	5
214	10
215	23
216	23
217	34
218	49
219	66
220	68
221	73
222	66
223	49
224	37
225	31
226	26
227	8
228	3
229	7
230	4
231	1
232	2
233	3
234	3
235	4
236	5
237	10
238	6
239	9
240	26
241	30
242	39
243	90
244	123
245	192
246	233
247	252
248	257
249	229
250	193
251	148
252	124
253	93
254	48
255	47
256	43
257	27
258	30
259	25
260	19
261	14
262	11
263	11
264	11
265	24
266	31
267	37
268	44
269	54
270	60
271	45
272	52
273	49
274	42
275	31
276	21
277	21
278	19
279	15
280	16
281	14
282	8
283	9
284	12
285	8
286	12
287	14
288	14
289	10
290	19
291	17
292	11
293	23
294	18
295	12
296	16
297	16
298	14
299	19
300	14
301	16
302	12
303	14
304	12
305	13
306	8
307	11
308	8
309	13
310	18
311	13
312	14
313	9
314	13
315	18
316	18
317	31
318	35
319	56
320	74
321	81
322	97
323	116
324	90
325	82
326	60
327	78
328	47
329	45
330	29
331	30
332	22
333	25
334	28
335	29
336	32
337	35
338	48
339	53
340	99
341	217
342	321
343	627
344	1148
345	1923
346	2968
347	4223
348	5683
349	6750
350	7486
351	7810
352	7483
353	6495
354	5239
355	3883
356	2699
357	1698
358	992
359	548
360	305
361	168
362	76
363	68
364	43
365	41
366	41
367	41
368	28
369	38
370	43
371	40
372	52
373	54
374	68
375	62
376	77
377	98
378	127
379	179
380	307
381	476
382	676
383	841
384	1049
385	1156
386	1278
387	1362
388	1266
389	1063
390	838
391	659
392	431
393	297
394	206
395	87
396	67
397	45
398	35
399	32
400	25
401	24
402	22
403	34
404	33
405	37
406	31
407	30
408	28
409	33
410	37
411	26
412	35
413	23
414	40
415	28
416	41
417	18
418	28
419	23
420	26
421	40
422	33
423	28
424	28
425	32
426	28
427	40
428	23
429	35
430	32
431	30
432	26
433	41
434	34
435	48
436	32
437	40
438	46
439	58
440	55
441	59
442	54
443	40
444	46
445	55
446	71
447	50
448	47
449	47
450	47
451	54
452	63
453	48
454	58
455	55
456	62
457	73
458	79
459	76
460	65
461	80
462	55
463	51
464	52
465	65
466	53
467	51
468	50
469	43
470	50
471	48
472	51
473	41
474	59
475	55
476	56
477	48
478	53
479	41
480	42
481	53
482	57
483	59
484	41
485	44
486	40
487	46
488	54
489	69
490	40
491	45
492	49
493	73
494	53
495	36
496	41
497	59
498	47
499	54
500	57
501	58
502	55
503	57
504	56
505	62
506	70
507	64
508	78
509	69
510	63
511	62
512	72
513	69
514	60
515	58
516	67
517	84
518	76
519	74
520	66
521	84
522	68
523	67
524	83
525	83
526	88
527	82
528	87
529	93
530	78
531	81
532	84
533	77
534	67
535	91
536	71
537	68
538	64
539	63
540	69
541	67
542	67
543	68
544	71
545	72
546	74
547	69
548	76
549	64
550	86
551	75
552	60
553	55
554	65
555	69
556	55
557	62
558	80
559	78
560	80
561	71
562	77
563	71
564	66
565	50
566	77
567	72
568	75
569	62
570	64
571	64
572	84
573	76
574	72
575	81
576	66
577	77
578	65
579	70
580	75
581	71
582	85
583	76
584	89
585	77
586	79
587	73
588	83
589	94
590	88
591	82
592	73
593	86
594	56
595	87
596	88
597	78
598	89
599	82
600	78
601	83
602	92
603	100
604	67
605	75
606	70
607	95
608	78
609	93
610	79
611	77
612	97
613	75
614	71
615	97
616	78
617	83
618	93
619	102
620	94
621	81
622	101
623	82
624	76
625	93
626	94
627	77
628	82
629	103
630	107
631	91
632	101
633	79
634	77
635	105
636	81
637	89
638	83
639	88
640	96
641	88
642	97
643	87
644	91
645	79
646	93
647	101
648	120
649	91
650	111
651	92
652	90
653	105
654	106
655	87
656	86
657	92
658	86
659	81
660	90
661	86
662	115
663	104
664	81
665	96
666	101
667	85
668	94
669	87
670	119
671	112
672	80
673	98
674	87
675	98
676	102
677	88
678	97
679	95
680	111
681	111
682	90
683	105
684	89
685	128
686	94
687	102
688	94
689	123
690	97
691	116
692	110
693	98
694	104
695	105
696	119
697	104
698	100
699	124
700	102
701	131
702	123
703	99
704	91
705	122
706	121
707	112
708	99
709	108
710	104
711	76
712	111
713	112
714	109
715	115
716	101
717	122
718	92
719	104
720	89
721	116
722	101
723	104
724	120
725	112
726	116
727	108
728	105
729	110
730	115
731	128
732	114
733	119
734	99
735	102
736	131
737	122
738	129
739	116
740	117
741	92
742	110
743	127
744	132
745	122
746	124
747	113
748	109
749	103
750	111
751	138
752	125
753	108
754	115
755	118
756	111
757	119
758	126
759	111
760	106
761	106
762	145
763	129
764	139
765	147
766	174
767	185
768	206
769	197
770	231
771	254
772	253
773	237
774	269
775	253
776	250
777	241
778	195
779	201
780	172
781	167
782	143
783	144
784	135
785	124
786	115
787	119
788	115
789	135
790	125
791	121
792	114
793	130
794	132
795	131
796	104
797	127
798	105
799	120
800	124
801	129
802	127
803	129
804	106
805	133
806	135
807	112
808	125
809	120
810	141
811	116
812	130
813	130
814	128
815	122
816	125
817	141
818	134
819	123
820	113
821	122
822	137
823	108
824	129
825	128
826	137
827	130
828	108
829	122
830	120
831	121
832	130
833	123
834	128
835	115
836	93
837	130
838	151
839	132
840	131
841	105
842	127
843	131
844	118
845	136
846	148
847	147
848	131
849	123
850	126
851	135
852	150
853	148
854	161
855	152
856	139
857	162
858	175
859	181
860	195
861	190
862	207
863	180
864	212
865	204
866	199
867	196
868	154
869	200
870	213
871	226
872	208
873	192
874	204
875	206
876	155
877	206
878	225
879	228
880	236
881	248
882	274
883	234
884	241
885	293
886	314
887	334
888	332
889	349
890	395
891	397
892	411
893	431
894	444
895	463
896	469
897	475
898	463
899	480
900	506
901	445
902	457
903	503
904	452
905	467
906	441
907	458
908	409
909	461
910	403
911	385
912	356
913	332
914	330
915	326
916	302
917	282
918	262
919	275
920	218
921	221
922	212
923	206
924	205
925	199
926	191
927	171
928	186
929	177
930	141
931	165
932	168
933	144
934	140
935	154
936	145
937	159
938	141
939	157
940	150
941	175
942	176
943	194
944	194
945	226
946	252
947	260
948	315
949	346
950	355
951	359
952	339
953	384
954	394
955	354
956	377
957	344
958	301
959	311
960	259
961	252
962	205
963	172
964	134
965	182
966	152
967	128
968	129
969	114
970	116
971	103
972	104
973	110
974	114
975	116
976	97
977	106
978	117
979	118
980	97
981	101
982	130
983	108
984	112
985	118
986	129
987	118
988	133
989	126
990	116
991	135
992	146
993	147
994	123
995	151
996	148
997	113
998	151
999	134
1000	152
1001	167
1002	172
1003	153
1004	150
1005	148
1006	141
1007	156
1008	163
1009	144
1010	153
1011	135
1012	153
1013	137
1014	128
1015	137
1016	127
1017	120
1018	123
1019	128
1020	113
1021	111
1022	105
1023	85
1024	120
