Date:	09/05/2018		Time:	11:17		Version no:	0.00		Project name:	55		Sample name:	222		Section name:	section		Position	237.800034	mm	E0	0.000000	keV	E1	1.000000	keV/channel	sample surface	6.096679	cm	Tube anode:	Mo		Tube voltage:	30	kV	Tube current:	50	mA	gain	10		std. database			resultfile	result		matrix element	11		sample thickness	1.000000		air passage	0.560000	cm	comments	in position		peaking_time	2.200000	m-sec	trigger_threshold	547.363281	V	mca_bin_width	22.090000	no:	number_mca_channels	1024.000000	no:	gap_time	0.150000	m-sec	trigger_peaking_time	0.200000	m-sec	GAINDAC	18610		HIGHGAIN	1		TAURC	1		RCTAU	1		RCTAUFRAC	1		livetime	9.471054	seconds	runtime	10.000494	seconds	input_count_rate	22215.690977	cps	output_count_rate	18415.189553	cps	triggers	210406	seconds	events_in_run	184161	seconds	channel	content		1	0
2	0
3	0
4	0
5	0
6	0
7	0
8	0
9	0
10	0
11	0
12	0
13	0
14	0
15	0
16	0
17	0
18	0
19	0
20	0
21	0
22	0
23	0
24	0
25	0
26	0
27	0
28	0
29	0
30	0
31	10
32	18
33	11
34	25
35	12
36	11
37	10
38	19
39	19
40	16
41	13
42	15
43	14
44	11
45	17
46	17
47	10
48	14
49	15
50	17
51	13
52	6
53	9
54	10
55	7
56	13
57	12
58	12
59	13
60	11
61	9
62	5
63	15
64	20
65	9
66	6
67	6
68	9
69	10
70	15
71	3
72	4
73	7
74	6
75	6
76	5
77	1
78	10
79	8
80	5
81	10
82	12
83	10
84	9
85	11
86	6
87	3
88	9
89	8
90	8
91	5
92	6
93	11
94	14
95	17
96	21
97	21
98	26
99	11
100	8
101	12
102	10
103	8
104	13
105	9
106	11
107	11
108	13
109	8
110	9
111	3
112	10
113	10
114	1
115	5
116	8
117	6
118	7
119	5
120	4
121	8
122	3
123	2
124	1
125	4
126	3
127	8
128	1
129	6
130	4
131	9
132	6
133	5
134	2
135	6
136	2
137	3
138	5
139	4
140	3
141	5
142	1
143	1
144	4
145	4
146	4
147	5
148	2
149	4
150	3
151	3
152	6
153	3
154	6
155	4
156	7
157	4
158	9
159	19
160	20
161	26
162	24
163	33
164	22
165	23
166	16
167	11
168	7
169	5
170	5
171	9
172	5
173	4
174	4
175	8
176	5
177	9
178	12
179	18
180	29
181	28
182	35
183	28
184	23
185	22
186	17
187	8
188	7
189	3
190	5
191	1
192	3
193	6
194	14
195	16
196	23
197	68
198	108
199	178
200	285
201	337
202	378
203	366
204	400
205	332
206	253
207	177
208	85
209	53
210	29
211	16
212	12
213	10
214	13
215	14
216	25
217	27
218	49
219	67
220	74
221	83
222	55
223	59
224	44
225	29
226	19
227	18
228	10
229	8
230	10
231	3
232	3
233	3
234	2
235	3
236	2
237	2
238	1
239	6
240	18
241	27
242	45
243	54
244	89
245	109
246	151
247	170
248	197
249	167
250	145
251	110
252	101
253	65
254	55
255	35
256	28
257	29
258	27
259	22
260	8
261	12
262	13
263	7
264	13
265	24
266	20
267	21
268	28
269	31
270	47
271	50
272	43
273	34
274	31
275	20
276	22
277	16
278	10
279	13
280	10
281	12
282	11
283	13
284	9
285	11
286	14
287	26
288	8
289	17
290	11
291	17
292	18
293	20
294	21
295	17
296	21
297	17
298	18
299	19
300	12
301	14
302	18
303	16
304	10
305	10
306	14
307	6
308	16
309	11
310	9
311	17
312	13
313	13
314	16
315	19
316	26
317	25
318	31
319	48
320	56
321	60
322	81
323	82
324	73
325	75
326	59
327	51
328	39
329	33
330	31
331	29
332	31
333	27
334	36
335	26
336	26
337	37
338	46
339	61
340	109
341	165
342	306
343	570
344	1053
345	1696
346	2574
347	3816
348	4981
349	5929
350	6549
351	6893
352	6610
353	5768
354	4597
355	3454
356	2319
357	1512
358	850
359	479
360	268
361	148
362	72
363	52
364	36
365	45
366	53
367	38
368	28
369	36
370	34
371	48
372	44
373	55
374	37
375	57
376	63
377	105
378	150
379	187
380	267
381	378
382	527
383	734
384	902
385	1033
386	1207
387	1135
388	1130
389	976
390	727
391	589
392	406
393	244
394	165
395	105
396	55
397	41
398	32
399	35
400	31
401	32
402	23
403	38
404	23
405	39
406	41
407	45
408	39
409	36
410	34
411	34
412	39
413	26
414	38
415	23
416	26
417	35
418	25
419	31
420	34
421	44
422	23
423	27
424	31
425	47
426	45
427	28
428	42
429	34
430	40
431	31
432	50
433	57
434	38
435	39
436	49
437	44
438	68
439	62
440	68
441	60
442	72
443	70
444	68
445	72
446	63
447	67
448	67
449	66
450	58
451	59
452	57
453	64
454	75
455	90
456	75
457	72
458	79
459	92
460	84
461	86
462	78
463	59
464	67
465	67
466	55
467	65
468	60
469	53
470	83
471	57
472	55
473	65
474	66
475	61
476	69
477	73
478	71
479	54
480	52
481	61
482	68
483	44
484	48
485	75
486	54
487	59
488	53
489	52
490	57
491	65
492	60
493	54
494	60
495	68
496	51
497	52
498	58
499	62
500	53
501	77
502	56
503	76
504	73
505	94
506	56
507	80
508	80
509	92
510	72
511	79
512	63
513	78
514	78
515	86
516	79
517	74
518	85
519	82
520	90
521	84
522	83
523	71
524	87
525	93
526	107
527	108
528	104
529	101
530	137
531	109
532	99
533	95
534	99
535	85
536	87
537	99
538	80
539	84
540	98
541	70
542	71
543	90
544	88
545	91
546	95
547	77
548	86
549	66
550	80
551	78
552	68
553	65
554	85
555	86
556	70
557	68
558	81
559	79
560	70
561	87
562	79
563	87
564	74
565	96
566	93
567	83
568	77
569	76
570	78
571	84
572	75
573	82
574	83
575	84
576	88
577	79
578	81
579	71
580	94
581	66
582	93
583	95
584	95
585	83
586	96
587	104
588	95
589	72
590	82
591	79
592	109
593	74
594	80
595	90
596	81
597	93
598	97
599	106
600	103
601	92
602	94
603	99
604	87
605	92
606	95
607	106
608	90
609	96
610	87
611	107
612	95
613	114
614	95
615	94
616	99
617	95
618	104
619	107
620	99
621	95
622	94
623	99
624	114
625	90
626	107
627	101
628	103
629	97
630	120
631	100
632	98
633	121
634	121
635	87
636	76
637	100
638	90
639	105
640	103
641	103
642	100
643	111
644	111
645	106
646	111
647	92
648	102
649	120
650	91
651	106
652	97
653	109
654	117
655	104
656	107
657	96
658	96
659	99
660	117
661	117
662	89
663	108
664	107
665	113
666	97
667	99
668	109
669	103
670	99
671	81
672	111
673	117
674	112
675	108
676	120
677	116
678	98
679	119
680	96
681	127
682	87
683	118
684	111
685	109
686	135
687	97
688	103
689	104
690	125
691	105
692	118
693	129
694	101
695	101
696	126
697	119
698	125
699	126
700	108
701	103
702	122
703	136
704	117
705	132
706	125
707	126
708	111
709	126
710	115
711	116
712	122
713	127
714	125
715	116
716	133
717	113
718	111
719	105
720	97
721	126
722	133
723	117
724	134
725	128
726	131
727	115
728	143
729	123
730	120
731	135
732	138
733	134
734	126
735	122
736	126
737	142
738	136
739	133
740	148
741	128
742	135
743	121
744	125
745	121
746	131
747	122
748	140
749	126
750	101
751	123
752	128
753	131
754	121
755	134
756	118
757	141
758	122
759	127
760	142
761	139
762	146
763	147
764	150
765	176
766	209
767	216
768	234
769	284
770	297
771	302
772	300
773	286
774	312
775	324
776	290
777	290
778	250
779	209
780	190
781	194
782	169
783	156
784	151
785	141
786	153
787	123
788	137
789	110
790	130
791	134
792	118
793	124
794	119
795	147
796	130
797	149
798	109
799	131
800	132
801	150
802	135
803	144
804	131
805	155
806	143
807	125
808	134
809	125
810	145
811	144
812	136
813	150
814	149
815	158
816	147
817	130
818	153
819	140
820	136
821	146
822	146
823	136
824	143
825	112
826	154
827	136
828	149
829	150
830	129
831	133
832	135
833	150
834	127
835	124
836	123
837	139
838	153
839	158
840	189
841	145
842	133
843	154
844	174
845	144
846	147
847	132
848	149
849	157
850	156
851	166
852	142
853	139
854	161
855	189
856	151
857	171
858	160
859	184
860	194
861	198
862	210
863	201
864	233
865	197
866	197
867	225
868	224
869	210
870	187
871	219
872	215
873	201
874	204
875	208
876	221
877	223
878	231
879	264
880	270
881	286
882	279
883	297
884	336
885	327
886	331
887	362
888	404
889	386
890	409
891	477
892	464
893	477
894	478
895	520
896	513
897	551
898	521
899	539
900	567
901	507
902	567
903	508
904	523
905	504
906	496
907	498
908	476
909	445
910	404
911	433
912	387
913	384
914	390
915	312
916	332
917	346
918	271
919	269
920	241
921	269
922	239
923	245
924	241
925	209
926	199
927	191
928	192
929	191
930	174
931	140
932	180
933	155
934	158
935	173
936	135
937	165
938	167
939	156
940	148
941	177
942	195
943	204
944	219
945	255
946	288
947	302
948	320
949	323
950	356
951	404
952	403
953	368
954	445
955	403
956	363
957	380
958	326
959	306
960	278
961	245
962	217
963	225
964	186
965	166
966	140
967	147
968	133
969	120
970	132
971	129
972	127
973	123
974	113
975	127
976	113
977	114
978	127
979	107
980	118
981	137
982	127
983	146
984	127
985	114
986	132
987	116
988	153
989	126
990	134
991	149
992	170
993	140
994	165
995	141
996	143
997	145
998	159
999	131
1000	172
1001	173
1002	186
1003	177
1004	168
1005	174
1006	167
1007	165
1008	156
1009	144
1010	156
1011	158
1012	159
1013	146
1014	160
1015	114
1016	148
1017	143
1018	149
1019	161
1020	131
1021	112
1022	131
1023	130
1024	111
