Date:	09/05/2018		Time:	11:42		Version no:	0.00		Project name:	55		Sample name:	222		Section name:	section		Position	264.200043	mm	E0	0.000000	keV	E1	1.000000	keV/channel	sample surface	6.235413	cm	Tube anode:	Mo		Tube voltage:	30	kV	Tube current:	50	mA	gain	10		std. database			resultfile	result		matrix element	11		sample thickness	1.000000		air passage	0.560000	cm	comments	in position		peaking_time	2.200000	m-sec	trigger_threshold	547.363281	V	mca_bin_width	22.090000	no:	number_mca_channels	1024.000000	no:	gap_time	0.150000	m-sec	trigger_peaking_time	0.200000	m-sec	GAINDAC	18610		HIGHGAIN	1		TAURC	1		RCTAU	1		RCTAUFRAC	1		livetime	9.456553	seconds	runtime	10.000490	seconds	input_count_rate	24144.844832	cps	output_count_rate	19849.726569	cps	triggers	228327	seconds	events_in_run	198507	seconds	channel	content		1	0
2	0
3	0
4	0
5	0
6	0
7	0
8	0
9	0
10	0
11	0
12	0
13	0
14	0
15	0
16	0
17	0
18	0
19	0
20	0
21	0
22	0
23	0
24	0
25	0
26	0
27	0
28	0
29	0
30	0
31	16
32	11
33	19
34	12
35	12
36	11
37	15
38	17
39	8
40	15
41	12
42	16
43	10
44	16
45	13
46	14
47	18
48	13
49	10
50	16
51	4
52	6
53	13
54	10
55	21
56	5
57	12
58	4
59	13
60	13
61	11
62	8
63	10
64	4
65	7
66	15
67	8
68	4
69	3
70	12
71	4
72	10
73	6
74	7
75	5
76	9
77	7
78	11
79	3
80	8
81	7
82	12
83	11
84	9
85	6
86	8
87	4
88	4
89	5
90	3
91	12
92	9
93	10
94	12
95	18
96	17
97	12
98	12
99	10
100	10
101	8
102	7
103	2
104	4
105	10
106	8
107	14
108	7
109	13
110	11
111	7
112	5
113	4
114	4
115	5
116	6
117	7
118	3
119	5
120	5
121	2
122	8
123	5
124	7
125	2
126	6
127	7
128	5
129	2
130	1
131	5
132	4
133	4
134	5
135	6
136	2
137	3
138	3
139	5
140	2
141	3
142	1
143	4
144	3
145	3
146	2
147	6
148	4
149	6
150	5
151	3
152	7
153	7
154	4
155	5
156	5
157	6
158	12
159	9
160	11
161	25
162	30
163	29
164	27
165	23
166	17
167	4
168	10
169	3
170	5
171	5
172	2
173	5
174	8
175	5
176	7
177	5
178	14
179	7
180	23
181	19
182	26
183	29
184	20
185	18
186	9
187	11
188	4
189	6
190	3
191	2
192	7
193	5
194	14
195	12
196	30
197	60
198	121
199	175
200	254
201	342
202	398
203	436
204	437
205	345
206	252
207	199
208	102
209	38
210	20
211	12
212	8
213	12
214	17
215	18
216	30
217	40
218	63
219	72
220	75
221	75
222	65
223	52
224	43
225	29
226	26
227	10
228	8
229	9
230	7
231	6
232	4
233	4
234	5
235	5
236	4
237	6
238	7
239	16
240	21
241	48
242	79
243	124
244	193
245	263
246	308
247	354
248	352
249	360
250	276
251	196
252	157
253	118
254	69
255	62
256	47
257	47
258	38
259	23
260	22
261	24
262	14
263	16
264	17
265	23
266	45
267	46
268	42
269	71
270	85
271	70
272	86
273	82
274	46
275	37
276	43
277	22
278	13
279	17
280	11
281	8
282	6
283	13
284	8
285	11
286	5
287	11
288	10
289	13
290	21
291	15
292	17
293	22
294	18
295	22
296	21
297	16
298	20
299	14
300	11
301	17
302	11
303	12
304	19
305	11
306	16
307	11
308	15
309	13
310	11
311	16
312	15
313	15
314	16
315	19
316	26
317	31
318	44
319	46
320	92
321	102
322	111
323	102
324	110
325	106
326	100
327	71
328	56
329	60
330	30
331	33
332	32
333	31
334	21
335	39
336	36
337	40
338	57
339	79
340	108
341	216
342	398
343	761
344	1293
345	2201
346	3574
347	4993
348	6566
349	7939
350	8871
351	9039
352	8844
353	7575
354	6230
355	4561
356	3306
357	2081
358	1187
359	644
360	331
361	214
362	97
363	69
364	51
365	50
366	41
367	41
368	36
369	56
370	43
371	42
372	50
373	50
374	64
375	74
376	98
377	114
378	159
379	251
380	294
381	494
382	711
383	929
384	1186
385	1403
386	1483
387	1555
388	1460
389	1260
390	1008
391	811
392	537
393	359
394	235
395	143
396	96
397	54
398	33
399	29
400	21
401	28
402	19
403	24
404	31
405	29
406	30
407	30
408	44
409	36
410	40
411	34
412	38
413	21
414	31
415	29
416	24
417	29
418	29
419	27
420	23
421	34
422	25
423	33
424	23
425	32
426	33
427	42
428	24
429	30
430	30
431	31
432	44
433	37
434	37
435	33
436	40
437	50
438	50
439	66
440	64
441	56
442	70
443	49
444	54
445	53
446	59
447	41
448	57
449	43
450	56
451	63
452	63
453	61
454	65
455	58
456	68
457	64
458	79
459	88
460	61
461	86
462	75
463	63
464	74
465	57
466	48
467	60
468	56
469	60
470	66
471	58
472	71
473	56
474	61
475	68
476	66
477	47
478	41
479	45
480	52
481	41
482	46
483	55
484	43
485	53
486	50
487	53
488	47
489	63
490	44
491	53
492	53
493	62
494	43
495	54
496	49
497	56
498	50
499	58
500	47
501	63
502	61
503	74
504	80
505	69
506	49
507	61
508	64
509	71
510	73
511	94
512	77
513	64
514	75
515	67
516	76
517	56
518	77
519	68
520	64
521	64
522	55
523	81
524	87
525	71
526	67
527	92
528	89
529	100
530	86
531	101
532	77
533	58
534	76
535	64
536	74
537	80
538	81
539	79
540	59
541	67
542	67
543	72
544	83
545	69
546	80
547	77
548	66
549	89
550	79
551	60
552	60
553	68
554	70
555	56
556	55
557	73
558	77
559	54
560	63
561	65
562	69
563	62
564	63
565	72
566	79
567	70
568	75
569	64
570	70
571	90
572	71
573	81
574	67
575	79
576	69
577	71
578	71
579	63
580	73
581	75
582	84
583	89
584	71
585	81
586	89
587	69
588	61
589	91
590	86
591	64
592	77
593	81
594	89
595	63
596	79
597	88
598	78
599	78
600	78
601	75
602	83
603	94
604	86
605	109
606	88
607	98
608	74
609	72
610	93
611	76
612	85
613	94
614	85
615	82
616	85
617	88
618	100
619	104
620	95
621	89
622	78
623	90
624	80
625	96
626	89
627	90
628	89
629	82
630	95
631	91
632	94
633	71
634	89
635	80
636	80
637	79
638	90
639	100
640	80
641	83
642	94
643	86
644	74
645	87
646	93
647	119
648	89
649	99
650	107
651	90
652	89
653	107
654	100
655	89
656	99
657	95
658	95
659	87
660	75
661	85
662	91
663	89
664	118
665	93
666	108
667	94
668	105
669	87
670	89
671	111
672	94
673	81
674	76
675	86
676	95
677	98
678	79
679	97
680	98
681	89
682	87
683	96
684	108
685	109
686	107
687	97
688	119
689	113
690	96
691	95
692	89
693	103
694	108
695	132
696	125
697	120
698	107
699	102
700	92
701	123
702	123
703	139
704	114
705	107
706	112
707	108
708	115
709	105
710	109
711	119
712	122
713	101
714	113
715	104
716	90
717	105
718	117
719	127
720	100
721	109
722	109
723	112
724	130
725	117
726	113
727	104
728	105
729	122
730	106
731	129
732	122
733	111
734	107
735	129
736	112
737	134
738	111
739	100
740	124
741	120
742	123
743	107
744	100
745	127
746	112
747	121
748	129
749	122
750	107
751	123
752	119
753	111
754	112
755	96
756	101
757	110
758	131
759	139
760	97
761	129
762	116
763	133
764	124
765	160
766	180
767	174
768	202
769	240
770	254
771	259
772	233
773	282
774	265
775	264
776	259
777	219
778	180
779	167
780	191
781	167
782	169
783	130
784	131
785	143
786	111
787	121
788	110
789	122
790	135
791	110
792	109
793	105
794	121
795	117
796	124
797	110
798	104
799	120
800	106
801	114
802	115
803	125
804	121
805	114
806	119
807	108
808	122
809	112
810	121
811	128
812	123
813	139
814	132
815	132
816	149
817	137
818	129
819	124
820	118
821	123
822	128
823	142
824	122
825	154
826	129
827	119
828	125
829	131
830	118
831	135
832	125
833	131
834	135
835	134
836	133
837	106
838	125
839	122
840	114
841	118
842	131
843	116
844	114
845	123
846	128
847	131
848	138
849	130
850	129
851	127
852	139
853	151
854	145
855	157
856	170
857	161
858	175
859	193
860	183
861	176
862	188
863	194
864	204
865	187
866	186
867	179
868	184
869	167
870	181
871	187
872	187
873	173
874	195
875	185
876	196
877	205
878	203
879	237
880	219
881	213
882	238
883	290
884	236
885	299
886	291
887	342
888	341
889	321
890	377
891	367
892	382
893	357
894	421
895	429
896	444
897	413
898	473
899	471
900	459
901	444
902	468
903	429
904	463
905	448
906	435
907	411
908	405
909	402
910	363
911	336
912	323
913	336
914	301
915	292
916	291
917	260
918	235
919	250
920	243
921	235
922	214
923	184
924	169
925	183
926	181
927	167
928	161
929	139
930	142
931	151
932	129
933	146
934	128
935	142
936	130
937	147
938	144
939	145
940	144
941	155
942	184
943	181
944	213
945	212
946	249
947	255
948	277
949	304
950	333
951	353
952	378
953	428
954	420
955	355
956	369
957	308
958	325
959	301
960	281
961	235
962	200
963	175
964	162
965	122
966	125
967	144
968	93
969	119
970	109
971	100
972	106
973	118
974	94
975	115
976	96
977	109
978	111
979	105
980	113
981	119
982	119
983	102
984	119
985	97
986	142
987	112
988	112
989	125
990	119
991	139
992	164
993	131
994	137
995	135
996	151
997	148
998	141
999	143
1000	135
1001	150
1002	163
1003	150
1004	162
1005	141
1006	142
1007	140
1008	164
1009	137
1010	136
1011	164
1012	128
1013	125
1014	128
1015	130
1016	129
1017	127
1018	105
1019	98
1020	100
1021	106
1022	123
1023	89
1024	91
