Date:	09/05/2018		Time:	11:45		Version no:	0.00		Project name:	55		Sample name:	222		Section name:	section		Position	267.400024	mm	E0	0.000000	keV	E1	1.000000	keV/channel	sample surface	6.227010	cm	Tube anode:	Mo		Tube voltage:	30	kV	Tube current:	50	mA	gain	10		std. database			resultfile	result		matrix element	11		sample thickness	1.000000		air passage	0.560000	cm	comments	in position		peaking_time	2.200000	m-sec	trigger_threshold	547.363281	V	mca_bin_width	22.090000	no:	number_mca_channels	1024.000000	no:	gap_time	0.150000	m-sec	trigger_peaking_time	0.200000	m-sec	GAINDAC	18610		HIGHGAIN	1		TAURC	1		RCTAU	1		RCTAUFRAC	1		livetime	9.474434	seconds	runtime	10.000498	seconds	input_count_rate	23162.756663	cps	output_count_rate	19162.846457	cps	triggers	219454	seconds	events_in_run	191638	seconds	channel	content		1	0
2	0
3	0
4	0
5	0
6	0
7	0
8	0
9	0
10	0
11	0
12	0
13	0
14	0
15	0
16	0
17	0
18	0
19	0
20	0
21	0
22	0
23	0
24	0
25	0
26	0
27	0
28	0
29	0
30	0
31	16
32	9
33	12
34	19
35	13
36	14
37	8
38	11
39	18
40	10
41	11
42	13
43	7
44	10
45	12
46	5
47	19
48	3
49	15
50	5
51	16
52	12
53	15
54	11
55	9
56	12
57	17
58	10
59	17
60	7
61	13
62	6
63	13
64	5
65	11
66	6
67	9
68	11
69	10
70	11
71	8
72	7
73	12
74	5
75	7
76	4
77	10
78	7
79	5
80	6
81	15
82	10
83	7
84	14
85	8
86	6
87	3
88	3
89	5
90	8
91	9
92	6
93	7
94	11
95	7
96	11
97	16
98	15
99	6
100	15
101	6
102	4
103	7
104	5
105	12
106	7
107	15
108	11
109	8
110	13
111	11
112	9
113	9
114	4
115	5
116	4
117	5
118	5
119	4
120	6
121	5
122	3
123	7
124	6
125	8
126	4
127	6
128	3
129	4
130	6
131	3
132	3
133	5
134	6
135	3
136	4
137	5
138	4
139	4
140	5
141	2
142	4
143	1
144	7
145	2
146	4
147	3
148	5
149	4
150	2
151	6
152	6
153	6
154	5
155	6
156	3
157	10
158	11
159	19
160	20
161	24
162	34
163	34
164	34
165	20
166	27
167	13
168	8
169	3
170	6
171	1
172	7
173	6
174	7
175	6
176	8
177	17
178	14
179	14
180	7
181	22
182	19
183	26
184	12
185	11
186	11
187	2
188	11
189	4
190	4
191	5
192	5
193	8
194	8
195	15
196	42
197	66
198	127
199	204
200	260
201	343
202	421
203	478
204	404
205	367
206	264
207	167
208	108
209	55
210	24
211	15
212	4
213	7
214	20
215	19
216	39
217	35
218	62
219	65
220	75
221	79
222	70
223	71
224	39
225	31
226	28
227	13
228	7
229	8
230	3
231	3
232	2
233	5
234	3
235	5
236	6
237	9
238	12
239	14
240	16
241	44
242	82
243	137
244	191
245	247
246	317
247	414
248	362
249	342
250	281
251	215
252	177
253	102
254	80
255	70
256	50
257	36
258	34
259	32
260	16
261	16
262	10
263	16
264	15
265	24
266	31
267	46
268	63
269	74
270	78
271	91
272	73
273	59
274	46
275	38
276	30
277	26
278	20
279	16
280	14
281	10
282	9
283	12
284	11
285	8
286	10
287	12
288	17
289	18
290	13
291	14
292	14
293	18
294	15
295	21
296	24
297	17
298	12
299	16
300	11
301	14
302	14
303	12
304	8
305	12
306	14
307	13
308	7
309	8
310	14
311	9
312	16
313	11
314	6
315	24
316	24
317	24
318	36
319	58
320	61
321	74
322	88
323	88
324	112
325	95
326	76
327	70
328	52
329	31
330	31
331	28
332	22
333	15
334	24
335	25
336	31
337	24
338	48
339	73
340	123
341	205
342	379
343	761
344	1307
345	2192
346	3302
347	4783
348	6119
349	7407
350	8267
351	8493
352	7988
353	7126
354	5721
355	4232
356	2898
357	1858
358	1115
359	618
360	357
361	166
362	94
363	64
364	48
365	36
366	43
367	41
368	35
369	37
370	34
371	41
372	45
373	66
374	56
375	66
376	71
377	102
378	156
379	229
380	290
381	509
382	642
383	915
384	1140
385	1321
386	1422
387	1451
388	1304
389	1197
390	953
391	698
392	495
393	330
394	187
395	122
396	77
397	44
398	28
399	24
400	25
401	21
402	19
403	23
404	24
405	24
406	28
407	29
408	38
409	35
410	32
411	43
412	27
413	32
414	28
415	31
416	21
417	22
418	17
419	22
420	27
421	19
422	20
423	25
424	33
425	34
426	24
427	30
428	21
429	29
430	24
431	27
432	30
433	33
434	31
435	40
436	45
437	45
438	41
439	35
440	54
441	64
442	50
443	45
444	47
445	44
446	46
447	41
448	57
449	52
450	54
451	43
452	61
453	46
454	69
455	53
456	65
457	77
458	76
459	69
460	74
461	61
462	67
463	60
464	61
465	54
466	56
467	42
468	69
469	48
470	44
471	67
472	45
473	68
474	73
475	59
476	53
477	52
478	52
479	42
480	47
481	42
482	54
483	52
484	45
485	46
486	51
487	44
488	50
489	50
490	41
491	55
492	33
493	44
494	54
495	52
496	46
497	53
498	53
499	64
500	56
501	63
502	51
503	63
504	56
505	60
506	62
507	57
508	60
509	64
510	53
511	58
512	61
513	64
514	68
515	63
516	58
517	67
518	66
519	70
520	60
521	66
522	70
523	83
524	68
525	81
526	90
527	78
528	76
529	74
530	81
531	85
532	79
533	74
534	67
535	84
536	56
537	64
538	75
539	88
540	67
541	83
542	72
543	63
544	64
545	50
546	58
547	66
548	61
549	85
550	56
551	71
552	56
553	70
554	91
555	64
556	64
557	71
558	68
559	52
560	65
561	52
562	56
563	57
564	56
565	43
566	59
567	73
568	51
569	68
570	51
571	67
572	67
573	75
574	45
575	75
576	61
577	79
578	74
579	56
580	71
581	72
582	63
583	73
584	71
585	65
586	69
587	87
588	65
589	79
590	61
591	76
592	79
593	68
594	70
595	86
596	72
597	61
598	74
599	78
600	70
601	69
602	91
603	74
604	70
605	80
606	94
607	85
608	80
609	82
610	90
611	78
612	81
613	73
614	67
615	70
616	69
617	105
618	86
619	89
620	93
621	86
622	85
623	94
624	81
625	80
626	79
627	82
628	78
629	86
630	89
631	76
632	88
633	85
634	92
635	76
636	69
637	71
638	92
639	90
640	72
641	86
642	89
643	73
644	74
645	103
646	81
647	84
648	84
649	96
650	82
651	88
652	110
653	105
654	105
655	89
656	76
657	85
658	94
659	89
660	97
661	90
662	86
663	94
664	92
665	90
666	103
667	105
668	96
669	78
670	94
671	100
672	105
673	72
674	92
675	90
676	94
677	111
678	86
679	98
680	104
681	88
682	82
683	104
684	95
685	91
686	120
687	116
688	109
689	107
690	109
691	91
692	113
693	104
694	107
695	106
696	120
697	104
698	101
699	115
700	96
701	90
702	105
703	103
704	107
705	80
706	109
707	131
708	102
709	107
710	112
711	100
712	113
713	116
714	117
715	100
716	115
717	110
718	97
719	93
720	95
721	98
722	97
723	103
724	106
725	127
726	108
727	112
728	89
729	119
730	110
731	106
732	118
733	103
734	94
735	104
736	122
737	103
738	112
739	102
740	121
741	97
742	114
743	121
744	114
745	108
746	122
747	100
748	127
749	96
750	108
751	109
752	115
753	118
754	123
755	99
756	100
757	100
758	131
759	112
760	107
761	122
762	110
763	142
764	124
765	182
766	142
767	173
768	191
769	224
770	218
771	248
772	226
773	283
774	255
775	244
776	232
777	193
778	224
779	177
780	206
781	154
782	134
783	141
784	121
785	114
786	134
787	121
788	129
789	103
790	117
791	115
792	123
793	107
794	105
795	97
796	116
797	114
798	115
799	116
800	131
801	137
802	103
803	123
804	117
805	126
806	105
807	128
808	118
809	113
810	101
811	128
812	110
813	110
814	144
815	122
816	132
817	135
818	137
819	129
820	121
821	129
822	123
823	127
824	139
825	120
826	115
827	109
828	120
829	145
830	146
831	151
832	126
833	122
834	101
835	125
836	112
837	138
838	117
839	114
840	133
841	111
842	132
843	96
844	117
845	104
846	131
847	120
848	116
849	142
850	140
851	145
852	155
853	159
854	149
855	160
856	165
857	160
858	157
859	163
860	182
861	202
862	195
863	191
864	198
865	175
866	197
867	181
868	202
869	193
870	175
871	193
872	191
873	201
874	221
875	201
876	199
877	226
878	193
879	216
880	246
881	244
882	242
883	270
884	256
885	313
886	310
887	320
888	352
889	348
890	389
891	429
892	401
893	401
894	427
895	417
896	463
897	460
898	424
899	458
900	453
901	443
902	434
903	470
904	427
905	437
906	436
907	418
908	419
909	369
910	367
911	356
912	370
913	336
914	348
915	312
916	307
917	266
918	262
919	242
920	244
921	235
922	215
923	200
924	222
925	183
926	163
927	180
928	162
929	171
930	173
931	162
932	142
933	151
934	131
935	144
936	117
937	137
938	164
939	126
940	148
941	141
942	182
943	177
944	205
945	195
946	241
947	274
948	284
949	297
950	345
951	374
952	351
953	375
954	418
955	384
956	413
957	361
958	325
959	285
960	272
961	231
962	217
963	179
964	159
965	153
966	133
967	126
968	113
969	125
970	88
971	125
972	126
973	102
974	105
975	98
976	98
977	104
978	130
979	116
980	117
981	124
982	104
983	118
984	129
985	119
986	123
987	151
988	123
989	139
990	119
991	112
992	158
993	134
994	113
995	145
996	147
997	149
998	161
999	128
1000	156
1001	144
1002	164
1003	162
1004	148
1005	172
1006	143
1007	144
1008	170
1009	134
1010	125
1011	160
1012	135
1013	153
1014	149
1015	141
1016	115
1017	111
1018	127
1019	120
1020	113
1021	111
1022	94
1023	93
1024	101
