Date:	09/05/2018		Time:	10:28		Version no:	0.00		Project name:	55		Sample name:	222		Section name:	section		Position	186.200027	mm	E0	0.000000	keV	E1	1.000000	keV/channel	sample surface	6.158380	cm	Tube anode:	Mo		Tube voltage:	30	kV	Tube current:	50	mA	gain	10		std. database			resultfile	result		matrix element	11		sample thickness	1.000000		air passage	0.560000	cm	comments	in position		peaking_time	2.200000	m-sec	trigger_threshold	547.363281	V	mca_bin_width	22.090000	no:	number_mca_channels	1024.000000	no:	gap_time	0.150000	m-sec	trigger_peaking_time	0.200000	m-sec	GAINDAC	18610		HIGHGAIN	1		TAURC	1		RCTAU	1		RCTAUFRAC	1		livetime	9.407340	seconds	runtime	10.000490	seconds	input_count_rate	24561.672056	cps	output_count_rate	19947.923350	cps	triggers	231060	seconds	events_in_run	199489	seconds	channel	content		1	0
2	0
3	0
4	0
5	0
6	0
7	0
8	0
9	0
10	0
11	0
12	0
13	0
14	0
15	0
16	0
17	0
18	0
19	0
20	0
21	0
22	0
23	0
24	0
25	0
26	0
27	0
28	0
29	0
30	0
31	18
32	18
33	15
34	11
35	19
36	18
37	14
38	13
39	11
40	13
41	21
42	16
43	12
44	16
45	12
46	17
47	17
48	12
49	14
50	15
51	14
52	8
53	11
54	11
55	12
56	9
57	17
58	20
59	6
60	17
61	13
62	8
63	9
64	8
65	14
66	9
67	14
68	6
69	10
70	12
71	8
72	6
73	10
74	2
75	8
76	14
77	6
78	5
79	11
80	10
81	7
82	20
83	10
84	8
85	13
86	11
87	5
88	10
89	7
90	7
91	9
92	5
93	11
94	15
95	18
96	18
97	18
98	24
99	20
100	8
101	5
102	6
103	12
104	10
105	8
106	9
107	7
108	12
109	10
110	13
111	7
112	5
113	7
114	4
115	5
116	4
117	10
118	4
119	2
120	5
121	5
122	1
123	5
124	4
125	3
126	4
127	6
128	5
129	7
130	3
131	2
132	6
133	7
134	2
135	5
136	5
137	6
138	2
139	2
140	1
141	9
142	3
143	3
144	2
145	4
146	5
147	4
148	1
149	6
150	7
151	5
152	3
153	3
154	4
155	5
156	4
157	12
158	5
159	9
160	17
161	22
162	26
163	37
164	22
165	24
166	16
167	15
168	5
169	5
170	5
171	2
172	8
173	7
174	7
175	5
176	9
177	14
178	13
179	11
180	21
181	18
182	23
183	19
184	20
185	14
186	12
187	6
188	7
189	3
190	5
191	1
192	6
193	6
194	10
195	10
196	34
197	50
198	87
199	136
200	212
201	278
202	356
203	314
204	302
205	283
206	169
207	128
208	68
209	41
210	21
211	11
212	9
213	10
214	16
215	16
216	24
217	42
218	49
219	50
220	46
221	61
222	45
223	43
224	25
225	22
226	12
227	12
228	8
229	4
230	5
231	2
232	3
233	7
234	3
235	8
236	5
237	6
238	9
239	14
240	15
241	20
242	46
243	71
244	120
245	119
246	179
247	203
248	179
249	180
250	145
251	100
252	95
253	59
254	42
255	47
256	34
257	36
258	20
259	17
260	21
261	10
262	12
263	9
264	6
265	16
266	21
267	35
268	31
269	36
270	49
271	54
272	53
273	26
274	38
275	28
276	21
277	19
278	8
279	8
280	12
281	14
282	9
283	14
284	8
285	12
286	16
287	11
288	10
289	9
290	15
291	10
292	20
293	14
294	24
295	22
296	21
297	18
298	16
299	16
300	11
301	15
302	19
303	12
304	11
305	16
306	8
307	9
308	12
309	8
310	11
311	10
312	7
313	19
314	14
315	20
316	20
317	36
318	50
319	69
320	105
321	107
322	116
323	115
324	138
325	106
326	93
327	70
328	57
329	49
330	42
331	30
332	28
333	20
334	29
335	34
336	37
337	35
338	46
339	50
340	106
341	191
342	336
343	654
344	1134
345	1815
346	2785
347	3778
348	5074
349	6142
350	6957
351	6887
352	6683
353	5851
354	4688
355	3512
356	2374
357	1520
358	915
359	519
360	296
361	154
362	93
363	46
364	29
365	43
366	44
367	48
368	39
369	37
370	41
371	52
372	49
373	60
374	63
375	58
376	93
377	95
378	142
379	198
380	276
381	428
382	605
383	741
384	904
385	1062
386	1192
387	1170
388	1113
389	950
390	765
391	540
392	394
393	275
394	193
395	96
396	73
397	47
398	43
399	29
400	36
401	29
402	29
403	31
404	35
405	24
406	47
407	45
408	46
409	24
410	48
411	34
412	49
413	34
414	29
415	34
416	26
417	33
418	33
419	37
420	37
421	37
422	28
423	30
424	45
425	31
426	41
427	53
428	38
429	43
430	40
431	47
432	43
433	32
434	51
435	41
436	72
437	48
438	58
439	68
440	73
441	54
442	73
443	67
444	74
445	70
446	85
447	77
448	80
449	71
450	73
451	58
452	64
453	65
454	73
455	86
456	91
457	94
458	105
459	102
460	89
461	88
462	84
463	112
464	75
465	70
466	58
467	53
468	63
469	67
470	53
471	78
472	64
473	80
474	59
475	69
476	56
477	61
478	50
479	71
480	70
481	81
482	72
483	62
484	60
485	55
486	55
487	68
488	68
489	68
490	67
491	61
492	56
493	61
494	54
495	71
496	64
497	65
498	68
499	49
500	75
501	66
502	83
503	85
504	69
505	90
506	77
507	87
508	115
509	93
510	84
511	87
512	81
513	102
514	69
515	80
516	99
517	105
518	80
519	91
520	80
521	86
522	96
523	72
524	101
525	102
526	112
527	110
528	127
529	104
530	120
531	101
532	111
533	100
534	95
535	109
536	84
537	87
538	84
539	100
540	98
541	105
542	96
543	86
544	90
545	57
546	81
547	93
548	89
549	77
550	80
551	94
552	92
553	88
554	96
555	95
556	85
557	82
558	86
559	69
560	91
561	78
562	86
563	87
564	81
565	85
566	77
567	81
568	95
569	91
570	74
571	87
572	105
573	90
574	107
575	95
576	85
577	84
578	89
579	93
580	93
581	98
582	92
583	83
584	85
585	105
586	88
587	85
588	112
589	110
590	113
591	98
592	77
593	106
594	121
595	88
596	104
597	86
598	95
599	102
600	120
601	87
602	102
603	113
604	104
605	121
606	115
607	112
608	106
609	97
610	122
611	126
612	111
613	104
614	116
615	106
616	129
617	113
618	120
619	116
620	107
621	102
622	96
623	112
624	118
625	103
626	97
627	120
628	106
629	124
630	106
631	116
632	99
633	120
634	117
635	108
636	109
637	129
638	114
639	132
640	96
641	148
642	116
643	143
644	97
645	124
646	128
647	127
648	138
649	115
650	114
651	123
652	132
653	127
654	107
655	136
656	123
657	113
658	119
659	140
660	132
661	130
662	105
663	141
664	102
665	114
666	121
667	129
668	135
669	106
670	118
671	119
672	118
673	135
674	127
675	115
676	137
677	131
678	126
679	119
680	119
681	106
682	116
683	138
684	122
685	134
686	136
687	110
688	144
689	138
690	137
691	113
692	139
693	147
694	116
695	125
696	149
697	139
698	147
699	145
700	128
701	146
702	133
703	134
704	131
705	137
706	131
707	149
708	140
709	125
710	133
711	132
712	129
713	127
714	128
715	157
716	148
717	135
718	115
719	124
720	128
721	144
722	148
723	128
724	133
725	140
726	138
727	135
728	147
729	128
730	145
731	132
732	153
733	155
734	153
735	154
736	131
737	154
738	147
739	125
740	150
741	126
742	147
743	160
744	154
745	143
746	153
747	134
748	141
749	149
750	148
751	134
752	141
753	136
754	140
755	154
756	149
757	152
758	159
759	141
760	146
761	162
762	171
763	175
764	179
765	173
766	208
767	232
768	232
769	235
770	282
771	310
772	302
773	308
774	300
775	311
776	284
777	241
778	286
779	228
780	243
781	207
782	170
783	155
784	158
785	173
786	134
787	144
788	151
789	153
790	149
791	141
792	164
793	166
794	147
795	161
796	154
797	145
798	139
799	163
800	152
801	147
802	131
803	149
804	154
805	151
806	123
807	155
808	180
809	137
810	150
811	174
812	156
813	168
814	171
815	144
816	175
817	164
818	148
819	157
820	152
821	160
822	173
823	179
824	183
825	165
826	170
827	173
828	175
829	175
830	177
831	171
832	156
833	172
834	181
835	176
836	187
837	178
838	165
839	162
840	170
841	145
842	148
843	165
844	157
845	172
846	154
847	166
848	173
849	183
850	168
851	181
852	168
853	187
854	176
855	192
856	197
857	220
858	230
859	219
860	206
861	201
862	196
863	252
864	249
865	245
866	224
867	242
868	259
869	255
870	214
871	233
872	274
873	258
874	247
875	264
876	267
877	264
878	283
879	282
880	311
881	328
882	369
883	334
884	368
885	380
886	386
887	433
888	447
889	451
890	477
891	476
892	524
893	532
894	574
895	590
896	577
897	553
898	590
899	662
900	661
901	677
902	600
903	649
904	613
905	589
906	611
907	641
908	551
909	525
910	500
911	502
912	491
913	406
914	402
915	367
916	376
917	356
918	348
919	336
920	290
921	265
922	261
923	276
924	251
925	251
926	221
927	221
928	206
929	219
930	187
931	198
932	174
933	185
934	179
935	167
936	181
937	225
938	147
939	203
940	207
941	195
942	203
943	231
944	280
945	256
946	304
947	342
948	364
949	410
950	374
951	473
952	463
953	440
954	455
955	461
956	404
957	409
958	351
959	318
960	272
961	260
962	233
963	206
964	204
965	201
966	189
967	167
968	158
969	156
970	134
971	138
972	157
973	133
974	154
975	149
976	147
977	118
978	147
979	138
980	153
981	136
982	154
983	137
984	165
985	162
986	146
987	151
988	162
989	155
990	197
991	151
992	157
993	173
994	175
995	177
996	198
997	191
998	199
999	170
1000	190
1001	199
1002	202
1003	187
1004	185
1005	179
1006	200
1007	186
1008	198
1009	191
1010	183
1011	186
1012	192
1013	169
1014	199
1015	120
1016	160
1017	166
1018	160
1019	168
1020	144
1021	143
1022	162
1023	138
1024	132
