Date:	09/05/2018		Time:	11:02		Version no:	0.00		Project name:	55		Sample name:	222		Section name:	section		Position	221.400024	mm	E0	0.000000	keV	E1	1.000000	keV/channel	sample surface	5.999477	cm	Tube anode:	Mo		Tube voltage:	30	kV	Tube current:	50	mA	gain	10		std. database			resultfile	result		matrix element	11		sample thickness	1.000000		air passage	0.560000	cm	comments	in position		peaking_time	2.200000	m-sec	trigger_threshold	547.363281	V	mca_bin_width	22.090000	no:	number_mca_channels	1024.000000	no:	gap_time	0.150000	m-sec	trigger_peaking_time	0.200000	m-sec	GAINDAC	18610		HIGHGAIN	1		TAURC	1		RCTAU	1		RCTAUFRAC	1		livetime	9.414922	seconds	runtime	10.000494	seconds	input_count_rate	24716.188845	cps	output_count_rate	20180.803876	cps	triggers	232701	seconds	events_in_run	201818	seconds	channel	content		1	0
2	0
3	0
4	0
5	0
6	0
7	0
8	0
9	0
10	0
11	0
12	0
13	0
14	0
15	0
16	0
17	0
18	0
19	0
20	0
21	0
22	0
23	0
24	0
25	0
26	0
27	0
28	0
29	0
30	0
31	18
32	16
33	13
34	18
35	10
36	12
37	13
38	16
39	12
40	20
41	15
42	15
43	8
44	17
45	16
46	11
47	11
48	17
49	16
50	10
51	12
52	13
53	18
54	17
55	14
56	15
57	11
58	10
59	23
60	5
61	10
62	7
63	13
64	6
65	4
66	10
67	11
68	15
69	10
70	8
71	7
72	11
73	2
74	10
75	6
76	4
77	13
78	5
79	11
80	12
81	6
82	8
83	15
84	16
85	15
86	10
87	6
88	9
89	4
90	10
91	9
92	15
93	9
94	15
95	19
96	23
97	19
98	21
99	17
100	8
101	5
102	10
103	8
104	8
105	7
106	12
107	9
108	13
109	9
110	10
111	7
112	3
113	2
114	5
115	8
116	1
117	3
118	11
119	3
120	3
121	4
122	1
123	2
124	7
125	8
126	4
127	8
128	8
129	5
130	7
131	2
132	2
133	1
134	3
135	5
136	7
137	3
138	2
139	0
140	3
141	2
142	3
143	9
144	6
145	4
146	5
147	5
148	6
149	4
150	5
151	4
152	6
153	8
154	4
155	4
156	6
157	2
158	14
159	17
160	13
161	23
162	16
163	23
164	31
165	19
166	19
167	14
168	2
169	3
170	3
171	2
172	3
173	3
174	4
175	4
176	9
177	9
178	6
179	19
180	22
181	20
182	29
183	19
184	18
185	13
186	16
187	2
188	8
189	5
190	4
191	3
192	6
193	5
194	7
195	14
196	30
197	60
198	93
199	147
200	252
201	298
202	345
203	362
204	359
205	295
206	221
207	133
208	82
209	39
210	19
211	17
212	9
213	6
214	12
215	16
216	24
217	41
218	47
219	54
220	71
221	66
222	69
223	55
224	31
225	24
226	20
227	6
228	14
229	5
230	8
231	5
232	7
233	3
234	8
235	6
236	3
237	7
238	9
239	14
240	20
241	30
242	52
243	65
244	98
245	127
246	182
247	165
248	183
249	178
250	153
251	127
252	81
253	59
254	59
255	49
256	51
257	37
258	30
259	23
260	22
261	23
262	10
263	8
264	10
265	14
266	26
267	24
268	34
269	47
270	49
271	50
272	44
273	40
274	35
275	25
276	18
277	18
278	9
279	4
280	12
281	12
282	10
283	14
284	12
285	10
286	9
287	12
288	14
289	12
290	9
291	15
292	13
293	20
294	22
295	28
296	19
297	29
298	25
299	18
300	15
301	16
302	15
303	10
304	20
305	10
306	9
307	15
308	13
309	18
310	13
311	24
312	17
313	15
314	11
315	18
316	17
317	51
318	46
319	57
320	68
321	94
322	120
323	110
324	106
325	100
326	89
327	62
328	56
329	60
330	32
331	36
332	23
333	23
334	33
335	27
336	38
337	38
338	48
339	65
340	132
341	200
342	377
343	730
344	1213
345	2077
346	3165
347	4288
348	5693
349	6872
350	7773
351	7823
352	7445
353	6345
354	5162
355	3773
356	2579
357	1740
358	1007
359	525
360	333
361	182
362	86
363	78
364	46
365	44
366	32
367	38
368	45
369	43
370	35
371	42
372	45
373	64
374	69
375	60
376	92
377	125
378	151
379	228
380	318
381	482
382	609
383	841
384	1070
385	1221
386	1348
387	1285
388	1266
389	1028
390	832
391	637
392	449
393	312
394	199
395	130
396	85
397	43
398	40
399	40
400	34
401	43
402	20
403	31
404	34
405	36
406	38
407	45
408	53
409	41
410	38
411	43
412	36
413	42
414	38
415	37
416	42
417	29
418	45
419	30
420	35
421	40
422	38
423	44
424	47
425	46
426	38
427	29
428	27
429	39
430	45
431	44
432	37
433	46
434	49
435	48
436	53
437	56
438	86
439	83
440	77
441	79
442	80
443	72
444	86
445	81
446	85
447	66
448	69
449	75
450	73
451	66
452	56
453	87
454	70
455	76
456	77
457	84
458	82
459	96
460	97
461	86
462	62
463	81
464	71
465	61
466	59
467	65
468	45
469	54
470	69
471	79
472	57
473	73
474	74
475	74
476	68
477	68
478	56
479	52
480	53
481	50
482	73
483	60
484	57
485	60
486	68
487	58
488	60
489	71
490	72
491	72
492	62
493	71
494	57
495	72
496	59
497	54
498	76
499	66
500	62
501	80
502	66
503	99
504	76
505	82
506	84
507	93
508	85
509	88
510	81
511	78
512	91
513	74
514	82
515	91
516	98
517	80
518	100
519	94
520	100
521	84
522	99
523	112
524	115
525	107
526	90
527	104
528	124
529	119
530	108
531	108
532	92
533	80
534	81
535	100
536	98
537	75
538	88
539	84
540	103
541	107
542	93
543	78
544	93
545	101
546	80
547	87
548	102
549	84
550	76
551	96
552	87
553	94
554	79
555	79
556	74
557	79
558	80
559	89
560	88
561	93
562	84
563	65
564	90
565	78
566	71
567	84
568	78
569	95
570	78
571	76
572	88
573	79
574	88
575	99
576	97
577	97
578	76
579	78
580	88
581	83
582	77
583	105
584	75
585	97
586	111
587	88
588	95
589	91
590	105
591	95
592	102
593	102
594	100
595	100
596	112
597	94
598	99
599	103
600	113
601	109
602	85
603	105
604	103
605	106
606	90
607	94
608	112
609	113
610	129
611	95
612	94
613	107
614	94
615	106
616	109
617	107
618	105
619	116
620	103
621	123
622	99
623	102
624	109
625	118
626	113
627	113
628	91
629	86
630	108
631	110
632	129
633	109
634	108
635	129
636	99
637	97
638	97
639	111
640	113
641	106
642	122
643	114
644	90
645	94
646	110
647	104
648	111
649	111
650	134
651	136
652	99
653	122
654	117
655	128
656	113
657	114
658	103
659	109
660	103
661	106
662	99
663	112
664	103
665	109
666	107
667	117
668	108
669	126
670	103
671	113
672	102
673	136
674	114
675	108
676	109
677	101
678	125
679	114
680	120
681	105
682	148
683	111
684	123
685	124
686	105
687	128
688	112
689	116
690	134
691	136
692	129
693	124
694	122
695	120
696	134
697	145
698	131
699	113
700	131
701	98
702	136
703	134
704	145
705	154
706	124
707	156
708	132
709	129
710	149
711	129
712	114
713	113
714	130
715	128
716	124
717	124
718	124
719	113
720	117
721	143
722	130
723	146
724	134
725	152
726	118
727	142
728	140
729	115
730	135
731	144
732	168
733	117
734	152
735	122
736	139
737	128
738	130
739	139
740	151
741	146
742	148
743	149
744	140
745	150
746	126
747	150
748	134
749	127
750	150
751	134
752	134
753	146
754	142
755	120
756	127
757	163
758	129
759	151
760	142
761	153
762	154
763	146
764	158
765	204
766	197
767	194
768	209
769	227
770	276
771	268
772	327
773	284
774	309
775	303
776	267
777	241
778	276
779	242
780	232
781	218
782	157
783	164
784	162
785	139
786	140
787	115
788	132
789	153
790	153
791	137
792	133
793	131
794	122
795	134
796	137
797	134
798	129
799	141
800	125
801	134
802	152
803	159
804	154
805	132
806	141
807	147
808	155
809	140
810	160
811	142
812	164
813	132
814	145
815	157
816	138
817	173
818	153
819	142
820	164
821	140
822	144
823	144
824	158
825	158
826	148
827	157
828	158
829	153
830	147
831	134
832	137
833	171
834	157
835	154
836	155
837	127
838	177
839	135
840	140
841	170
842	166
843	144
844	127
845	146
846	162
847	154
848	150
849	169
850	158
851	151
852	169
853	167
854	171
855	193
856	191
857	217
858	171
859	154
860	232
861	210
862	239
863	211
864	219
865	223
866	231
867	229
868	239
869	224
870	234
871	218
872	225
873	219
874	251
875	234
876	230
877	233
878	238
879	264
880	288
881	290
882	299
883	274
884	343
885	365
886	382
887	416
888	391
889	400
890	469
891	458
892	455
893	491
894	534
895	557
896	552
897	563
898	589
899	561
900	574
901	599
902	546
903	607
904	544
905	544
906	573
907	493
908	511
909	516
910	449
911	450
912	402
913	425
914	439
915	364
916	367
917	333
918	324
919	326
920	259
921	286
922	243
923	257
924	254
925	231
926	215
927	234
928	196
929	174
930	197
931	157
932	188
933	175
934	178
935	143
936	156
937	137
938	162
939	184
940	168
941	179
942	222
943	200
944	232
945	290
946	275
947	337
948	349
949	346
950	395
951	408
952	415
953	471
954	426
955	433
956	444
957	395
958	376
959	333
960	301
961	253
962	233
963	202
964	180
965	190
966	147
967	171
968	142
969	123
970	123
971	133
972	125
973	122
974	122
975	127
976	138
977	124
978	125
979	127
980	130
981	128
982	139
983	129
984	144
985	152
986	140
987	147
988	146
989	167
990	159
991	159
992	168
993	182
994	156
995	156
996	168
997	191
998	165
999	213
1000	149
1001	157
1002	162
1003	187
1004	178
1005	190
1006	165
1007	194
1008	179
1009	153
1010	158
1011	177
1012	184
1013	160
1014	171
1015	162
1016	146
1017	136
1018	144
1019	139
1020	120
1021	139
1022	154
1023	126
1024	136
