Date:	09/05/2018		Time:	11:36		Version no:	0.00		Project name:	55		Sample name:	222		Section name:	section		Position	257.200043	mm	E0	0.000000	keV	E1	1.000000	keV/channel	sample surface	6.230555	cm	Tube anode:	Mo		Tube voltage:	30	kV	Tube current:	50	mA	gain	10		std. database			resultfile	result		matrix element	11		sample thickness	1.000000		air passage	0.560000	cm	comments	in position		peaking_time	2.200000	m-sec	trigger_threshold	547.363281	V	mca_bin_width	22.090000	no:	number_mca_channels	1024.000000	no:	gap_time	0.150000	m-sec	trigger_peaking_time	0.200000	m-sec	GAINDAC	18610		HIGHGAIN	1		TAURC	1		RCTAU	1		RCTAUFRAC	1		livetime	9.436418	seconds	runtime	10.000491	seconds	input_count_rate	23899.745692	cps	output_count_rate	19572.438602	cps	triggers	225528	seconds	events_in_run	195734	seconds	channel	content		1	0
2	0
3	0
4	0
5	0
6	0
7	0
8	0
9	0
10	0
11	0
12	0
13	0
14	0
15	0
16	0
17	0
18	0
19	0
20	0
21	0
22	0
23	0
24	0
25	0
26	0
27	0
28	0
29	0
30	0
31	13
32	13
33	19
34	15
35	17
36	15
37	15
38	8
39	14
40	19
41	15
42	16
43	15
44	8
45	13
46	14
47	14
48	12
49	7
50	13
51	19
52	19
53	16
54	14
55	11
56	15
57	15
58	7
59	10
60	13
61	14
62	12
63	13
64	12
65	9
66	6
67	4
68	15
69	14
70	10
71	8
72	7
73	9
74	6
75	5
76	9
77	9
78	14
79	6
80	13
81	7
82	7
83	4
84	16
85	11
86	5
87	4
88	8
89	5
90	5
91	8
92	5
93	9
94	9
95	16
96	18
97	15
98	15
99	11
100	15
101	10
102	7
103	8
104	8
105	9
106	10
107	10
108	5
109	6
110	10
111	9
112	6
113	4
114	6
115	3
116	5
117	8
118	6
119	5
120	7
121	7
122	8
123	6
124	8
125	4
126	2
127	4
128	12
129	4
130	3
131	4
132	2
133	5
134	2
135	4
136	5
137	4
138	2
139	2
140	5
141	2
142	4
143	2
144	5
145	3
146	0
147	2
148	8
149	6
150	5
151	6
152	8
153	6
154	4
155	9
156	7
157	10
158	10
159	15
160	18
161	23
162	27
163	25
164	31
165	23
166	15
167	6
168	10
169	5
170	4
171	3
172	6
173	3
174	4
175	8
176	9
177	4
178	11
179	6
180	16
181	16
182	15
183	21
184	20
185	20
186	16
187	7
188	4
189	4
190	6
191	4
192	5
193	3
194	11
195	17
196	20
197	42
198	96
199	128
200	211
201	293
202	354
203	371
204	367
205	269
206	197
207	115
208	75
209	48
210	19
211	15
212	7
213	8
214	6
215	13
216	20
217	32
218	50
219	42
220	57
221	69
222	56
223	46
224	31
225	26
226	13
227	6
228	5
229	10
230	3
231	3
232	6
233	5
234	6
235	1
236	11
237	5
238	9
239	12
240	24
241	30
242	69
243	98
244	140
245	178
246	243
247	261
248	255
249	268
250	221
251	153
252	119
253	81
254	66
255	49
256	36
257	33
258	29
259	15
260	19
261	7
262	14
263	18
264	19
265	18
266	26
267	42
268	61
269	52
270	60
271	59
272	66
273	56
274	46
275	29
276	27
277	25
278	14
279	4
280	12
281	7
282	10
283	12
284	14
285	18
286	7
287	9
288	16
289	12
290	12
291	18
292	20
293	24
294	21
295	26
296	24
297	19
298	18
299	18
300	18
301	10
302	11
303	10
304	10
305	13
306	23
307	10
308	13
309	11
310	11
311	11
312	12
313	16
314	11
315	12
316	23
317	25
318	42
319	50
320	53
321	78
322	95
323	82
324	88
325	78
326	63
327	44
328	42
329	43
330	38
331	30
332	27
333	26
334	26
335	41
336	36
337	40
338	39
339	73
340	121
341	214
342	355
343	667
344	1234
345	1969
346	3035
347	4332
348	5796
349	7037
350	7508
351	7694
352	7359
353	6378
354	5174
355	3844
356	2588
357	1608
358	980
359	525
360	287
361	143
362	83
363	63
364	52
365	44
366	43
367	46
368	25
369	50
370	29
371	54
372	44
373	45
374	69
375	66
376	85
377	102
378	161
379	198
380	304
381	452
382	644
383	848
384	1045
385	1221
386	1311
387	1300
388	1126
389	1064
390	830
391	605
392	442
393	300
394	190
395	103
396	66
397	36
398	30
399	27
400	16
401	22
402	30
403	31
404	37
405	25
406	35
407	34
408	44
409	36
410	30
411	42
412	33
413	40
414	30
415	28
416	34
417	24
418	34
419	23
420	27
421	25
422	25
423	29
424	32
425	26
426	30
427	23
428	32
429	39
430	27
431	35
432	45
433	43
434	53
435	53
436	44
437	49
438	62
439	59
440	55
441	73
442	58
443	62
444	84
445	76
446	55
447	65
448	70
449	54
450	56
451	79
452	50
453	52
454	65
455	65
456	64
457	82
458	90
459	83
460	94
461	76
462	78
463	75
464	63
465	81
466	46
467	45
468	51
469	58
470	56
471	69
472	67
473	62
474	56
475	60
476	64
477	62
478	71
479	62
480	53
481	50
482	49
483	53
484	54
485	51
486	51
487	55
488	57
489	57
490	56
491	56
492	63
493	64
494	58
495	55
496	56
497	57
498	58
499	61
500	52
501	69
502	77
503	91
504	78
505	67
506	65
507	77
508	78
509	81
510	53
511	76
512	73
513	81
514	89
515	85
516	79
517	71
518	66
519	74
520	93
521	79
522	77
523	74
524	84
525	82
526	92
527	98
528	88
529	98
530	92
531	107
532	101
533	88
534	89
535	83
536	84
537	78
538	88
539	84
540	82
541	72
542	92
543	76
544	68
545	74
546	75
547	81
548	77
549	81
550	72
551	85
552	77
553	65
554	80
555	78
556	75
557	79
558	68
559	82
560	87
561	64
562	81
563	71
564	64
565	85
566	86
567	77
568	77
569	91
570	80
571	80
572	75
573	67
574	65
575	99
576	73
577	79
578	74
579	89
580	68
581	82
582	87
583	92
584	78
585	91
586	86
587	86
588	100
589	105
590	88
591	83
592	80
593	89
594	106
595	82
596	90
597	86
598	90
599	86
600	96
601	103
602	80
603	70
604	97
605	83
606	103
607	107
608	93
609	107
610	88
611	105
612	87
613	123
614	86
615	91
616	86
617	97
618	110
619	99
620	102
621	92
622	95
623	92
624	98
625	100
626	91
627	96
628	110
629	111
630	99
631	109
632	103
633	97
634	90
635	106
636	109
637	126
638	82
639	101
640	122
641	109
642	87
643	91
644	81
645	114
646	111
647	116
648	126
649	98
650	128
651	110
652	103
653	111
654	108
655	127
656	109
657	89
658	111
659	98
660	102
661	115
662	99
663	101
664	92
665	126
666	103
667	107
668	120
669	101
670	93
671	125
672	109
673	95
674	102
675	102
676	108
677	117
678	90
679	125
680	104
681	125
682	120
683	105
684	104
685	131
686	119
687	132
688	89
689	113
690	118
691	123
692	128
693	119
694	116
695	128
696	107
697	112
698	112
699	111
700	133
701	133
702	128
703	110
704	121
705	120
706	121
707	130
708	130
709	124
710	98
711	107
712	103
713	137
714	129
715	124
716	128
717	142
718	133
719	122
720	126
721	115
722	123
723	139
724	118
725	108
726	129
727	121
728	127
729	116
730	130
731	133
732	135
733	147
734	133
735	129
736	133
737	121
738	152
739	135
740	128
741	121
742	132
743	127
744	131
745	129
746	124
747	114
748	110
749	115
750	127
751	153
752	124
753	124
754	134
755	103
756	124
757	137
758	130
759	115
760	126
761	167
762	124
763	139
764	146
765	159
766	188
767	216
768	196
769	238
770	247
771	242
772	257
773	320
774	297
775	281
776	272
777	253
778	207
779	222
780	185
781	193
782	168
783	142
784	145
785	141
786	149
787	138
788	129
789	122
790	131
791	116
792	135
793	137
794	144
795	125
796	132
797	130
798	156
799	148
800	126
801	137
802	128
803	137
804	141
805	136
806	133
807	148
808	129
809	127
810	151
811	139
812	127
813	155
814	157
815	161
816	154
817	149
818	160
819	159
820	143
821	151
822	150
823	137
824	139
825	130
826	131
827	129
828	127
829	151
830	147
831	139
832	144
833	134
834	135
835	137
836	161
837	169
838	157
839	170
840	131
841	154
842	154
843	141
844	152
845	162
846	143
847	168
848	145
849	158
850	149
851	167
852	180
853	153
854	165
855	190
856	204
857	163
858	201
859	207
860	200
861	197
862	220
863	203
864	206
865	235
866	222
867	248
868	233
869	207
870	218
871	207
872	210
873	224
874	229
875	228
876	232
877	246
878	246
879	268
880	288
881	293
882	303
883	316
884	334
885	366
886	345
887	367
888	384
889	413
890	487
891	450
892	484
893	507
894	490
895	505
896	553
897	552
898	559
899	566
900	565
901	545
902	576
903	546
904	509
905	530
906	551
907	478
908	461
909	468
910	453
911	471
912	402
913	359
914	402
915	375
916	353
917	363
918	273
919	326
920	284
921	261
922	239
923	218
924	244
925	231
926	203
927	215
928	195
929	190
930	185
931	163
932	154
933	143
934	189
935	175
936	166
937	173
938	156
939	195
940	164
941	181
942	207
943	206
944	236
945	238
946	266
947	279
948	329
949	334
950	349
951	417
952	417
953	421
954	399
955	409
956	410
957	368
958	332
959	287
960	277
961	245
962	227
963	209
964	193
965	163
966	153
967	153
968	139
969	144
970	124
971	133
972	119
973	115
974	128
975	129
976	120
977	127
978	128
979	122
980	131
981	138
982	124
983	134
984	149
985	134
986	137
987	150
988	136
989	158
990	161
991	147
992	168
993	164
994	178
995	166
996	162
997	167
998	161
999	195
1000	162
1001	201
1002	170
1003	165
1004	171
1005	171
1006	175
1007	177
1008	180
1009	172
1010	186
1011	153
1012	162
1013	125
1014	172
1015	148
1016	144
1017	149
1018	138
1019	146
1020	113
1021	109
1022	134
1023	125
1024	116
