Date:	09/05/2018		Time:	10:32		Version no:	0.00		Project name:	55		Sample name:	222		Section name:	section		Position	190.000031	mm	E0	0.000000	keV	E1	1.000000	keV/channel	sample surface	6.104740	cm	Tube anode:	Mo		Tube voltage:	30	kV	Tube current:	50	mA	gain	10		std. database			resultfile	result		matrix element	11		sample thickness	1.000000		air passage	0.560000	cm	comments	in position		peaking_time	2.200000	m-sec	trigger_threshold	547.363281	V	mca_bin_width	22.090000	no:	number_mca_channels	1024.000000	no:	gap_time	0.150000	m-sec	trigger_peaking_time	0.200000	m-sec	GAINDAC	18610		HIGHGAIN	1		TAURC	1		RCTAU	1		RCTAUFRAC	1		livetime	9.375630	seconds	runtime	10.000157	seconds	input_count_rate	26466.593649	cps	output_count_rate	21233.367061	cps	triggers	248141	seconds	events_in_run	212337	seconds	channel	content		1	0
2	0
3	0
4	0
5	0
6	0
7	0
8	0
9	0
10	0
11	0
12	0
13	0
14	0
15	0
16	0
17	0
18	0
19	0
20	0
21	0
22	0
23	0
24	0
25	0
26	0
27	0
28	0
29	0
30	0
31	23
32	7
33	18
34	17
35	24
36	20
37	21
38	25
39	16
40	17
41	16
42	12
43	13
44	17
45	11
46	17
47	16
48	13
49	10
50	20
51	20
52	9
53	16
54	13
55	15
56	13
57	16
58	15
59	10
60	8
61	14
62	15
63	11
64	13
65	17
66	13
67	13
68	6
69	7
70	4
71	8
72	16
73	10
74	6
75	4
76	8
77	11
78	6
79	16
80	19
81	10
82	16
83	7
84	12
85	10
86	7
87	13
88	7
89	9
90	7
91	6
92	8
93	13
94	23
95	21
96	21
97	23
98	13
99	20
100	8
101	7
102	8
103	10
104	5
105	7
106	17
107	11
108	6
109	12
110	10
111	6
112	4
113	5
114	8
115	6
116	4
117	9
118	1
119	5
120	7
121	4
122	4
123	4
124	5
125	7
126	6
127	4
128	5
129	4
130	4
131	7
132	2
133	0
134	7
135	5
136	5
137	5
138	4
139	3
140	2
141	2
142	1
143	2
144	6
145	2
146	8
147	2
148	5
149	2
150	3
151	7
152	1
153	6
154	4
155	5
156	2
157	9
158	7
159	14
160	16
161	23
162	23
163	27
164	23
165	27
166	16
167	5
168	7
169	5
170	4
171	3
172	4
173	5
174	6
175	8
176	13
177	12
178	9
179	18
180	17
181	27
182	34
183	21
184	22
185	21
186	12
187	6
188	6
189	9
190	2
191	3
192	5
193	8
194	8
195	25
196	29
197	65
198	128
199	179
200	244
201	347
202	402
203	373
204	429
205	341
206	240
207	179
208	89
209	50
210	27
211	9
212	9
213	14
214	17
215	17
216	17
217	30
218	50
219	71
220	72
221	72
222	64
223	36
224	51
225	26
226	16
227	16
228	8
229	4
230	7
231	6
232	9
233	3
234	2
235	3
236	7
237	1
238	7
239	10
240	18
241	25
242	46
243	84
244	138
245	159
246	225
247	231
248	216
249	196
250	170
251	141
252	116
253	70
254	61
255	53
256	42
257	46
258	26
259	23
260	28
261	17
262	20
263	17
264	26
265	19
266	43
267	32
268	40
269	46
270	68
271	56
272	64
273	39
274	32
275	35
276	27
277	21
278	8
279	17
280	14
281	12
282	8
283	9
284	10
285	13
286	13
287	14
288	17
289	14
290	18
291	20
292	22
293	20
294	19
295	18
296	18
297	27
298	22
299	13
300	15
301	19
302	11
303	20
304	13
305	16
306	11
307	18
308	15
309	15
310	18
311	14
312	17
313	13
314	17
315	17
316	33
317	56
318	70
319	113
320	142
321	149
322	208
323	196
324	182
325	170
326	142
327	113
328	88
329	54
330	61
331	29
332	32
333	21
334	27
335	36
336	43
337	35
338	61
339	90
340	141
341	214
342	403
343	744
344	1266
345	2121
346	3183
347	4378
348	5967
349	6992
350	8015
351	8353
352	7544
353	6596
354	5369
355	3933
356	2742
357	1743
358	1040
359	548
360	306
361	148
362	115
363	63
364	49
365	38
366	40
367	40
368	47
369	30
370	42
371	52
372	41
373	69
374	68
375	74
376	91
377	136
378	170
379	236
380	359
381	488
382	648
383	793
384	1091
385	1206
386	1268
387	1342
388	1277
389	1128
390	910
391	667
392	465
393	333
394	197
395	128
396	77
397	58
398	42
399	39
400	35
401	40
402	37
403	38
404	32
405	35
406	28
407	35
408	42
409	38
410	43
411	42
412	41
413	46
414	30
415	29
416	38
417	33
418	23
419	30
420	30
421	43
422	38
423	40
424	54
425	30
426	30
427	38
428	33
429	34
430	46
431	34
432	59
433	46
434	40
435	49
436	54
437	58
438	78
439	69
440	77
441	83
442	73
443	84
444	74
445	81
446	73
447	65
448	76
449	78
450	50
451	61
452	48
453	63
454	87
455	81
456	66
457	98
458	96
459	103
460	89
461	89
462	82
463	86
464	58
465	76
466	60
467	76
468	78
469	64
470	66
471	58
472	68
473	87
474	85
475	68
476	66
477	73
478	54
479	56
480	56
481	66
482	63
483	53
484	64
485	68
486	50
487	75
488	83
489	85
490	73
491	69
492	64
493	77
494	72
495	69
496	45
497	63
498	77
499	69
500	77
501	79
502	84
503	71
504	83
505	82
506	73
507	85
508	81
509	60
510	72
511	86
512	81
513	98
514	75
515	84
516	88
517	100
518	96
519	81
520	94
521	102
522	94
523	93
524	98
525	111
526	105
527	93
528	117
529	103
530	111
531	122
532	87
533	94
534	89
535	97
536	95
537	119
538	90
539	93
540	95
541	77
542	92
543	97
544	90
545	93
546	92
547	105
548	80
549	110
550	97
551	85
552	85
553	67
554	84
555	80
556	77
557	92
558	79
559	61
560	102
561	95
562	98
563	86
564	95
565	78
566	114
567	70
568	74
569	91
570	96
571	102
572	72
573	83
574	98
575	104
576	99
577	90
578	79
579	94
580	100
581	89
582	79
583	93
584	101
585	90
586	108
587	101
588	98
589	99
590	106
591	84
592	113
593	90
594	107
595	109
596	75
597	109
598	90
599	92
600	121
601	91
602	112
603	108
604	103
605	110
606	88
607	100
608	115
609	100
610	109
611	102
612	120
613	113
614	116
615	118
616	102
617	103
618	113
619	105
620	108
621	113
622	112
623	98
624	140
625	103
626	108
627	115
628	100
629	107
630	129
631	100
632	129
633	114
634	99
635	104
636	122
637	113
638	119
639	120
640	118
641	123
642	116
643	114
644	114
645	122
646	127
647	123
648	131
649	94
650	123
651	147
652	128
653	121
654	118
655	141
656	121
657	144
658	131
659	107
660	124
661	112
662	131
663	121
664	123
665	109
666	123
667	118
668	116
669	121
670	124
671	127
672	129
673	126
674	108
675	130
676	123
677	99
678	123
679	113
680	125
681	133
682	124
683	149
684	120
685	123
686	132
687	132
688	124
689	130
690	146
691	137
692	137
693	123
694	125
695	134
696	131
697	129
698	153
699	126
700	108
701	132
702	146
703	148
704	134
705	120
706	126
707	159
708	124
709	136
710	127
711	148
712	152
713	134
714	132
715	117
716	158
717	138
718	135
719	122
720	121
721	162
722	130
723	135
724	141
725	142
726	116
727	135
728	131
729	122
730	145
731	152
732	149
733	152
734	146
735	144
736	148
737	155
738	156
739	140
740	127
741	146
742	164
743	146
744	141
745	153
746	165
747	151
748	148
749	159
750	126
751	163
752	149
753	151
754	143
755	136
756	156
757	147
758	153
759	139
760	154
761	140
762	147
763	154
764	168
765	199
766	227
767	217
768	261
769	272
770	283
771	294
772	313
773	327
774	300
775	288
776	274
777	276
778	213
779	238
780	212
781	176
782	170
783	185
784	176
785	155
786	157
787	149
788	131
789	171
790	154
791	160
792	149
793	146
794	139
795	143
796	152
797	168
798	147
799	147
800	148
801	162
802	147
803	174
804	156
805	156
806	160
807	138
808	156
809	153
810	164
811	162
812	179
813	160
814	181
815	165
816	166
817	168
818	155
819	173
820	172
821	139
822	180
823	137
824	145
825	147
826	139
827	148
828	156
829	139
830	144
831	174
832	187
833	137
834	164
835	170
836	150
837	161
838	162
839	175
840	152
841	178
842	164
843	141
844	153
845	169
846	177
847	191
848	157
849	185
850	183
851	160
852	203
853	172
854	165
855	192
856	205
857	214
858	205
859	231
860	205
861	227
862	245
863	236
864	230
865	200
866	254
867	246
868	249
869	217
870	264
871	245
872	242
873	257
874	229
875	243
876	287
877	264
878	279
879	286
880	290
881	318
882	301
883	354
884	362
885	358
886	385
887	389
888	404
889	455
890	442
891	528
892	551
893	520
894	547
895	619
896	598
897	595
898	620
899	643
900	653
901	634
902	602
903	584
904	650
905	614
906	552
907	521
908	546
909	548
910	482
911	439
912	436
913	432
914	385
915	419
916	385
917	360
918	294
919	300
920	308
921	273
922	272
923	267
924	245
925	255
926	204
927	236
928	224
929	200
930	221
931	215
932	197
933	189
934	197
935	158
936	167
937	195
938	191
939	181
940	202
941	196
942	212
943	236
944	234
945	284
946	269
947	302
948	362
949	401
950	419
951	421
952	432
953	456
954	467
955	473
956	417
957	424
958	380
959	315
960	311
961	294
962	264
963	230
964	210
965	153
966	160
967	156
968	147
969	134
970	133
971	166
972	140
973	152
974	139
975	150
976	124
977	150
978	157
979	135
980	138
981	155
982	126
983	148
984	135
985	152
986	148
987	145
988	165
989	179
990	185
991	189
992	159
993	179
994	195
995	151
996	194
997	186
998	179
999	173
1000	169
1001	189
1002	203
1003	190
1004	214
1005	165
1006	188
1007	205
1008	196
1009	202
1010	187
1011	194
1012	194
1013	149
1014	160
1015	184
1016	160
1017	161
1018	156
1019	129
1020	147
1021	152
1022	123
1023	140
1024	142
