Date:	09/05/2018		Time:	09:30		Version no:	0.00		Project name:	55		Sample name:	222		Section name:	section		Position	125.600029	mm	E0	0.000000	keV	E1	1.000000	keV/channel	sample surface	6.307560	cm	Tube anode:	Mo		Tube voltage:	30	kV	Tube current:	50	mA	gain	10		std. database			resultfile	result		matrix element	11		sample thickness	1.000000		air passage	0.560000	cm	comments	in position		peaking_time	2.200000	m-sec	trigger_threshold	547.363281	V	mca_bin_width	22.090000	no:	number_mca_channels	1024.000000	no:	gap_time	0.150000	m-sec	trigger_peaking_time	0.200000	m-sec	GAINDAC	18610		HIGHGAIN	1		TAURC	1		RCTAU	1		RCTAUFRAC	1		livetime	9.458610	seconds	runtime	10.000152	seconds	input_count_rate	23452.918492	cps	output_count_rate	19328.506207	cps	triggers	221832	seconds	events_in_run	193288	seconds	channel	content		1	0
2	0
3	0
4	0
5	0
6	0
7	0
8	0
9	0
10	0
11	0
12	0
13	0
14	0
15	0
16	0
17	0
18	0
19	0
20	0
21	0
22	0
23	0
24	0
25	0
26	0
27	0
28	0
29	0
30	0
31	14
32	12
33	12
34	11
35	8
36	16
37	13
38	9
39	12
40	18
41	7
42	16
43	17
44	8
45	15
46	8
47	15
48	10
49	13
50	11
51	12
52	17
53	16
54	21
55	9
56	12
57	8
58	10
59	10
60	8
61	8
62	15
63	6
64	12
65	4
66	5
67	10
68	8
69	8
70	8
71	7
72	5
73	6
74	8
75	9
76	8
77	12
78	9
79	7
80	11
81	9
82	12
83	15
84	5
85	11
86	9
87	8
88	8
89	5
90	9
91	7
92	5
93	8
94	13
95	6
96	16
97	12
98	8
99	10
100	10
101	7
102	8
103	10
104	10
105	4
106	3
107	6
108	11
109	10
110	8
111	3
112	7
113	2
114	7
115	4
116	11
117	9
118	6
119	5
120	4
121	4
122	5
123	2
124	4
125	2
126	6
127	6
128	1
129	4
130	8
131	6
132	2
133	4
134	10
135	4
136	4
137	6
138	1
139	5
140	3
141	6
142	3
143	3
144	6
145	4
146	1
147	4
148	7
149	8
150	5
151	5
152	3
153	6
154	4
155	7
156	3
157	4
158	14
159	13
160	17
161	24
162	21
163	31
164	27
165	24
166	13
167	10
168	5
169	3
170	6
171	2
172	3
173	6
174	9
175	6
176	7
177	9
178	9
179	9
180	16
181	28
182	12
183	23
184	21
185	16
186	7
187	13
188	5
189	5
190	4
191	4
192	5
193	7
194	7
195	17
196	27
197	50
198	88
199	173
200	221
201	246
202	354
203	360
204	332
205	264
206	200
207	137
208	74
209	40
210	18
211	20
212	11
213	8
214	8
215	18
216	21
217	42
218	41
219	51
220	48
221	63
222	68
223	33
224	36
225	22
226	15
227	11
228	8
229	13
230	8
231	4
232	6
233	0
234	8
235	3
236	8
237	3
238	6
239	11
240	13
241	21
242	38
243	83
244	103
245	143
246	168
247	206
248	203
249	194
250	171
251	116
252	87
253	75
254	46
255	40
256	31
257	44
258	29
259	28
260	19
261	15
262	18
263	9
264	24
265	24
266	19
267	27
268	45
269	50
270	52
271	63
272	45
273	50
274	40
275	28
276	17
277	17
278	16
279	7
280	16
281	10
282	11
283	9
284	11
285	9
286	15
287	18
288	20
289	19
290	15
291	20
292	23
293	15
294	13
295	13
296	16
297	9
298	13
299	21
300	19
301	26
302	15
303	15
304	13
305	15
306	20
307	12
308	10
309	6
310	20
311	13
312	20
313	17
314	27
315	37
316	45
317	80
318	142
319	197
320	302
321	329
322	426
323	412
324	432
325	418
326	331
327	257
328	192
329	109
330	74
331	59
332	25
333	22
334	28
335	29
336	30
337	40
338	48
339	66
340	125
341	185
342	392
343	702
344	1173
345	2091
346	3111
347	4189
348	5741
349	6896
350	7916
351	7895
352	7534
353	6495
354	5287
355	3871
356	2705
357	1632
358	1020
359	561
360	301
361	187
362	87
363	63
364	46
365	42
366	41
367	35
368	42
369	40
370	42
371	51
372	30
373	50
374	68
375	66
376	80
377	108
378	157
379	203
380	290
381	425
382	641
383	804
384	1053
385	1136
386	1217
387	1268
388	1172
389	1051
390	823
391	632
392	440
393	256
394	179
395	120
396	68
397	59
398	26
399	30
400	25
401	23
402	27
403	28
404	30
405	33
406	44
407	37
408	31
409	32
410	37
411	35
412	30
413	33
414	46
415	25
416	41
417	31
418	24
419	43
420	17
421	32
422	30
423	25
424	29
425	34
426	31
427	26
428	34
429	34
430	42
431	28
432	46
433	53
434	40
435	41
436	48
437	47
438	60
439	60
440	63
441	54
442	77
443	55
444	64
445	63
446	67
447	56
448	59
449	76
450	58
451	51
452	51
453	46
454	73
455	65
456	59
457	73
458	68
459	74
460	75
461	83
462	78
463	79
464	75
465	46
466	53
467	64
468	52
469	62
470	52
471	67
472	60
473	65
474	59
475	66
476	69
477	67
478	70
479	65
480	48
481	56
482	58
483	55
484	69
485	59
486	58
487	45
488	74
489	52
490	62
491	55
492	67
493	47
494	51
495	53
496	62
497	51
498	50
499	46
500	72
501	55
502	72
503	71
504	73
505	66
506	72
507	76
508	64
509	67
510	73
511	64
512	75
513	77
514	79
515	83
516	82
517	68
518	97
519	94
520	82
521	81
522	108
523	90
524	85
525	92
526	92
527	107
528	105
529	88
530	102
531	114
532	93
533	62
534	78
535	92
536	82
537	68
538	70
539	69
540	95
541	85
542	91
543	71
544	85
545	80
546	90
547	82
548	76
549	95
550	72
551	70
552	63
553	62
554	73
555	66
556	89
557	64
558	81
559	74
560	86
561	74
562	84
563	74
564	69
565	70
566	72
567	64
568	66
569	67
570	87
571	86
572	87
573	59
574	74
575	69
576	66
577	72
578	77
579	63
580	98
581	101
582	99
583	68
584	91
585	90
586	89
587	90
588	91
589	76
590	82
591	91
592	90
593	71
594	102
595	83
596	92
597	95
598	105
599	93
600	78
601	107
602	94
603	85
604	89
605	88
606	73
607	90
608	95
609	93
610	88
611	95
612	99
613	89
614	85
615	81
616	102
617	97
618	105
619	112
620	89
621	84
622	114
623	97
624	98
625	90
626	104
627	102
628	100
629	85
630	84
631	108
632	87
633	101
634	97
635	92
636	98
637	119
638	88
639	91
640	84
641	106
642	100
643	91
644	100
645	111
646	93
647	112
648	100
649	99
650	100
651	104
652	107
653	104
654	102
655	106
656	116
657	95
658	89
659	113
660	107
661	98
662	101
663	96
664	105
665	113
666	103
667	99
668	96
669	102
670	107
671	96
672	97
673	97
674	105
675	120
676	100
677	111
678	97
679	94
680	125
681	108
682	112
683	115
684	104
685	116
686	119
687	103
688	94
689	106
690	123
691	101
692	118
693	106
694	128
695	107
696	112
697	117
698	107
699	128
700	126
701	110
702	127
703	139
704	112
705	126
706	122
707	130
708	96
709	124
710	128
711	117
712	135
713	115
714	93
715	111
716	103
717	126
718	107
719	118
720	121
721	125
722	103
723	113
724	136
725	120
726	112
727	109
728	112
729	135
730	145
731	128
732	129
733	124
734	120
735	124
736	120
737	136
738	151
739	133
740	138
741	136
742	134
743	118
744	140
745	129
746	124
747	126
748	108
749	107
750	124
751	135
752	129
753	130
754	121
755	116
756	123
757	135
758	131
759	120
760	143
761	129
762	144
763	144
764	144
765	153
766	172
767	213
768	225
769	210
770	235
771	268
772	230
773	269
774	254
775	241
776	224
777	189
778	201
779	196
780	180
781	167
782	164
783	144
784	127
785	142
786	142
787	122
788	145
789	127
790	111
791	131
792	117
793	133
794	130
795	131
796	133
797	123
798	130
799	116
800	129
801	113
802	151
803	121
804	110
805	123
806	145
807	111
808	139
809	132
810	128
811	149
812	142
813	138
814	144
815	120
816	141
817	138
818	127
819	125
820	142
821	121
822	114
823	134
824	125
825	136
826	117
827	127
828	134
829	147
830	152
831	139
832	125
833	136
834	121
835	115
836	137
837	126
838	150
839	131
840	135
841	136
842	142
843	139
844	135
845	135
846	143
847	140
848	160
849	119
850	125
851	145
852	144
853	185
854	154
855	155
856	164
857	200
858	199
859	183
860	189
861	187
862	184
863	205
864	230
865	182
866	209
867	198
868	208
869	187
870	198
871	189
872	186
873	185
874	200
875	204
876	202
877	239
878	218
879	225
880	261
881	285
882	304
883	299
884	296
885	321
886	303
887	341
888	344
889	391
890	397
891	417
892	464
893	487
894	465
895	488
896	533
897	538
898	538
899	548
900	504
901	521
902	550
903	491
904	518
905	523
906	473
907	454
908	453
909	418
910	471
911	421
912	395
913	351
914	338
915	342
916	347
917	316
918	258
919	274
920	257
921	236
922	238
923	253
924	206
925	208
926	199
927	161
928	161
929	161
930	166
931	165
932	148
933	145
934	150
935	149
936	150
937	156
938	143
939	169
940	165
941	194
942	178
943	207
944	206
945	230
946	265
947	275
948	279
949	302
950	361
951	399
952	396
953	368
954	385
955	400
956	386
957	352
958	297
959	289
960	286
961	268
962	207
963	201
964	159
965	174
966	147
967	143
968	120
969	137
970	123
971	112
972	114
973	109
974	118
975	126
976	89
977	123
978	125
979	99
980	109
981	138
982	129
983	116
984	128
985	111
986	137
987	142
988	152
989	139
990	130
991	143
992	141
993	156
994	129
995	158
996	149
997	168
998	153
999	158
1000	167
1001	162
1002	185
1003	182
1004	152
1005	150
1006	172
1007	157
1008	167
1009	176
1010	152
1011	164
1012	165
1013	167
1014	154
1015	146
1016	131
1017	138
1018	133
1019	151
1020	108
1021	125
1022	99
1023	112
1024	126
