Date:	09/05/2018		Time:	11:19		Version no:	0.00		Project name:	55		Sample name:	222		Section name:	section		Position	239.400024	mm	E0	0.000000	keV	E1	1.000000	keV/channel	sample surface	6.103188	cm	Tube anode:	Mo		Tube voltage:	30	kV	Tube current:	50	mA	gain	10		std. database			resultfile	result		matrix element	11		sample thickness	1.000000		air passage	0.560000	cm	comments	in position		peaking_time	2.200000	m-sec	trigger_threshold	547.363281	V	mca_bin_width	22.090000	no:	number_mca_channels	1024.000000	no:	gap_time	0.150000	m-sec	trigger_peaking_time	0.200000	m-sec	GAINDAC	18610		HIGHGAIN	1		TAURC	1		RCTAU	1		RCTAUFRAC	1		livetime	9.457954	seconds	runtime	10.000495	seconds	input_count_rate	22735.465927	cps	output_count_rate	18753.971303	cps	triggers	215031	seconds	events_in_run	187549	seconds	channel	content		1	0
2	0
3	0
4	0
5	0
6	0
7	0
8	0
9	0
10	0
11	0
12	0
13	0
14	0
15	0
16	0
17	0
18	0
19	0
20	0
21	0
22	0
23	0
24	0
25	0
26	0
27	0
28	0
29	0
30	0
31	11
32	12
33	18
34	15
35	14
36	17
37	11
38	18
39	7
40	18
41	12
42	16
43	8
44	14
45	13
46	9
47	14
48	15
49	17
50	13
51	9
52	13
53	18
54	16
55	10
56	6
57	9
58	11
59	11
60	8
61	9
62	11
63	12
64	9
65	9
66	15
67	9
68	5
69	12
70	7
71	5
72	8
73	3
74	6
75	10
76	5
77	6
78	7
79	5
80	8
81	10
82	14
83	10
84	9
85	14
86	8
87	8
88	7
89	5
90	7
91	9
92	9
93	15
94	10
95	17
96	13
97	20
98	14
99	13
100	4
101	11
102	7
103	8
104	6
105	6
106	4
107	6
108	9
109	17
110	6
111	4
112	6
113	5
114	6
115	4
116	4
117	8
118	2
119	6
120	2
121	6
122	4
123	6
124	3
125	5
126	8
127	6
128	5
129	3
130	0
131	6
132	3
133	4
134	5
135	3
136	3
137	3
138	5
139	5
140	4
141	6
142	2
143	5
144	11
145	3
146	3
147	4
148	5
149	4
150	7
151	4
152	1
153	6
154	1
155	1
156	2
157	6
158	7
159	12
160	15
161	19
162	25
163	28
164	26
165	18
166	17
167	8
168	7
169	5
170	7
171	7
172	6
173	6
174	6
175	9
176	6
177	11
178	7
179	20
180	24
181	24
182	22
183	18
184	26
185	20
186	15
187	14
188	5
189	5
190	3
191	7
192	2
193	9
194	6
195	18
196	31
197	56
198	104
199	151
200	221
201	302
202	322
203	374
204	384
205	324
206	220
207	150
208	91
209	49
210	23
211	9
212	4
213	6
214	6
215	12
216	28
217	34
218	48
219	55
220	57
221	67
222	65
223	40
224	37
225	26
226	27
227	10
228	3
229	5
230	4
231	6
232	6
233	6
234	5
235	6
236	3
237	4
238	9
239	5
240	25
241	18
242	39
243	57
244	78
245	125
246	169
247	167
248	185
249	160
250	127
251	89
252	78
253	67
254	48
255	42
256	30
257	33
258	27
259	19
260	17
261	13
262	10
263	11
264	16
265	12
266	18
267	18
268	41
269	43
270	24
271	49
272	38
273	37
274	40
275	30
276	23
277	15
278	11
279	5
280	6
281	14
282	9
283	9
284	15
285	12
286	11
287	12
288	16
289	12
290	16
291	16
292	17
293	14
294	16
295	23
296	11
297	22
298	17
299	15
300	13
301	16
302	17
303	22
304	12
305	11
306	16
307	11
308	15
309	6
310	13
311	16
312	12
313	13
314	7
315	17
316	21
317	30
318	32
319	48
320	47
321	70
322	77
323	76
324	83
325	84
326	59
327	67
328	44
329	36
330	31
331	35
332	27
333	30
334	24
335	33
336	41
337	32
338	51
339	53
340	102
341	169
342	375
343	625
344	1142
345	1819
346	2720
347	4092
348	5074
349	6222
350	6927
351	7153
352	6910
353	5812
354	4727
355	3527
356	2392
357	1529
358	874
359	537
360	265
361	159
362	86
363	40
364	47
365	47
366	36
367	45
368	41
369	37
370	57
371	48
372	38
373	39
374	58
375	63
376	74
377	97
378	147
379	161
380	286
381	406
382	578
383	698
384	961
385	1086
386	1226
387	1194
388	1130
389	997
390	769
391	580
392	395
393	275
394	156
395	121
396	76
397	42
398	31
399	37
400	31
401	23
402	19
403	32
404	33
405	36
406	32
407	46
408	40
409	46
410	40
411	34
412	27
413	39
414	32
415	43
416	28
417	29
418	29
419	25
420	33
421	38
422	21
423	30
424	40
425	41
426	41
427	32
428	43
429	37
430	35
431	36
432	42
433	33
434	42
435	63
436	48
437	59
438	59
439	69
440	70
441	66
442	78
443	89
444	72
445	70
446	72
447	56
448	80
449	71
450	54
451	59
452	62
453	68
454	73
455	65
456	60
457	79
458	81
459	68
460	80
461	82
462	81
463	68
464	76
465	63
466	59
467	38
468	53
469	60
470	55
471	66
472	72
473	57
474	69
475	58
476	58
477	82
478	47
479	51
480	55
481	51
482	53
483	50
484	53
485	56
486	71
487	62
488	49
489	54
490	48
491	47
492	59
493	59
494	59
495	58
496	55
497	57
498	65
499	77
500	59
501	69
502	59
503	69
504	78
505	76
506	83
507	78
508	77
509	78
510	82
511	69
512	71
513	77
514	77
515	79
516	78
517	85
518	78
519	84
520	75
521	82
522	87
523	97
524	102
525	101
526	93
527	79
528	115
529	99
530	110
531	93
532	77
533	104
534	109
535	85
536	98
537	74
538	84
539	82
540	79
541	72
542	93
543	104
544	80
545	94
546	84
547	80
548	82
549	93
550	77
551	86
552	69
553	76
554	85
555	68
556	58
557	61
558	65
559	74
560	74
561	88
562	88
563	73
564	80
565	85
566	74
567	72
568	76
569	80
570	86
571	75
572	82
573	90
574	81
575	77
576	86
577	81
578	82
579	93
580	84
581	77
582	87
583	71
584	92
585	102
586	80
587	79
588	81
589	102
590	103
591	73
592	99
593	86
594	91
595	90
596	63
597	84
598	83
599	110
600	103
601	87
602	94
603	105
604	99
605	97
606	95
607	90
608	84
609	99
610	85
611	96
612	94
613	105
614	95
615	97
616	108
617	94
618	106
619	105
620	117
621	113
622	98
623	114
624	118
625	114
626	106
627	89
628	88
629	108
630	111
631	110
632	104
633	105
634	94
635	108
636	99
637	102
638	96
639	94
640	87
641	107
642	113
643	116
644	103
645	101
646	107
647	121
648	120
649	116
650	119
651	115
652	110
653	134
654	102
655	106
656	110
657	106
658	99
659	86
660	121
661	117
662	110
663	118
664	123
665	92
666	108
667	83
668	101
669	94
670	111
671	94
672	95
673	108
674	132
675	103
676	112
677	99
678	119
679	117
680	100
681	130
682	116
683	115
684	119
685	101
686	104
687	111
688	103
689	95
690	119
691	129
692	112
693	110
694	112
695	143
696	95
697	117
698	127
699	117
700	121
701	156
702	119
703	120
704	141
705	125
706	118
707	139
708	119
709	109
710	116
711	107
712	109
713	115
714	121
715	145
716	121
717	141
718	108
719	122
720	137
721	103
722	125
723	108
724	139
725	138
726	134
727	130
728	117
729	135
730	119
731	113
732	123
733	136
734	135
735	121
736	132
737	133
738	120
739	119
740	158
741	124
742	133
743	129
744	122
745	126
746	113
747	139
748	116
749	138
750	130
751	117
752	116
753	137
754	121
755	127
756	134
757	130
758	123
759	143
760	154
761	135
762	155
763	144
764	193
765	174
766	173
767	236
768	258
769	260
770	266
771	333
772	333
773	311
774	291
775	301
776	295
777	261
778	280
779	221
780	200
781	163
782	182
783	165
784	139
785	142
786	129
787	146
788	128
789	127
790	143
791	135
792	125
793	132
794	158
795	121
796	136
797	110
798	144
799	126
800	145
801	119
802	122
803	144
804	126
805	140
806	140
807	147
808	143
809	151
810	120
811	123
812	126
813	144
814	148
815	139
816	145
817	130
818	159
819	133
820	155
821	152
822	135
823	133
824	125
825	127
826	133
827	145
828	160
829	119
830	132
831	104
832	146
833	144
834	139
835	171
836	145
837	134
838	160
839	159
840	148
841	158
842	136
843	136
844	152
845	156
846	170
847	154
848	159
849	158
850	153
851	167
852	160
853	185
854	150
855	155
856	169
857	162
858	165
859	185
860	202
861	189
862	177
863	188
864	224
865	210
866	206
867	235
868	229
869	227
870	189
871	228
872	216
873	224
874	216
875	249
876	231
877	231
878	257
879	313
880	255
881	274
882	298
883	295
884	301
885	359
886	332
887	362
888	388
889	386
890	414
891	422
892	442
893	506
894	512
895	494
896	522
897	542
898	568
899	561
900	547
901	545
902	526
903	533
904	529
905	528
906	520
907	488
908	498
909	463
910	419
911	394
912	402
913	416
914	381
915	366
916	321
917	326
918	285
919	285
920	258
921	262
922	252
923	227
924	220
925	211
926	203
927	196
928	167
929	200
930	167
931	183
932	179
933	162
934	156
935	130
936	172
937	149
938	147
939	168
940	184
941	166
942	205
943	157
944	225
945	261
946	292
947	277
948	310
949	376
950	366
951	383
952	404
953	416
954	431
955	408
956	400
957	387
958	359
959	301
960	292
961	250
962	234
963	197
964	189
965	156
966	158
967	144
968	138
969	149
970	121
971	120
972	123
973	137
974	124
975	122
976	141
977	136
978	117
979	149
980	139
981	102
982	120
983	117
984	136
985	131
986	143
987	112
988	143
989	138
990	139
991	144
992	147
993	144
994	169
995	147
996	150
997	155
998	144
999	160
1000	150
1001	184
1002	198
1003	187
1004	160
1005	145
1006	164
1007	151
1008	174
1009	142
1010	142
1011	171
1012	145
1013	166
1014	138
1015	160
1016	112
1017	126
1018	155
1019	123
1020	127
1021	125
1022	139
1023	106
1024	103
