Date:	09/05/2018		Time:	11:30		Version no:	0.00		Project name:	55		Sample name:	222		Section name:	section		Position	250.800034	mm	E0	0.000000	keV	E1	1.000000	keV/channel	sample surface	6.221722	cm	Tube anode:	Mo		Tube voltage:	30	kV	Tube current:	50	mA	gain	10		std. database			resultfile	result		matrix element	11		sample thickness	1.000000		air passage	0.560000	cm	comments	in position		peaking_time	2.200000	m-sec	trigger_threshold	547.363281	V	mca_bin_width	22.090000	no:	number_mca_channels	1024.000000	no:	gap_time	0.150000	m-sec	trigger_peaking_time	0.200000	m-sec	GAINDAC	18610		HIGHGAIN	1		TAURC	1		RCTAU	1		RCTAUFRAC	1		livetime	9.456099	seconds	runtime	10.000492	seconds	input_count_rate	23013.612209	cps	output_count_rate	18973.266515	cps	triggers	217619	seconds	events_in_run	189742	seconds	channel	content		1	0
2	0
3	0
4	0
5	0
6	0
7	0
8	0
9	0
10	0
11	0
12	0
13	0
14	0
15	0
16	0
17	0
18	0
19	0
20	0
21	0
22	0
23	0
24	0
25	0
26	0
27	0
28	0
29	0
30	0
31	19
32	21
33	21
34	8
35	14
36	13
37	13
38	15
39	12
40	16
41	12
42	6
43	16
44	10
45	8
46	17
47	10
48	12
49	14
50	20
51	11
52	11
53	15
54	13
55	10
56	10
57	5
58	8
59	14
60	14
61	11
62	9
63	14
64	9
65	2
66	6
67	12
68	6
69	10
70	8
71	6
72	9
73	6
74	5
75	7
76	4
77	7
78	6
79	12
80	16
81	14
82	14
83	6
84	8
85	7
86	7
87	3
88	9
89	6
90	9
91	10
92	7
93	6
94	12
95	13
96	14
97	17
98	12
99	13
100	19
101	9
102	7
103	6
104	4
105	9
106	7
107	11
108	14
109	9
110	7
111	12
112	9
113	5
114	9
115	2
116	6
117	5
118	4
119	3
120	4
121	9
122	9
123	7
124	6
125	5
126	7
127	8
128	2
129	6
130	5
131	5
132	7
133	2
134	2
135	3
136	1
137	4
138	5
139	2
140	4
141	2
142	7
143	2
144	6
145	2
146	1
147	2
148	3
149	2
150	3
151	7
152	5
153	1
154	9
155	3
156	4
157	7
158	10
159	14
160	12
161	18
162	29
163	32
164	24
165	17
166	21
167	14
168	7
169	7
170	1
171	4
172	7
173	10
174	10
175	6
176	6
177	8
178	12
179	11
180	16
181	18
182	29
183	22
184	21
185	18
186	9
187	10
188	4
189	6
190	2
191	10
192	8
193	5
194	3
195	14
196	27
197	62
198	109
199	179
200	238
201	310
202	372
203	393
204	393
205	325
206	207
207	150
208	91
209	50
210	38
211	15
212	10
213	8
214	16
215	9
216	32
217	37
218	42
219	55
220	59
221	71
222	73
223	54
224	37
225	32
226	14
227	11
228	8
229	6
230	3
231	4
232	0
233	3
234	7
235	4
236	6
237	5
238	5
239	9
240	18
241	28
242	38
243	70
244	107
245	174
246	198
247	232
248	215
249	221
250	197
251	156
252	108
253	78
254	74
255	38
256	32
257	29
258	30
259	15
260	17
261	16
262	12
263	15
264	17
265	10
266	22
267	23
268	45
269	51
270	46
271	53
272	56
273	55
274	36
275	21
276	23
277	15
278	16
279	12
280	4
281	7
282	15
283	12
284	7
285	13
286	11
287	13
288	21
289	13
290	17
291	18
292	11
293	20
294	16
295	20
296	15
297	18
298	24
299	22
300	18
301	14
302	9
303	11
304	6
305	12
306	10
307	14
308	10
309	13
310	12
311	6
312	11
313	12
314	14
315	18
316	14
317	24
318	45
319	36
320	51
321	63
322	61
323	79
324	82
325	80
326	36
327	45
328	39
329	30
330	24
331	24
332	25
333	28
334	30
335	30
336	37
337	35
338	46
339	57
340	111
341	168
342	350
343	626
344	1154
345	1880
346	2937
347	4078
348	5141
349	6520
350	7133
351	7571
352	7036
353	6311
354	4910
355	3706
356	2493
357	1647
358	967
359	553
360	303
361	156
362	98
363	67
364	43
365	46
366	56
367	38
368	38
369	34
370	55
371	51
372	28
373	57
374	57
375	71
376	81
377	107
378	139
379	208
380	294
381	471
382	582
383	755
384	937
385	1167
386	1253
387	1267
388	1214
389	1083
390	803
391	610
392	420
393	296
394	161
395	109
396	96
397	47
398	42
399	25
400	33
401	25
402	22
403	29
404	38
405	34
406	25
407	35
408	32
409	28
410	30
411	40
412	32
413	37
414	37
415	24
416	29
417	33
418	29
419	34
420	41
421	38
422	37
423	39
424	39
425	24
426	36
427	29
428	36
429	35
430	46
431	33
432	57
433	38
434	51
435	52
436	66
437	52
438	66
439	64
440	63
441	71
442	76
443	66
444	58
445	65
446	80
447	63
448	57
449	59
450	52
451	55
452	59
453	68
454	69
455	72
456	73
457	96
458	83
459	78
460	74
461	83
462	78
463	66
464	78
465	84
466	64
467	63
468	51
469	55
470	49
471	58
472	67
473	56
474	73
475	75
476	66
477	66
478	78
479	64
480	61
481	57
482	66
483	57
484	59
485	61
486	51
487	54
488	59
489	49
490	51
491	63
492	54
493	70
494	57
495	50
496	54
497	56
498	58
499	63
500	56
501	58
502	72
503	79
504	67
505	87
506	79
507	89
508	67
509	69
510	73
511	73
512	92
513	77
514	94
515	70
516	87
517	69
518	100
519	76
520	64
521	82
522	72
523	102
524	85
525	104
526	98
527	108
528	105
529	106
530	98
531	82
532	93
533	98
534	78
535	89
536	93
537	81
538	68
539	69
540	81
541	73
542	81
543	88
544	77
545	98
546	90
547	76
548	80
549	76
550	72
551	80
552	87
553	87
554	67
555	77
556	75
557	80
558	69
559	62
560	80
561	84
562	70
563	76
564	74
565	69
566	79
567	94
568	99
569	71
570	88
571	76
572	74
573	78
574	68
575	102
576	90
577	87
578	73
579	84
580	79
581	75
582	79
583	80
584	85
585	109
586	75
587	99
588	85
589	84
590	89
591	96
592	79
593	91
594	89
595	71
596	92
597	88
598	118
599	88
600	105
601	83
602	95
603	112
604	99
605	113
606	105
607	94
608	129
609	82
610	82
611	115
612	93
613	112
614	102
615	102
616	90
617	107
618	105
619	90
620	91
621	91
622	93
623	110
624	90
625	114
626	91
627	80
628	91
629	99
630	119
631	92
632	76
633	106
634	81
635	100
636	98
637	84
638	110
639	93
640	101
641	98
642	94
643	103
644	96
645	105
646	115
647	116
648	135
649	103
650	98
651	111
652	112
653	90
654	86
655	108
656	108
657	96
658	98
659	111
660	110
661	111
662	102
663	109
664	119
665	113
666	99
667	96
668	98
669	109
670	111
671	109
672	92
673	91
674	96
675	101
676	109
677	116
678	111
679	124
680	113
681	98
682	107
683	132
684	124
685	102
686	106
687	116
688	108
689	129
690	99
691	118
692	120
693	113
694	105
695	117
696	115
697	102
698	107
699	112
700	136
701	119
702	124
703	119
704	113
705	109
706	128
707	126
708	91
709	133
710	118
711	117
712	122
713	106
714	83
715	113
716	160
717	115
718	106
719	121
720	109
721	125
722	124
723	127
724	116
725	112
726	117
727	115
728	133
729	124
730	130
731	106
732	127
733	107
734	134
735	106
736	113
737	132
738	141
739	143
740	118
741	121
742	110
743	118
744	122
745	136
746	128
747	133
748	91
749	133
750	113
751	134
752	137
753	117
754	128
755	118
756	142
757	96
758	121
759	132
760	131
761	138
762	131
763	147
764	166
765	196
766	200
767	205
768	225
769	240
770	269
771	283
772	303
773	296
774	283
775	267
776	293
777	269
778	262
779	228
780	214
781	192
782	188
783	147
784	164
785	158
786	121
787	118
788	133
789	131
790	121
791	135
792	139
793	132
794	152
795	120
796	129
797	117
798	119
799	132
800	122
801	115
802	134
803	131
804	129
805	115
806	146
807	128
808	140
809	108
810	138
811	134
812	117
813	145
814	150
815	141
816	136
817	137
818	153
819	142
820	133
821	145
822	147
823	138
824	141
825	138
826	120
827	124
828	119
829	142
830	138
831	137
832	131
833	120
834	162
835	128
836	134
837	141
838	120
839	141
840	141
841	122
842	143
843	166
844	155
845	145
846	159
847	142
848	155
849	158
850	175
851	139
852	156
853	152
854	158
855	184
856	164
857	174
858	176
859	194
860	178
861	203
862	199
863	222
864	202
865	233
866	215
867	207
868	253
869	232
870	203
871	210
872	228
873	228
874	215
875	232
876	228
877	252
878	220
879	242
880	232
881	256
882	291
883	299
884	316
885	320
886	372
887	361
888	370
889	423
890	402
891	470
892	448
893	478
894	505
895	519
896	498
897	508
898	542
899	548
900	551
901	526
902	537
903	537
904	537
905	478
906	482
907	457
908	460
909	404
910	410
911	433
912	406
913	368
914	368
915	353
916	305
917	311
918	310
919	268
920	226
921	272
922	261
923	238
924	213
925	220
926	200
927	197
928	202
929	173
930	165
931	181
932	157
933	142
934	185
935	159
936	158
937	183
938	156
939	173
940	170
941	180
942	196
943	166
944	210
945	262
946	273
947	290
948	327
949	353
950	382
951	380
952	422
953	404
954	442
955	418
956	392
957	344
958	317
959	329
960	266
961	250
962	223
963	209
964	163
965	146
966	162
967	142
968	153
969	135
970	116
971	99
972	121
973	114
974	136
975	113
976	101
977	118
978	123
979	130
980	117
981	125
982	120
983	121
984	145
985	121
986	124
987	138
988	134
989	123
990	142
991	149
992	150
993	140
994	182
995	161
996	161
997	151
998	177
999	150
1000	155
1001	169
1002	181
1003	180
1004	167
1005	182
1006	168
1007	174
1008	173
1009	155
1010	159
1011	153
1012	157
1013	157
1014	145
1015	158
1016	130
1017	143
1018	151
1019	132
1020	130
1021	124
1022	118
1023	109
1024	113
