Date:	09/05/2018		Time:	11:47		Version no:	0.00		Project name:	55		Sample name:	222		Section name:	section		Position	268.600037	mm	E0	0.000000	keV	E1	1.000000	keV/channel	sample surface	6.218258	cm	Tube anode:	Mo		Tube voltage:	30	kV	Tube current:	50	mA	gain	10		std. database			resultfile	result		matrix element	11		sample thickness	1.000000		air passage	0.560000	cm	comments	in position		peaking_time	2.200000	m-sec	trigger_threshold	547.363281	V	mca_bin_width	22.090000	no:	number_mca_channels	1024.000000	no:	gap_time	0.150000	m-sec	trigger_peaking_time	0.200000	m-sec	GAINDAC	18610		HIGHGAIN	1		TAURC	1		RCTAU	1		RCTAUFRAC	1		livetime	9.455586	seconds	runtime	10.000146	seconds	input_count_rate	23685.999945	cps	output_count_rate	19502.816039	cps	triggers	223965	seconds	events_in_run	195031	seconds	channel	content		1	0
2	0
3	0
4	0
5	0
6	0
7	0
8	0
9	0
10	0
11	0
12	0
13	0
14	0
15	0
16	0
17	0
18	0
19	0
20	0
21	0
22	0
23	0
24	0
25	0
26	0
27	0
28	0
29	0
30	0
31	8
32	14
33	11
34	11
35	20
36	15
37	15
38	11
39	11
40	19
41	11
42	12
43	13
44	8
45	7
46	13
47	19
48	14
49	10
50	12
51	10
52	13
53	9
54	14
55	9
56	5
57	12
58	11
59	16
60	22
61	10
62	10
63	8
64	13
65	7
66	4
67	3
68	6
69	9
70	8
71	3
72	5
73	6
74	12
75	4
76	5
77	11
78	8
79	9
80	11
81	12
82	7
83	10
84	5
85	9
86	6
87	3
88	6
89	6
90	3
91	5
92	7
93	10
94	9
95	20
96	12
97	11
98	12
99	11
100	4
101	8
102	4
103	3
104	5
105	12
106	10
107	9
108	10
109	9
110	9
111	10
112	12
113	3
114	3
115	8
116	2
117	5
118	4
119	8
120	5
121	9
122	3
123	5
124	5
125	5
126	4
127	0
128	8
129	8
130	4
131	4
132	4
133	1
134	2
135	3
136	4
137	7
138	3
139	1
140	4
141	3
142	3
143	3
144	2
145	5
146	3
147	5
148	3
149	4
150	7
151	3
152	6
153	5
154	8
155	3
156	3
157	8
158	8
159	13
160	20
161	23
162	29
163	30
164	25
165	21
166	20
167	11
168	7
169	0
170	8
171	4
172	3
173	4
174	4
175	4
176	3
177	6
178	9
179	16
180	10
181	25
182	23
183	18
184	22
185	14
186	19
187	11
188	8
189	6
190	4
191	5
192	7
193	7
194	11
195	20
196	37
197	55
198	112
199	180
200	245
201	349
202	386
203	427
204	360
205	333
206	239
207	135
208	103
209	52
210	25
211	26
212	12
213	11
214	11
215	12
216	19
217	39
218	51
219	53
220	69
221	68
222	63
223	60
224	33
225	19
226	25
227	15
228	3
229	11
230	1
231	6
232	6
233	4
234	3
235	4
236	4
237	5
238	5
239	9
240	14
241	34
242	64
243	129
244	156
245	211
246	285
247	277
248	281
249	269
250	231
251	158
252	130
253	88
254	67
255	54
256	59
257	36
258	32
259	19
260	22
261	23
262	13
263	18
264	10
265	25
266	24
267	39
268	57
269	55
270	56
271	49
272	73
273	54
274	46
275	36
276	22
277	22
278	20
279	15
280	11
281	8
282	12
283	7
284	7
285	8
286	8
287	10
288	17
289	10
290	12
291	16
292	24
293	14
294	23
295	15
296	22
297	13
298	16
299	17
300	22
301	19
302	10
303	10
304	9
305	19
306	8
307	19
308	14
309	12
310	12
311	11
312	10
313	7
314	18
315	18
316	29
317	26
318	37
319	48
320	68
321	94
322	105
323	89
324	115
325	99
326	82
327	63
328	58
329	42
330	37
331	23
332	18
333	29
334	32
335	27
336	33
337	36
338	45
339	75
340	123
341	205
342	395
343	708
344	1223
345	2141
346	3168
347	4619
348	6141
349	7459
350	8356
351	8567
352	7915
353	7013
354	5550
355	4078
356	3019
357	1909
358	1048
359	575
360	329
361	164
362	104
363	59
364	50
365	35
366	41
367	37
368	44
369	33
370	44
371	47
372	36
373	49
374	55
375	63
376	75
377	103
378	138
379	218
380	321
381	492
382	732
383	898
384	1123
385	1280
386	1388
387	1362
388	1383
389	1170
390	892
391	743
392	525
393	309
394	184
395	131
396	65
397	43
398	42
399	23
400	28
401	23
402	27
403	29
404	31
405	39
406	31
407	26
408	25
409	38
410	34
411	31
412	32
413	26
414	23
415	30
416	20
417	23
418	27
419	16
420	27
421	20
422	33
423	24
424	29
425	22
426	22
427	27
428	22
429	21
430	37
431	32
432	30
433	30
434	33
435	45
436	41
437	45
438	53
439	55
440	56
441	51
442	68
443	54
444	51
445	39
446	74
447	56
448	53
449	47
450	55
451	46
452	60
453	53
454	66
455	65
456	83
457	59
458	72
459	78
460	66
461	71
462	55
463	63
464	50
465	58
466	43
467	56
468	51
469	46
470	59
471	47
472	71
473	52
474	54
475	50
476	63
477	50
478	53
479	43
480	34
481	43
482	40
483	44
484	43
485	49
486	51
487	32
488	56
489	45
490	51
491	60
492	53
493	50
494	52
495	65
496	59
497	53
498	39
499	68
500	42
501	57
502	66
503	52
504	57
505	63
506	51
507	71
508	78
509	80
510	60
511	54
512	70
513	64
514	57
515	59
516	58
517	72
518	78
519	61
520	73
521	75
522	57
523	66
524	71
525	83
526	77
527	62
528	88
529	90
530	92
531	74
532	76
533	85
534	73
535	69
536	70
537	74
538	74
539	85
540	63
541	92
542	61
543	61
544	78
545	58
546	73
547	59
548	65
549	69
550	68
551	65
552	78
553	64
554	79
555	73
556	62
557	80
558	70
559	56
560	78
561	62
562	54
563	71
564	64
565	70
566	54
567	52
568	57
569	56
570	76
571	78
572	81
573	75
574	58
575	74
576	65
577	64
578	90
579	71
580	79
581	60
582	81
583	75
584	77
585	85
586	76
587	76
588	77
589	70
590	85
591	66
592	83
593	83
594	80
595	86
596	93
597	77
598	104
599	64
600	83
601	88
602	71
603	84
604	95
605	75
606	72
607	66
608	74
609	97
610	83
611	84
612	85
613	69
614	97
615	74
616	88
617	87
618	86
619	88
620	98
621	77
622	102
623	89
624	92
625	81
626	77
627	94
628	80
629	90
630	93
631	102
632	109
633	85
634	88
635	98
636	79
637	89
638	92
639	112
640	86
641	89
642	81
643	97
644	99
645	84
646	90
647	96
648	84
649	100
650	82
651	100
652	98
653	99
654	86
655	123
656	119
657	108
658	96
659	93
660	94
661	87
662	99
663	99
664	88
665	91
666	111
667	101
668	88
669	99
670	94
671	94
672	78
673	103
674	96
675	93
676	86
677	98
678	101
679	118
680	103
681	113
682	124
683	107
684	103
685	95
686	125
687	106
688	104
689	105
690	111
691	121
692	105
693	98
694	103
695	98
696	121
697	116
698	113
699	127
700	102
701	112
702	129
703	116
704	129
705	110
706	110
707	113
708	132
709	92
710	127
711	121
712	104
713	108
714	109
715	98
716	122
717	126
718	117
719	77
720	116
721	103
722	110
723	113
724	94
725	117
726	102
727	132
728	112
729	112
730	112
731	125
732	110
733	126
734	114
735	99
736	115
737	106
738	109
739	101
740	109
741	98
742	132
743	119
744	131
745	130
746	116
747	113
748	128
749	120
750	131
751	126
752	127
753	115
754	113
755	106
756	123
757	119
758	118
759	100
760	125
761	121
762	144
763	143
764	157
765	183
766	160
767	171
768	216
769	246
770	264
771	265
772	285
773	287
774	296
775	311
776	271
777	254
778	214
779	207
780	198
781	169
782	167
783	154
784	134
785	114
786	131
787	142
788	126
789	127
790	149
791	138
792	119
793	133
794	135
795	143
796	126
797	119
798	121
799	96
800	113
801	135
802	129
803	153
804	121
805	129
806	128
807	126
808	130
809	140
810	137
811	130
812	138
813	115
814	137
815	150
816	149
817	143
818	138
819	120
820	153
821	145
822	150
823	124
824	130
825	122
826	155
827	117
828	107
829	122
830	123
831	123
832	135
833	149
834	138
835	117
836	129
837	140
838	145
839	144
840	133
841	149
842	144
843	117
844	131
845	160
846	146
847	174
848	156
849	123
850	152
851	153
852	150
853	181
854	151
855	167
856	159
857	178
858	160
859	199
860	191
861	203
862	167
863	203
864	216
865	238
866	210
867	224
868	201
869	222
870	214
871	207
872	224
873	186
874	185
875	194
876	246
877	235
878	243
879	222
880	220
881	268
882	250
883	277
884	301
885	309
886	323
887	365
888	364
889	376
890	400
891	406
892	452
893	459
894	483
895	447
896	477
897	468
898	485
899	534
900	484
901	488
902	493
903	468
904	515
905	474
906	507
907	439
908	445
909	434
910	397
911	380
912	353
913	355
914	380
915	324
916	308
917	284
918	269
919	293
920	233
921	227
922	233
923	201
924	216
925	187
926	200
927	167
928	181
929	150
930	166
931	172
932	165
933	163
934	147
935	154
936	150
937	140
938	143
939	151
940	153
941	162
942	173
943	185
944	222
945	255
946	265
947	267
948	312
949	336
950	329
951	368
952	382
953	406
954	401
955	418
956	392
957	374
958	339
959	312
960	276
961	261
962	223
963	192
964	160
965	146
966	144
967	136
968	133
969	131
970	134
971	112
972	115
973	136
974	100
975	118
976	111
977	117
978	107
979	110
980	122
981	110
982	117
983	115
984	135
985	135
986	138
987	135
988	126
989	140
990	162
991	131
992	126
993	157
994	144
995	164
996	170
997	147
998	178
999	148
1000	162
1001	163
1002	189
1003	153
1004	141
1005	147
1006	182
1007	133
1008	164
1009	174
1010	160
1011	166
1012	139
1013	167
1014	149
1015	136
1016	144
1017	103
1018	137
1019	111
1020	112
1021	122
1022	121
1023	115
1024	102
