Date:	09/05/2018		Time:	10:29		Version no:	0.00		Project name:	55		Sample name:	222		Section name:	section		Position	187.600037	mm	E0	0.000000	keV	E1	1.000000	keV/channel	sample surface	6.140849	cm	Tube anode:	Mo		Tube voltage:	30	kV	Tube current:	50	mA	gain	10		std. database			resultfile	result		matrix element	11		sample thickness	1.000000		air passage	0.560000	cm	comments	in position		peaking_time	2.200000	m-sec	trigger_threshold	547.363281	V	mca_bin_width	22.090000	no:	number_mca_channels	1024.000000	no:	gap_time	0.150000	m-sec	trigger_peaking_time	0.200000	m-sec	GAINDAC	18610		HIGHGAIN	1		TAURC	1		RCTAU	1		RCTAUFRAC	1		livetime	9.422721	seconds	runtime	10.000491	seconds	input_count_rate	23784.956039	cps	output_count_rate	19450.444594	cps	triggers	224119	seconds	events_in_run	194514	seconds	channel	content		1	0
2	0
3	0
4	0
5	0
6	0
7	0
8	0
9	0
10	0
11	0
12	0
13	0
14	0
15	0
16	0
17	0
18	0
19	0
20	0
21	0
22	0
23	0
24	0
25	0
26	0
27	0
28	0
29	0
30	0
31	21
32	13
33	15
34	12
35	9
36	15
37	14
38	11
39	17
40	13
41	18
42	14
43	20
44	12
45	22
46	16
47	11
48	16
49	15
50	19
51	19
52	12
53	13
54	16
55	9
56	11
57	11
58	16
59	15
60	14
61	11
62	13
63	8
64	9
65	14
66	11
67	15
68	6
69	12
70	11
71	6
72	7
73	9
74	3
75	12
76	7
77	8
78	10
79	10
80	12
81	9
82	9
83	7
84	13
85	12
86	4
87	8
88	5
89	5
90	5
91	7
92	14
93	10
94	18
95	25
96	15
97	25
98	17
99	12
100	7
101	6
102	7
103	10
104	8
105	6
106	6
107	13
108	6
109	12
110	6
111	6
112	4
113	3
114	9
115	7
116	5
117	3
118	2
119	8
120	6
121	5
122	5
123	6
124	6
125	3
126	5
127	4
128	8
129	3
130	2
131	2
132	5
133	4
134	7
135	6
136	8
137	2
138	1
139	2
140	5
141	6
142	4
143	7
144	4
145	5
146	5
147	0
148	4
149	7
150	2
151	2
152	7
153	6
154	7
155	4
156	2
157	2
158	5
159	17
160	17
161	31
162	25
163	30
164	26
165	26
166	18
167	10
168	15
169	5
170	2
171	6
172	6
173	2
174	7
175	3
176	4
177	11
178	11
179	13
180	18
181	24
182	23
183	23
184	16
185	9
186	13
187	13
188	7
189	4
190	4
191	2
192	4
193	8
194	7
195	12
196	22
197	50
198	84
199	151
200	196
201	287
202	347
203	359
204	338
205	249
206	169
207	124
208	82
209	53
210	16
211	7
212	11
213	14
214	12
215	19
216	30
217	32
218	40
219	55
220	56
221	59
222	48
223	48
224	32
225	20
226	11
227	11
228	4
229	6
230	7
231	3
232	3
233	3
234	5
235	9
236	4
237	7
238	6
239	6
240	16
241	21
242	44
243	71
244	96
245	144
246	157
247	176
248	197
249	177
250	119
251	115
252	80
253	60
254	42
255	50
256	32
257	37
258	20
259	15
260	24
261	9
262	8
263	10
264	12
265	11
266	22
267	21
268	41
269	36
270	49
271	46
272	35
273	36
274	41
275	29
276	22
277	13
278	16
279	5
280	13
281	6
282	10
283	15
284	11
285	5
286	6
287	10
288	17
289	6
290	17
291	12
292	10
293	12
294	16
295	23
296	18
297	19
298	18
299	13
300	10
301	19
302	12
303	18
304	12
305	16
306	12
307	7
308	17
309	19
310	13
311	8
312	17
313	17
314	13
315	21
316	20
317	32
318	43
319	76
320	83
321	85
322	104
323	143
324	110
325	91
326	96
327	82
328	81
329	51
330	33
331	36
332	19
333	27
334	27
335	26
336	40
337	28
338	52
339	66
340	114
341	174
342	334
343	614
344	1090
345	1727
346	2721
347	3937
348	4917
349	5880
350	6680
351	6882
352	6450
353	5744
354	4598
355	3372
356	2290
357	1441
358	854
359	470
360	266
361	149
362	79
363	56
364	45
365	37
366	42
367	34
368	39
369	43
370	40
371	50
372	43
373	51
374	56
375	59
376	71
377	86
378	148
379	194
380	265
381	417
382	549
383	713
384	880
385	1084
386	1144
387	1125
388	1058
389	947
390	783
391	575
392	423
393	252
394	167
395	119
396	57
397	37
398	41
399	29
400	25
401	27
402	36
403	36
404	32
405	39
406	36
407	36
408	48
409	38
410	36
411	40
412	35
413	32
414	36
415	32
416	41
417	30
418	38
419	37
420	33
421	29
422	34
423	47
424	37
425	30
426	47
427	45
428	29
429	35
430	43
431	38
432	47
433	46
434	40
435	45
436	56
437	68
438	56
439	58
440	63
441	69
442	68
443	70
444	79
445	69
446	59
447	64
448	63
449	63
450	62
451	60
452	78
453	64
454	72
455	76
456	62
457	79
458	79
459	82
460	103
461	84
462	83
463	78
464	74
465	68
466	51
467	66
468	57
469	62
470	47
471	60
472	82
473	55
474	74
475	59
476	58
477	63
478	62
479	35
480	52
481	50
482	63
483	47
484	50
485	52
486	52
487	70
488	65
489	66
490	50
491	53
492	65
493	59
494	68
495	51
496	68
497	61
498	73
499	67
500	88
501	79
502	69
503	72
504	69
505	79
506	84
507	87
508	74
509	86
510	89
511	92
512	83
513	91
514	87
515	94
516	81
517	99
518	96
519	72
520	74
521	85
522	99
523	104
524	95
525	85
526	120
527	84
528	106
529	108
530	106
531	106
532	97
533	89
534	88
535	83
536	74
537	88
538	102
539	80
540	70
541	88
542	83
543	73
544	90
545	90
546	89
547	103
548	89
549	84
550	83
551	84
552	66
553	79
554	94
555	82
556	72
557	71
558	73
559	71
560	87
561	101
562	79
563	85
564	84
565	81
566	72
567	78
568	94
569	88
570	71
571	70
572	75
573	101
574	83
575	85
576	108
577	96
578	82
579	90
580	71
581	94
582	118
583	83
584	96
585	94
586	89
587	85
588	93
589	108
590	100
591	85
592	88
593	89
594	108
595	112
596	108
597	98
598	93
599	89
600	90
601	95
602	100
603	108
604	112
605	105
606	88
607	96
608	100
609	91
610	89
611	107
612	103
613	113
614	109
615	129
616	115
617	110
618	112
619	130
620	101
621	121
622	106
623	103
624	101
625	107
626	109
627	98
628	95
629	99
630	111
631	111
632	107
633	81
634	108
635	114
636	114
637	103
638	108
639	126
640	98
641	87
642	110
643	116
644	124
645	114
646	147
647	132
648	128
649	110
650	124
651	106
652	110
653	111
654	118
655	126
656	110
657	117
658	117
659	134
660	114
661	119
662	104
663	110
664	122
665	116
666	127
667	116
668	126
669	117
670	118
671	121
672	122
673	117
674	111
675	112
676	127
677	113
678	109
679	122
680	129
681	137
682	132
683	138
684	112
685	110
686	123
687	134
688	119
689	126
690	123
691	136
692	129
693	137
694	131
695	123
696	137
697	136
698	107
699	131
700	132
701	150
702	132
703	127
704	155
705	153
706	121
707	126
708	125
709	110
710	108
711	130
712	141
713	152
714	128
715	119
716	117
717	144
718	131
719	137
720	141
721	110
722	117
723	138
724	132
725	143
726	135
727	139
728	149
729	147
730	130
731	126
732	131
733	159
734	142
735	141
736	118
737	142
738	125
739	150
740	150
741	142
742	156
743	138
744	141
745	163
746	136
747	125
748	138
749	123
750	131
751	141
752	140
753	137
754	126
755	164
756	139
757	122
758	138
759	140
760	141
761	156
762	149
763	152
764	183
765	199
766	192
767	218
768	280
769	273
770	279
771	272
772	285
773	276
774	295
775	317
776	272
777	255
778	238
779	208
780	230
781	192
782	165
783	200
784	172
785	161
786	154
787	157
788	162
789	148
790	139
791	164
792	166
793	147
794	143
795	157
796	142
797	138
798	151
799	132
800	143
801	140
802	130
803	154
804	145
805	131
806	144
807	146
808	151
809	181
810	152
811	154
812	148
813	157
814	163
815	144
816	144
817	150
818	157
819	159
820	162
821	164
822	149
823	147
824	137
825	141
826	153
827	157
828	154
829	159
830	153
831	156
832	171
833	156
834	161
835	156
836	148
837	148
838	154
839	166
840	174
841	144
842	163
843	166
844	167
845	146
846	165
847	155
848	178
849	181
850	176
851	177
852	178
853	185
854	181
855	197
856	184
857	196
858	211
859	210
860	231
861	213
862	190
863	221
864	248
865	236
866	234
867	206
868	239
869	237
870	198
871	248
872	270
873	223
874	264
875	264
876	255
877	272
878	242
879	285
880	316
881	331
882	344
883	325
884	367
885	366
886	441
887	395
888	491
889	421
890	514
891	529
892	538
893	518
894	539
895	551
896	620
897	609
898	591
899	637
900	598
901	588
902	616
903	584
904	605
905	567
906	548
907	532
908	516
909	530
910	473
911	421
912	485
913	430
914	390
915	425
916	381
917	334
918	342
919	310
920	300
921	288
922	272
923	249
924	225
925	235
926	231
927	235
928	192
929	247
930	197
931	201
932	184
933	168
934	190
935	191
936	175
937	194
938	177
939	163
940	192
941	196
942	219
943	230
944	236
945	276
946	302
947	302
948	341
949	374
950	380
951	415
952	407
953	497
954	422
955	481
956	440
957	375
958	376
959	320
960	295
961	262
962	224
963	222
964	207
965	180
966	173
967	187
968	147
969	129
970	163
971	147
972	133
973	153
974	129
975	147
976	166
977	151
978	131
979	125
980	152
981	155
982	136
983	144
984	161
985	155
986	154
987	159
988	170
989	149
990	143
991	173
992	178
993	155
994	159
995	175
996	192
997	178
998	166
999	200
1000	194
1001	194
1002	182
1003	181
1004	200
1005	190
1006	158
1007	192
1008	173
1009	182
1010	187
1011	171
1012	173
1013	162
1014	159
1015	161
1016	164
1017	129
1018	132
1019	144
1020	143
1021	125
1022	140
1023	120
1024	123
