Date:	09/05/2018		Time:	10:53		Version no:	0.00		Project name:	55		Sample name:	222		Section name:	section		Position	212.600037	mm	E0	0.000000	keV	E1	1.000000	keV/channel	sample surface	5.980343	cm	Tube anode:	Mo		Tube voltage:	30	kV	Tube current:	50	mA	gain	10		std. database			resultfile	result		matrix element	11		sample thickness	1.000000		air passage	0.560000	cm	comments	in position		peaking_time	2.200000	m-sec	trigger_threshold	547.363281	V	mca_bin_width	22.090000	no:	number_mca_channels	1024.000000	no:	gap_time	0.150000	m-sec	trigger_peaking_time	0.200000	m-sec	GAINDAC	18610		HIGHGAIN	1		TAURC	1		RCTAU	1		RCTAUFRAC	1		livetime	9.377054	seconds	runtime	10.000488	seconds	input_count_rate	26633.845838	cps	output_count_rate	21437.353857	cps	triggers	249747	seconds	events_in_run	214384	seconds	channel	content		1	0
2	0
3	0
4	0
5	0
6	0
7	0
8	0
9	0
10	0
11	0
12	0
13	0
14	0
15	0
16	0
17	0
18	0
19	0
20	0
21	0
22	0
23	0
24	0
25	0
26	0
27	0
28	0
29	0
30	0
31	17
32	17
33	17
34	17
35	18
36	11
37	16
38	15
39	12
40	16
41	19
42	11
43	16
44	18
45	6
46	13
47	15
48	13
49	12
50	12
51	10
52	11
53	8
54	10
55	19
56	10
57	6
58	13
59	17
60	12
61	11
62	9
63	9
64	15
65	14
66	9
67	6
68	11
69	8
70	18
71	8
72	5
73	8
74	5
75	6
76	9
77	7
78	4
79	8
80	13
81	6
82	15
83	21
84	10
85	8
86	8
87	5
88	6
89	2
90	5
91	5
92	12
93	10
94	17
95	29
96	33
97	25
98	21
99	18
100	11
101	12
102	9
103	6
104	6
105	8
106	14
107	12
108	10
109	7
110	9
111	9
112	3
113	5
114	9
115	4
116	3
117	5
118	3
119	8
120	3
121	5
122	4
123	3
124	5
125	5
126	6
127	6
128	6
129	6
130	4
131	3
132	5
133	5
134	5
135	2
136	5
137	3
138	4
139	3
140	5
141	6
142	5
143	3
144	4
145	4
146	4
147	4
148	3
149	4
150	7
151	3
152	10
153	9
154	5
155	4
156	5
157	4
158	9
159	8
160	20
161	18
162	34
163	31
164	15
165	18
166	18
167	13
168	13
169	7
170	6
171	6
172	6
173	4
174	6
175	9
176	9
177	13
178	15
179	18
180	20
181	26
182	26
183	27
184	21
185	15
186	19
187	7
188	3
189	4
190	9
191	2
192	5
193	12
194	9
195	21
196	40
197	46
198	106
199	183
200	251
201	288
202	380
203	423
204	367
205	289
206	236
207	174
208	90
209	56
210	26
211	13
212	13
213	9
214	18
215	19
216	31
217	32
218	48
219	61
220	61
221	72
222	76
223	46
224	38
225	20
226	17
227	13
228	7
229	4
230	6
231	9
232	2
233	2
234	5
235	8
236	5
237	6
238	3
239	7
240	17
241	27
242	37
243	71
244	127
245	152
246	185
247	225
248	216
249	199
250	184
251	146
252	100
253	86
254	52
255	51
256	44
257	39
258	29
259	19
260	23
261	14
262	14
263	15
264	9
265	17
266	27
267	31
268	43
269	50
270	51
271	66
272	59
273	46
274	42
275	30
276	30
277	22
278	11
279	14
280	19
281	8
282	17
283	16
284	14
285	14
286	16
287	10
288	15
289	21
290	17
291	19
292	18
293	25
294	25
295	21
296	21
297	17
298	14
299	19
300	25
301	17
302	21
303	14
304	19
305	23
306	12
307	15
308	8
309	14
310	12
311	7
312	12
313	13
314	18
315	17
316	23
317	29
318	33
319	48
320	61
321	94
322	91
323	108
324	95
325	86
326	81
327	63
328	59
329	44
330	36
331	33
332	27
333	23
334	36
335	33
336	38
337	45
338	68
339	81
340	111
341	230
342	406
343	794
344	1344
345	2178
346	3387
347	4840
348	6319
349	7491
350	8520
351	8738
352	8269
353	7419
354	5774
355	4313
356	2891
357	1907
358	1183
359	583
360	316
361	170
362	87
363	60
364	58
365	42
366	48
367	43
368	39
369	43
370	52
371	51
372	60
373	52
374	65
375	72
376	107
377	126
378	155
379	241
380	375
381	501
382	716
383	941
384	1178
385	1329
386	1450
387	1439
388	1394
389	1270
390	967
391	727
392	482
393	336
394	214
395	137
396	68
397	56
398	34
399	32
400	38
401	42
402	29
403	33
404	25
405	33
406	33
407	38
408	61
409	38
410	43
411	33
412	49
413	35
414	33
415	35
416	41
417	38
418	36
419	36
420	35
421	23
422	44
423	31
424	40
425	38
426	51
427	39
428	44
429	39
430	34
431	42
432	51
433	49
434	50
435	58
436	61
437	49
438	65
439	77
440	94
441	91
442	89
443	75
444	84
445	62
446	78
447	85
448	53
449	65
450	73
451	71
452	61
453	60
454	72
455	79
456	92
457	89
458	99
459	77
460	119
461	107
462	99
463	80
464	74
465	70
466	83
467	67
468	82
469	69
470	56
471	86
472	74
473	65
474	71
475	74
476	67
477	56
478	64
479	65
480	57
481	53
482	54
483	68
484	46
485	69
486	64
487	62
488	56
489	76
490	56
491	65
492	66
493	56
494	61
495	55
496	57
497	84
498	74
499	80
500	79
501	79
502	76
503	81
504	86
505	83
506	89
507	94
508	96
509	88
510	95
511	92
512	85
513	91
514	88
515	87
516	97
517	94
518	79
519	90
520	80
521	99
522	109
523	89
524	98
525	108
526	108
527	99
528	107
529	114
530	104
531	105
532	94
533	100
534	90
535	82
536	91
537	86
538	97
539	87
540	105
541	100
542	105
543	85
544	104
545	99
546	98
547	113
548	76
549	81
550	93
551	99
552	83
553	87
554	79
555	75
556	78
557	87
558	86
559	76
560	84
561	86
562	90
563	65
564	79
565	91
566	96
567	99
568	96
569	92
570	102
571	96
572	84
573	103
574	76
575	87
576	94
577	94
578	81
579	76
580	95
581	95
582	88
583	91
584	90
585	93
586	89
587	105
588	105
589	73
590	92
591	114
592	99
593	92
594	84
595	115
596	116
597	80
598	105
599	86
600	99
601	117
602	90
603	103
604	90
605	98
606	122
607	101
608	111
609	104
610	119
611	101
612	121
613	98
614	102
615	111
616	113
617	117
618	106
619	99
620	118
621	115
622	108
623	114
624	110
625	102
626	95
627	113
628	110
629	114
630	106
631	93
632	101
633	111
634	113
635	119
636	102
637	98
638	99
639	114
640	112
641	124
642	103
643	94
644	110
645	117
646	131
647	111
648	118
649	151
650	125
651	119
652	111
653	127
654	119
655	116
656	104
657	118
658	128
659	104
660	119
661	112
662	118
663	123
664	114
665	91
666	109
667	124
668	112
669	112
670	123
671	105
672	114
673	111
674	123
675	110
676	109
677	136
678	120
679	131
680	114
681	129
682	124
683	127
684	119
685	144
686	140
687	129
688	116
689	110
690	126
691	116
692	151
693	148
694	126
695	125
696	143
697	149
698	122
699	146
700	130
701	125
702	141
703	153
704	115
705	136
706	122
707	118
708	126
709	128
710	134
711	120
712	107
713	140
714	143
715	144
716	110
717	137
718	138
719	130
720	138
721	141
722	126
723	124
724	135
725	147
726	141
727	159
728	139
729	131
730	130
731	163
732	143
733	124
734	122
735	152
736	135
737	135
738	129
739	154
740	149
741	131
742	141
743	141
744	151
745	113
746	118
747	141
748	159
749	132
750	134
751	122
752	135
753	139
754	130
755	125
756	137
757	152
758	156
759	167
760	171
761	168
762	161
763	153
764	167
765	200
766	180
767	214
768	239
769	258
770	264
771	254
772	303
773	292
774	279
775	304
776	296
777	284
778	210
779	248
780	215
781	176
782	183
783	152
784	162
785	137
786	163
787	147
788	142
789	149
790	153
791	142
792	143
793	135
794	130
795	154
796	130
797	126
798	167
799	152
800	144
801	136
802	133
803	135
804	170
805	140
806	163
807	137
808	178
809	164
810	151
811	167
812	142
813	161
814	170
815	159
816	165
817	137
818	154
819	155
820	153
821	184
822	173
823	150
824	152
825	150
826	168
827	155
828	181
829	158
830	174
831	170
832	155
833	143
834	145
835	155
836	161
837	148
838	141
839	164
840	155
841	171
842	175
843	164
844	146
845	161
846	154
847	156
848	167
849	169
850	159
851	175
852	190
853	191
854	186
855	180
856	172
857	198
858	213
859	218
860	237
861	210
862	247
863	194
864	240
865	210
866	263
867	214
868	231
869	228
870	273
871	218
872	194
873	202
874	249
875	233
876	247
877	260
878	284
879	292
880	281
881	303
882	312
883	316
884	376
885	389
886	382
887	365
888	426
889	437
890	419
891	498
892	493
893	509
894	545
895	556
896	578
897	549
898	580
899	627
900	595
901	614
902	596
903	580
904	555
905	601
906	546
907	557
908	479
909	461
910	446
911	450
912	422
913	413
914	393
915	386
916	371
917	350
918	307
919	310
920	256
921	286
922	283
923	266
924	245
925	224
926	205
927	213
928	212
929	194
930	204
931	178
932	176
933	168
934	171
935	207
936	182
937	173
938	155
939	155
940	194
941	210
942	212
943	238
944	252
945	261
946	240
947	344
948	331
949	384
950	373
951	423
952	470
953	451
954	440
955	424
956	416
957	424
958	364
959	317
960	321
961	257
962	263
963	234
964	204
965	165
966	179
967	148
968	154
969	137
970	150
971	134
972	123
973	129
974	145
975	123
976	147
977	146
978	157
979	141
980	127
981	140
982	148
983	140
984	144
985	133
986	144
987	160
988	132
989	163
990	174
991	176
992	162
993	178
994	184
995	193
996	174
997	181
998	180
999	170
1000	188
1001	161
1002	171
1003	184
1004	184
1005	181
1006	185
1007	178
1008	188
1009	183
1010	169
1011	183
1012	179
1013	173
1014	177
1015	157
1016	148
1017	143
1018	134
1019	142
1020	125
1021	138
1022	133
1023	129
1024	119
