Date:	09/05/2018		Time:	10:53		Version no:	0.00		Project name:	55		Sample name:	222		Section name:	section		Position	212.800034	mm	E0	0.000000	keV	E1	1.000000	keV/channel	sample surface	5.979662	cm	Tube anode:	Mo		Tube voltage:	30	kV	Tube current:	50	mA	gain	10		std. database			resultfile	result		matrix element	11		sample thickness	1.000000		air passage	0.560000	cm	comments	in position		peaking_time	2.200000	m-sec	trigger_threshold	547.363281	V	mca_bin_width	22.090000	no:	number_mca_channels	1024.000000	no:	gap_time	0.150000	m-sec	trigger_peaking_time	0.200000	m-sec	GAINDAC	18610		HIGHGAIN	1		TAURC	1		RCTAU	1		RCTAUFRAC	1		livetime	9.383670	seconds	runtime	10.000491	seconds	input_count_rate	26462.779426	cps	output_count_rate	21298.553815	cps	triggers	248318	seconds	events_in_run	212996	seconds	channel	content		1	0
2	0
3	0
4	0
5	0
6	0
7	0
8	0
9	0
10	0
11	0
12	0
13	0
14	0
15	0
16	0
17	0
18	0
19	0
20	0
21	0
22	0
23	0
24	0
25	0
26	0
27	0
28	0
29	0
30	0
31	16
32	14
33	9
34	20
35	16
36	12
37	12
38	12
39	12
40	14
41	12
42	19
43	14
44	21
45	16
46	16
47	10
48	20
49	15
50	14
51	13
52	7
53	12
54	14
55	16
56	6
57	12
58	14
59	12
60	11
61	8
62	16
63	11
64	15
65	11
66	9
67	11
68	7
69	6
70	12
71	9
72	10
73	12
74	11
75	10
76	7
77	6
78	5
79	13
80	9
81	9
82	12
83	11
84	10
85	11
86	6
87	6
88	10
89	8
90	8
91	4
92	4
93	10
94	19
95	21
96	22
97	26
98	23
99	25
100	11
101	16
102	9
103	12
104	12
105	6
106	11
107	15
108	10
109	9
110	7
111	7
112	7
113	4
114	5
115	9
116	5
117	6
118	3
119	5
120	6
121	4
122	2
123	7
124	6
125	6
126	8
127	7
128	7
129	9
130	4
131	2
132	4
133	5
134	6
135	3
136	1
137	3
138	4
139	4
140	2
141	2
142	4
143	3
144	2
145	3
146	6
147	7
148	3
149	3
150	3
151	7
152	7
153	4
154	6
155	4
156	7
157	4
158	14
159	14
160	11
161	27
162	25
163	31
164	17
165	21
166	18
167	15
168	6
169	5
170	4
171	1
172	9
173	5
174	7
175	8
176	10
177	8
178	11
179	18
180	23
181	26
182	26
183	30
184	32
185	21
186	14
187	10
188	5
189	4
190	5
191	2
192	3
193	6
194	12
195	19
196	36
197	58
198	98
199	171
200	228
201	323
202	406
203	403
204	350
205	328
206	238
207	159
208	95
209	45
210	23
211	20
212	8
213	9
214	15
215	24
216	24
217	45
218	62
219	58
220	68
221	60
222	58
223	51
224	35
225	22
226	14
227	9
228	7
229	4
230	4
231	5
232	3
233	3
234	2
235	6
236	4
237	4
238	4
239	14
240	16
241	23
242	36
243	54
244	112
245	139
246	185
247	234
248	227
249	200
250	139
251	131
252	107
253	77
254	61
255	57
256	48
257	28
258	34
259	26
260	16
261	19
262	13
263	13
264	10
265	19
266	26
267	38
268	34
269	58
270	51
271	56
272	64
273	40
274	46
275	31
276	18
277	16
278	15
279	8
280	14
281	14
282	10
283	8
284	20
285	13
286	10
287	13
288	15
289	21
290	13
291	27
292	27
293	21
294	24
295	14
296	22
297	21
298	24
299	17
300	9
301	20
302	21
303	15
304	10
305	10
306	13
307	17
308	17
309	11
310	16
311	20
312	11
313	19
314	21
315	17
316	21
317	30
318	35
319	55
320	75
321	90
322	117
323	117
324	106
325	97
326	87
327	69
328	61
329	44
330	48
331	25
332	42
333	28
334	23
335	29
336	32
337	48
338	52
339	80
340	98
341	163
342	427
343	773
344	1304
345	2218
346	3400
347	4829
348	6291
349	7550
350	8643
351	8795
352	8081
353	7311
354	5844
355	4349
356	2882
357	1844
358	1089
359	655
360	326
361	184
362	107
363	63
364	43
365	35
366	38
367	44
368	32
369	50
370	48
371	56
372	76
373	60
374	61
375	80
376	80
377	111
378	172
379	227
380	303
381	463
382	722
383	925
384	1200
385	1325
386	1420
387	1440
388	1398
389	1191
390	985
391	693
392	494
393	366
394	225
395	131
396	72
397	51
398	36
399	36
400	27
401	31
402	24
403	31
404	28
405	44
406	50
407	38
408	30
409	37
410	37
411	44
412	51
413	43
414	50
415	31
416	31
417	34
418	29
419	43
420	37
421	44
422	42
423	32
424	39
425	25
426	43
427	36
428	35
429	47
430	33
431	41
432	43
433	53
434	67
435	57
436	52
437	55
438	57
439	71
440	87
441	97
442	83
443	81
444	78
445	64
446	88
447	61
448	67
449	67
450	54
451	67
452	68
453	73
454	56
455	85
456	72
457	83
458	83
459	99
460	112
461	82
462	81
463	75
464	73
465	60
466	68
467	64
468	80
469	71
470	61
471	70
472	84
473	71
474	72
475	76
476	64
477	58
478	63
479	65
480	53
481	52
482	51
483	45
484	54
485	55
486	79
487	64
488	62
489	70
490	66
491	58
492	59
493	84
494	59
495	61
496	72
497	67
498	74
499	75
500	58
501	59
502	75
503	72
504	75
505	79
506	77
507	71
508	87
509	103
510	83
511	88
512	104
513	87
514	66
515	99
516	85
517	97
518	86
519	70
520	90
521	109
522	82
523	96
524	118
525	105
526	115
527	87
528	115
529	99
530	100
531	107
532	90
533	103
534	101
535	87
536	83
537	90
538	91
539	95
540	89
541	66
542	90
543	103
544	80
545	89
546	73
547	77
548	101
549	76
550	94
551	71
552	100
553	80
554	69
555	77
556	93
557	84
558	96
559	94
560	92
561	84
562	92
563	89
564	97
565	62
566	90
567	88
568	92
569	75
570	90
571	92
572	88
573	112
574	90
575	93
576	96
577	93
578	86
579	94
580	89
581	97
582	108
583	90
584	97
585	81
586	108
587	101
588	87
589	98
590	101
591	99
592	114
593	89
594	99
595	111
596	107
597	93
598	108
599	109
600	99
601	106
602	109
603	102
604	96
605	110
606	96
607	100
608	93
609	86
610	108
611	101
612	116
613	112
614	112
615	86
616	108
617	133
618	108
619	118
620	133
621	116
622	114
623	90
624	102
625	106
626	111
627	100
628	110
629	106
630	97
631	117
632	108
633	115
634	105
635	119
636	112
637	98
638	115
639	106
640	119
641	124
642	113
643	113
644	118
645	113
646	118
647	124
648	110
649	114
650	129
651	126
652	104
653	104
654	131
655	127
656	110
657	101
658	126
659	131
660	102
661	100
662	119
663	129
664	118
665	121
666	124
667	121
668	117
669	118
670	115
671	136
672	101
673	116
674	139
675	113
676	114
677	127
678	124
679	117
680	116
681	103
682	110
683	106
684	109
685	109
686	118
687	105
688	119
689	124
690	113
691	124
692	125
693	113
694	125
695	127
696	147
697	127
698	118
699	123
700	133
701	139
702	124
703	131
704	133
705	118
706	133
707	133
708	148
709	148
710	142
711	137
712	130
713	135
714	120
715	143
716	138
717	116
718	109
719	121
720	123
721	127
722	150
723	138
724	146
725	146
726	139
727	144
728	117
729	149
730	168
731	144
732	145
733	141
734	120
735	153
736	141
737	158
738	130
739	156
740	113
741	123
742	152
743	151
744	135
745	138
746	149
747	143
748	154
749	133
750	149
751	151
752	150
753	134
754	139
755	127
756	139
757	132
758	145
759	143
760	133
761	138
762	148
763	158
764	136
765	192
766	191
767	205
768	249
769	242
770	272
771	292
772	301
773	314
774	305
775	279
776	268
777	296
778	227
779	240
780	201
781	198
782	170
783	139
784	173
785	172
786	139
787	161
788	148
789	165
790	127
791	141
792	124
793	135
794	140
795	135
796	144
797	133
798	136
799	153
800	143
801	169
802	141
803	156
804	147
805	157
806	170
807	141
808	117
809	131
810	137
811	149
812	153
813	158
814	165
815	164
816	146
817	165
818	164
819	143
820	154
821	131
822	158
823	149
824	175
825	171
826	170
827	136
828	152
829	158
830	164
831	139
832	127
833	145
834	168
835	167
836	158
837	170
838	183
839	160
840	141
841	161
842	165
843	171
844	181
845	188
846	155
847	168
848	137
849	162
850	165
851	159
852	182
853	177
854	190
855	161
856	199
857	201
858	191
859	196
860	199
861	205
862	209
863	207
864	209
865	211
866	226
867	205
868	210
869	236
870	240
871	214
872	231
873	225
874	246
875	243
876	249
877	256
878	230
879	271
880	274
881	325
882	303
883	342
884	373
885	369
886	382
887	425
888	438
889	480
890	470
891	499
892	482
893	547
894	571
895	552
896	613
897	562
898	577
899	565
900	590
901	610
902	634
903	586
904	567
905	562
906	546
907	566
908	508
909	496
910	461
911	472
912	432
913	403
914	415
915	387
916	333
917	352
918	345
919	325
920	294
921	298
922	266
923	249
924	218
925	203
926	210
927	203
928	207
929	206
930	175
931	197
932	187
933	166
934	178
935	182
936	161
937	171
938	153
939	185
940	170
941	199
942	204
943	219
944	213
945	260
946	313
947	290
948	339
949	357
950	379
951	395
952	395
953	417
954	416
955	447
956	385
957	401
958	377
959	316
960	295
961	261
962	240
963	209
964	205
965	172
966	157
967	136
968	161
969	139
970	139
971	141
972	115
973	129
974	123
975	138
976	144
977	126
978	117
979	134
980	122
981	118
982	128
983	139
984	165
985	161
986	145
987	166
988	148
989	147
990	157
991	163
992	154
993	179
994	186
995	178
996	203
997	169
998	201
999	189
1000	177
1001	179
1002	189
1003	209
1004	165
1005	166
1006	182
1007	176
1008	173
1009	175
1010	184
1011	165
1012	164
1013	167
1014	183
1015	175
1016	148
1017	152
1018	151
1019	134
1020	132
1021	124
1022	143
1023	128
1024	130
