Date:	09/05/2018		Time:	12:12		Version no:	0.00		Project name:	55		Sample name:	222		Section name:	section		Position	295.000031	mm	E0	0.000000	keV	E1	1.000000	keV/channel	sample surface	6.110554	cm	Tube anode:	Mo		Tube voltage:	30	kV	Tube current:	50	mA	gain	10		std. database			resultfile	result		matrix element	11		sample thickness	1.000000		air passage	0.560000	cm	comments	in position		peaking_time	2.200000	m-sec	trigger_threshold	547.363281	V	mca_bin_width	22.090000	no:	number_mca_channels	1024.000000	no:	gap_time	0.150000	m-sec	trigger_peaking_time	0.200000	m-sec	GAINDAC	18610		HIGHGAIN	1		TAURC	1		RCTAU	1		RCTAUFRAC	1		livetime	9.457059	seconds	runtime	10.000495	seconds	input_count_rate	23685.692905	cps	output_count_rate	19478.535423	cps	triggers	223997	seconds	events_in_run	194795	seconds	channel	content		1	0
2	0
3	0
4	0
5	0
6	0
7	0
8	0
9	0
10	0
11	0
12	0
13	0
14	0
15	0
16	0
17	0
18	0
19	0
20	0
21	0
22	0
23	0
24	0
25	0
26	0
27	0
28	0
29	0
30	0
31	19
32	14
33	22
34	9
35	7
36	10
37	12
38	10
39	15
40	14
41	13
42	19
43	19
44	15
45	8
46	14
47	10
48	13
49	7
50	16
51	7
52	8
53	10
54	12
55	8
56	8
57	9
58	11
59	7
60	14
61	11
62	12
63	8
64	3
65	10
66	9
67	8
68	8
69	10
70	6
71	8
72	3
73	6
74	6
75	7
76	7
77	7
78	8
79	8
80	4
81	9
82	9
83	7
84	13
85	11
86	6
87	4
88	8
89	7
90	5
91	4
92	13
93	15
94	13
95	18
96	11
97	22
98	20
99	8
100	9
101	10
102	5
103	6
104	9
105	12
106	7
107	9
108	13
109	11
110	15
111	6
112	6
113	10
114	5
115	5
116	2
117	4
118	3
119	3
120	6
121	5
122	4
123	2
124	4
125	4
126	4
127	7
128	7
129	7
130	4
131	5
132	2
133	4
134	5
135	4
136	3
137	4
138	3
139	5
140	3
141	6
142	1
143	7
144	6
145	7
146	6
147	5
148	2
149	8
150	5
151	4
152	9
153	6
154	2
155	5
156	5
157	2
158	14
159	14
160	27
161	20
162	30
163	38
164	27
165	23
166	12
167	11
168	5
169	10
170	3
171	5
172	4
173	2
174	2
175	11
176	14
177	7
178	13
179	18
180	25
181	25
182	23
183	24
184	20
185	18
186	11
187	7
188	8
189	6
190	8
191	8
192	7
193	7
194	13
195	20
196	40
197	63
198	106
199	189
200	256
201	388
202	362
203	438
204	380
205	341
206	268
207	150
208	112
209	52
210	24
211	23
212	8
213	15
214	9
215	12
216	31
217	43
218	59
219	65
220	75
221	56
222	60
223	59
224	47
225	38
226	26
227	17
228	13
229	4
230	5
231	2
232	5
233	3
234	4
235	4
236	3
237	3
238	5
239	11
240	14
241	29
242	57
243	73
244	117
245	151
246	192
247	231
248	241
249	225
250	177
251	116
252	123
253	99
254	51
255	58
256	44
257	35
258	29
259	25
260	23
261	19
262	10
263	13
264	18
265	15
266	20
267	33
268	33
269	47
270	64
271	62
272	56
273	40
274	44
275	34
276	14
277	25
278	12
279	11
280	11
281	7
282	6
283	11
284	11
285	7
286	13
287	8
288	17
289	9
290	11
291	16
292	17
293	21
294	14
295	16
296	22
297	15
298	13
299	16
300	21
301	20
302	13
303	10
304	14
305	12
306	8
307	13
308	12
309	8
310	17
311	19
312	15
313	10
314	21
315	19
316	31
317	34
318	45
319	64
320	66
321	94
322	124
323	115
324	124
325	111
326	92
327	83
328	52
329	55
330	40
331	39
332	25
333	30
334	30
335	30
336	35
337	44
338	56
339	78
340	106
341	217
342	398
343	703
344	1277
345	2114
346	3310
347	4739
348	6006
349	7409
350	8107
351	8551
352	7992
353	7059
354	5625
355	4265
356	2898
357	1859
358	1123
359	630
360	362
361	160
362	91
363	50
364	53
365	23
366	50
367	46
368	41
369	39
370	39
371	33
372	51
373	57
374	73
375	66
376	85
377	89
378	143
379	234
380	350
381	493
382	639
383	889
384	1098
385	1337
386	1437
387	1435
388	1335
389	1118
390	962
391	671
392	520
393	356
394	203
395	111
396	69
397	51
398	43
399	32
400	24
401	17
402	19
403	27
404	36
405	30
406	24
407	37
408	32
409	22
410	34
411	24
412	29
413	34
414	35
415	34
416	31
417	32
418	29
419	39
420	24
421	24
422	23
423	23
424	26
425	26
426	26
427	28
428	36
429	36
430	35
431	28
432	30
433	31
434	38
435	38
436	53
437	58
438	47
439	61
440	44
441	60
442	56
443	47
444	52
445	58
446	61
447	59
448	56
449	57
450	45
451	51
452	60
453	66
454	56
455	56
456	75
457	69
458	76
459	64
460	66
461	72
462	68
463	76
464	58
465	55
466	63
467	56
468	58
469	47
470	72
471	56
472	53
473	70
474	63
475	51
476	55
477	49
478	44
479	48
480	42
481	42
482	53
483	56
484	54
485	52
486	48
487	60
488	60
489	49
490	48
491	43
492	49
493	44
494	47
495	50
496	50
497	42
498	56
499	46
500	70
501	76
502	75
503	64
504	72
505	63
506	69
507	64
508	62
509	57
510	60
511	72
512	76
513	66
514	77
515	72
516	66
517	80
518	62
519	73
520	67
521	82
522	73
523	70
524	95
525	88
526	73
527	88
528	89
529	90
530	80
531	101
532	99
533	76
534	80
535	65
536	78
537	72
538	60
539	58
540	68
541	71
542	65
543	71
544	91
545	70
546	71
547	75
548	63
549	72
550	72
551	60
552	82
553	85
554	66
555	70
556	55
557	91
558	71
559	69
560	75
561	68
562	72
563	65
564	71
565	79
566	67
567	76
568	61
569	61
570	68
571	70
572	63
573	89
574	73
575	78
576	70
577	75
578	76
579	66
580	74
581	97
582	86
583	70
584	81
585	70
586	69
587	87
588	72
589	77
590	81
591	82
592	84
593	63
594	86
595	73
596	88
597	82
598	76
599	88
600	75
601	106
602	88
603	81
604	80
605	80
606	85
607	78
608	82
609	73
610	89
611	83
612	102
613	87
614	84
615	77
616	74
617	89
618	98
619	92
620	105
621	89
622	80
623	84
624	92
625	90
626	83
627	83
628	88
629	103
630	89
631	94
632	77
633	77
634	88
635	76
636	96
637	104
638	114
639	95
640	86
641	78
642	88
643	102
644	89
645	92
646	90
647	110
648	100
649	109
650	97
651	94
652	106
653	110
654	98
655	80
656	86
657	90
658	95
659	73
660	109
661	93
662	83
663	111
664	114
665	89
666	100
667	79
668	99
669	101
670	94
671	95
672	105
673	99
674	94
675	108
676	83
677	98
678	122
679	86
680	112
681	108
682	99
683	112
684	102
685	101
686	102
687	101
688	105
689	109
690	99
691	102
692	112
693	124
694	117
695	139
696	97
697	105
698	131
699	114
700	117
701	96
702	106
703	100
704	118
705	115
706	115
707	104
708	120
709	100
710	104
711	117
712	120
713	113
714	129
715	132
716	128
717	127
718	93
719	129
720	99
721	122
722	110
723	108
724	104
725	103
726	122
727	115
728	118
729	109
730	118
731	145
732	131
733	118
734	108
735	124
736	140
737	126
738	122
739	136
740	123
741	118
742	127
743	109
744	134
745	129
746	118
747	106
748	112
749	128
750	105
751	123
752	134
753	138
754	111
755	118
756	126
757	121
758	126
759	127
760	126
761	140
762	147
763	150
764	142
765	154
766	187
767	204
768	206
769	215
770	220
771	265
772	272
773	267
774	277
775	301
776	266
777	214
778	225
779	204
780	184
781	178
782	201
783	164
784	141
785	137
786	134
787	137
788	143
789	134
790	110
791	127
792	120
793	123
794	136
795	119
796	126
797	106
798	131
799	130
800	131
801	100
802	123
803	127
804	141
805	134
806	122
807	138
808	125
809	112
810	117
811	108
812	118
813	116
814	141
815	151
816	152
817	157
818	129
819	118
820	158
821	128
822	126
823	138
824	132
825	136
826	128
827	124
828	108
829	121
830	113
831	133
832	144
833	137
834	123
835	132
836	130
837	147
838	128
839	143
840	130
841	142
842	116
843	127
844	129
845	141
846	144
847	150
848	166
849	148
850	145
851	154
852	168
853	155
854	161
855	166
856	176
857	154
858	172
859	183
860	180
861	212
862	188
863	197
864	182
865	208
866	218
867	212
868	191
869	207
870	207
871	199
872	188
873	211
874	199
875	199
876	192
877	194
878	253
879	220
880	238
881	286
882	294
883	269
884	276
885	321
886	333
887	327
888	379
889	363
890	413
891	352
892	419
893	415
894	461
895	462
896	498
897	497
898	499
899	502
900	466
901	506
902	476
903	527
904	473
905	467
906	449
907	468
908	425
909	427
910	414
911	372
912	366
913	349
914	323
915	320
916	299
917	312
918	281
919	254
920	224
921	267
922	218
923	198
924	227
925	202
926	199
927	199
928	200
929	172
930	172
931	173
932	154
933	181
934	168
935	156
936	150
937	143
938	148
939	138
940	164
941	176
942	170
943	192
944	231
945	259
946	227
947	245
948	297
949	330
950	367
951	364
952	380
953	373
954	417
955	423
956	357
957	353
958	321
959	319
960	281
961	248
962	204
963	198
964	145
965	138
966	160
967	134
968	124
969	125
970	111
971	108
972	115
973	112
974	102
975	109
976	113
977	137
978	105
979	131
980	125
981	131
982	119
983	132
984	119
985	116
986	150
987	142
988	125
989	134
990	124
991	134
992	135
993	146
994	142
995	180
996	155
997	153
998	158
999	159
1000	162
1001	160
1002	159
1003	154
1004	162
1005	162
1006	148
1007	152
1008	161
1009	156
1010	165
1011	150
1012	133
1013	140
1014	143
1015	126
1016	139
1017	114
1018	125
1019	133
1020	125
1021	135
1022	104
1023	111
1024	100
