Date:	09/05/2018		Time:	09:45		Version no:	0.00		Project name:	55		Sample name:	222		Section name:	section		Position	140.600037	mm	E0	0.000000	keV	E1	1.000000	keV/channel	sample surface	6.446978	cm	Tube anode:	Mo		Tube voltage:	30	kV	Tube current:	50	mA	gain	10		std. database			resultfile	result		matrix element	11		sample thickness	1.000000		air passage	0.560000	cm	comments	in position		peaking_time	2.200000	m-sec	trigger_threshold	547.363281	V	mca_bin_width	22.090000	no:	number_mca_channels	1024.000000	no:	gap_time	0.150000	m-sec	trigger_peaking_time	0.200000	m-sec	GAINDAC	18610		HIGHGAIN	1		TAURC	1		RCTAU	1		RCTAUFRAC	1		livetime	9.416916	seconds	runtime	10.000492	seconds	input_count_rate	25843.811286	cps	output_count_rate	20956.768927	cps	triggers	243369	seconds	events_in_run	209578	seconds	channel	content		1	0
2	0
3	0
4	0
5	0
6	0
7	0
8	0
9	0
10	0
11	0
12	0
13	0
14	0
15	0
16	0
17	0
18	0
19	0
20	0
21	0
22	0
23	0
24	0
25	0
26	0
27	0
28	0
29	0
30	0
31	11
32	17
33	16
34	12
35	11
36	12
37	15
38	13
39	11
40	8
41	10
42	11
43	10
44	11
45	16
46	16
47	15
48	12
49	11
50	16
51	13
52	10
53	17
54	11
55	13
56	13
57	13
58	10
59	12
60	7
61	13
62	11
63	5
64	13
65	10
66	9
67	5
68	9
69	11
70	8
71	3
72	5
73	11
74	3
75	7
76	4
77	5
78	14
79	7
80	8
81	21
82	14
83	12
84	11
85	6
86	3
87	7
88	3
89	5
90	3
91	5
92	12
93	7
94	16
95	26
96	18
97	15
98	11
99	13
100	10
101	6
102	8
103	6
104	7
105	2
106	7
107	11
108	14
109	6
110	4
111	8
112	5
113	6
114	1
115	5
116	4
117	2
118	3
119	5
120	4
121	8
122	5
123	7
124	3
125	5
126	8
127	7
128	4
129	5
130	3
131	2
132	2
133	7
134	2
135	2
136	4
137	4
138	5
139	4
140	1
141	1
142	3
143	4
144	3
145	2
146	2
147	3
148	4
149	2
150	2
151	4
152	6
153	1
154	5
155	3
156	10
157	8
158	9
159	8
160	19
161	17
162	28
163	33
164	18
165	19
166	18
167	10
168	7
169	5
170	5
171	2
172	3
173	5
174	5
175	4
176	8
177	9
178	5
179	12
180	17
181	15
182	22
183	15
184	26
185	9
186	12
187	5
188	10
189	5
190	3
191	3
192	8
193	9
194	8
195	10
196	30
197	53
198	95
199	136
200	228
201	300
202	360
203	372
204	307
205	256
206	218
207	132
208	67
209	41
210	28
211	12
212	11
213	9
214	11
215	14
216	26
217	27
218	48
219	57
220	64
221	62
222	55
223	49
224	29
225	14
226	14
227	8
228	8
229	5
230	8
231	2
232	7
233	4
234	5
235	7
236	5
237	6
238	7
239	11
240	23
241	22
242	55
243	69
244	93
245	160
246	168
247	219
248	187
249	193
250	158
251	134
252	87
253	83
254	47
255	49
256	45
257	38
258	36
259	29
260	21
261	16
262	16
263	11
264	11
265	18
266	25
267	35
268	49
269	43
270	47
271	49
272	52
273	48
274	45
275	27
276	26
277	28
278	15
279	13
280	14
281	13
282	11
283	16
284	14
285	11
286	12
287	5
288	10
289	13
290	20
291	20
292	16
293	17
294	16
295	21
296	16
297	25
298	17
299	15
300	14
301	14
302	23
303	16
304	9
305	10
306	9
307	20
308	9
309	16
310	14
311	16
312	11
313	18
314	19
315	27
316	49
317	59
318	71
319	139
320	152
321	176
322	238
323	235
324	258
325	200
326	174
327	142
328	111
329	67
330	65
331	39
332	32
333	27
334	32
335	47
336	35
337	54
338	53
339	94
340	128
341	273
342	475
343	834
344	1485
345	2397
346	3861
347	5402
348	7046
349	8447
350	9623
351	9797
352	9189
353	7978
354	6309
355	4785
356	3250
357	2127
358	1195
359	678
360	352
361	195
362	88
363	69
364	57
365	46
366	39
367	42
368	40
369	43
370	53
371	59
372	52
373	51
374	57
375	80
376	102
377	112
378	192
379	272
380	373
381	555
382	789
383	1068
384	1272
385	1507
386	1614
387	1616
388	1499
389	1303
390	1080
391	855
392	559
393	325
394	239
395	136
396	90
397	74
398	34
399	41
400	29
401	43
402	28
403	37
404	33
405	23
406	25
407	29
408	22
409	35
410	34
411	42
412	30
413	37
414	34
415	38
416	35
417	26
418	21
419	30
420	28
421	21
422	30
423	34
424	27
425	35
426	37
427	28
428	33
429	28
430	20
431	35
432	33
433	53
434	39
435	42
436	52
437	67
438	44
439	51
440	55
441	61
442	50
443	62
444	60
445	62
446	38
447	53
448	57
449	48
450	65
451	61
452	58
453	64
454	50
455	63
456	66
457	71
458	84
459	90
460	66
461	73
462	87
463	76
464	71
465	45
466	54
467	47
468	55
469	55
470	53
471	43
472	46
473	52
474	63
475	75
476	44
477	58
478	64
479	46
480	46
481	62
482	48
483	45
484	53
485	66
486	50
487	51
488	51
489	45
490	53
491	62
492	45
493	55
494	53
495	56
496	61
497	61
498	52
499	67
500	58
501	38
502	66
503	65
504	65
505	73
506	69
507	75
508	84
509	71
510	67
511	59
512	74
513	72
514	70
515	69
516	91
517	79
518	72
519	74
520	74
521	86
522	91
523	89
524	94
525	86
526	88
527	82
528	96
529	93
530	99
531	91
532	86
533	81
534	90
535	79
536	78
537	71
538	62
539	82
540	75
541	73
542	81
543	74
544	87
545	85
546	74
547	96
548	77
549	77
550	75
551	83
552	77
553	66
554	68
555	82
556	62
557	60
558	68
559	74
560	77
561	75
562	93
563	84
564	78
565	71
566	80
567	75
568	64
569	96
570	71
571	71
572	85
573	86
574	75
575	72
576	80
577	76
578	71
579	67
580	80
581	71
582	71
583	93
584	86
585	80
586	92
587	87
588	92
589	99
590	92
591	77
592	78
593	72
594	78
595	79
596	82
597	85
598	89
599	84
600	83
601	70
602	98
603	95
604	91
605	82
606	102
607	92
608	95
609	89
610	80
611	110
612	81
613	90
614	86
615	70
616	87
617	99
618	104
619	103
620	85
621	83
622	92
623	98
624	84
625	90
626	100
627	112
628	81
629	87
630	92
631	108
632	106
633	100
634	91
635	80
636	89
637	103
638	94
639	115
640	110
641	84
642	91
643	84
644	100
645	100
646	113
647	113
648	103
649	98
650	106
651	94
652	95
653	111
654	110
655	119
656	109
657	118
658	96
659	115
660	101
661	101
662	100
663	95
664	96
665	90
666	100
667	89
668	112
669	102
670	95
671	103
672	106
673	110
674	92
675	101
676	99
677	107
678	99
679	88
680	104
681	122
682	96
683	105
684	120
685	120
686	110
687	121
688	111
689	109
690	94
691	110
692	128
693	114
694	117
695	124
696	120
697	115
698	107
699	127
700	120
701	128
702	126
703	126
704	119
705	145
706	113
707	105
708	136
709	109
710	123
711	123
712	113
713	131
714	112
715	93
716	117
717	118
718	107
719	118
720	118
721	104
722	108
723	107
724	121
725	121
726	128
727	104
728	114
729	106
730	122
731	124
732	125
733	124
734	130
735	116
736	116
737	101
738	125
739	132
740	122
741	123
742	116
743	133
744	124
745	116
746	129
747	116
748	122
749	120
750	120
751	114
752	123
753	135
754	126
755	120
756	119
757	119
758	125
759	131
760	128
761	134
762	112
763	147
764	152
765	129
766	172
767	189
768	173
769	222
770	210
771	240
772	235
773	263
774	247
775	222
776	217
777	223
778	201
779	171
780	195
781	176
782	149
783	135
784	109
785	132
786	119
787	141
788	141
789	117
790	121
791	104
792	140
793	126
794	142
795	143
796	133
797	129
798	132
799	128
800	119
801	126
802	134
803	109
804	163
805	133
806	118
807	138
808	126
809	121
810	129
811	93
812	133
813	127
814	150
815	139
816	124
817	141
818	146
819	120
820	136
821	142
822	125
823	152
824	126
825	137
826	130
827	140
828	117
829	125
830	131
831	138
832	125
833	137
834	136
835	128
836	118
837	109
838	153
839	136
840	133
841	136
842	155
843	123
844	129
845	147
846	139
847	154
848	125
849	142
850	160
851	150
852	164
853	159
854	157
855	159
856	156
857	159
858	177
859	173
860	188
861	183
862	189
863	215
864	193
865	201
866	196
867	203
868	204
869	206
870	209
871	212
872	197
873	218
874	205
875	224
876	194
877	219
878	228
879	233
880	252
881	254
882	277
883	272
884	295
885	307
886	335
887	367
888	389
889	437
890	386
891	449
892	438
893	464
894	460
895	517
896	522
897	469
898	535
899	512
900	506
901	470
902	531
903	462
904	511
905	491
906	473
907	444
908	422
909	463
910	421
911	397
912	403
913	376
914	361
915	321
916	302
917	303
918	263
919	291
920	253
921	236
922	216
923	206
924	195
925	203
926	190
927	162
928	159
929	151
930	157
931	179
932	166
933	152
934	159
935	168
936	141
937	152
938	162
939	179
940	161
941	174
942	197
943	186
944	198
945	213
946	277
947	298
948	283
949	324
950	301
951	385
952	389
953	386
954	420
955	380
956	366
957	335
958	344
959	283
960	246
961	260
962	223
963	206
964	179
965	144
966	136
967	124
968	112
969	132
970	126
971	117
972	124
973	121
974	109
975	137
976	106
977	114
978	126
979	122
980	139
981	127
982	142
983	128
984	118
985	138
986	134
987	128
988	155
989	127
990	152
991	140
992	157
993	140
994	155
995	157
996	169
997	151
998	162
999	155
1000	160
1001	148
1002	158
1003	156
1004	184
1005	164
1006	141
1007	140
1008	163
1009	174
1010	130
1011	153
1012	151
1013	137
1014	152
1015	125
1016	132
1017	150
1018	127
1019	128
1020	114
1021	115
1022	125
1023	112
1024	109
