Date:	09/05/2018		Time:	10:52		Version no:	0.00		Project name:	55		Sample name:	222		Section name:	section		Position	211.600037	mm	E0	0.000000	keV	E1	1.000000	keV/channel	sample surface	5.983910	cm	Tube anode:	Mo		Tube voltage:	30	kV	Tube current:	50	mA	gain	10		std. database			resultfile	result		matrix element	11		sample thickness	1.000000		air passage	0.560000	cm	comments	in position		peaking_time	2.200000	m-sec	trigger_threshold	547.363281	V	mca_bin_width	22.090000	no:	number_mca_channels	1024.000000	no:	gap_time	0.150000	m-sec	trigger_peaking_time	0.200000	m-sec	GAINDAC	18610		HIGHGAIN	1		TAURC	1		RCTAU	1		RCTAUFRAC	1		livetime	9.397470	seconds	runtime	10.000492	seconds	input_count_rate	25652.862979	cps	output_count_rate	20733.379918	cps	triggers	241072	seconds	events_in_run	207344	seconds	channel	content		1	0
2	0
3	0
4	0
5	0
6	0
7	0
8	0
9	0
10	0
11	0
12	0
13	0
14	0
15	0
16	0
17	0
18	0
19	0
20	0
21	0
22	0
23	0
24	0
25	0
26	0
27	0
28	0
29	0
30	0
31	21
32	9
33	18
34	10
35	24
36	14
37	16
38	18
39	17
40	18
41	22
42	23
43	15
44	14
45	16
46	15
47	12
48	17
49	17
50	11
51	18
52	16
53	8
54	13
55	5
56	11
57	8
58	13
59	10
60	9
61	9
62	19
63	13
64	11
65	15
66	8
67	8
68	15
69	11
70	8
71	12
72	12
73	6
74	3
75	14
76	12
77	10
78	7
79	10
80	5
81	8
82	10
83	13
84	13
85	13
86	4
87	7
88	10
89	4
90	8
91	10
92	13
93	10
94	15
95	19
96	29
97	18
98	19
99	15
100	13
101	5
102	8
103	7
104	8
105	7
106	10
107	11
108	12
109	8
110	11
111	2
112	4
113	5
114	6
115	5
116	6
117	1
118	6
119	9
120	4
121	5
122	6
123	8
124	7
125	8
126	6
127	11
128	4
129	9
130	3
131	7
132	2
133	7
134	5
135	3
136	3
137	6
138	4
139	7
140	3
141	3
142	4
143	7
144	4
145	3
146	1
147	6
148	2
149	4
150	8
151	4
152	6
153	5
154	4
155	6
156	7
157	3
158	5
159	12
160	24
161	16
162	20
163	29
164	23
165	21
166	7
167	16
168	10
169	2
170	5
171	4
172	3
173	7
174	5
175	4
176	5
177	4
178	9
179	12
180	22
181	28
182	24
183	22
184	27
185	19
186	10
187	11
188	5
189	7
190	4
191	4
192	5
193	6
194	15
195	14
196	29
197	73
198	96
199	137
200	204
201	278
202	355
203	360
204	378
205	296
206	215
207	173
208	84
209	50
210	22
211	14
212	9
213	10
214	18
215	22
216	31
217	29
218	41
219	61
220	53
221	64
222	58
223	60
224	35
225	21
226	19
227	7
228	2
229	9
230	6
231	4
232	3
233	4
234	2
235	9
236	4
237	5
238	9
239	9
240	17
241	31
242	37
243	86
244	116
245	148
246	215
247	191
248	218
249	185
250	155
251	112
252	122
253	78
254	56
255	42
256	32
257	33
258	22
259	17
260	16
261	17
262	6
263	12
264	14
265	21
266	29
267	24
268	30
269	53
270	70
271	49
272	56
273	52
274	42
275	42
276	26
277	16
278	17
279	20
280	11
281	9
282	9
283	12
284	10
285	19
286	12
287	14
288	16
289	17
290	16
291	22
292	18
293	12
294	20
295	26
296	18
297	18
298	22
299	11
300	22
301	26
302	18
303	18
304	13
305	13
306	12
307	9
308	9
309	18
310	17
311	17
312	15
313	15
314	20
315	16
316	21
317	37
318	34
319	49
320	65
321	67
322	96
323	98
324	95
325	100
326	68
327	59
328	57
329	50
330	30
331	35
332	28
333	29
334	27
335	19
336	43
337	34
338	59
339	74
340	121
341	199
342	372
343	713
344	1172
345	2120
346	3183
347	4612
348	5918
349	7266
350	7989
351	8284
352	7791
353	6933
354	5509
355	4191
356	2810
357	1828
358	1048
359	595
360	316
361	165
362	89
363	71
364	46
365	58
366	34
367	31
368	48
369	56
370	47
371	48
372	58
373	58
374	58
375	82
376	83
377	140
378	149
379	239
380	337
381	489
382	677
383	872
384	1134
385	1292
386	1328
387	1383
388	1350
389	1070
390	941
391	683
392	475
393	353
394	188
395	147
396	79
397	61
398	43
399	32
400	27
401	40
402	31
403	27
404	26
405	44
406	36
407	42
408	42
409	45
410	44
411	39
412	45
413	42
414	33
415	43
416	37
417	35
418	35
419	26
420	25
421	40
422	30
423	30
424	24
425	35
426	48
427	39
428	35
429	44
430	42
431	51
432	52
433	46
434	44
435	57
436	69
437	48
438	72
439	79
440	82
441	79
442	82
443	85
444	67
445	87
446	69
447	60
448	46
449	71
450	60
451	64
452	83
453	71
454	69
455	68
456	83
457	91
458	99
459	103
460	82
461	92
462	68
463	81
464	67
465	75
466	60
467	63
468	68
469	68
470	55
471	67
472	66
473	88
474	58
475	78
476	74
477	64
478	66
479	66
480	55
481	64
482	53
483	46
484	54
485	62
486	57
487	61
488	58
489	47
490	58
491	66
492	67
493	63
494	71
495	62
496	68
497	65
498	63
499	85
500	68
501	70
502	71
503	78
504	80
505	87
506	83
507	89
508	76
509	94
510	93
511	91
512	106
513	74
514	98
515	84
516	80
517	68
518	94
519	103
520	95
521	98
522	88
523	98
524	89
525	97
526	98
527	102
528	102
529	109
530	108
531	127
532	103
533	104
534	85
535	86
536	85
537	75
538	71
539	85
540	76
541	83
542	84
543	84
544	89
545	94
546	92
547	89
548	87
549	72
550	84
551	77
552	74
553	91
554	86
555	82
556	78
557	76
558	82
559	81
560	99
561	80
562	85
563	88
564	77
565	101
566	89
567	81
568	95
569	70
570	91
571	95
572	83
573	98
574	80
575	106
576	101
577	103
578	83
579	99
580	83
581	101
582	96
583	79
584	91
585	101
586	93
587	92
588	85
589	115
590	84
591	75
592	89
593	102
594	103
595	100
596	87
597	99
598	103
599	102
600	96
601	114
602	103
603	87
604	102
605	93
606	101
607	112
608	108
609	99
610	97
611	106
612	118
613	105
614	83
615	96
616	102
617	117
618	101
619	127
620	131
621	114
622	120
623	120
624	77
625	87
626	96
627	111
628	105
629	115
630	104
631	114
632	99
633	125
634	103
635	113
636	93
637	107
638	119
639	115
640	104
641	111
642	115
643	118
644	113
645	122
646	93
647	105
648	123
649	98
650	106
651	100
652	108
653	131
654	126
655	114
656	106
657	124
658	109
659	123
660	110
661	104
662	133
663	103
664	115
665	105
666	124
667	105
668	99
669	119
670	114
671	116
672	114
673	115
674	118
675	117
676	111
677	117
678	118
679	121
680	134
681	115
682	110
683	137
684	123
685	114
686	132
687	144
688	126
689	113
690	159
691	102
692	127
693	130
694	115
695	150
696	120
697	130
698	125
699	133
700	138
701	144
702	155
703	135
704	140
705	118
706	139
707	119
708	105
709	138
710	148
711	138
712	121
713	140
714	132
715	139
716	121
717	113
718	129
719	153
720	134
721	133
722	124
723	143
724	116
725	128
726	133
727	104
728	142
729	137
730	130
731	138
732	137
733	138
734	148
735	122
736	138
737	156
738	128
739	137
740	123
741	139
742	149
743	129
744	117
745	128
746	142
747	142
748	125
749	141
750	116
751	136
752	136
753	129
754	135
755	119
756	141
757	161
758	118
759	136
760	141
761	124
762	140
763	172
764	181
765	181
766	198
767	224
768	245
769	269
770	285
771	288
772	297
773	306
774	294
775	278
776	297
777	262
778	259
779	245
780	218
781	188
782	183
783	174
784	153
785	147
786	138
787	155
788	124
789	149
790	139
791	147
792	152
793	132
794	146
795	156
796	152
797	154
798	127
799	150
800	139
801	136
802	137
803	151
804	136
805	141
806	136
807	128
808	152
809	157
810	150
811	161
812	143
813	149
814	140
815	149
816	149
817	138
818	162
819	161
820	152
821	151
822	146
823	143
824	157
825	156
826	136
827	161
828	152
829	138
830	153
831	184
832	116
833	131
834	140
835	148
836	145
837	165
838	169
839	178
840	164
841	157
842	146
843	160
844	163
845	158
846	181
847	167
848	147
849	154
850	168
851	187
852	170
853	189
854	179
855	163
856	217
857	209
858	167
859	181
860	193
861	182
862	214
863	230
864	222
865	216
866	258
867	203
868	194
869	245
870	229
871	239
872	212
873	210
874	225
875	207
876	267
877	250
878	243
879	276
880	289
881	280
882	304
883	344
884	331
885	362
886	379
887	378
888	433
889	467
890	404
891	476
892	478
893	537
894	548
895	547
896	540
897	613
898	581
899	598
900	579
901	595
902	606
903	566
904	528
905	565
906	556
907	541
908	563
909	513
910	496
911	440
912	426
913	415
914	397
915	388
916	315
917	359
918	318
919	290
920	284
921	296
922	264
923	266
924	204
925	246
926	210
927	214
928	208
929	217
930	201
931	188
932	153
933	182
934	200
935	170
936	180
937	177
938	191
939	161
940	179
941	168
942	204
943	217
944	219
945	235
946	289
947	315
948	301
949	357
950	416
951	438
952	440
953	424
954	436
955	423
956	433
957	399
958	373
959	309
960	313
961	271
962	237
963	203
964	206
965	163
966	159
967	149
968	149
969	128
970	117
971	109
972	125
973	125
974	172
975	140
976	149
977	134
978	126
979	127
980	149
981	145
982	141
983	147
984	148
985	135
986	130
987	155
988	146
989	156
990	140
991	153
992	168
993	159
994	160
995	157
996	184
997	175
998	177
999	200
1000	183
1001	172
1002	189
1003	193
1004	180
1005	182
1006	183
1007	184
1008	174
1009	174
1010	199
1011	191
1012	176
1013	154
1014	166
1015	149
1016	154
1017	145
1018	154
1019	136
1020	168
1021	149
1022	122
1023	122
1024	111
