Date:	09/05/2018		Time:	09:18		Version no:	0.00		Project name:	55		Sample name:	222		Section name:	section		Position	112.200027	mm	E0	0.000000	keV	E1	1.000000	keV/channel	sample surface	6.231683	cm	Tube anode:	Mo		Tube voltage:	30	kV	Tube current:	50	mA	gain	10		std. database			resultfile	result		matrix element	11		sample thickness	1.000000		air passage	0.560000	cm	comments	in position		peaking_time	2.200000	m-sec	trigger_threshold	547.363281	V	mca_bin_width	22.090000	no:	number_mca_channels	1024.000000	no:	gap_time	0.150000	m-sec	trigger_peaking_time	0.200000	m-sec	GAINDAC	18610		HIGHGAIN	1		TAURC	1		RCTAU	1		RCTAUFRAC	1		livetime	9.590799	seconds	runtime	10.000494	seconds	input_count_rate	16043.918425	cps	output_count_rate	13865.714479	cps	triggers	153874	seconds	events_in_run	138664	seconds	channel	content		1	0
2	0
3	0
4	0
5	0
6	0
7	0
8	0
9	0
10	0
11	0
12	0
13	0
14	0
15	0
16	0
17	0
18	0
19	0
20	0
21	0
22	0
23	0
24	0
25	0
26	0
27	0
28	0
29	0
30	0
31	25
32	9
33	12
34	16
35	8
36	12
37	14
38	8
39	12
40	11
41	10
42	7
43	18
44	12
45	7
46	15
47	16
48	15
49	9
50	7
51	9
52	13
53	8
54	11
55	10
56	18
57	9
58	4
59	4
60	17
61	5
62	10
63	13
64	6
65	10
66	6
67	12
68	6
69	5
70	10
71	7
72	7
73	4
74	13
75	7
76	8
77	11
78	4
79	16
80	9
81	11
82	11
83	13
84	7
85	6
86	6
87	4
88	6
89	8
90	7
91	5
92	9
93	12
94	12
95	11
96	10
97	10
98	12
99	16
100	6
101	3
102	3
103	9
104	6
105	4
106	2
107	8
108	7
109	7
110	2
111	5
112	6
113	3
114	9
115	4
116	3
117	5
118	6
119	2
120	3
121	5
122	5
123	5
124	5
125	4
126	4
127	3
128	7
129	3
130	4
131	3
132	1
133	2
134	3
135	5
136	3
137	0
138	4
139	5
140	3
141	2
142	6
143	6
144	7
145	7
146	5
147	3
148	2
149	3
150	3
151	2
152	2
153	5
154	6
155	3
156	7
157	6
158	12
159	14
160	17
161	31
162	27
163	31
164	30
165	25
166	15
167	12
168	8
169	8
170	1
171	6
172	6
173	3
174	4
175	7
176	2
177	8
178	7
179	10
180	8
181	13
182	15
183	17
184	10
185	15
186	6
187	5
188	4
189	3
190	2
191	3
192	4
193	3
194	6
195	6
196	21
197	30
198	33
199	76
200	124
201	165
202	157
203	179
204	176
205	162
206	97
207	67
208	37
209	15
210	9
211	8
212	6
213	7
214	4
215	8
216	7
217	13
218	23
219	34
220	35
221	43
222	38
223	41
224	16
225	8
226	4
227	5
228	4
229	2
230	5
231	2
232	3
233	4
234	3
235	6
236	1
237	0
238	3
239	5
240	11
241	19
242	22
243	41
244	49
245	78
246	79
247	120
248	110
249	102
250	102
251	64
252	55
253	43
254	20
255	24
256	33
257	17
258	12
259	17
260	14
261	7
262	5
263	4
264	8
265	14
266	18
267	10
268	20
269	22
270	28
271	27
272	22
273	17
274	14
275	16
276	12
277	10
278	12
279	11
280	7
281	3
282	8
283	3
284	10
285	8
286	9
287	5
288	6
289	6
290	10
291	3
292	10
293	9
294	11
295	9
296	12
297	14
298	9
299	9
300	9
301	7
302	10
303	10
304	6
305	5
306	4
307	5
308	7
309	8
310	11
311	5
312	10
313	13
314	8
315	7
316	16
317	14
318	33
319	37
320	57
321	81
322	83
323	79
324	84
325	79
326	57
327	59
328	37
329	29
330	14
331	18
332	15
333	14
334	21
335	21
336	19
337	32
338	27
339	35
340	64
341	109
342	242
343	380
344	652
345	1165
346	1733
347	2295
348	3223
349	3942
350	4129
351	4376
352	4088
353	3541
354	2904
355	2157
356	1459
357	965
358	540
359	301
360	200
361	92
362	52
363	24
364	34
365	31
366	20
367	21
368	22
369	17
370	26
371	35
372	29
373	34
374	28
375	35
376	54
377	70
378	84
379	129
380	199
381	231
382	355
383	485
384	602
385	678
386	797
387	805
388	706
389	611
390	522
391	381
392	284
393	176
394	99
395	75
396	44
397	29
398	20
399	20
400	20
401	12
402	21
403	10
404	14
405	19
406	25
407	18
408	24
409	18
410	29
411	20
412	20
413	17
414	20
415	18
416	23
417	21
418	21
419	23
420	28
421	12
422	19
423	13
424	14
425	24
426	21
427	30
428	20
429	16
430	19
431	18
432	21
433	29
434	26
435	33
436	33
437	42
438	38
439	43
440	42
441	50
442	38
443	49
444	52
445	51
446	55
447	33
448	38
449	31
450	42
451	39
452	40
453	39
454	41
455	38
456	36
457	50
458	51
459	46
460	41
461	58
462	53
463	57
464	39
465	36
466	53
467	33
468	39
469	49
470	45
471	41
472	33
473	44
474	43
475	52
476	35
477	40
478	39
479	36
480	44
481	27
482	36
483	34
484	32
485	38
486	42
487	45
488	44
489	46
490	38
491	38
492	49
493	64
494	31
495	35
496	36
497	38
498	47
499	43
500	55
501	51
502	39
503	62
504	48
505	40
506	36
507	56
508	59
509	59
510	60
511	57
512	56
513	51
514	50
515	44
516	58
517	77
518	52
519	40
520	51
521	59
522	66
523	69
524	65
525	65
526	62
527	63
528	84
529	75
530	62
531	62
532	73
533	69
534	54
535	59
536	68
537	62
538	51
539	54
540	55
541	70
542	66
543	67
544	52
545	63
546	70
547	57
548	54
549	49
550	53
551	41
552	50
553	43
554	47
555	63
556	49
557	55
558	53
559	56
560	54
561	40
562	52
563	55
564	68
565	52
566	49
567	53
568	60
569	66
570	51
571	43
572	71
573	57
574	62
575	53
576	54
577	65
578	48
579	64
580	77
581	87
582	53
583	68
584	67
585	70
586	86
587	79
588	74
589	62
590	70
591	68
592	53
593	82
594	70
595	74
596	75
597	87
598	77
599	69
600	59
601	69
602	65
603	66
604	59
605	81
606	66
607	82
608	69
609	79
610	77
611	68
612	59
613	86
614	76
615	84
616	64
617	75
618	91
619	71
620	71
621	81
622	81
623	83
624	71
625	82
626	77
627	67
628	69
629	89
630	87
631	83
632	76
633	99
634	78
635	79
636	90
637	83
638	84
639	70
640	69
641	80
642	86
643	90
644	67
645	61
646	86
647	86
648	94
649	78
650	88
651	99
652	81
653	77
654	87
655	70
656	81
657	96
658	77
659	91
660	84
661	87
662	84
663	91
664	85
665	82
666	96
667	79
668	89
669	74
670	86
671	71
672	80
673	88
674	70
675	80
676	79
677	101
678	96
679	98
680	96
681	101
682	85
683	80
684	91
685	93
686	105
687	110
688	88
689	88
690	84
691	115
692	118
693	88
694	97
695	92
696	96
697	93
698	106
699	95
700	98
701	90
702	110
703	93
704	100
705	94
706	90
707	100
708	96
709	111
710	87
711	88
712	112
713	104
714	105
715	82
716	89
717	97
718	100
719	98
720	100
721	92
722	101
723	99
724	100
725	104
726	105
727	105
728	105
729	129
730	97
731	117
732	91
733	107
734	123
735	103
736	113
737	117
738	109
739	118
740	105
741	99
742	119
743	109
744	103
745	91
746	94
747	106
748	117
749	97
750	107
751	82
752	112
753	107
754	109
755	98
756	87
757	114
758	101
759	106
760	107
761	118
762	110
763	145
764	137
765	153
766	136
767	159
768	193
769	189
770	210
771	202
772	225
773	228
774	217
775	208
776	220
777	201
778	182
779	161
780	189
781	136
782	139
783	136
784	113
785	108
786	112
787	115
788	107
789	100
790	99
791	108
792	129
793	102
794	109
795	114
796	103
797	107
798	90
799	106
800	117
801	107
802	109
803	113
804	114
805	115
806	108
807	99
808	108
809	116
810	106
811	124
812	110
813	125
814	128
815	125
816	124
817	131
818	136
819	123
820	105
821	112
822	111
823	116
824	117
825	111
826	121
827	123
828	135
829	123
830	120
831	107
832	123
833	130
834	124
835	111
836	130
837	121
838	118
839	117
840	120
841	146
842	121
843	109
844	115
845	136
846	132
847	133
848	133
849	108
850	121
851	141
852	145
853	135
854	146
855	140
856	143
857	151
858	144
859	143
860	156
861	156
862	182
863	142
864	180
865	172
866	166
867	154
868	192
869	195
870	194
871	169
872	180
873	195
874	177
875	190
876	203
877	231
878	224
879	211
880	239
881	252
882	278
883	272
884	296
885	285
886	320
887	315
888	350
889	365
890	402
891	377
892	388
893	464
894	457
895	440
896	454
897	472
898	498
899	481
900	476
901	532
902	477
903	503
904	458
905	408
906	491
907	436
908	390
909	408
910	380
911	354
912	353
913	338
914	340
915	316
916	286
917	257
918	246
919	246
920	206
921	217
922	193
923	190
924	189
925	213
926	175
927	160
928	169
929	162
930	163
931	159
932	152
933	149
934	140
935	126
936	153
937	152
938	159
939	153
940	152
941	136
942	170
943	189
944	223
945	209
946	245
947	250
948	284
949	294
950	314
951	336
952	358
953	382
954	356
955	328
956	342
957	335
958	284
959	270
960	259
961	214
962	219
963	172
964	145
965	168
966	143
967	124
968	119
969	110
970	98
971	110
972	120
973	123
974	111
975	119
976	121
977	142
978	107
979	114
980	130
981	101
982	106
983	111
984	124
985	115
986	124
987	137
988	134
989	130
990	138
991	122
992	155
993	146
994	134
995	129
996	138
997	161
998	145
999	163
1000	140
1001	156
1002	142
1003	162
1004	163
1005	137
1006	169
1007	169
1008	154
1009	165
1010	161
1011	132
1012	167
1013	145
1014	129
1015	122
1016	130
1017	97
1018	122
1019	108
1020	117
1021	106
1022	107
1023	102
1024	97
