Date:	09/05/2018		Time:	10:21		Version no:	0.00		Project name:	55		Sample name:	222		Section name:	section		Position	179.000031	mm	E0	0.000000	keV	E1	1.000000	keV/channel	sample surface	6.257732	cm	Tube anode:	Mo		Tube voltage:	30	kV	Tube current:	50	mA	gain	10		std. database			resultfile	result		matrix element	11		sample thickness	1.000000		air passage	0.560000	cm	comments	in position		peaking_time	2.200000	m-sec	trigger_threshold	547.363281	V	mca_bin_width	22.090000	no:	number_mca_channels	1024.000000	no:	gap_time	0.150000	m-sec	trigger_peaking_time	0.200000	m-sec	GAINDAC	18610		HIGHGAIN	1		TAURC	1		RCTAU	1		RCTAUFRAC	1		livetime	9.414864	seconds	runtime	10.000491	seconds	input_count_rate	25061.434770	cps	output_count_rate	20405.897662	cps	triggers	235950	seconds	events_in_run	204069	seconds	channel	content		1	0
2	0
3	0
4	0
5	0
6	0
7	0
8	0
9	0
10	0
11	0
12	0
13	0
14	0
15	0
16	0
17	0
18	0
19	0
20	0
21	0
22	0
23	0
24	0
25	0
26	0
27	0
28	0
29	0
30	0
31	13
32	16
33	26
34	15
35	13
36	13
37	14
38	13
39	13
40	12
41	15
42	25
43	12
44	17
45	9
46	8
47	15
48	14
49	11
50	14
51	11
52	8
53	14
54	12
55	15
56	12
57	9
58	18
59	15
60	19
61	20
62	14
63	11
64	6
65	8
66	11
67	6
68	6
69	10
70	6
71	18
72	8
73	15
74	8
75	3
76	10
77	9
78	10
79	8
80	7
81	11
82	14
83	19
84	11
85	7
86	10
87	9
88	7
89	9
90	6
91	7
92	10
93	10
94	17
95	16
96	23
97	21
98	11
99	9
100	14
101	2
102	18
103	5
104	11
105	8
106	7
107	11
108	9
109	9
110	5
111	6
112	6
113	5
114	4
115	7
116	5
117	4
118	7
119	8
120	8
121	6
122	2
123	9
124	4
125	4
126	4
127	10
128	7
129	2
130	6
131	5
132	7
133	0
134	4
135	3
136	9
137	6
138	7
139	6
140	5
141	8
142	5
143	2
144	1
145	3
146	5
147	5
148	6
149	5
150	5
151	1
152	3
153	5
154	4
155	10
156	5
157	7
158	10
159	12
160	20
161	33
162	23
163	25
164	23
165	14
166	21
167	10
168	12
169	8
170	2
171	3
172	6
173	6
174	10
175	9
176	4
177	12
178	14
179	11
180	21
181	28
182	26
183	20
184	16
185	21
186	23
187	11
188	7
189	6
190	7
191	4
192	9
193	9
194	10
195	23
196	29
197	62
198	93
199	182
200	266
201	299
202	410
203	411
204	358
205	328
206	227
207	145
208	98
209	50
210	29
211	23
212	10
213	9
214	8
215	12
216	24
217	37
218	39
219	59
220	61
221	64
222	67
223	50
224	47
225	30
226	16
227	15
228	12
229	2
230	2
231	4
232	4
233	5
234	6
235	3
236	9
237	3
238	4
239	13
240	21
241	26
242	57
243	80
244	143
245	203
246	212
247	245
248	229
249	209
250	205
251	147
252	125
253	83
254	71
255	57
256	40
257	38
258	34
259	24
260	15
261	16
262	12
263	12
264	17
265	21
266	23
267	33
268	32
269	52
270	43
271	66
272	51
273	44
274	53
275	41
276	26
277	19
278	12
279	14
280	10
281	13
282	8
283	7
284	12
285	10
286	10
287	17
288	13
289	16
290	14
291	19
292	8
293	17
294	16
295	17
296	16
297	14
298	21
299	15
300	20
301	16
302	11
303	15
304	14
305	7
306	15
307	14
308	14
309	5
310	11
311	13
312	21
313	12
314	12
315	20
316	34
317	38
318	67
319	66
320	95
321	123
322	178
323	185
324	177
325	150
326	123
327	93
328	74
329	65
330	38
331	47
332	23
333	19
334	29
335	33
336	37
337	39
338	68
339	54
340	132
341	203
342	388
343	718
344	1384
345	2133
346	3522
347	4573
348	6082
349	7391
350	8228
351	8452
352	8015
353	6915
354	5600
355	4119
356	2847
357	1792
358	1090
359	563
360	326
361	186
362	103
363	55
364	59
365	34
366	58
367	39
368	37
369	50
370	46
371	49
372	39
373	49
374	65
375	72
376	82
377	141
378	167
379	246
380	305
381	467
382	666
383	854
384	1149
385	1336
386	1386
387	1359
388	1320
389	1152
390	914
391	646
392	501
393	323
394	195
395	107
396	75
397	53
398	33
399	29
400	21
401	24
402	26
403	35
404	41
405	43
406	39
407	38
408	35
409	42
410	37
411	31
412	33
413	27
414	30
415	32
416	25
417	32
418	30
419	26
420	28
421	36
422	32
423	30
424	45
425	28
426	25
427	36
428	32
429	29
430	40
431	35
432	56
433	35
434	33
435	48
436	47
437	54
438	61
439	69
440	65
441	69
442	61
443	65
444	65
445	68
446	58
447	56
448	55
449	49
450	49
451	58
452	53
453	63
454	64
455	59
456	77
457	62
458	72
459	102
460	69
461	84
462	70
463	67
464	55
465	57
466	50
467	66
468	45
469	51
470	62
471	57
472	70
473	88
474	63
475	48
476	50
477	58
478	53
479	58
480	42
481	43
482	52
483	46
484	62
485	39
486	45
487	46
488	55
489	52
490	55
491	55
492	76
493	48
494	41
495	61
496	66
497	49
498	58
499	60
500	47
501	64
502	64
503	61
504	73
505	59
506	67
507	78
508	85
509	81
510	53
511	68
512	86
513	70
514	79
515	80
516	69
517	74
518	57
519	74
520	78
521	71
522	78
523	80
524	93
525	91
526	84
527	100
528	72
529	103
530	97
531	88
532	77
533	84
534	119
535	87
536	87
537	77
538	93
539	95
540	69
541	72
542	85
543	70
544	83
545	84
546	75
547	84
548	78
549	75
550	69
551	85
552	70
553	66
554	75
555	80
556	80
557	62
558	58
559	83
560	74
561	77
562	71
563	85
564	77
565	77
566	73
567	73
568	84
569	69
570	87
571	82
572	81
573	81
574	70
575	76
576	85
577	81
578	75
579	68
580	87
581	87
582	99
583	69
584	71
585	82
586	88
587	95
588	73
589	91
590	86
591	84
592	79
593	81
594	90
595	102
596	86
597	86
598	95
599	99
600	79
601	96
602	83
603	73
604	94
605	87
606	87
607	92
608	103
609	92
610	107
611	79
612	85
613	98
614	115
615	112
616	121
617	105
618	97
619	95
620	84
621	91
622	93
623	104
624	102
625	96
626	95
627	107
628	114
629	95
630	83
631	105
632	110
633	77
634	110
635	97
636	120
637	87
638	86
639	102
640	94
641	96
642	97
643	94
644	104
645	98
646	86
647	91
648	85
649	112
650	108
651	105
652	110
653	113
654	101
655	115
656	107
657	92
658	106
659	92
660	107
661	111
662	113
663	95
664	108
665	101
666	99
667	99
668	110
669	109
670	102
671	101
672	123
673	105
674	104
675	119
676	116
677	83
678	118
679	100
680	114
681	126
682	117
683	117
684	93
685	117
686	114
687	110
688	112
689	123
690	121
691	115
692	110
693	98
694	128
695	117
696	112
697	112
698	113
699	115
700	132
701	98
702	127
703	131
704	147
705	114
706	114
707	111
708	121
709	116
710	141
711	104
712	110
713	125
714	121
715	110
716	116
717	112
718	120
719	117
720	98
721	126
722	118
723	125
724	130
725	108
726	121
727	129
728	148
729	114
730	131
731	125
732	125
733	111
734	125
735	128
736	112
737	128
738	110
739	120
740	146
741	125
742	136
743	123
744	129
745	112
746	131
747	121
748	123
749	129
750	123
751	122
752	134
753	128
754	134
755	99
756	152
757	105
758	144
759	141
760	119
761	146
762	131
763	144
764	158
765	174
766	178
767	186
768	197
769	224
770	287
771	262
772	259
773	277
774	316
775	289
776	257
777	237
778	220
779	247
780	197
781	187
782	177
783	155
784	142
785	133
786	147
787	145
788	139
789	129
790	118
791	134
792	136
793	142
794	130
795	130
796	124
797	123
798	139
799	127
800	148
801	138
802	132
803	142
804	143
805	150
806	129
807	133
808	135
809	125
810	127
811	161
812	139
813	155
814	148
815	151
816	165
817	121
818	155
819	147
820	137
821	148
822	123
823	134
824	126
825	131
826	113
827	138
828	133
829	148
830	150
831	141
832	148
833	129
834	144
835	149
836	141
837	161
838	131
839	142
840	139
841	158
842	134
843	165
844	139
845	154
846	148
847	154
848	170
849	145
850	161
851	145
852	185
853	173
854	171
855	189
856	179
857	171
858	216
859	202
860	205
861	207
862	202
863	207
864	220
865	201
866	247
867	202
868	214
869	188
870	252
871	214
872	220
873	230
874	226
875	233
876	241
877	224
878	247
879	283
880	258
881	304
882	276
883	291
884	295
885	361
886	332
887	383
888	412
889	474
890	446
891	482
892	486
893	524
894	575
895	520
896	557
897	580
898	542
899	565
900	590
901	573
902	544
903	552
904	534
905	530
906	548
907	533
908	493
909	468
910	496
911	465
912	422
913	407
914	382
915	387
916	338
917	331
918	292
919	320
920	281
921	283
922	247
923	232
924	217
925	208
926	219
927	224
928	200
929	203
930	179
931	185
932	178
933	166
934	180
935	160
936	152
937	158
938	167
939	143
940	164
941	177
942	180
943	212
944	232
945	278
946	297
947	299
948	344
949	353
950	413
951	386
952	420
953	430
954	441
955	429
956	407
957	375
958	377
959	331
960	287
961	269
962	239
963	191
964	184
965	175
966	151
967	136
968	129
969	140
970	114
971	133
972	122
973	131
974	137
975	122
976	116
977	125
978	114
979	106
980	136
981	155
982	133
983	119
984	125
985	131
986	148
987	142
988	163
989	148
990	138
991	168
992	145
993	154
994	182
995	150
996	201
997	158
998	168
999	194
1000	210
1001	163
1002	174
1003	173
1004	162
1005	193
1006	189
1007	185
1008	166
1009	156
1010	153
1011	175
1012	156
1013	146
1014	149
1015	168
1016	141
1017	139
1018	133
1019	145
1020	145
1021	141
1022	132
1023	125
1024	113
