Date:	09/05/2018		Time:	12:02		Version no:	0.00		Project name:	55		Sample name:	222		Section name:	section		Position	285.000031	mm	E0	0.000000	keV	E1	1.000000	keV/channel	sample surface	6.152343	cm	Tube anode:	Mo		Tube voltage:	30	kV	Tube current:	50	mA	gain	10		std. database			resultfile	result		matrix element	11		sample thickness	1.000000		air passage	0.560000	cm	comments	in position		peaking_time	2.200000	m-sec	trigger_threshold	547.363281	V	mca_bin_width	22.090000	no:	number_mca_channels	1024.000000	no:	gap_time	0.150000	m-sec	trigger_peaking_time	0.200000	m-sec	GAINDAC	18610		HIGHGAIN	1		TAURC	1		RCTAU	1		RCTAUFRAC	1		livetime	9.484907	seconds	runtime	10.000492	seconds	input_count_rate	22386.934898	cps	output_count_rate	18603.384713	cps	triggers	212338	seconds	events_in_run	186043	seconds	channel	content		1	0
2	0
3	0
4	0
5	0
6	0
7	0
8	0
9	0
10	0
11	0
12	0
13	0
14	0
15	0
16	0
17	0
18	0
19	0
20	0
21	0
22	0
23	0
24	0
25	0
26	0
27	0
28	0
29	0
30	0
31	13
32	14
33	12
34	9
35	11
36	8
37	19
38	7
39	12
40	17
41	15
42	13
43	10
44	16
45	9
46	11
47	12
48	14
49	16
50	6
51	10
52	13
53	6
54	15
55	17
56	13
57	9
58	10
59	7
60	17
61	10
62	10
63	7
64	16
65	9
66	9
67	9
68	6
69	7
70	6
71	12
72	5
73	6
74	14
75	11
76	5
77	7
78	5
79	11
80	7
81	11
82	8
83	15
84	10
85	9
86	5
87	4
88	7
89	7
90	7
91	5
92	8
93	14
94	10
95	14
96	20
97	13
98	19
99	11
100	11
101	3
102	13
103	11
104	8
105	7
106	15
107	9
108	14
109	10
110	10
111	5
112	8
113	3
114	7
115	2
116	6
117	2
118	1
119	1
120	2
121	6
122	3
123	5
124	3
125	3
126	4
127	4
128	4
129	3
130	2
131	6
132	2
133	4
134	2
135	5
136	9
137	2
138	2
139	3
140	1
141	1
142	6
143	6
144	5
145	3
146	4
147	4
148	2
149	7
150	1
151	7
152	2
153	3
154	8
155	5
156	7
157	3
158	9
159	16
160	22
161	24
162	40
163	33
164	23
165	24
166	18
167	10
168	8
169	1
170	8
171	2
172	4
173	4
174	11
175	10
176	9
177	11
178	6
179	13
180	9
181	21
182	24
183	15
184	14
185	14
186	15
187	9
188	6
189	3
190	4
191	5
192	6
193	11
194	8
195	13
196	25
197	57
198	107
199	196
200	294
201	383
202	429
203	406
204	432
205	387
206	284
207	185
208	105
209	59
210	33
211	9
212	8
213	10
214	11
215	17
216	21
217	42
218	56
219	74
220	98
221	78
222	62
223	66
224	44
225	25
226	22
227	6
228	6
229	3
230	3
231	8
232	2
233	5
234	1
235	5
236	2
237	6
238	9
239	8
240	18
241	31
242	53
243	102
244	149
245	194
246	257
247	275
248	288
249	270
250	213
251	162
252	110
253	83
254	53
255	41
256	31
257	33
258	28
259	27
260	18
261	11
262	15
263	17
264	21
265	15
266	32
267	38
268	46
269	53
270	51
271	78
272	58
273	49
274	31
275	31
276	22
277	17
278	12
279	11
280	11
281	10
282	8
283	15
284	13
285	9
286	10
287	13
288	17
289	17
290	14
291	14
292	12
293	16
294	13
295	18
296	13
297	15
298	17
299	11
300	12
301	21
302	10
303	15
304	10
305	13
306	13
307	7
308	17
309	12
310	7
311	9
312	16
313	17
314	17
315	10
316	24
317	40
318	40
319	48
320	75
321	82
322	94
323	93
324	95
325	110
326	77
327	67
328	63
329	38
330	31
331	32
332	22
333	33
334	25
335	29
336	30
337	29
338	34
339	69
340	110
341	190
342	355
343	647
344	1232
345	2028
346	3155
347	4420
348	5645
349	6978
350	7680
351	7932
352	7511
353	6535
354	5352
355	3940
356	2743
357	1825
358	1029
359	567
360	296
361	183
362	97
363	55
364	36
365	41
366	37
367	47
368	45
369	27
370	54
371	43
372	48
373	59
374	45
375	50
376	85
377	101
378	131
379	203
380	294
381	448
382	612
383	814
384	1063
385	1193
386	1325
387	1353
388	1238
389	1104
390	896
391	675
392	454
393	336
394	222
395	130
396	82
397	38
398	35
399	17
400	27
401	21
402	28
403	22
404	24
405	31
406	42
407	46
408	37
409	32
410	28
411	31
412	26
413	25
414	30
415	25
416	33
417	22
418	24
419	30
420	31
421	30
422	36
423	27
424	30
425	31
426	29
427	29
428	35
429	25
430	26
431	38
432	25
433	33
434	41
435	37
436	48
437	48
438	39
439	46
440	62
441	46
442	52
443	62
444	57
445	52
446	57
447	47
448	55
449	51
450	50
451	44
452	66
453	59
454	58
455	80
456	68
457	77
458	86
459	70
460	87
461	67
462	74
463	63
464	57
465	60
466	57
467	53
468	60
469	50
470	52
471	54
472	61
473	73
474	55
475	57
476	48
477	47
478	65
479	50
480	57
481	38
482	40
483	39
484	41
485	43
486	51
487	48
488	37
489	63
490	54
491	44
492	56
493	39
494	54
495	57
496	56
497	66
498	67
499	50
500	69
501	66
502	62
503	47
504	71
505	68
506	61
507	69
508	72
509	71
510	79
511	57
512	70
513	81
514	79
515	69
516	78
517	75
518	79
519	68
520	75
521	67
522	80
523	70
524	66
525	67
526	86
527	76
528	99
529	94
530	104
531	87
532	91
533	84
534	74
535	69
536	64
537	60
538	82
539	60
540	75
541	56
542	81
543	70
544	77
545	77
546	69
547	68
548	73
549	75
550	66
551	60
552	79
553	74
554	53
555	76
556	72
557	68
558	59
559	63
560	61
561	65
562	58
563	54
564	53
565	61
566	71
567	63
568	55
569	65
570	77
571	66
572	87
573	56
574	74
575	72
576	69
577	54
578	79
579	67
580	87
581	75
582	73
583	68
584	81
585	80
586	91
587	84
588	100
589	63
590	64
591	83
592	63
593	84
594	84
595	88
596	64
597	84
598	89
599	91
600	68
601	84
602	80
603	76
604	87
605	83
606	77
607	86
608	86
609	82
610	80
611	94
612	91
613	85
614	86
615	77
616	73
617	91
618	75
619	94
620	75
621	61
622	89
623	75
624	96
625	92
626	85
627	98
628	86
629	105
630	82
631	84
632	93
633	95
634	86
635	98
636	101
637	89
638	73
639	91
640	103
641	93
642	103
643	92
644	99
645	106
646	101
647	96
648	84
649	91
650	88
651	87
652	97
653	114
654	89
655	96
656	89
657	85
658	86
659	84
660	99
661	107
662	88
663	88
664	105
665	112
666	78
667	98
668	106
669	100
670	96
671	102
672	91
673	95
674	112
675	92
676	101
677	113
678	68
679	87
680	94
681	87
682	91
683	129
684	91
685	103
686	82
687	105
688	114
689	102
690	111
691	87
692	102
693	103
694	112
695	106
696	97
697	120
698	125
699	97
700	113
701	111
702	97
703	112
704	121
705	119
706	103
707	119
708	104
709	114
710	101
711	104
712	111
713	107
714	111
715	104
716	104
717	99
718	117
719	115
720	117
721	113
722	127
723	120
724	124
725	99
726	109
727	117
728	121
729	111
730	101
731	125
732	132
733	119
734	124
735	111
736	130
737	122
738	110
739	113
740	111
741	96
742	107
743	103
744	132
745	114
746	107
747	114
748	92
749	108
750	94
751	112
752	102
753	127
754	105
755	131
756	108
757	130
758	132
759	117
760	124
761	125
762	142
763	131
764	149
765	149
766	174
767	187
768	204
769	202
770	211
771	241
772	243
773	255
774	269
775	259
776	270
777	216
778	189
779	203
780	161
781	158
782	181
783	150
784	136
785	114
786	125
787	118
788	122
789	96
790	120
791	112
792	129
793	127
794	125
795	114
796	124
797	116
798	107
799	109
800	107
801	127
802	114
803	92
804	127
805	128
806	120
807	130
808	127
809	111
810	140
811	120
812	129
813	119
814	129
815	137
816	137
817	133
818	141
819	147
820	116
821	141
822	113
823	130
824	119
825	140
826	116
827	129
828	120
829	117
830	126
831	115
832	143
833	121
834	130
835	129
836	109
837	99
838	123
839	109
840	127
841	128
842	140
843	110
844	143
845	112
846	130
847	144
848	123
849	152
850	133
851	142
852	152
853	134
854	151
855	178
856	156
857	149
858	184
859	167
860	194
861	205
862	193
863	186
864	191
865	217
866	194
867	203
868	209
869	196
870	186
871	176
872	188
873	194
874	187
875	210
876	195
877	227
878	226
879	224
880	238
881	247
882	253
883	254
884	300
885	270
886	328
887	284
888	308
889	337
890	380
891	371
892	378
893	452
894	473
895	446
896	460
897	509
898	470
899	475
900	446
901	472
902	499
903	469
904	465
905	473
906	436
907	453
908	413
909	398
910	365
911	378
912	355
913	322
914	324
915	286
916	282
917	266
918	253
919	261
920	272
921	199
922	216
923	219
924	181
925	180
926	176
927	174
928	131
929	176
930	156
931	161
932	158
933	155
934	160
935	139
936	145
937	135
938	141
939	152
940	151
941	156
942	165
943	190
944	201
945	231
946	213
947	265
948	280
949	335
950	321
951	376
952	386
953	399
954	368
955	372
956	379
957	336
958	321
959	318
960	265
961	240
962	223
963	211
964	162
965	138
966	135
967	127
968	129
969	126
970	126
971	112
972	108
973	110
974	122
975	106
976	121
977	113
978	123
979	130
980	99
981	123
982	117
983	111
984	140
985	110
986	109
987	115
988	128
989	132
990	144
991	147
992	126
993	111
994	122
995	159
996	124
997	147
998	178
999	161
1000	170
1001	163
1002	132
1003	128
1004	146
1005	161
1006	163
1007	139
1008	121
1009	154
1010	111
1011	130
1012	134
1013	115
1014	151
1015	173
1016	120
1017	111
1018	111
1019	104
1020	123
1021	107
1022	119
1023	104
1024	122
