Date:	09/05/2018		Time:	09:42		Version no:	0.00		Project name:	55		Sample name:	222		Section name:	section		Position	138.200027	mm	E0	0.000000	keV	E1	1.000000	keV/channel	sample surface	6.447922	cm	Tube anode:	Mo		Tube voltage:	30	kV	Tube current:	50	mA	gain	10		std. database			resultfile	result		matrix element	11		sample thickness	1.000000		air passage	0.560000	cm	comments	in position		peaking_time	2.200000	m-sec	trigger_threshold	547.363281	V	mca_bin_width	22.090000	no:	number_mca_channels	1024.000000	no:	gap_time	0.150000	m-sec	trigger_peaking_time	0.200000	m-sec	GAINDAC	18610		HIGHGAIN	1		TAURC	1		RCTAU	1		RCTAUFRAC	1		livetime	9.414508	seconds	runtime	10.000493	seconds	input_count_rate	25795.824912	cps	output_count_rate	20934.468349	cps	triggers	242855	seconds	events_in_run	209355	seconds	channel	content		1	0
2	0
3	0
4	0
5	0
6	0
7	0
8	0
9	0
10	0
11	0
12	0
13	0
14	0
15	0
16	0
17	0
18	0
19	0
20	0
21	0
22	0
23	0
24	0
25	0
26	0
27	0
28	0
29	0
30	0
31	9
32	12
33	10
34	11
35	11
36	9
37	11
38	17
39	13
40	12
41	19
42	12
43	11
44	8
45	10
46	12
47	20
48	15
49	9
50	17
51	11
52	17
53	12
54	8
55	9
56	11
57	11
58	12
59	9
60	10
61	15
62	11
63	12
64	8
65	6
66	6
67	14
68	13
69	6
70	8
71	7
72	7
73	10
74	11
75	2
76	6
77	9
78	8
79	12
80	11
81	15
82	16
83	14
84	10
85	5
86	4
87	3
88	1
89	4
90	7
91	7
92	12
93	15
94	15
95	16
96	18
97	19
98	14
99	14
100	16
101	12
102	10
103	11
104	9
105	7
106	13
107	14
108	11
109	6
110	4
111	13
112	7
113	3
114	6
115	4
116	7
117	2
118	4
119	3
120	8
121	11
122	2
123	3
124	8
125	5
126	5
127	6
128	7
129	7
130	1
131	5
132	4
133	3
134	3
135	6
136	3
137	4
138	3
139	1
140	4
141	4
142	4
143	2
144	4
145	2
146	4
147	2
148	3
149	7
150	6
151	4
152	7
153	3
154	4
155	6
156	10
157	4
158	15
159	15
160	23
161	29
162	27
163	26
164	25
165	22
166	12
167	11
168	7
169	7
170	3
171	6
172	2
173	4
174	5
175	6
176	6
177	11
178	10
179	6
180	24
181	18
182	20
183	22
184	24
185	20
186	13
187	3
188	6
189	2
190	2
191	2
192	7
193	9
194	6
195	21
196	44
197	48
198	110
199	146
200	253
201	324
202	351
203	402
204	373
205	319
206	234
207	146
208	88
209	47
210	22
211	7
212	10
213	9
214	15
215	28
216	31
217	45
218	36
219	56
220	73
221	76
222	65
223	54
224	31
225	32
226	18
227	12
228	14
229	7
230	9
231	6
232	5
233	10
234	9
235	4
236	5
237	6
238	2
239	10
240	19
241	23
242	43
243	93
244	121
245	132
246	208
247	209
248	225
249	197
250	183
251	113
252	99
253	94
254	48
255	47
256	43
257	44
258	33
259	22
260	16
261	16
262	7
263	13
264	12
265	19
266	16
267	26
268	47
269	41
270	63
271	62
272	66
273	49
274	38
275	37
276	31
277	17
278	10
279	12
280	8
281	8
282	12
283	9
284	10
285	16
286	13
287	15
288	23
289	15
290	23
291	16
292	15
293	17
294	16
295	22
296	21
297	26
298	22
299	27
300	15
301	9
302	14
303	14
304	20
305	20
306	8
307	13
308	17
309	9
310	20
311	12
312	19
313	23
314	24
315	22
316	50
317	87
318	121
319	169
320	243
321	311
322	357
323	394
324	339
325	309
326	294
327	207
328	140
329	107
330	70
331	48
332	33
333	20
334	32
335	47
336	40
337	54
338	66
339	79
340	129
341	251
342	429
343	783
344	1537
345	2364
346	3585
347	5345
348	6802
349	8297
350	9083
351	9213
352	8971
353	7618
354	6182
355	4565
356	3215
357	1857
358	1196
359	672
360	383
361	173
362	104
363	52
364	44
365	57
366	42
367	48
368	38
369	46
370	47
371	37
372	46
373	51
374	67
375	76
376	97
377	127
378	166
379	265
380	367
381	523
382	783
383	948
384	1218
385	1351
386	1480
387	1554
388	1366
389	1189
390	982
391	748
392	502
393	338
394	243
395	119
396	68
397	63
398	39
399	32
400	29
401	29
402	23
403	26
404	27
405	35
406	36
407	33
408	38
409	33
410	34
411	37
412	32
413	44
414	36
415	32
416	39
417	34
418	28
419	19
420	36
421	31
422	36
423	30
424	29
425	41
426	34
427	28
428	37
429	35
430	28
431	36
432	34
433	36
434	47
435	42
436	57
437	52
438	57
439	60
440	65
441	74
442	78
443	54
444	69
445	63
446	49
447	61
448	65
449	52
450	52
451	58
452	67
453	47
454	53
455	71
456	75
457	75
458	62
459	84
460	74
461	75
462	69
463	72
464	66
465	71
466	63
467	56
468	50
469	47
470	60
471	69
472	70
473	62
474	63
475	63
476	51
477	51
478	59
479	38
480	53
481	56
482	51
483	51
484	66
485	45
486	51
487	49
488	61
489	56
490	52
491	53
492	73
493	58
494	54
495	54
496	48
497	62
498	66
499	54
500	51
501	79
502	62
503	70
504	75
505	67
506	65
507	71
508	53
509	75
510	87
511	78
512	72
513	78
514	62
515	81
516	73
517	82
518	68
519	83
520	92
521	98
522	70
523	81
524	91
525	94
526	90
527	89
528	92
529	89
530	81
531	89
532	85
533	82
534	94
535	78
536	87
537	82
538	82
539	80
540	69
541	72
542	90
543	95
544	68
545	85
546	87
547	84
548	77
549	95
550	75
551	79
552	78
553	87
554	77
555	76
556	66
557	88
558	65
559	76
560	64
561	78
562	74
563	61
564	67
565	63
566	60
567	68
568	80
569	82
570	73
571	72
572	67
573	81
574	89
575	69
576	85
577	81
578	71
579	86
580	70
581	87
582	73
583	77
584	78
585	71
586	83
587	71
588	78
589	76
590	81
591	90
592	76
593	102
594	87
595	88
596	85
597	91
598	93
599	103
600	97
601	76
602	100
603	102
604	85
605	88
606	101
607	74
608	90
609	89
610	90
611	79
612	98
613	94
614	99
615	97
616	97
617	114
618	105
619	93
620	106
621	89
622	95
623	105
624	85
625	107
626	98
627	96
628	89
629	105
630	90
631	86
632	91
633	109
634	94
635	103
636	103
637	92
638	86
639	108
640	106
641	92
642	88
643	96
644	109
645	111
646	97
647	86
648	112
649	108
650	103
651	114
652	95
653	95
654	128
655	101
656	96
657	96
658	98
659	108
660	112
661	115
662	115
663	93
664	87
665	95
666	98
667	105
668	95
669	95
670	92
671	117
672	107
673	113
674	121
675	111
676	84
677	100
678	115
679	101
680	89
681	121
682	110
683	103
684	111
685	123
686	114
687	131
688	106
689	112
690	106
691	107
692	117
693	104
694	126
695	101
696	102
697	116
698	122
699	117
700	127
701	126
702	116
703	126
704	113
705	131
706	127
707	108
708	133
709	103
710	112
711	112
712	136
713	119
714	122
715	124
716	117
717	119
718	134
719	97
720	125
721	107
722	130
723	125
724	124
725	129
726	127
727	130
728	127
729	124
730	123
731	131
732	110
733	144
734	125
735	148
736	133
737	131
738	128
739	119
740	134
741	114
742	120
743	126
744	125
745	130
746	131
747	123
748	140
749	125
750	117
751	117
752	108
753	127
754	109
755	140
756	137
757	134
758	130
759	145
760	109
761	155
762	138
763	163
764	157
765	167
766	188
767	214
768	199
769	198
770	246
771	249
772	246
773	264
774	290
775	258
776	255
777	233
778	212
779	197
780	186
781	158
782	154
783	144
784	147
785	143
786	135
787	136
788	138
789	112
790	132
791	132
792	118
793	120
794	108
795	139
796	137
797	121
798	128
799	110
800	142
801	120
802	131
803	126
804	132
805	119
806	145
807	134
808	122
809	142
810	134
811	125
812	119
813	147
814	138
815	119
816	145
817	142
818	143
819	149
820	135
821	139
822	143
823	137
824	125
825	140
826	116
827	137
828	138
829	136
830	123
831	148
832	150
833	134
834	132
835	150
836	139
837	121
838	136
839	141
840	132
841	115
842	130
843	122
844	122
845	147
846	133
847	137
848	123
849	158
850	134
851	147
852	154
853	146
854	141
855	167
856	158
857	175
858	203
859	168
860	176
861	207
862	200
863	187
864	203
865	202
866	185
867	216
868	196
869	232
870	190
871	217
872	214
873	191
874	201
875	226
876	238
877	231
878	230
879	238
880	273
881	286
882	269
883	319
884	333
885	319
886	348
887	399
888	403
889	388
890	418
891	391
892	480
893	458
894	508
895	510
896	498
897	531
898	534
899	538
900	520
901	495
902	552
903	499
904	520
905	469
906	511
907	463
908	496
909	415
910	432
911	426
912	406
913	325
914	324
915	339
916	302
917	293
918	290
919	257
920	261
921	211
922	242
923	218
924	217
925	199
926	194
927	201
928	177
929	184
930	183
931	199
932	184
933	156
934	160
935	152
936	155
937	156
938	158
939	161
940	191
941	194
942	184
943	190
944	227
945	228
946	267
947	302
948	297
949	342
950	334
951	375
952	403
953	394
954	395
955	376
956	350
957	356
958	339
959	290
960	230
961	270
962	217
963	180
964	187
965	156
966	160
967	146
968	128
969	124
970	147
971	118
972	115
973	116
974	99
975	117
976	135
977	119
978	142
979	123
980	102
981	114
982	92
983	118
984	98
985	144
986	127
987	141
988	137
989	148
990	151
991	145
992	135
993	167
994	142
995	157
996	169
997	158
998	171
999	189
1000	180
1001	167
1002	168
1003	156
1004	158
1005	167
1006	163
1007	149
1008	187
1009	174
1010	161
1011	157
1012	145
1013	149
1014	145
1015	143
1016	131
1017	134
1018	132
1019	120
1020	110
1021	129
1022	122
1023	105
1024	86
