Date:	09/05/2018		Time:	10:17		Version no:	0.00		Project name:	55		Sample name:	222		Section name:	section		Position	174.400024	mm	E0	0.000000	keV	E1	1.000000	keV/channel	sample surface	6.340342	cm	Tube anode:	Mo		Tube voltage:	30	kV	Tube current:	50	mA	gain	10		std. database			resultfile	result		matrix element	11		sample thickness	1.000000		air passage	0.560000	cm	comments	in position		peaking_time	2.200000	m-sec	trigger_threshold	547.363281	V	mca_bin_width	22.090000	no:	number_mca_channels	1024.000000	no:	gap_time	0.150000	m-sec	trigger_peaking_time	0.200000	m-sec	GAINDAC	18610		HIGHGAIN	1		TAURC	1		RCTAU	1		RCTAUFRAC	1		livetime	9.434418	seconds	runtime	10.000487	seconds	input_count_rate	24178.493011	cps	output_count_rate	19793.035683	cps	triggers	228110	seconds	events_in_run	197940	seconds	channel	content		1	0
2	0
3	0
4	0
5	0
6	0
7	0
8	0
9	0
10	0
11	0
12	0
13	0
14	0
15	0
16	0
17	0
18	0
19	0
20	0
21	0
22	0
23	0
24	0
25	0
26	0
27	0
28	0
29	0
30	0
31	12
32	17
33	16
34	18
35	19
36	10
37	18
38	25
39	17
40	12
41	17
42	14
43	14
44	17
45	9
46	11
47	19
48	12
49	10
50	13
51	16
52	10
53	23
54	11
55	12
56	17
57	13
58	5
59	14
60	12
61	14
62	11
63	12
64	11
65	8
66	10
67	11
68	12
69	12
70	10
71	11
72	5
73	9
74	11
75	9
76	13
77	9
78	11
79	8
80	9
81	17
82	7
83	18
84	7
85	9
86	7
87	8
88	9
89	9
90	9
91	3
92	7
93	13
94	12
95	12
96	15
97	19
98	16
99	11
100	10
101	4
102	5
103	7
104	9
105	12
106	9
107	10
108	8
109	14
110	7
111	6
112	4
113	8
114	3
115	6
116	6
117	5
118	5
119	5
120	5
121	5
122	3
123	6
124	5
125	4
126	4
127	5
128	3
129	5
130	4
131	3
132	1
133	0
134	3
135	4
136	1
137	2
138	3
139	5
140	7
141	4
142	5
143	2
144	6
145	2
146	5
147	5
148	7
149	4
150	4
151	8
152	7
153	5
154	10
155	6
156	6
157	6
158	9
159	11
160	20
161	27
162	33
163	25
164	31
165	18
166	27
167	13
168	6
169	7
170	5
171	4
172	6
173	3
174	5
175	13
176	8
177	8
178	19
179	18
180	24
181	25
182	27
183	20
184	15
185	17
186	11
187	9
188	4
189	3
190	5
191	1
192	5
193	5
194	12
195	7
196	26
197	60
198	98
199	156
200	214
201	337
202	368
203	387
204	374
205	298
206	217
207	128
208	95
209	38
210	34
211	17
212	9
213	6
214	6
215	12
216	25
217	34
218	41
219	54
220	61
221	61
222	62
223	45
224	34
225	30
226	22
227	11
228	5
229	10
230	4
231	4
232	5
233	9
234	6
235	4
236	5
237	9
238	6
239	12
240	9
241	21
242	47
243	72
244	100
245	157
246	187
247	218
248	224
249	197
250	166
251	132
252	106
253	72
254	65
255	43
256	49
257	36
258	29
259	18
260	26
261	12
262	7
263	15
264	19
265	20
266	25
267	44
268	39
269	49
270	55
271	56
272	59
273	46
274	33
275	26
276	22
277	12
278	13
279	14
280	6
281	7
282	13
283	2
284	10
285	9
286	8
287	18
288	7
289	14
290	16
291	12
292	27
293	12
294	10
295	15
296	20
297	24
298	22
299	28
300	15
301	15
302	15
303	17
304	11
305	14
306	19
307	9
308	11
309	14
310	9
311	11
312	22
313	14
314	21
315	26
316	33
317	49
318	88
319	124
320	140
321	169
322	179
323	187
324	222
325	181
326	158
327	120
328	83
329	61
330	42
331	29
332	32
333	30
334	25
335	36
336	35
337	33
338	51
339	59
340	138
341	193
342	388
343	648
344	1217
345	2085
346	3195
347	4441
348	5875
349	7106
350	7913
351	8298
352	7546
353	6838
354	5460
355	4057
356	2675
357	1843
358	1019
359	591
360	281
361	161
362	106
363	62
364	58
365	47
366	40
367	45
368	35
369	38
370	41
371	50
372	49
373	50
374	63
375	58
376	77
377	109
378	164
379	215
380	283
381	463
382	644
383	862
384	1117
385	1218
386	1359
387	1369
388	1291
389	1156
390	897
391	696
392	450
393	302
394	209
395	119
396	77
397	44
398	33
399	28
400	26
401	22
402	32
403	29
404	44
405	34
406	32
407	31
408	36
409	35
410	33
411	49
412	30
413	28
414	18
415	23
416	24
417	21
418	31
419	32
420	24
421	32
422	21
423	39
424	29
425	31
426	31
427	32
428	28
429	26
430	36
431	23
432	38
433	41
434	29
435	45
436	50
437	58
438	49
439	52
440	60
441	57
442	57
443	55
444	54
445	79
446	60
447	45
448	61
449	51
450	61
451	41
452	56
453	65
454	58
455	67
456	59
457	67
458	83
459	80
460	75
461	86
462	77
463	57
464	54
465	51
466	51
467	57
468	62
469	52
470	57
471	65
472	50
473	56
474	57
475	62
476	60
477	55
478	52
479	55
480	51
481	46
482	51
483	51
484	62
485	59
486	52
487	51
488	57
489	49
490	52
491	53
492	52
493	66
494	58
495	54
496	46
497	63
498	50
499	53
500	55
501	65
502	61
503	62
504	55
505	59
506	67
507	64
508	76
509	83
510	70
511	67
512	71
513	88
514	75
515	78
516	80
517	70
518	84
519	85
520	73
521	76
522	93
523	74
524	81
525	86
526	84
527	77
528	90
529	105
530	83
531	94
532	89
533	100
534	90
535	68
536	74
537	82
538	85
539	79
540	91
541	72
542	89
543	85
544	91
545	65
546	89
547	86
548	81
549	67
550	74
551	65
552	74
553	75
554	69
555	84
556	66
557	82
558	73
559	81
560	66
561	77
562	80
563	79
564	56
565	59
566	64
567	61
568	81
569	69
570	69
571	59
572	90
573	70
574	72
575	85
576	97
577	71
578	84
579	84
580	71
581	78
582	84
583	81
584	91
585	67
586	71
587	74
588	73
589	73
590	77
591	75
592	75
593	84
594	91
595	79
596	90
597	84
598	90
599	99
600	86
601	88
602	86
603	70
604	93
605	91
606	91
607	92
608	87
609	86
610	82
611	80
612	91
613	79
614	79
615	87
616	102
617	107
618	109
619	110
620	74
621	110
622	89
623	100
624	98
625	93
626	97
627	95
628	99
629	92
630	93
631	105
632	86
633	103
634	88
635	89
636	95
637	100
638	82
639	87
640	86
641	98
642	111
643	110
644	83
645	105
646	101
647	100
648	89
649	101
650	105
651	132
652	93
653	109
654	106
655	103
656	124
657	99
658	103
659	95
660	100
661	91
662	106
663	105
664	121
665	118
666	88
667	101
668	102
669	97
670	97
671	104
672	108
673	101
674	112
675	105
676	115
677	116
678	104
679	93
680	90
681	111
682	116
683	112
684	102
685	125
686	99
687	115
688	100
689	117
690	119
691	109
692	147
693	118
694	117
695	125
696	117
697	123
698	101
699	98
700	116
701	95
702	114
703	137
704	135
705	111
706	118
707	139
708	107
709	110
710	118
711	113
712	117
713	104
714	127
715	111
716	123
717	124
718	131
719	112
720	117
721	110
722	124
723	125
724	116
725	127
726	107
727	142
728	114
729	126
730	117
731	119
732	132
733	127
734	131
735	115
736	114
737	100
738	121
739	134
740	130
741	131
742	122
743	120
744	119
745	142
746	124
747	116
748	121
749	115
750	114
751	111
752	122
753	120
754	132
755	131
756	110
757	137
758	143
759	127
760	121
761	127
762	155
763	155
764	165
765	178
766	190
767	219
768	226
769	256
770	280
771	294
772	324
773	309
774	319
775	294
776	271
777	290
778	213
779	217
780	208
781	191
782	173
783	166
784	142
785	136
786	142
787	138
788	130
789	126
790	150
791	102
792	129
793	114
794	136
795	126
796	132
797	116
798	131
799	134
800	115
801	114
802	128
803	136
804	128
805	122
806	123
807	140
808	148
809	159
810	132
811	157
812	124
813	134
814	132
815	139
816	129
817	141
818	131
819	128
820	138
821	148
822	126
823	138
824	126
825	125
826	126
827	131
828	155
829	155
830	127
831	129
832	139
833	140
834	137
835	140
836	151
837	137
838	158
839	147
840	161
841	137
842	123
843	132
844	137
845	135
846	162
847	130
848	151
849	139
850	159
851	146
852	157
853	140
854	159
855	159
856	174
857	206
858	187
859	192
860	182
861	206
862	220
863	201
864	217
865	229
866	192
867	225
868	235
869	220
870	212
871	229
872	215
873	205
874	227
875	236
876	214
877	255
878	255
879	267
880	265
881	280
882	276
883	270
884	306
885	329
886	375
887	354
888	395
889	370
890	448
891	434
892	495
893	472
894	519
895	541
896	542
897	476
898	527
899	519
900	522
901	528
902	497
903	529
904	504
905	551
906	516
907	457
908	461
909	434
910	441
911	445
912	423
913	372
914	345
915	334
916	318
917	334
918	305
919	301
920	267
921	254
922	230
923	245
924	224
925	209
926	206
927	203
928	190
929	219
930	171
931	181
932	162
933	183
934	153
935	151
936	177
937	157
938	173
939	161
940	188
941	167
942	152
943	188
944	221
945	253
946	265
947	299
948	364
949	370
950	362
951	392
952	429
953	429
954	371
955	442
956	364
957	349
958	374
959	301
960	285
961	247
962	196
963	201
964	159
965	167
966	121
967	149
968	153
969	105
970	122
971	123
972	117
973	137
974	113
975	124
976	135
977	118
978	124
979	125
980	104
981	122
982	126
983	135
984	133
985	123
986	132
987	123
988	145
989	141
990	162
991	152
992	143
993	162
994	172
995	176
996	183
997	163
998	149
999	162
1000	187
1001	160
1002	183
1003	164
1004	161
1005	210
1006	161
1007	171
1008	185
1009	167
1010	150
1011	160
1012	160
1013	198
1014	144
1015	145
1016	121
1017	130
1018	148
1019	127
1020	119
1021	118
1022	132
1023	100
1024	103
