Date:	09/05/2018		Time:	10:48		Version no:	0.00		Project name:	55		Sample name:	222		Section name:	section		Position	206.800034	mm	E0	0.000000	keV	E1	1.000000	keV/channel	sample surface	5.995409	cm	Tube anode:	Mo		Tube voltage:	30	kV	Tube current:	50	mA	gain	10		std. database			resultfile	result		matrix element	11		sample thickness	1.000000		air passage	0.560000	cm	comments	in position		peaking_time	2.200000	m-sec	trigger_threshold	547.363281	V	mca_bin_width	22.090000	no:	number_mca_channels	1024.000000	no:	gap_time	0.150000	m-sec	trigger_peaking_time	0.200000	m-sec	GAINDAC	18610		HIGHGAIN	1		TAURC	1		RCTAU	1		RCTAUFRAC	1		livetime	9.411524	seconds	runtime	10.000491	seconds	input_count_rate	24827.859973	cps	output_count_rate	20171.609171	cps	triggers	233668	seconds	events_in_run	201726	seconds	channel	content		1	0
2	0
3	0
4	0
5	0
6	0
7	0
8	0
9	0
10	0
11	0
12	0
13	0
14	0
15	0
16	0
17	0
18	0
19	0
20	0
21	0
22	0
23	0
24	0
25	0
26	0
27	0
28	0
29	0
30	0
31	17
32	27
33	13
34	17
35	14
36	13
37	12
38	17
39	12
40	16
41	16
42	16
43	16
44	15
45	17
46	24
47	19
48	17
49	13
50	12
51	13
52	8
53	19
54	18
55	11
56	8
57	18
58	12
59	13
60	23
61	8
62	14
63	15
64	12
65	12
66	5
67	13
68	6
69	10
70	9
71	5
72	9
73	6
74	10
75	11
76	6
77	10
78	2
79	6
80	11
81	13
82	13
83	17
84	10
85	10
86	8
87	4
88	9
89	10
90	7
91	6
92	6
93	16
94	17
95	15
96	24
97	30
98	10
99	11
100	8
101	10
102	8
103	8
104	7
105	3
106	11
107	11
108	10
109	9
110	7
111	3
112	8
113	6
114	7
115	7
116	6
117	4
118	5
119	3
120	4
121	1
122	5
123	2
124	5
125	4
126	4
127	6
128	6
129	2
130	4
131	5
132	5
133	4
134	4
135	0
136	7
137	1
138	8
139	3
140	1
141	8
142	4
143	1
144	4
145	5
146	4
147	3
148	3
149	2
150	1
151	7
152	3
153	3
154	3
155	5
156	5
157	6
158	5
159	16
160	20
161	20
162	30
163	30
164	24
165	15
166	25
167	6
168	3
169	8
170	6
171	5
172	7
173	7
174	4
175	5
176	7
177	9
178	6
179	14
180	17
181	20
182	21
183	25
184	23
185	21
186	14
187	13
188	4
189	2
190	3
191	3
192	6
193	11
194	13
195	16
196	31
197	50
198	104
199	166
200	239
201	332
202	390
203	404
204	395
205	314
206	258
207	145
208	96
209	48
210	24
211	10
212	8
213	11
214	13
215	15
216	28
217	41
218	44
219	56
220	64
221	79
222	55
223	57
224	36
225	35
226	14
227	21
228	6
229	5
230	7
231	6
232	3
233	3
234	7
235	8
236	6
237	7
238	7
239	9
240	13
241	30
242	49
243	63
244	103
245	164
246	173
247	220
248	225
249	177
250	146
251	141
252	86
253	71
254	67
255	45
256	42
257	35
258	27
259	23
260	26
261	14
262	13
263	11
264	12
265	18
266	26
267	27
268	51
269	43
270	50
271	47
272	46
273	57
274	41
275	28
276	28
277	14
278	9
279	10
280	13
281	10
282	6
283	9
284	13
285	19
286	17
287	13
288	14
289	14
290	16
291	13
292	16
293	26
294	20
295	21
296	16
297	17
298	19
299	23
300	16
301	10
302	17
303	15
304	8
305	6
306	10
307	11
308	11
309	16
310	10
311	18
312	17
313	16
314	21
315	18
316	30
317	36
318	58
319	62
320	70
321	95
322	130
323	98
324	116
325	126
326	94
327	77
328	44
329	43
330	39
331	39
332	26
333	22
334	27
335	28
336	35
337	37
338	43
339	77
340	130
341	204
342	357
343	682
344	1269
345	2011
346	3067
347	4372
348	5769
349	7059
350	7684
351	7973
352	7617
353	6609
354	5233
355	3920
356	2737
357	1799
358	1077
359	519
360	293
361	155
362	79
363	64
364	45
365	37
366	44
367	41
368	48
369	60
370	45
371	56
372	49
373	42
374	63
375	74
376	97
377	114
378	146
379	244
380	318
381	464
382	627
383	836
384	989
385	1241
386	1313
387	1300
388	1303
389	1141
390	866
391	680
392	457
393	322
394	217
395	134
396	80
397	45
398	36
399	25
400	30
401	25
402	38
403	33
404	25
405	28
406	41
407	44
408	37
409	48
410	39
411	38
412	35
413	35
414	42
415	30
416	36
417	31
418	24
419	29
420	27
421	30
422	32
423	32
424	35
425	40
426	33
427	36
428	30
429	33
430	34
431	39
432	52
433	39
434	56
435	57
436	49
437	51
438	82
439	64
440	78
441	79
442	92
443	74
444	66
445	68
446	65
447	57
448	58
449	64
450	58
451	66
452	70
453	67
454	60
455	92
456	77
457	73
458	71
459	85
460	84
461	80
462	78
463	71
464	46
465	59
466	51
467	56
468	70
469	71
470	63
471	53
472	74
473	61
474	57
475	64
476	62
477	60
478	53
479	64
480	55
481	67
482	66
483	56
484	53
485	70
486	60
487	54
488	55
489	54
490	48
491	70
492	60
493	60
494	71
495	76
496	67
497	43
498	60
499	60
500	58
501	57
502	68
503	76
504	66
505	74
506	83
507	75
508	71
509	84
510	85
511	82
512	73
513	99
514	79
515	71
516	92
517	74
518	90
519	99
520	103
521	82
522	73
523	106
524	79
525	82
526	98
527	105
528	96
529	106
530	101
531	85
532	85
533	97
534	87
535	93
536	76
537	77
538	90
539	83
540	72
541	85
542	80
543	81
544	87
545	100
546	82
547	114
548	81
549	73
550	80
551	90
552	65
553	72
554	66
555	82
556	96
557	82
558	81
559	104
560	93
561	92
562	80
563	70
564	68
565	83
566	90
567	88
568	71
569	86
570	75
571	87
572	94
573	78
574	70
575	89
576	72
577	88
578	81
579	104
580	92
581	87
582	85
583	59
584	91
585	98
586	71
587	93
588	73
589	110
590	98
591	100
592	93
593	85
594	87
595	111
596	96
597	105
598	96
599	95
600	98
601	79
602	99
603	98
604	90
605	85
606	92
607	93
608	100
609	92
610	93
611	107
612	95
613	123
614	104
615	111
616	96
617	103
618	99
619	107
620	105
621	85
622	109
623	102
624	94
625	103
626	91
627	107
628	80
629	115
630	100
631	116
632	96
633	95
634	115
635	101
636	94
637	83
638	104
639	123
640	71
641	113
642	121
643	132
644	90
645	103
646	105
647	109
648	99
649	115
650	90
651	104
652	123
653	111
654	122
655	121
656	96
657	123
658	112
659	132
660	124
661	105
662	101
663	118
664	93
665	101
666	119
667	107
668	120
669	107
670	119
671	117
672	120
673	126
674	109
675	124
676	123
677	125
678	135
679	107
680	117
681	103
682	111
683	141
684	106
685	121
686	122
687	117
688	120
689	116
690	129
691	137
692	118
693	124
694	116
695	121
696	118
697	125
698	113
699	138
700	116
701	125
702	121
703	141
704	131
705	134
706	137
707	132
708	130
709	140
710	168
711	126
712	129
713	130
714	119
715	101
716	129
717	124
718	133
719	118
720	137
721	122
722	118
723	128
724	129
725	122
726	110
727	131
728	120
729	147
730	133
731	141
732	124
733	122
734	140
735	135
736	139
737	156
738	137
739	125
740	114
741	112
742	148
743	139
744	119
745	142
746	139
747	141
748	128
749	121
750	131
751	128
752	142
753	134
754	133
755	135
756	126
757	135
758	147
759	135
760	146
761	138
762	161
763	152
764	182
765	181
766	203
767	220
768	220
769	257
770	252
771	292
772	271
773	293
774	302
775	303
776	279
777	284
778	197
779	211
780	224
781	199
782	178
783	162
784	152
785	137
786	171
787	132
788	146
789	146
790	134
791	129
792	121
793	129
794	127
795	146
796	155
797	148
798	121
799	133
800	154
801	152
802	127
803	153
804	135
805	143
806	149
807	127
808	151
809	141
810	130
811	146
812	145
813	147
814	166
815	156
816	131
817	175
818	152
819	149
820	132
821	156
822	159
823	146
824	149
825	154
826	171
827	166
828	141
829	145
830	151
831	146
832	161
833	148
834	143
835	175
836	136
837	147
838	146
839	167
840	146
841	144
842	139
843	150
844	151
845	137
846	154
847	151
848	150
849	151
850	169
851	154
852	160
853	184
854	195
855	180
856	191
857	198
858	189
859	190
860	172
861	194
862	225
863	239
864	205
865	238
866	224
867	225
868	246
869	201
870	216
871	230
872	201
873	218
874	223
875	216
876	247
877	245
878	224
879	263
880	278
881	270
882	309
883	310
884	345
885	330
886	347
887	379
888	421
889	397
890	457
891	388
892	444
893	463
894	547
895	532
896	531
897	521
898	570
899	559
900	588
901	604
902	559
903	530
904	556
905	553
906	529
907	588
908	484
909	519
910	500
911	464
912	430
913	427
914	402
915	367
916	358
917	361
918	334
919	260
920	290
921	271
922	252
923	261
924	261
925	238
926	199
927	180
928	168
929	200
930	197
931	189
932	177
933	182
934	159
935	144
936	163
937	166
938	178
939	169
940	175
941	174
942	201
943	238
944	246
945	247
946	300
947	304
948	307
949	356
950	389
951	407
952	434
953	431
954	448
955	416
956	388
957	417
958	368
959	348
960	312
961	247
962	222
963	203
964	192
965	189
966	142
967	153
968	149
969	148
970	125
971	143
972	119
973	150
974	103
975	144
976	130
977	136
978	129
979	127
980	118
981	134
982	141
983	126
984	159
985	138
986	160
987	145
988	150
989	141
990	146
991	160
992	174
993	150
994	186
995	182
996	167
997	165
998	171
999	158
1000	178
1001	194
1002	188
1003	162
1004	191
1005	174
1006	171
1007	184
1008	166
1009	174
1010	169
1011	173
1012	166
1013	161
1014	162
1015	152
1016	155
1017	138
1018	142
1019	122
1020	140
1021	131
1022	134
1023	117
1024	125
