Date:	09/05/2018		Time:	12:05		Version no:	0.00		Project name:	55		Sample name:	222		Section name:	section		Position	288.200043	mm	E0	0.000000	keV	E1	1.000000	keV/channel	sample surface	6.147413	cm	Tube anode:	Mo		Tube voltage:	30	kV	Tube current:	50	mA	gain	10		std. database			resultfile	result		matrix element	11		sample thickness	1.000000		air passage	0.560000	cm	comments	in position		peaking_time	2.200000	m-sec	trigger_threshold	547.363281	V	mca_bin_width	22.090000	no:	number_mca_channels	1024.000000	no:	gap_time	0.150000	m-sec	trigger_peaking_time	0.200000	m-sec	GAINDAC	18610		HIGHGAIN	1		TAURC	1		RCTAU	1		RCTAUFRAC	1		livetime	9.485822	seconds	runtime	10.000494	seconds	input_count_rate	22790.538436	cps	output_count_rate	18925.264335	cps	triggers	216187	seconds	events_in_run	189262	seconds	channel	content		1	0
2	0
3	0
4	0
5	0
6	0
7	0
8	0
9	0
10	0
11	0
12	0
13	0
14	0
15	0
16	0
17	0
18	0
19	0
20	0
21	0
22	0
23	0
24	0
25	0
26	0
27	0
28	0
29	0
30	0
31	7
32	11
33	7
34	17
35	16
36	20
37	11
38	14
39	9
40	9
41	16
42	12
43	12
44	6
45	11
46	12
47	10
48	13
49	16
50	15
51	10
52	1
53	19
54	9
55	12
56	10
57	6
58	10
59	11
60	13
61	15
62	7
63	8
64	11
65	12
66	8
67	7
68	4
69	10
70	6
71	6
72	7
73	9
74	8
75	5
76	7
77	2
78	7
79	4
80	11
81	11
82	16
83	7
84	8
85	9
86	5
87	4
88	4
89	7
90	1
91	6
92	15
93	13
94	10
95	13
96	18
97	16
98	9
99	14
100	9
101	7
102	12
103	7
104	10
105	6
106	10
107	8
108	9
109	13
110	8
111	5
112	2
113	6
114	2
115	1
116	3
117	4
118	4
119	6
120	2
121	3
122	5
123	8
124	4
125	6
126	5
127	3
128	5
129	3
130	10
131	7
132	3
133	2
134	1
135	4
136	3
137	5
138	4
139	3
140	4
141	4
142	5
143	2
144	2
145	7
146	7
147	4
148	2
149	4
150	8
151	5
152	7
153	8
154	4
155	5
156	7
157	5
158	5
159	19
160	21
161	16
162	30
163	24
164	20
165	27
166	12
167	16
168	13
169	2
170	4
171	5
172	7
173	5
174	7
175	6
176	12
177	8
178	18
179	13
180	17
181	26
182	28
183	30
184	23
185	19
186	14
187	9
188	3
189	8
190	6
191	3
192	5
193	10
194	12
195	20
196	42
197	95
198	133
199	248
200	349
201	522
202	540
203	594
204	538
205	437
206	321
207	179
208	104
209	68
210	35
211	14
212	15
213	2
214	10
215	30
216	31
217	63
218	82
219	86
220	109
221	106
222	74
223	61
224	46
225	47
226	24
227	17
228	6
229	9
230	5
231	4
232	5
233	5
234	2
235	3
236	5
237	6
238	5
239	14
240	22
241	38
242	55
243	128
244	206
245	231
246	306
247	353
248	369
249	326
250	273
251	202
252	163
253	103
254	86
255	55
256	39
257	44
258	22
259	17
260	23
261	19
262	14
263	14
264	14
265	27
266	26
267	55
268	55
269	57
270	77
271	56
272	85
273	56
274	40
275	38
276	25
277	17
278	11
279	7
280	8
281	15
282	5
283	9
284	10
285	15
286	20
287	14
288	7
289	18
290	10
291	13
292	9
293	20
294	22
295	16
296	15
297	20
298	22
299	33
300	13
301	13
302	15
303	14
304	13
305	5
306	12
307	14
308	14
309	8
310	12
311	11
312	11
313	13
314	22
315	18
316	19
317	23
318	42
319	67
320	69
321	89
322	98
323	115
324	106
325	93
326	82
327	74
328	46
329	42
330	42
331	23
332	19
333	19
334	29
335	37
336	33
337	42
338	50
339	81
340	113
341	226
342	413
343	717
344	1381
345	2146
346	3330
347	4660
348	6132
349	7420
350	8369
351	8251
352	7841
353	7026
354	5564
355	4145
356	2827
357	1781
358	1027
359	592
360	313
361	163
362	90
363	62
364	54
365	39
366	42
367	40
368	37
369	43
370	59
371	46
372	49
373	54
374	65
375	77
376	84
377	125
378	165
379	216
380	345
381	457
382	703
383	889
384	1097
385	1285
386	1385
387	1341
388	1315
389	1128
390	932
391	679
392	455
393	346
394	212
395	104
396	79
397	53
398	19
399	35
400	27
401	36
402	20
403	29
404	30
405	31
406	32
407	24
408	27
409	31
410	30
411	36
412	31
413	25
414	29
415	27
416	28
417	36
418	28
419	18
420	26
421	27
422	24
423	23
424	21
425	24
426	24
427	28
428	34
429	26
430	40
431	33
432	38
433	32
434	38
435	49
436	45
437	48
438	54
439	48
440	54
441	54
442	62
443	50
444	52
445	55
446	67
447	55
448	51
449	57
450	53
451	50
452	54
453	61
454	55
455	71
456	67
457	78
458	80
459	90
460	70
461	72
462	83
463	69
464	48
465	60
466	56
467	51
468	51
469	62
470	69
471	47
472	57
473	71
474	69
475	54
476	56
477	43
478	53
479	47
480	42
481	29
482	52
483	52
484	44
485	51
486	53
487	37
488	61
489	50
490	49
491	43
492	40
493	54
494	50
495	57
496	45
497	51
498	52
499	71
500	67
501	63
502	65
503	62
504	46
505	63
506	71
507	69
508	57
509	74
510	63
511	63
512	72
513	80
514	65
515	67
516	66
517	71
518	55
519	66
520	51
521	79
522	93
523	67
524	82
525	78
526	80
527	85
528	91
529	83
530	94
531	96
532	76
533	83
534	84
535	77
536	65
537	73
538	72
539	62
540	71
541	69
542	86
543	53
544	81
545	84
546	79
547	68
548	46
549	78
550	66
551	64
552	67
553	72
554	65
555	64
556	68
557	67
558	75
559	73
560	63
561	65
562	62
563	65
564	62
565	83
566	71
567	74
568	64
569	52
570	66
571	81
572	75
573	57
574	61
575	68
576	75
577	79
578	78
579	73
580	64
581	79
582	82
583	80
584	74
585	70
586	67
587	77
588	71
589	79
590	94
591	76
592	78
593	74
594	58
595	65
596	72
597	89
598	89
599	65
600	79
601	73
602	75
603	81
604	73
605	88
606	85
607	81
608	95
609	76
610	78
611	72
612	98
613	82
614	101
615	74
616	86
617	75
618	94
619	83
620	90
621	99
622	92
623	82
624	75
625	97
626	98
627	99
628	96
629	81
630	90
631	93
632	91
633	97
634	100
635	91
636	84
637	77
638	69
639	90
640	80
641	101
642	80
643	87
644	81
645	86
646	68
647	87
648	78
649	105
650	103
651	78
652	90
653	84
654	103
655	104
656	85
657	94
658	74
659	99
660	105
661	99
662	98
663	99
664	93
665	111
666	83
667	99
668	79
669	90
670	109
671	87
672	107
673	99
674	103
675	96
676	88
677	97
678	85
679	92
680	86
681	92
682	110
683	94
684	85
685	87
686	103
687	106
688	97
689	112
690	89
691	91
692	114
693	109
694	112
695	100
696	92
697	103
698	133
699	105
700	97
701	108
702	102
703	100
704	116
705	99
706	107
707	113
708	112
709	110
710	97
711	101
712	100
713	113
714	94
715	112
716	131
717	107
718	106
719	111
720	104
721	100
722	105
723	107
724	107
725	104
726	107
727	122
728	105
729	117
730	109
731	122
732	111
733	111
734	104
735	117
736	129
737	111
738	124
739	132
740	115
741	116
742	100
743	85
744	107
745	105
746	112
747	112
748	111
749	110
750	111
751	97
752	108
753	122
754	114
755	117
756	116
757	108
758	109
759	119
760	129
761	138
762	128
763	155
764	143
765	159
766	155
767	181
768	201
769	227
770	256
771	250
772	246
773	244
774	285
775	257
776	278
777	239
778	212
779	193
780	189
781	165
782	160
783	120
784	136
785	111
786	105
787	112
788	113
789	124
790	96
791	97
792	125
793	126
794	118
795	128
796	105
797	115
798	85
799	99
800	126
801	150
802	125
803	120
804	119
805	117
806	103
807	122
808	114
809	127
810	132
811	124
812	121
813	133
814	124
815	146
816	123
817	143
818	114
819	108
820	128
821	102
822	124
823	124
824	122
825	107
826	114
827	132
828	117
829	128
830	121
831	89
832	109
833	121
834	105
835	117
836	114
837	136
838	113
839	103
840	126
841	131
842	118
843	115
844	101
845	117
846	99
847	121
848	117
849	131
850	124
851	124
852	159
853	138
854	155
855	151
856	169
857	155
858	183
859	165
860	183
861	192
862	185
863	199
864	188
865	185
866	231
867	212
868	196
869	190
870	184
871	183
872	164
873	217
874	190
875	187
876	182
877	204
878	235
879	207
880	227
881	232
882	248
883	267
884	278
885	276
886	286
887	337
888	334
889	318
890	355
891	378
892	375
893	426
894	404
895	410
896	442
897	419
898	454
899	442
900	450
901	438
902	488
903	423
904	421
905	439
906	409
907	391
908	417
909	423
910	328
911	359
912	344
913	305
914	298
915	311
916	288
917	265
918	242
919	231
920	216
921	203
922	201
923	210
924	205
925	166
926	164
927	167
928	161
929	132
930	143
931	160
932	138
933	131
934	129
935	136
936	120
937	132
938	138
939	145
940	146
941	159
942	175
943	171
944	182
945	237
946	238
947	274
948	289
949	325
950	365
951	338
952	361
953	384
954	340
955	375
956	369
957	328
958	316
959	321
960	267
961	228
962	171
963	176
964	169
965	143
966	120
967	133
968	121
969	112
970	110
971	101
972	107
973	107
974	96
975	119
976	94
977	111
978	87
979	122
980	103
981	91
982	110
983	105
984	108
985	132
986	106
987	116
988	129
989	111
990	120
991	117
992	130
993	112
994	134
995	111
996	133
997	136
998	147
999	138
1000	166
1001	117
1002	134
1003	133
1004	143
1005	140
1006	148
1007	153
1008	135
1009	136
1010	120
1011	112
1012	113
1013	136
1014	121
1015	101
1016	102
1017	100
1018	124
1019	96
1020	86
1021	92
1022	108
1023	82
1024	84
