Date:	09/05/2018		Time:	11:52		Version no:	0.00		Project name:	55		Sample name:	222		Section name:	section		Position	273.800018	mm	E0	0.000000	keV	E1	1.000000	keV/channel	sample surface	6.187064	cm	Tube anode:	Mo		Tube voltage:	30	kV	Tube current:	50	mA	gain	10		std. database			resultfile	result		matrix element	11		sample thickness	1.000000		air passage	0.560000	cm	comments	in position		peaking_time	2.200000	m-sec	trigger_threshold	547.363281	V	mca_bin_width	22.090000	no:	number_mca_channels	1024.000000	no:	gap_time	0.150000	m-sec	trigger_peaking_time	0.200000	m-sec	GAINDAC	18610		HIGHGAIN	1		TAURC	1		RCTAU	1		RCTAUFRAC	1		livetime	9.501323	seconds	runtime	10.000491	seconds	input_count_rate	21336.396598	cps	output_count_rate	17847.223344	cps	triggers	202724	seconds	events_in_run	178481	seconds	channel	content		1	0
2	0
3	0
4	0
5	0
6	0
7	0
8	0
9	0
10	0
11	0
12	0
13	0
14	0
15	0
16	0
17	0
18	0
19	0
20	0
21	0
22	0
23	0
24	0
25	0
26	0
27	0
28	0
29	0
30	0
31	12
32	14
33	15
34	11
35	8
36	11
37	12
38	15
39	15
40	11
41	10
42	14
43	14
44	12
45	9
46	18
47	19
48	4
49	11
50	16
51	12
52	8
53	16
54	22
55	11
56	15
57	9
58	11
59	17
60	8
61	9
62	11
63	18
64	11
65	12
66	8
67	7
68	6
69	5
70	10
71	4
72	6
73	5
74	5
75	6
76	8
77	8
78	8
79	13
80	11
81	5
82	6
83	6
84	9
85	6
86	4
87	3
88	4
89	9
90	5
91	6
92	8
93	11
94	10
95	12
96	14
97	19
98	20
99	11
100	8
101	10
102	6
103	10
104	6
105	7
106	6
107	9
108	6
109	11
110	7
111	8
112	6
113	7
114	9
115	2
116	4
117	3
118	4
119	0
120	4
121	4
122	3
123	1
124	5
125	4
126	2
127	8
128	5
129	4
130	5
131	5
132	3
133	2
134	3
135	4
136	5
137	3
138	5
139	6
140	5
141	2
142	2
143	2
144	3
145	5
146	3
147	2
148	2
149	3
150	0
151	4
152	6
153	3
154	3
155	5
156	4
157	11
158	6
159	8
160	26
161	25
162	27
163	36
164	29
165	26
166	25
167	12
168	8
169	8
170	5
171	5
172	4
173	5
174	4
175	4
176	14
177	9
178	12
179	8
180	17
181	17
182	28
183	22
184	21
185	20
186	9
187	11
188	3
189	4
190	4
191	3
192	2
193	6
194	7
195	10
196	24
197	47
198	85
199	143
200	214
201	246
202	308
203	342
204	292
205	235
206	172
207	133
208	78
209	41
210	25
211	13
212	8
213	9
214	11
215	11
216	19
217	30
218	28
219	45
220	47
221	55
222	55
223	41
224	33
225	31
226	13
227	15
228	4
229	3
230	5
231	3
232	7
233	4
234	1
235	5
236	5
237	7
238	6
239	7
240	15
241	21
242	34
243	67
244	106
245	128
246	165
247	189
248	207
249	168
250	145
251	118
252	90
253	70
254	50
255	31
256	21
257	34
258	15
259	19
260	12
261	18
262	7
263	8
264	15
265	20
266	12
267	29
268	32
269	45
270	38
271	49
272	36
273	56
274	36
275	21
276	23
277	18
278	6
279	10
280	8
281	9
282	7
283	9
284	7
285	10
286	8
287	23
288	15
289	16
290	20
291	18
292	12
293	19
294	14
295	17
296	13
297	13
298	20
299	18
300	12
301	11
302	13
303	11
304	7
305	13
306	11
307	13
308	14
309	8
310	11
311	9
312	13
313	10
314	12
315	14
316	20
317	28
318	49
319	51
320	74
321	90
322	96
323	105
324	114
325	94
326	81
327	65
328	48
329	39
330	27
331	28
332	24
333	29
334	39
335	22
336	37
337	37
338	39
339	61
340	99
341	181
342	377
343	575
344	1117
345	1785
346	2934
347	3987
348	5270
349	6319
350	7112
351	7402
352	7019
353	6141
354	4942
355	3717
356	2472
357	1545
358	979
359	512
360	271
361	129
362	84
363	50
364	36
365	33
366	30
367	34
368	30
369	45
370	39
371	48
372	48
373	43
374	53
375	73
376	68
377	94
378	141
379	214
380	296
381	393
382	581
383	731
384	926
385	1125
386	1202
387	1284
388	1175
389	1025
390	734
391	632
392	419
393	272
394	191
395	129
396	73
397	45
398	40
399	37
400	22
401	14
402	21
403	21
404	36
405	22
406	31
407	42
408	33
409	28
410	37
411	33
412	38
413	27
414	37
415	22
416	23
417	27
418	26
419	26
420	23
421	26
422	29
423	24
424	31
425	34
426	32
427	39
428	22
429	35
430	28
431	28
432	25
433	44
434	34
435	32
436	55
437	42
438	60
439	56
440	65
441	69
442	60
443	48
444	48
445	68
446	44
447	57
448	44
449	44
450	49
451	34
452	61
453	46
454	51
455	61
456	73
457	79
458	68
459	98
460	77
461	74
462	60
463	78
464	55
465	61
466	52
467	45
468	59
469	47
470	44
471	45
472	61
473	60
474	60
475	63
476	49
477	64
478	57
479	41
480	53
481	42
482	43
483	49
484	55
485	35
486	53
487	44
488	36
489	51
490	38
491	48
492	50
493	47
494	43
495	50
496	37
497	57
498	48
499	61
500	52
501	61
502	54
503	67
504	60
505	65
506	54
507	65
508	64
509	80
510	59
511	68
512	64
513	75
514	78
515	66
516	70
517	64
518	77
519	68
520	77
521	61
522	82
523	85
524	91
525	87
526	70
527	89
528	96
529	75
530	91
531	82
532	79
533	79
534	79
535	59
536	68
537	74
538	70
539	59
540	61
541	64
542	73
543	67
544	80
545	59
546	58
547	72
548	73
549	94
550	68
551	62
552	72
553	57
554	87
555	59
556	70
557	62
558	66
559	51
560	64
561	71
562	70
563	76
564	71
565	70
566	68
567	65
568	77
569	61
570	71
571	68
572	72
573	66
574	77
575	69
576	73
577	60
578	81
579	73
580	81
581	60
582	72
583	89
584	66
585	60
586	85
587	76
588	64
589	69
590	79
591	72
592	76
593	70
594	73
595	72
596	72
597	71
598	69
599	83
600	78
601	80
602	76
603	82
604	87
605	82
606	92
607	95
608	91
609	95
610	76
611	89
612	77
613	90
614	87
615	93
616	89
617	76
618	76
619	96
620	88
621	87
622	87
623	75
624	107
625	90
626	94
627	70
628	90
629	95
630	93
631	102
632	87
633	91
634	91
635	83
636	80
637	92
638	74
639	84
640	96
641	90
642	83
643	90
644	102
645	97
646	80
647	117
648	104
649	97
650	89
651	86
652	113
653	92
654	95
655	86
656	94
657	80
658	96
659	88
660	89
661	94
662	96
663	85
664	108
665	87
666	94
667	80
668	82
669	102
670	108
671	105
672	89
673	89
674	101
675	108
676	107
677	115
678	113
679	95
680	97
681	92
682	81
683	97
684	114
685	99
686	99
687	115
688	108
689	88
690	110
691	106
692	81
693	110
694	113
695	97
696	125
697	92
698	121
699	95
700	105
701	109
702	116
703	111
704	120
705	98
706	98
707	111
708	111
709	101
710	107
711	113
712	101
713	105
714	106
715	111
716	104
717	113
718	130
719	101
720	120
721	137
722	133
723	102
724	120
725	113
726	120
727	114
728	117
729	103
730	120
731	126
732	141
733	130
734	119
735	120
736	95
737	108
738	121
739	99
740	114
741	125
742	119
743	121
744	114
745	117
746	131
747	121
748	141
749	122
750	128
751	108
752	109
753	91
754	110
755	114
756	136
757	134
758	107
759	123
760	112
761	130
762	126
763	157
764	172
765	171
766	184
767	175
768	189
769	238
770	245
771	255
772	278
773	252
774	268
775	259
776	265
777	238
778	225
779	188
780	200
781	142
782	140
783	141
784	132
785	137
786	121
787	122
788	105
789	123
790	137
791	125
792	108
793	111
794	120
795	102
796	104
797	113
798	110
799	118
800	138
801	107
802	116
803	112
804	130
805	118
806	122
807	122
808	107
809	148
810	114
811	121
812	123
813	122
814	134
815	127
816	136
817	123
818	118
819	131
820	121
821	125
822	124
823	131
824	149
825	116
826	148
827	137
828	123
829	122
830	144
831	128
832	137
833	104
834	135
835	106
836	128
837	129
838	112
839	145
840	146
841	144
842	134
843	127
844	132
845	110
846	125
847	131
848	126
849	153
850	125
851	130
852	139
853	122
854	145
855	152
856	150
857	156
858	153
859	164
860	183
861	196
862	195
863	203
864	213
865	195
866	187
867	194
868	190
869	214
870	195
871	215
872	211
873	194
874	211
875	191
876	200
877	212
878	228
879	229
880	287
881	294
882	261
883	282
884	307
885	317
886	359
887	331
888	394
889	357
890	370
891	408
892	415
893	431
894	503
895	428
896	459
897	488
898	519
899	435
900	516
901	457
902	485
903	480
904	472
905	458
906	446
907	458
908	442
909	398
910	417
911	401
912	370
913	352
914	342
915	299
916	280
917	294
918	275
919	238
920	235
921	227
922	211
923	207
924	185
925	222
926	182
927	171
928	161
929	168
930	156
931	159
932	161
933	149
934	142
935	131
936	132
937	144
938	131
939	161
940	177
941	154
942	151
943	185
944	219
945	237
946	263
947	266
948	279
949	289
950	340
951	374
952	353
953	390
954	373
955	400
956	358
957	341
958	306
959	274
960	259
961	228
962	207
963	174
964	154
965	173
966	110
967	131
968	130
969	110
970	116
971	105
972	106
973	124
974	121
975	112
976	94
977	102
978	122
979	117
980	105
981	103
982	121
983	122
984	139
985	118
986	122
987	139
988	115
989	137
990	127
991	146
992	147
993	158
994	148
995	148
996	158
997	139
998	155
999	170
1000	159
1001	149
1002	175
1003	158
1004	157
1005	157
1006	123
1007	146
1008	133
1009	142
1010	142
1011	136
1012	154
1013	131
1014	129
1015	131
1016	124
1017	128
1018	119
1019	115
1020	120
1021	107
1022	108
1023	96
1024	110
