Date:	09/05/2018		Time:	10:50		Version no:	0.00		Project name:	55		Sample name:	222		Section name:	section		Position	209.000031	mm	E0	0.000000	keV	E1	1.000000	keV/channel	sample surface	5.995789	cm	Tube anode:	Mo		Tube voltage:	30	kV	Tube current:	50	mA	gain	10		std. database			resultfile	result		matrix element	11		sample thickness	1.000000		air passage	0.560000	cm	comments	in position		peaking_time	2.200000	m-sec	trigger_threshold	547.363281	V	mca_bin_width	22.090000	no:	number_mca_channels	1024.000000	no:	gap_time	0.150000	m-sec	trigger_peaking_time	0.200000	m-sec	GAINDAC	18610		HIGHGAIN	1		TAURC	1		RCTAU	1		RCTAUFRAC	1		livetime	9.404190	seconds	runtime	10.000123	seconds	input_count_rate	25902.070209	cps	output_count_rate	20946.141944	cps	triggers	243588	seconds	events_in_run	209464	seconds	channel	content		1	0
2	0
3	0
4	0
5	0
6	0
7	0
8	0
9	0
10	0
11	0
12	0
13	0
14	0
15	0
16	0
17	0
18	0
19	0
20	0
21	0
22	0
23	0
24	0
25	0
26	0
27	0
28	0
29	0
30	0
31	20
32	11
33	9
34	8
35	13
36	11
37	12
38	12
39	16
40	13
41	22
42	11
43	15
44	13
45	15
46	17
47	19
48	12
49	14
50	16
51	18
52	10
53	18
54	8
55	10
56	13
57	4
58	20
59	9
60	15
61	4
62	16
63	8
64	16
65	8
66	12
67	10
68	10
69	15
70	6
71	11
72	9
73	9
74	9
75	9
76	8
77	10
78	11
79	10
80	11
81	15
82	10
83	10
84	15
85	6
86	10
87	5
88	4
89	10
90	9
91	2
92	12
93	12
94	18
95	44
96	22
97	19
98	18
99	13
100	11
101	8
102	13
103	11
104	9
105	10
106	9
107	11
108	13
109	6
110	7
111	9
112	6
113	5
114	8
115	8
116	2
117	5
118	6
119	10
120	5
121	3
122	4
123	11
124	7
125	4
126	3
127	5
128	6
129	7
130	7
131	3
132	5
133	2
134	7
135	5
136	2
137	5
138	4
139	2
140	3
141	3
142	4
143	4
144	4
145	6
146	5
147	6
148	6
149	2
150	6
151	3
152	3
153	2
154	4
155	3
156	10
157	7
158	6
159	18
160	13
161	21
162	39
163	29
164	25
165	27
166	17
167	10
168	10
169	6
170	4
171	2
172	9
173	7
174	6
175	4
176	13
177	7
178	10
179	9
180	20
181	32
182	27
183	33
184	11
185	18
186	12
187	6
188	12
189	4
190	4
191	8
192	5
193	7
194	9
195	21
196	34
197	47
198	105
199	180
200	247
201	286
202	387
203	385
204	372
205	291
206	195
207	161
208	96
209	51
210	23
211	21
212	7
213	11
214	20
215	9
216	17
217	29
218	45
219	55
220	77
221	64
222	69
223	45
224	40
225	26
226	16
227	16
228	12
229	8
230	3
231	9
232	7
233	5
234	4
235	6
236	7
237	6
238	8
239	10
240	15
241	32
242	43
243	77
244	123
245	143
246	203
247	221
248	236
249	208
250	160
251	113
252	100
253	95
254	69
255	41
256	46
257	38
258	33
259	21
260	14
261	12
262	11
263	21
264	10
265	24
266	28
267	42
268	44
269	47
270	71
271	65
272	50
273	48
274	51
275	29
276	18
277	21
278	13
279	14
280	13
281	13
282	13
283	14
284	10
285	13
286	19
287	17
288	17
289	26
290	16
291	15
292	19
293	11
294	15
295	18
296	22
297	18
298	16
299	21
300	7
301	19
302	14
303	18
304	12
305	23
306	15
307	12
308	9
309	12
310	17
311	15
312	16
313	6
314	21
315	28
316	17
317	28
318	40
319	64
320	65
321	68
322	93
323	108
324	109
325	94
326	69
327	80
328	51
329	38
330	39
331	28
332	30
333	24
334	28
335	35
336	35
337	42
338	53
339	66
340	128
341	223
342	359
343	709
344	1295
345	2114
346	3261
347	4707
348	5980
349	7195
350	8100
351	8391
352	7868
353	6703
354	5461
355	4058
356	2746
357	1715
358	1052
359	607
360	304
361	183
362	77
363	58
364	53
365	45
366	38
367	43
368	50
369	53
370	36
371	58
372	57
373	61
374	58
375	72
376	104
377	124
378	171
379	224
380	325
381	523
382	657
383	895
384	1164
385	1262
386	1428
387	1356
388	1273
389	1134
390	912
391	682
392	490
393	330
394	205
395	119
396	78
397	54
398	45
399	36
400	27
401	22
402	28
403	35
404	40
405	25
406	27
407	48
408	39
409	42
410	46
411	51
412	35
413	35
414	41
415	30
416	30
417	33
418	35
419	27
420	46
421	32
422	36
423	34
424	40
425	42
426	37
427	33
428	31
429	32
430	28
431	38
432	41
433	54
434	47
435	53
436	51
437	63
438	64
439	86
440	76
441	86
442	68
443	66
444	80
445	67
446	68
447	58
448	66
449	54
450	75
451	71
452	62
453	66
454	76
455	69
456	76
457	85
458	93
459	101
460	102
461	75
462	103
463	82
464	59
465	70
466	42
467	58
468	66
469	67
470	59
471	58
472	75
473	73
474	64
475	78
476	72
477	53
478	73
479	58
480	54
481	54
482	58
483	57
484	63
485	60
486	61
487	60
488	70
489	56
490	70
491	77
492	74
493	75
494	66
495	67
496	62
497	65
498	66
499	72
500	72
501	73
502	78
503	80
504	98
505	84
506	82
507	84
508	78
509	86
510	95
511	92
512	85
513	92
514	83
515	77
516	87
517	90
518	89
519	89
520	90
521	84
522	89
523	108
524	94
525	102
526	108
527	110
528	119
529	121
530	104
531	90
532	95
533	105
534	87
535	78
536	111
537	67
538	94
539	91
540	81
541	81
542	90
543	99
544	79
545	104
546	86
547	98
548	96
549	72
550	81
551	99
552	82
553	93
554	82
555	77
556	84
557	80
558	78
559	88
560	114
561	83
562	83
563	102
564	95
565	77
566	99
567	70
568	89
569	81
570	70
571	70
572	97
573	102
574	99
575	106
576	87
577	94
578	88
579	90
580	97
581	86
582	87
583	101
584	87
585	88
586	81
587	86
588	102
589	82
590	96
591	92
592	112
593	78
594	85
595	110
596	94
597	98
598	97
599	123
600	132
601	101
602	118
603	100
604	120
605	90
606	117
607	98
608	109
609	89
610	117
611	83
612	102
613	89
614	102
615	112
616	93
617	96
618	89
619	120
620	95
621	104
622	114
623	115
624	104
625	120
626	110
627	102
628	106
629	95
630	115
631	111
632	121
633	108
634	106
635	110
636	111
637	118
638	124
639	113
640	96
641	107
642	97
643	119
644	116
645	112
646	113
647	117
648	136
649	112
650	118
651	113
652	109
653	113
654	115
655	115
656	124
657	120
658	131
659	123
660	118
661	106
662	133
663	100
664	126
665	95
666	115
667	116
668	124
669	106
670	135
671	114
672	130
673	148
674	132
675	127
676	122
677	128
678	125
679	139
680	106
681	122
682	123
683	121
684	132
685	143
686	131
687	113
688	116
689	134
690	130
691	150
692	112
693	116
694	156
695	122
696	129
697	146
698	118
699	139
700	132
701	148
702	136
703	138
704	125
705	136
706	141
707	134
708	131
709	132
710	139
711	141
712	139
713	123
714	118
715	128
716	135
717	113
718	146
719	148
720	136
721	147
722	142
723	130
724	121
725	138
726	139
727	139
728	123
729	130
730	126
731	132
732	128
733	138
734	143
735	148
736	147
737	156
738	128
739	135
740	145
741	144
742	145
743	143
744	139
745	168
746	140
747	131
748	148
749	138
750	134
751	137
752	142
753	161
754	140
755	148
756	125
757	145
758	129
759	179
760	135
761	165
762	165
763	148
764	163
765	162
766	209
767	219
768	199
769	237
770	256
771	308
772	315
773	298
774	304
775	315
776	300
777	291
778	245
779	241
780	191
781	216
782	178
783	153
784	169
785	142
786	126
787	152
788	157
789	164
790	135
791	149
792	135
793	156
794	159
795	142
796	139
797	138
798	138
799	123
800	148
801	146
802	148
803	140
804	150
805	124
806	154
807	153
808	162
809	128
810	152
811	148
812	152
813	125
814	170
815	158
816	139
817	157
818	159
819	172
820	150
821	145
822	154
823	136
824	137
825	163
826	149
827	167
828	160
829	145
830	142
831	147
832	153
833	159
834	166
835	162
836	178
837	139
838	154
839	138
840	160
841	180
842	159
843	154
844	154
845	168
846	204
847	159
848	166
849	183
850	166
851	174
852	166
853	171
854	173
855	189
856	206
857	184
858	220
859	207
860	210
861	214
862	216
863	230
864	234
865	248
866	257
867	213
868	229
869	240
870	236
871	242
872	258
873	223
874	210
875	221
876	233
877	250
878	247
879	268
880	275
881	323
882	304
883	347
884	356
885	388
886	376
887	413
888	395
889	440
890	451
891	455
892	555
893	545
894	555
895	582
896	540
897	635
898	561
899	614
900	626
901	625
902	600
903	574
904	628
905	578
906	594
907	523
908	537
909	496
910	466
911	442
912	433
913	391
914	355
915	369
916	375
917	342
918	338
919	309
920	276
921	291
922	250
923	283
924	240
925	248
926	219
927	194
928	206
929	205
930	167
931	189
932	187
933	157
934	184
935	174
936	186
937	189
938	189
939	201
940	187
941	201
942	209
943	213
944	227
945	250
946	280
947	320
948	339
949	377
950	412
951	439
952	416
953	448
954	449
955	459
956	437
957	385
958	374
959	345
960	321
961	259
962	246
963	231
964	179
965	170
966	163
967	162
968	162
969	131
970	148
971	134
972	139
973	143
974	130
975	123
976	121
977	153
978	119
979	120
980	158
981	147
982	138
983	134
984	157
985	132
986	164
987	154
988	150
989	163
990	135
991	173
992	164
993	180
994	158
995	173
996	173
997	163
998	147
999	180
1000	173
1001	181
1002	181
1003	186
1004	193
1005	201
1006	175
1007	197
1008	184
1009	161
1010	184
1011	175
1012	173
1013	158
1014	179
1015	140
1016	160
1017	162
1018	125
1019	145
1020	133
1021	125
1022	146
1023	120
1024	123
