Date:	09/05/2018		Time:	09:28		Version no:	0.00		Project name:	55		Sample name:	222		Section name:	section		Position	122.600029	mm	E0	0.000000	keV	E1	1.000000	keV/channel	sample surface	6.263687	cm	Tube anode:	Mo		Tube voltage:	30	kV	Tube current:	50	mA	gain	10		std. database			resultfile	result		matrix element	11		sample thickness	1.000000		air passage	0.560000	cm	comments	in position		peaking_time	2.200000	m-sec	trigger_threshold	547.363281	V	mca_bin_width	22.090000	no:	number_mca_channels	1024.000000	no:	gap_time	0.150000	m-sec	trigger_peaking_time	0.200000	m-sec	GAINDAC	18610		HIGHGAIN	1		TAURC	1		RCTAU	1		RCTAUFRAC	1		livetime	9.472146	seconds	runtime	10.000487	seconds	input_count_rate	22548.745450	cps	output_count_rate	18673.890208	cps	triggers	213585	seconds	events_in_run	186748	seconds	channel	content		1	0
2	0
3	0
4	0
5	0
6	0
7	0
8	0
9	0
10	0
11	0
12	0
13	0
14	0
15	0
16	0
17	0
18	0
19	0
20	0
21	0
22	0
23	0
24	0
25	0
26	0
27	0
28	0
29	0
30	0
31	14
32	14
33	17
34	16
35	16
36	15
37	7
38	12
39	13
40	16
41	10
42	19
43	13
44	12
45	22
46	18
47	17
48	10
49	14
50	19
51	10
52	15
53	14
54	11
55	15
56	16
57	11
58	10
59	17
60	10
61	13
62	10
63	9
64	6
65	10
66	6
67	7
68	8
69	16
70	6
71	8
72	10
73	8
74	10
75	8
76	4
77	7
78	8
79	4
80	12
81	8
82	14
83	4
84	5
85	3
86	10
87	7
88	7
89	8
90	3
91	8
92	8
93	7
94	16
95	11
96	13
97	12
98	11
99	9
100	9
101	6
102	7
103	4
104	4
105	9
106	6
107	9
108	12
109	6
110	8
111	5
112	7
113	4
114	4
115	4
116	5
117	10
118	2
119	6
120	3
121	6
122	5
123	2
124	5
125	2
126	3
127	8
128	3
129	1
130	4
131	2
132	4
133	5
134	7
135	1
136	3
137	5
138	1
139	0
140	4
141	2
142	5
143	2
144	4
145	3
146	5
147	0
148	4
149	5
150	2
151	8
152	3
153	3
154	5
155	4
156	6
157	5
158	11
159	17
160	16
161	23
162	28
163	31
164	23
165	23
166	14
167	11
168	8
169	4
170	3
171	2
172	1
173	4
174	5
175	8
176	10
177	14
178	6
179	12
180	19
181	12
182	23
183	21
184	18
185	13
186	13
187	7
188	7
189	2
190	4
191	4
192	5
193	8
194	7
195	16
196	23
197	45
198	99
199	123
200	198
201	269
202	304
203	328
204	287
205	224
206	196
207	121
208	70
209	42
210	18
211	10
212	12
213	11
214	14
215	11
216	25
217	30
218	35
219	46
220	58
221	60
222	54
223	23
224	25
225	26
226	20
227	10
228	5
229	6
230	3
231	6
232	5
233	5
234	5
235	4
236	8
237	5
238	5
239	12
240	11
241	25
242	44
243	59
244	86
245	122
246	168
247	174
248	174
249	178
250	145
251	104
252	97
253	68
254	56
255	33
256	28
257	42
258	34
259	24
260	15
261	17
262	7
263	19
264	10
265	12
266	18
267	19
268	32
269	33
270	54
271	51
272	45
273	48
274	31
275	11
276	28
277	11
278	12
279	11
280	13
281	7
282	9
283	9
284	11
285	12
286	6
287	17
288	15
289	18
290	12
291	17
292	16
293	16
294	18
295	19
296	16
297	17
298	17
299	23
300	10
301	16
302	10
303	10
304	18
305	18
306	11
307	13
308	16
309	12
310	8
311	17
312	14
313	11
314	20
315	22
316	37
317	59
318	105
319	137
320	192
321	224
322	242
323	288
324	300
325	279
326	196
327	168
328	139
329	95
330	50
331	46
332	33
333	30
334	32
335	33
336	41
337	37
338	50
339	53
340	113
341	200
342	340
343	683
344	1237
345	1926
346	2917
347	4136
348	5604
349	6578
350	7329
351	7514
352	6934
353	6101
354	4850
355	3642
356	2519
357	1658
358	987
359	522
360	305
361	148
362	80
363	50
364	35
365	22
366	38
367	38
368	39
369	50
370	39
371	34
372	51
373	43
374	63
375	56
376	76
377	111
378	160
379	237
380	305
381	457
382	620
383	818
384	989
385	1138
386	1244
387	1318
388	1164
389	992
390	795
391	596
392	464
393	269
394	183
395	100
396	71
397	44
398	35
399	34
400	20
401	27
402	24
403	28
404	29
405	34
406	36
407	26
408	34
409	38
410	36
411	40
412	26
413	41
414	33
415	28
416	30
417	34
418	28
419	33
420	20
421	29
422	35
423	32
424	28
425	30
426	41
427	18
428	36
429	51
430	33
431	38
432	45
433	32
434	42
435	54
436	46
437	52
438	60
439	66
440	62
441	60
442	65
443	56
444	74
445	56
446	47
447	66
448	51
449	46
450	51
451	62
452	56
453	70
454	59
455	69
456	68
457	77
458	72
459	76
460	80
461	63
462	57
463	80
464	63
465	79
466	60
467	57
468	51
469	66
470	76
471	66
472	55
473	48
474	57
475	63
476	64
477	51
478	45
479	47
480	61
481	48
482	42
483	50
484	41
485	40
486	55
487	54
488	51
489	47
490	52
491	55
492	48
493	46
494	48
495	42
496	62
497	54
498	53
499	67
500	58
501	70
502	59
503	63
504	71
505	67
506	71
507	66
508	78
509	70
510	79
511	60
512	63
513	83
514	60
515	90
516	72
517	67
518	73
519	84
520	87
521	70
522	63
523	97
524	72
525	81
526	85
527	85
528	86
529	92
530	93
531	72
532	88
533	85
534	85
535	76
536	79
537	71
538	68
539	69
540	72
541	73
542	78
543	84
544	85
545	64
546	87
547	73
548	78
549	72
550	73
551	81
552	88
553	71
554	77
555	79
556	83
557	87
558	64
559	74
560	70
561	75
562	67
563	65
564	92
565	59
566	77
567	85
568	58
569	83
570	82
571	72
572	92
573	85
574	72
575	80
576	91
577	75
578	89
579	67
580	91
581	81
582	84
583	75
584	80
585	90
586	97
587	97
588	80
589	69
590	91
591	103
592	65
593	101
594	103
595	96
596	73
597	106
598	88
599	94
600	106
601	85
602	91
603	61
604	97
605	76
606	100
607	121
608	77
609	101
610	88
611	101
612	96
613	86
614	89
615	91
616	94
617	95
618	84
619	114
620	82
621	101
622	89
623	93
624	91
625	86
626	86
627	98
628	76
629	104
630	94
631	114
632	87
633	94
634	95
635	81
636	97
637	90
638	84
639	106
640	94
641	106
642	93
643	93
644	102
645	105
646	107
647	96
648	120
649	103
650	85
651	100
652	130
653	102
654	111
655	100
656	109
657	98
658	98
659	107
660	109
661	109
662	97
663	96
664	101
665	100
666	117
667	103
668	94
669	121
670	113
671	102
672	118
673	89
674	94
675	110
676	104
677	94
678	113
679	116
680	99
681	114
682	120
683	131
684	123
685	101
686	113
687	118
688	102
689	115
690	116
691	123
692	120
693	105
694	108
695	109
696	105
697	124
698	133
699	123
700	117
701	112
702	137
703	119
704	110
705	118
706	122
707	111
708	122
709	94
710	105
711	105
712	119
713	126
714	109
715	111
716	115
717	111
718	129
719	97
720	101
721	134
722	103
723	136
724	119
725	109
726	114
727	104
728	132
729	103
730	110
731	114
732	110
733	111
734	113
735	113
736	117
737	120
738	124
739	128
740	128
741	139
742	124
743	118
744	116
745	146
746	123
747	113
748	126
749	124
750	122
751	119
752	129
753	141
754	120
755	100
756	98
757	110
758	118
759	126
760	118
761	129
762	122
763	156
764	153
765	170
766	170
767	194
768	236
769	205
770	233
771	240
772	221
773	224
774	244
775	260
776	245
777	194
778	195
779	178
780	203
781	156
782	161
783	132
784	124
785	156
786	122
787	135
788	128
789	131
790	158
791	117
792	133
793	146
794	128
795	134
796	132
797	117
798	121
799	116
800	130
801	130
802	112
803	105
804	152
805	107
806	129
807	144
808	131
809	136
810	143
811	153
812	153
813	141
814	144
815	125
816	132
817	143
818	119
819	149
820	129
821	127
822	128
823	133
824	132
825	137
826	132
827	130
828	101
829	142
830	142
831	144
832	125
833	130
834	132
835	140
836	139
837	130
838	140
839	139
840	132
841	158
842	122
843	144
844	119
845	162
846	140
847	134
848	162
849	166
850	153
851	173
852	136
853	154
854	145
855	154
856	161
857	167
858	172
859	174
860	180
861	182
862	174
863	186
864	197
865	197
866	208
867	214
868	207
869	196
870	190
871	210
872	190
873	196
874	221
875	202
876	220
877	219
878	219
879	240
880	246
881	249
882	250
883	254
884	288
885	349
886	326
887	370
888	354
889	386
890	390
891	424
892	453
893	467
894	507
895	482
896	521
897	528
898	477
899	583
900	507
901	518
902	531
903	496
904	493
905	519
906	478
907	472
908	440
909	442
910	393
911	413
912	384
913	372
914	393
915	351
916	335
917	325
918	302
919	316
920	236
921	235
922	262
923	250
924	217
925	206
926	207
927	198
928	211
929	169
930	174
931	180
932	153
933	116
934	159
935	137
936	157
937	168
938	139
939	166
940	165
941	168
942	164
943	210
944	221
945	221
946	246
947	305
948	321
949	312
950	331
951	362
952	375
953	381
954	372
955	389
956	346
957	376
958	285
959	303
960	279
961	223
962	185
963	186
964	159
965	130
966	126
967	151
968	128
969	99
970	115
971	122
972	124
973	113
974	112
975	122
976	120
977	114
978	113
979	133
980	112
981	135
982	122
983	132
984	131
985	132
986	124
987	117
988	128
989	145
990	128
991	146
992	141
993	155
994	136
995	145
996	154
997	171
998	158
999	193
1000	139
1001	133
1002	174
1003	166
1004	160
1005	173
1006	201
1007	169
1008	159
1009	129
1010	131
1011	150
1012	137
1013	152
1014	158
1015	124
1016	152
1017	133
1018	141
1019	118
1020	123
1021	127
1022	110
1023	118
1024	86
