Date:	09/05/2018		Time:	11:04		Version no:	0.00		Project name:	55		Sample name:	222		Section name:	section		Position	224.200027	mm	E0	0.000000	keV	E1	1.000000	keV/channel	sample surface	6.034044	cm	Tube anode:	Mo		Tube voltage:	30	kV	Tube current:	50	mA	gain	10		std. database			resultfile	result		matrix element	11		sample thickness	1.000000		air passage	0.560000	cm	comments	in position		peaking_time	2.200000	m-sec	trigger_threshold	547.363281	V	mca_bin_width	22.090000	no:	number_mca_channels	1024.000000	no:	gap_time	0.150000	m-sec	trigger_peaking_time	0.200000	m-sec	GAINDAC	18610		HIGHGAIN	1		TAURC	1		RCTAU	1		RCTAUFRAC	1		livetime	9.433246	seconds	runtime	10.000491	seconds	input_count_rate	23995.980853	cps	output_count_rate	19662.034201	cps	triggers	226360	seconds	events_in_run	196630	seconds	channel	content		1	0
2	0
3	0
4	0
5	0
6	0
7	0
8	0
9	0
10	0
11	0
12	0
13	0
14	0
15	0
16	0
17	0
18	0
19	0
20	0
21	0
22	0
23	0
24	0
25	0
26	0
27	0
28	0
29	0
30	0
31	11
32	17
33	24
34	11
35	18
36	12
37	9
38	12
39	16
40	14
41	15
42	11
43	14
44	10
45	15
46	11
47	23
48	15
49	11
50	10
51	19
52	15
53	18
54	15
55	11
56	16
57	17
58	11
59	11
60	11
61	11
62	12
63	10
64	14
65	8
66	15
67	10
68	14
69	10
70	7
71	8
72	15
73	6
74	7
75	13
76	9
77	10
78	6
79	6
80	10
81	12
82	14
83	13
84	7
85	9
86	9
87	4
88	8
89	10
90	11
91	8
92	5
93	8
94	18
95	18
96	21
97	19
98	15
99	12
100	5
101	12
102	7
103	9
104	5
105	7
106	13
107	10
108	10
109	5
110	8
111	9
112	3
113	3
114	1
115	7
116	5
117	9
118	8
119	9
120	7
121	3
122	7
123	9
124	3
125	2
126	5
127	12
128	6
129	6
130	5
131	3
132	2
133	1
134	2
135	5
136	7
137	4
138	1
139	5
140	1
141	4
142	6
143	3
144	10
145	3
146	2
147	4
148	1
149	4
150	2
151	0
152	6
153	5
154	5
155	5
156	4
157	8
158	5
159	16
160	14
161	29
162	30
163	30
164	22
165	22
166	15
167	13
168	10
169	9
170	5
171	1
172	8
173	6
174	4
175	6
176	9
177	10
178	11
179	20
180	20
181	16
182	21
183	24
184	20
185	19
186	10
187	16
188	8
189	4
190	4
191	5
192	7
193	11
194	6
195	17
196	30
197	49
198	82
199	160
200	212
201	273
202	350
203	346
204	313
205	266
206	204
207	128
208	73
209	32
210	23
211	14
212	4
213	8
214	10
215	16
216	22
217	42
218	51
219	60
220	71
221	69
222	56
223	47
224	46
225	23
226	21
227	16
228	10
229	6
230	3
231	1
232	3
233	6
234	9
235	7
236	5
237	7
238	5
239	10
240	19
241	30
242	45
243	51
244	100
245	134
246	125
247	164
248	178
249	134
250	124
251	102
252	78
253	62
254	52
255	49
256	35
257	36
258	20
259	20
260	19
261	27
262	13
263	17
264	17
265	18
266	22
267	25
268	35
269	42
270	42
271	46
272	52
273	37
274	37
275	27
276	20
277	16
278	13
279	16
280	13
281	12
282	16
283	5
284	8
285	20
286	12
287	14
288	10
289	19
290	15
291	15
292	18
293	20
294	17
295	23
296	14
297	23
298	17
299	20
300	17
301	26
302	15
303	19
304	23
305	17
306	14
307	11
308	8
309	13
310	15
311	14
312	13
313	12
314	22
315	18
316	30
317	38
318	59
319	62
320	90
321	117
322	122
323	129
324	130
325	113
326	95
327	78
328	62
329	42
330	33
331	34
332	26
333	36
334	29
335	32
336	44
337	40
338	43
339	55
340	102
341	207
342	371
343	648
344	1155
345	1970
346	2975
347	4161
348	5716
349	6750
350	7378
351	7703
352	7287
353	6348
354	5001
355	3790
356	2621
357	1679
358	902
359	530
360	290
361	141
362	99
363	64
364	44
365	55
366	32
367	34
368	33
369	38
370	47
371	44
372	48
373	64
374	56
375	70
376	84
377	116
378	144
379	194
380	295
381	454
382	628
383	855
384	995
385	1222
386	1260
387	1244
388	1179
389	1045
390	845
391	659
392	458
393	305
394	194
395	141
396	72
397	50
398	36
399	43
400	37
401	30
402	22
403	44
404	30
405	38
406	38
407	36
408	36
409	36
410	39
411	42
412	51
413	38
414	39
415	45
416	37
417	31
418	34
419	29
420	34
421	28
422	30
423	21
424	37
425	42
426	36
427	43
428	24
429	26
430	33
431	37
432	36
433	60
434	49
435	52
436	66
437	55
438	63
439	76
440	63
441	65
442	74
443	70
444	65
445	81
446	70
447	73
448	72
449	52
450	60
451	60
452	77
453	61
454	71
455	83
456	85
457	88
458	94
459	95
460	87
461	88
462	96
463	83
464	75
465	57
466	75
467	45
468	65
469	54
470	74
471	76
472	70
473	65
474	77
475	71
476	64
477	87
478	69
479	72
480	59
481	55
482	55
483	71
484	66
485	68
486	50
487	66
488	48
489	54
490	58
491	84
492	82
493	59
494	60
495	64
496	69
497	69
498	71
499	70
500	61
501	68
502	84
503	60
504	95
505	90
506	86
507	86
508	82
509	77
510	93
511	85
512	91
513	87
514	93
515	73
516	84
517	85
518	81
519	98
520	81
521	85
522	80
523	86
524	98
525	91
526	100
527	93
528	103
529	117
530	97
531	99
532	108
533	103
534	98
535	80
536	85
537	95
538	78
539	105
540	88
541	91
542	91
543	78
544	106
545	88
546	90
547	104
548	90
549	82
550	94
551	70
552	76
553	97
554	76
555	94
556	99
557	75
558	79
559	77
560	76
561	102
562	77
563	61
564	88
565	89
566	92
567	75
568	95
569	74
570	89
571	68
572	83
573	99
574	89
575	91
576	93
577	92
578	78
579	74
580	100
581	101
582	89
583	74
584	94
585	97
586	109
587	96
588	90
589	73
590	97
591	93
592	80
593	85
594	113
595	95
596	93
597	105
598	88
599	99
600	112
601	89
602	105
603	76
604	77
605	90
606	98
607	119
608	92
609	91
610	105
611	83
612	98
613	98
614	90
615	108
616	126
617	101
618	105
619	119
620	100
621	107
622	107
623	101
624	97
625	112
626	94
627	113
628	97
629	101
630	96
631	101
632	95
633	97
634	111
635	94
636	107
637	108
638	102
639	107
640	111
641	115
642	97
643	89
644	101
645	106
646	122
647	109
648	121
649	123
650	106
651	113
652	116
653	123
654	102
655	106
656	106
657	108
658	102
659	130
660	103
661	120
662	110
663	119
664	104
665	110
666	113
667	118
668	98
669	119
670	97
671	109
672	126
673	101
674	114
675	114
676	127
677	107
678	121
679	129
680	119
681	124
682	116
683	108
684	98
685	149
686	122
687	127
688	120
689	124
690	124
691	131
692	113
693	79
694	134
695	113
696	117
697	130
698	124
699	135
700	110
701	137
702	116
703	134
704	159
705	112
706	122
707	119
708	106
709	122
710	137
711	109
712	129
713	126
714	132
715	127
716	114
717	108
718	122
719	126
720	109
721	134
722	124
723	124
724	123
725	125
726	129
727	136
728	119
729	134
730	115
731	123
732	122
733	133
734	146
735	129
736	143
737	129
738	123
739	123
740	123
741	156
742	116
743	116
744	126
745	136
746	123
747	145
748	135
749	122
750	136
751	133
752	128
753	127
754	131
755	133
756	123
757	125
758	147
759	125
760	138
761	133
762	145
763	148
764	163
765	169
766	193
767	217
768	240
769	252
770	267
771	279
772	312
773	299
774	301
775	295
776	282
777	274
778	222
779	244
780	190
781	189
782	148
783	172
784	153
785	131
786	140
787	127
788	119
789	144
790	154
791	139
792	127
793	142
794	151
795	142
796	130
797	125
798	146
799	108
800	144
801	133
802	143
803	133
804	129
805	144
806	143
807	136
808	131
809	125
810	151
811	134
812	167
813	136
814	137
815	154
816	136
817	133
818	155
819	159
820	127
821	146
822	148
823	150
824	123
825	143
826	139
827	128
828	141
829	135
830	130
831	141
832	128
833	145
834	148
835	131
836	144
837	137
838	150
839	158
840	161
841	156
842	142
843	152
844	147
845	155
846	149
847	174
848	176
849	156
850	162
851	170
852	160
853	155
854	170
855	161
856	170
857	166
858	231
859	175
860	198
861	212
862	209
863	215
864	218
865	209
866	233
867	206
868	206
869	241
870	205
871	217
872	203
873	251
874	223
875	194
876	237
877	232
878	247
879	265
880	259
881	286
882	322
883	298
884	327
885	324
886	341
887	391
888	373
889	427
890	438
891	466
892	482
893	448
894	496
895	542
896	548
897	540
898	557
899	546
900	549
901	544
902	540
903	550
904	536
905	518
906	493
907	477
908	513
909	495
910	442
911	467
912	410
913	419
914	385
915	354
916	341
917	360
918	297
919	306
920	318
921	254
922	261
923	241
924	229
925	232
926	209
927	195
928	183
929	180
930	176
931	189
932	181
933	162
934	183
935	157
936	143
937	172
938	141
939	166
940	180
941	179
942	200
943	187
944	239
945	253
946	304
947	294
948	319
949	381
950	407
951	413
952	425
953	422
954	412
955	444
956	384
957	396
958	344
959	318
960	301
961	246
962	216
963	185
964	206
965	175
966	165
967	142
968	132
969	132
970	122
971	126
972	133
973	126
974	106
975	127
976	123
977	138
978	110
979	134
980	119
981	150
982	149
983	134
984	129
985	151
986	146
987	146
988	150
989	132
990	151
991	124
992	157
993	138
994	166
995	177
996	149
997	173
998	196
999	176
1000	165
1001	160
1002	188
1003	177
1004	184
1005	160
1006	154
1007	164
1008	193
1009	164
1010	169
1011	153
1012	176
1013	153
1014	181
1015	147
1016	147
1017	154
1018	143
1019	141
1020	145
1021	106
1022	112
1023	114
1024	114
