Date:	09/05/2018		Time:	10:10		Version no:	0.00		Project name:	55		Sample name:	222		Section name:	section		Position	167.600037	mm	E0	0.000000	keV	E1	1.000000	keV/channel	sample surface	6.434064	cm	Tube anode:	Mo		Tube voltage:	30	kV	Tube current:	50	mA	gain	10		std. database			resultfile	result		matrix element	11		sample thickness	1.000000		air passage	0.560000	cm	comments	in position		peaking_time	2.200000	m-sec	trigger_threshold	547.363281	V	mca_bin_width	22.090000	no:	number_mca_channels	1024.000000	no:	gap_time	0.150000	m-sec	trigger_peaking_time	0.200000	m-sec	GAINDAC	18610		HIGHGAIN	1		TAURC	1		RCTAU	1		RCTAUFRAC	1		livetime	9.404358	seconds	runtime	10.000487	seconds	input_count_rate	26164.253899	cps	output_count_rate	21193.067474	cps	triggers	246058	seconds	events_in_run	211941	seconds	channel	content		1	0
2	0
3	0
4	0
5	0
6	0
7	0
8	0
9	0
10	0
11	0
12	0
13	0
14	0
15	0
16	0
17	0
18	0
19	0
20	0
21	0
22	0
23	0
24	0
25	0
26	0
27	0
28	0
29	0
30	0
31	14
32	11
33	10
34	6
35	14
36	12
37	10
38	6
39	10
40	13
41	15
42	11
43	10
44	14
45	20
46	10
47	14
48	14
49	8
50	12
51	10
52	18
53	14
54	9
55	15
56	10
57	6
58	8
59	10
60	15
61	3
62	5
63	7
64	5
65	14
66	10
67	5
68	9
69	17
70	8
71	7
72	8
73	4
74	10
75	6
76	5
77	3
78	15
79	9
80	8
81	5
82	17
83	17
84	11
85	3
86	11
87	2
88	4
89	3
90	9
91	7
92	12
93	16
94	18
95	23
96	19
97	20
98	20
99	10
100	16
101	13
102	6
103	14
104	8
105	10
106	10
107	10
108	9
109	8
110	6
111	4
112	6
113	7
114	9
115	9
116	6
117	5
118	7
119	1
120	9
121	7
122	5
123	4
124	5
125	3
126	5
127	0
128	5
129	4
130	0
131	9
132	6
133	3
134	3
135	6
136	9
137	1
138	5
139	2
140	1
141	4
142	6
143	4
144	3
145	3
146	4
147	3
148	2
149	8
150	10
151	5
152	6
153	4
154	6
155	6
156	7
157	1
158	8
159	14
160	20
161	28
162	30
163	27
164	24
165	26
166	20
167	12
168	11
169	4
170	4
171	4
172	7
173	5
174	7
175	6
176	9
177	6
178	10
179	18
180	18
181	31
182	24
183	41
184	20
185	22
186	16
187	10
188	5
189	6
190	8
191	10
192	4
193	7
194	7
195	18
196	39
197	57
198	119
199	179
200	283
201	402
202	431
203	433
204	442
205	341
206	280
207	158
208	105
209	65
210	27
211	21
212	16
213	11
214	17
215	15
216	25
217	35
218	55
219	59
220	72
221	82
222	69
223	46
224	47
225	34
226	14
227	16
228	10
229	7
230	7
231	5
232	10
233	9
234	5
235	5
236	1
237	5
238	7
239	15
240	23
241	27
242	53
243	102
244	151
245	195
246	232
247	258
248	273
249	238
250	204
251	182
252	138
253	94
254	63
255	47
256	53
257	42
258	27
259	31
260	17
261	16
262	16
263	10
264	16
265	19
266	30
267	34
268	47
269	43
270	64
271	64
272	61
273	64
274	48
275	32
276	29
277	26
278	13
279	11
280	10
281	16
282	11
283	8
284	12
285	10
286	10
287	8
288	16
289	22
290	22
291	16
292	27
293	18
294	25
295	18
296	19
297	26
298	23
299	20
300	9
301	16
302	16
303	16
304	15
305	11
306	18
307	6
308	12
309	11
310	15
311	8
312	12
313	25
314	22
315	20
316	37
317	52
318	63
319	97
320	119
321	155
322	172
323	188
324	153
325	177
326	122
327	114
328	94
329	58
330	53
331	48
332	32
333	24
334	25
335	35
336	25
337	39
338	56
339	67
340	119
341	242
342	473
343	835
344	1406
345	2377
346	3687
347	5237
348	6938
349	8264
350	9034
351	9410
352	8951
353	7669
354	6176
355	4582
356	3180
357	2069
358	1175
359	655
360	303
361	176
362	93
363	59
364	52
365	44
366	49
367	38
368	43
369	56
370	46
371	50
372	52
373	53
374	48
375	71
376	76
377	114
378	171
379	237
380	372
381	555
382	746
383	1026
384	1250
385	1412
386	1624
387	1523
388	1465
389	1272
390	1011
391	771
392	525
393	404
394	214
395	127
396	92
397	65
398	38
399	26
400	34
401	34
402	35
403	23
404	38
405	30
406	30
407	38
408	36
409	40
410	37
411	31
412	46
413	30
414	37
415	32
416	28
417	32
418	31
419	32
420	33
421	36
422	35
423	34
424	29
425	25
426	40
427	36
428	42
429	43
430	37
431	36
432	37
433	35
434	34
435	45
436	61
437	55
438	66
439	62
440	79
441	73
442	69
443	56
444	52
445	61
446	65
447	77
448	68
449	64
450	63
451	55
452	66
453	69
454	70
455	65
456	74
457	74
458	89
459	77
460	88
461	73
462	94
463	79
464	61
465	75
466	53
467	52
468	44
469	56
470	60
471	76
472	50
473	78
474	68
475	53
476	52
477	83
478	55
479	50
480	61
481	59
482	56
483	52
484	38
485	60
486	55
487	62
488	49
489	53
490	61
491	39
492	65
493	57
494	52
495	68
496	60
497	57
498	58
499	84
500	65
501	65
502	59
503	69
504	64
505	71
506	69
507	80
508	85
509	79
510	65
511	75
512	76
513	72
514	80
515	83
516	88
517	81
518	96
519	101
520	88
521	78
522	87
523	99
524	99
525	100
526	93
527	82
528	116
529	104
530	109
531	99
532	78
533	92
534	86
535	73
536	96
537	84
538	79
539	100
540	98
541	79
542	77
543	82
544	101
545	88
546	91
547	83
548	90
549	86
550	78
551	70
552	78
553	75
554	71
555	72
556	86
557	78
558	78
559	63
560	72
561	70
562	82
563	63
564	75
565	61
566	84
567	75
568	82
569	66
570	88
571	71
572	79
573	63
574	72
575	87
576	87
577	92
578	82
579	87
580	83
581	71
582	71
583	95
584	91
585	90
586	80
587	69
588	80
589	88
590	92
591	94
592	97
593	92
594	100
595	99
596	92
597	87
598	103
599	100
600	78
601	92
602	84
603	80
604	92
605	86
606	99
607	87
608	78
609	102
610	96
611	94
612	97
613	109
614	104
615	95
616	113
617	94
618	107
619	77
620	121
621	91
622	110
623	92
624	96
625	105
626	80
627	102
628	114
629	107
630	102
631	95
632	98
633	105
634	104
635	75
636	97
637	109
638	110
639	86
640	103
641	96
642	92
643	113
644	103
645	93
646	112
647	86
648	94
649	108
650	109
651	117
652	128
653	114
654	113
655	99
656	115
657	93
658	103
659	114
660	104
661	113
662	96
663	102
664	118
665	113
666	92
667	97
668	99
669	104
670	107
671	107
672	142
673	120
674	114
675	94
676	115
677	115
678	103
679	107
680	121
681	104
682	112
683	129
684	92
685	93
686	105
687	146
688	106
689	128
690	110
691	109
692	122
693	129
694	109
695	132
696	124
697	131
698	110
699	144
700	119
701	118
702	129
703	125
704	110
705	119
706	131
707	94
708	136
709	110
710	115
711	115
712	120
713	119
714	149
715	120
716	110
717	144
718	121
719	102
720	113
721	115
722	134
723	138
724	115
725	130
726	132
727	123
728	133
729	131
730	125
731	141
732	136
733	111
734	114
735	122
736	142
737	128
738	147
739	127
740	155
741	127
742	121
743	128
744	134
745	132
746	136
747	131
748	120
749	138
750	130
751	141
752	118
753	119
754	126
755	134
756	120
757	121
758	127
759	121
760	142
761	153
762	120
763	151
764	166
765	173
766	166
767	197
768	222
769	253
770	299
771	236
772	253
773	284
774	284
775	323
776	272
777	233
778	231
779	210
780	207
781	173
782	182
783	149
784	155
785	131
786	146
787	147
788	146
789	135
790	121
791	114
792	102
793	129
794	106
795	126
796	124
797	130
798	147
799	147
800	132
801	118
802	142
803	134
804	141
805	141
806	133
807	148
808	140
809	128
810	135
811	113
812	124
813	159
814	157
815	145
816	153
817	135
818	154
819	139
820	131
821	122
822	133
823	150
824	145
825	130
826	151
827	133
828	122
829	135
830	128
831	125
832	112
833	116
834	136
835	137
836	158
837	154
838	146
839	128
840	160
841	153
842	143
843	147
844	137
845	159
846	159
847	163
848	156
849	150
850	153
851	186
852	157
853	177
854	172
855	165
856	177
857	181
858	184
859	201
860	191
861	213
862	216
863	203
864	215
865	190
866	209
867	203
868	197
869	232
870	199
871	219
872	190
873	226
874	232
875	236
876	206
877	239
878	215
879	222
880	254
881	265
882	280
883	286
884	303
885	353
886	348
887	336
888	385
889	352
890	425
891	413
892	485
893	451
894	497
895	467
896	523
897	522
898	543
899	544
900	523
901	565
902	495
903	497
904	498
905	504
906	458
907	494
908	453
909	460
910	405
911	389
912	372
913	424
914	332
915	349
916	334
917	290
918	280
919	269
920	283
921	230
922	235
923	235
924	240
925	195
926	183
927	194
928	190
929	161
930	186
931	200
932	153
933	185
934	168
935	161
936	143
937	141
938	160
939	178
940	176
941	141
942	191
943	195
944	258
945	248
946	267
947	293
948	335
949	357
950	345
951	391
952	380
953	444
954	424
955	388
956	393
957	388
958	337
959	283
960	269
961	242
962	203
963	218
964	177
965	161
966	145
967	138
968	134
969	130
970	139
971	145
972	143
973	116
974	117
975	115
976	127
977	114
978	115
979	147
980	119
981	138
982	140
983	128
984	121
985	114
986	133
987	131
988	142
989	149
990	151
991	141
992	150
993	171
994	141
995	128
996	160
997	178
998	167
999	172
1000	150
1001	165
1002	155
1003	163
1004	159
1005	156
1006	184
1007	169
1008	149
1009	182
1010	156
1011	154
1012	142
1013	152
1014	142
1015	143
1016	126
1017	128
1018	126
1019	134
1020	109
1021	106
1022	109
1023	114
1024	127
