Date:	09/05/2018		Time:	12:16		Version no:	0.00		Project name:	55		Sample name:	222		Section name:	section		Position	299.400024	mm	E0	0.000000	keV	E1	1.000000	keV/channel	sample surface	6.093999	cm	Tube anode:	Mo		Tube voltage:	30	kV	Tube current:	50	mA	gain	10		std. database			resultfile	result		matrix element	11		sample thickness	1.000000		air passage	0.560000	cm	comments	in position		peaking_time	2.200000	m-sec	trigger_threshold	547.363281	V	mca_bin_width	22.090000	no:	number_mca_channels	1024.000000	no:	gap_time	0.150000	m-sec	trigger_peaking_time	0.200000	m-sec	GAINDAC	18610		HIGHGAIN	1		TAURC	1		RCTAU	1		RCTAUFRAC	1		livetime	9.401251	seconds	runtime	10.000495	seconds	input_count_rate	26514.236743	cps	output_count_rate	21418.439359	cps	triggers	249267	seconds	events_in_run	214195	seconds	channel	content		1	0
2	0
3	0
4	0
5	0
6	0
7	0
8	0
9	0
10	0
11	0
12	0
13	0
14	0
15	0
16	0
17	0
18	0
19	0
20	0
21	0
22	0
23	0
24	0
25	0
26	0
27	0
28	0
29	0
30	0
31	16
32	14
33	18
34	10
35	14
36	10
37	17
38	13
39	11
40	21
41	15
42	13
43	17
44	15
45	14
46	16
47	10
48	11
49	14
50	16
51	7
52	14
53	14
54	17
55	9
56	12
57	9
58	18
59	12
60	11
61	9
62	12
63	7
64	11
65	4
66	12
67	8
68	12
69	8
70	5
71	6
72	10
73	8
74	7
75	6
76	12
77	6
78	8
79	10
80	5
81	10
82	9
83	9
84	14
85	6
86	10
87	8
88	5
89	6
90	3
91	7
92	4
93	17
94	15
95	17
96	18
97	16
98	22
99	8
100	16
101	12
102	9
103	8
104	9
105	8
106	9
107	13
108	8
109	13
110	9
111	13
112	11
113	4
114	2
115	3
116	5
117	5
118	3
119	3
120	7
121	4
122	4
123	7
124	5
125	9
126	4
127	4
128	4
129	3
130	6
131	2
132	2
133	5
134	2
135	2
136	5
137	4
138	5
139	3
140	2
141	8
142	5
143	7
144	6
145	4
146	2
147	7
148	4
149	8
150	4
151	1
152	4
153	6
154	10
155	8
156	7
157	3
158	10
159	16
160	13
161	14
162	22
163	30
164	13
165	9
166	17
167	10
168	4
169	11
170	6
171	4
172	6
173	3
174	8
175	9
176	10
177	13
178	10
179	16
180	17
181	19
182	44
183	19
184	25
185	9
186	16
187	10
188	5
189	4
190	5
191	3
192	5
193	9
194	5
195	15
196	41
197	75
198	126
199	183
200	256
201	357
202	388
203	411
204	422
205	350
206	229
207	183
208	111
209	50
210	22
211	18
212	7
213	11
214	16
215	21
216	20
217	29
218	38
219	70
220	76
221	64
222	79
223	85
224	35
225	25
226	13
227	12
228	14
229	10
230	2
231	4
232	4
233	6
234	5
235	8
236	5
237	6
238	7
239	11
240	13
241	32
242	57
243	76
244	128
245	182
246	232
247	235
248	241
249	236
250	197
251	162
252	93
253	85
254	73
255	70
256	54
257	37
258	35
259	24
260	24
261	15
262	14
263	9
264	14
265	18
266	32
267	35
268	48
269	56
270	62
271	53
272	53
273	65
274	40
275	51
276	23
277	20
278	15
279	18
280	10
281	11
282	9
283	8
284	11
285	9
286	10
287	10
288	22
289	13
290	10
291	19
292	13
293	23
294	16
295	17
296	24
297	14
298	18
299	15
300	19
301	18
302	16
303	16
304	11
305	15
306	14
307	10
308	10
309	16
310	13
311	17
312	24
313	15
314	20
315	24
316	37
317	40
318	47
319	75
320	129
321	157
322	181
323	167
324	173
325	140
326	116
327	116
328	81
329	57
330	40
331	31
332	26
333	28
334	36
335	28
336	39
337	65
338	62
339	96
340	121
341	273
342	461
343	869
344	1486
345	2484
346	3757
347	5364
348	7094
349	8589
350	9561
351	10054
352	9436
353	8091
354	6705
355	4923
356	3458
357	2071
358	1356
359	708
360	370
361	215
362	126
363	69
364	50
365	51
366	35
367	44
368	58
369	51
370	53
371	64
372	55
373	68
374	66
375	61
376	89
377	133
378	172
379	236
380	397
381	560
382	726
383	1020
384	1356
385	1440
386	1650
387	1618
388	1521
389	1326
390	1124
391	794
392	592
393	394
394	244
395	148
396	88
397	60
398	39
399	26
400	27
401	18
402	36
403	28
404	19
405	27
406	37
407	32
408	32
409	34
410	28
411	33
412	33
413	28
414	27
415	36
416	26
417	24
418	25
419	30
420	32
421	26
422	31
423	31
424	32
425	28
426	26
427	34
428	31
429	29
430	46
431	37
432	41
433	39
434	35
435	45
436	45
437	58
438	61
439	69
440	65
441	51
442	51
443	80
444	55
445	58
446	66
447	55
448	65
449	50
450	67
451	59
452	71
453	54
454	60
455	68
456	73
457	63
458	78
459	83
460	85
461	73
462	68
463	77
464	56
465	69
466	62
467	52
468	52
469	64
470	67
471	59
472	61
473	65
474	63
475	70
476	53
477	54
478	74
479	62
480	42
481	45
482	44
483	47
484	50
485	60
486	58
487	46
488	56
489	63
490	54
491	50
492	48
493	58
494	75
495	66
496	63
497	57
498	61
499	67
500	66
501	73
502	68
503	49
504	70
505	68
506	66
507	83
508	65
509	70
510	68
511	71
512	69
513	84
514	61
515	74
516	73
517	73
518	73
519	78
520	78
521	78
522	75
523	83
524	91
525	83
526	97
527	82
528	93
529	94
530	94
531	96
532	70
533	88
534	96
535	83
536	92
537	56
538	71
539	76
540	78
541	83
542	84
543	87
544	78
545	83
546	77
547	64
548	79
549	74
550	70
551	63
552	76
553	72
554	75
555	66
556	82
557	81
558	69
559	87
560	70
561	68
562	74
563	88
564	78
565	57
566	71
567	62
568	55
569	58
570	66
571	95
572	68
573	83
574	77
575	69
576	72
577	78
578	69
579	65
580	77
581	86
582	71
583	71
584	76
585	79
586	92
587	82
588	89
589	73
590	77
591	92
592	88
593	93
594	85
595	76
596	90
597	74
598	78
599	82
600	83
601	74
602	90
603	84
604	86
605	84
606	93
607	87
608	94
609	79
610	88
611	78
612	88
613	89
614	106
615	92
616	80
617	105
618	91
619	114
620	85
621	97
622	101
623	86
624	98
625	78
626	94
627	90
628	111
629	80
630	112
631	86
632	92
633	97
634	102
635	81
636	93
637	98
638	84
639	95
640	80
641	89
642	82
643	101
644	89
645	97
646	103
647	96
648	94
649	108
650	83
651	107
652	99
653	102
654	97
655	95
656	104
657	104
658	101
659	118
660	92
661	100
662	103
663	107
664	86
665	91
666	111
667	82
668	112
669	109
670	102
671	85
672	109
673	87
674	105
675	88
676	125
677	111
678	109
679	114
680	97
681	107
682	108
683	100
684	112
685	102
686	106
687	129
688	105
689	121
690	115
691	93
692	128
693	122
694	112
695	119
696	117
697	123
698	115
699	136
700	129
701	127
702	111
703	124
704	133
705	130
706	122
707	113
708	95
709	109
710	101
711	97
712	115
713	110
714	126
715	119
716	105
717	112
718	117
719	101
720	143
721	98
722	109
723	102
724	118
725	137
726	116
727	105
728	108
729	151
730	121
731	126
732	134
733	138
734	113
735	125
736	129
737	106
738	115
739	113
740	138
741	122
742	120
743	123
744	124
745	105
746	112
747	109
748	117
749	117
750	118
751	123
752	111
753	137
754	116
755	110
756	104
757	113
758	122
759	119
760	128
761	111
762	132
763	149
764	153
765	172
766	159
767	177
768	191
769	250
770	266
771	256
772	289
773	325
774	286
775	274
776	241
777	241
778	244
779	203
780	196
781	185
782	167
783	138
784	138
785	141
786	139
787	113
788	109
789	115
790	135
791	130
792	115
793	109
794	146
795	123
796	127
797	127
798	144
799	113
800	120
801	135
802	148
803	108
804	137
805	135
806	122
807	130
808	143
809	134
810	154
811	136
812	138
813	137
814	140
815	150
816	120
817	146
818	151
819	135
820	139
821	142
822	135
823	122
824	138
825	127
826	145
827	134
828	143
829	135
830	129
831	130
832	112
833	149
834	127
835	124
836	134
837	143
838	158
839	131
840	132
841	130
842	127
843	120
844	157
845	148
846	134
847	136
848	141
849	162
850	151
851	154
852	140
853	152
854	165
855	177
856	189
857	164
858	204
859	179
860	221
861	205
862	200
863	203
864	211
865	203
866	239
867	217
868	189
869	212
870	217
871	212
872	221
873	242
874	199
875	214
876	210
877	221
878	231
879	230
880	261
881	285
882	285
883	300
884	284
885	333
886	325
887	357
888	379
889	409
890	396
891	391
892	459
893	423
894	445
895	491
896	516
897	515
898	504
899	499
900	545
901	501
902	510
903	545
904	510
905	502
906	489
907	476
908	423
909	451
910	446
911	420
912	378
913	379
914	346
915	337
916	338
917	306
918	312
919	264
920	238
921	261
922	227
923	231
924	226
925	217
926	185
927	197
928	177
929	180
930	176
931	162
932	164
933	172
934	160
935	164
936	148
937	170
938	137
939	152
940	161
941	171
942	163
943	212
944	210
945	236
946	271
947	293
948	287
949	331
950	390
951	401
952	388
953	394
954	433
955	396
956	431
957	370
958	349
959	320
960	286
961	226
962	218
963	198
964	164
965	151
966	134
967	160
968	132
969	124
970	127
971	115
972	114
973	127
974	122
975	135
976	103
977	112
978	138
979	108
980	111
981	132
982	149
983	117
984	124
985	132
986	110
987	154
988	142
989	139
990	136
991	140
992	143
993	165
994	149
995	128
996	153
997	151
998	172
999	186
1000	189
1001	176
1002	152
1003	181
1004	164
1005	166
1006	162
1007	150
1008	187
1009	167
1010	137
1011	176
1012	146
1013	154
1014	144
1015	150
1016	155
1017	136
1018	127
1019	143
1020	129
1021	127
1022	104
1023	105
1024	129
