Date:	09/05/2018		Time:	10:42		Version no:	0.00		Project name:	55		Sample name:	222		Section name:	section		Position	201.000031	mm	E0	0.000000	keV	E1	1.000000	keV/channel	sample surface	6.009969	cm	Tube anode:	Mo		Tube voltage:	30	kV	Tube current:	50	mA	gain	10		std. database			resultfile	result		matrix element	11		sample thickness	1.000000		air passage	0.560000	cm	comments	in position		peaking_time	2.200000	m-sec	trigger_threshold	547.363281	V	mca_bin_width	22.090000	no:	number_mca_channels	1024.000000	no:	gap_time	0.150000	m-sec	trigger_peaking_time	0.200000	m-sec	GAINDAC	18610		HIGHGAIN	1		TAURC	1		RCTAU	1		RCTAUFRAC	1		livetime	9.411793	seconds	runtime	10.000491	seconds	input_count_rate	24661.613885	cps	output_count_rate	20077.813778	cps	triggers	232110	seconds	events_in_run	200788	seconds	channel	content		1	0
2	0
3	0
4	0
5	0
6	0
7	0
8	0
9	0
10	0
11	0
12	0
13	0
14	0
15	0
16	0
17	0
18	0
19	0
20	0
21	0
22	0
23	0
24	0
25	0
26	0
27	0
28	0
29	0
30	0
31	28
32	13
33	14
34	8
35	15
36	8
37	17
38	14
39	18
40	17
41	13
42	20
43	17
44	10
45	14
46	18
47	9
48	15
49	11
50	10
51	6
52	15
53	17
54	19
55	12
56	14
57	11
58	13
59	17
60	15
61	11
62	12
63	11
64	7
65	10
66	21
67	15
68	12
69	7
70	4
71	5
72	12
73	9
74	6
75	10
76	5
77	13
78	11
79	5
80	7
81	6
82	11
83	7
84	9
85	10
86	8
87	6
88	6
89	7
90	3
91	8
92	15
93	11
94	16
95	25
96	17
97	23
98	24
99	9
100	5
101	15
102	7
103	8
104	6
105	8
106	7
107	7
108	10
109	8
110	5
111	3
112	9
113	5
114	7
115	4
116	4
117	3
118	3
119	5
120	4
121	6
122	6
123	10
124	4
125	10
126	8
127	5
128	3
129	2
130	3
131	1
132	4
133	3
134	3
135	4
136	5
137	3
138	4
139	4
140	0
141	2
142	4
143	5
144	3
145	3
146	5
147	0
148	5
149	3
150	15
151	4
152	5
153	2
154	3
155	4
156	5
157	5
158	9
159	16
160	25
161	17
162	29
163	28
164	36
165	16
166	15
167	8
168	11
169	7
170	3
171	4
172	1
173	5
174	15
175	4
176	14
177	9
178	13
179	17
180	15
181	19
182	20
183	23
184	15
185	13
186	11
187	8
188	12
189	4
190	5
191	5
192	4
193	4
194	7
195	23
196	32
197	57
198	105
199	167
200	261
201	307
202	392
203	376
204	361
205	295
206	245
207	178
208	86
209	43
210	25
211	18
212	13
213	5
214	14
215	13
216	27
217	33
218	39
219	57
220	63
221	55
222	50
223	54
224	36
225	30
226	15
227	7
228	13
229	9
230	4
231	3
232	5
233	9
234	2
235	4
236	6
237	2
238	4
239	10
240	16
241	22
242	49
243	68
244	93
245	147
246	172
247	192
248	187
249	201
250	155
251	112
252	82
253	73
254	55
255	34
256	35
257	25
258	22
259	19
260	20
261	17
262	12
263	8
264	12
265	17
266	21
267	32
268	50
269	47
270	42
271	55
272	56
273	45
274	37
275	29
276	22
277	8
278	13
279	10
280	8
281	7
282	10
283	7
284	8
285	17
286	9
287	8
288	14
289	17
290	15
291	16
292	12
293	12
294	17
295	19
296	15
297	20
298	18
299	20
300	19
301	12
302	15
303	5
304	11
305	11
306	15
307	15
308	14
309	14
310	13
311	17
312	9
313	21
314	12
315	13
316	21
317	42
318	54
319	69
320	74
321	101
322	129
323	124
324	115
325	108
326	98
327	69
328	53
329	45
330	31
331	31
332	27
333	30
334	34
335	32
336	23
337	38
338	40
339	62
340	111
341	192
342	348
343	680
344	1184
345	1936
346	3007
347	4096
348	5472
349	6527
350	7266
351	7640
352	7351
353	6285
354	5028
355	3686
356	2535
357	1634
358	905
359	512
360	273
361	149
362	84
363	56
364	33
365	40
366	45
367	35
368	46
369	42
370	50
371	49
372	45
373	40
374	51
375	72
376	87
377	82
378	154
379	213
380	279
381	418
382	648
383	817
384	972
385	1138
386	1232
387	1259
388	1160
389	1042
390	787
391	661
392	454
393	306
394	172
395	110
396	71
397	51
398	37
399	35
400	35
401	28
402	38
403	30
404	24
405	37
406	25
407	53
408	27
409	39
410	48
411	37
412	40
413	38
414	33
415	38
416	34
417	33
418	28
419	38
420	28
421	36
422	26
423	42
424	33
425	35
426	29
427	40
428	44
429	36
430	35
431	32
432	47
433	46
434	35
435	45
436	49
437	58
438	58
439	73
440	81
441	79
442	79
443	63
444	79
445	61
446	57
447	66
448	76
449	55
450	69
451	68
452	69
453	62
454	76
455	76
456	87
457	94
458	79
459	107
460	85
461	91
462	86
463	75
464	78
465	72
466	62
467	61
468	45
469	61
470	66
471	68
472	65
473	77
474	60
475	85
476	63
477	69
478	35
479	61
480	53
481	47
482	52
483	48
484	49
485	57
486	69
487	57
488	67
489	61
490	55
491	69
492	65
493	55
494	56
495	56
496	67
497	63
498	67
499	70
500	66
501	62
502	61
503	86
504	59
505	87
506	63
507	81
508	77
509	92
510	91
511	86
512	76
513	94
514	89
515	67
516	105
517	82
518	70
519	81
520	89
521	83
522	106
523	90
524	95
525	83
526	86
527	109
528	111
529	92
530	91
531	98
532	103
533	100
534	87
535	81
536	92
537	69
538	80
539	86
540	95
541	89
542	77
543	76
544	81
545	85
546	76
547	97
548	89
549	76
550	96
551	71
552	89
553	77
554	70
555	87
556	79
557	62
558	97
559	81
560	91
561	74
562	69
563	76
564	80
565	80
566	90
567	91
568	97
569	91
570	78
571	87
572	96
573	82
574	79
575	76
576	91
577	87
578	96
579	88
580	92
581	84
582	92
583	90
584	86
585	84
586	98
587	88
588	91
589	96
590	96
591	107
592	87
593	88
594	96
595	102
596	96
597	97
598	109
599	83
600	107
601	96
602	92
603	106
604	91
605	93
606	86
607	90
608	94
609	110
610	94
611	95
612	92
613	111
614	107
615	104
616	128
617	113
618	101
619	104
620	102
621	107
622	100
623	90
624	99
625	107
626	100
627	109
628	95
629	99
630	120
631	106
632	101
633	112
634	111
635	98
636	111
637	108
638	94
639	122
640	116
641	125
642	109
643	110
644	117
645	100
646	126
647	118
648	113
649	108
650	112
651	127
652	119
653	116
654	115
655	99
656	109
657	119
658	105
659	99
660	126
661	114
662	101
663	120
664	113
665	127
666	102
667	110
668	113
669	125
670	119
671	124
672	122
673	128
674	119
675	132
676	118
677	100
678	110
679	123
680	123
681	133
682	99
683	123
684	120
685	109
686	142
687	123
688	134
689	150
690	130
691	141
692	140
693	128
694	118
695	123
696	126
697	112
698	145
699	127
700	155
701	109
702	120
703	141
704	115
705	101
706	137
707	138
708	143
709	136
710	139
711	116
712	126
713	120
714	114
715	141
716	131
717	132
718	126
719	144
720	142
721	121
722	142
723	139
724	120
725	116
726	125
727	126
728	122
729	130
730	136
731	124
732	132
733	163
734	117
735	138
736	153
737	136
738	142
739	134
740	129
741	126
742	125
743	143
744	143
745	133
746	145
747	146
748	133
749	120
750	131
751	146
752	133
753	130
754	139
755	153
756	125
757	136
758	137
759	118
760	133
761	140
762	159
763	164
764	185
765	201
766	209
767	230
768	234
769	252
770	302
771	283
772	311
773	337
774	341
775	330
776	314
777	279
778	267
779	241
780	224
781	194
782	213
783	173
784	146
785	171
786	145
787	162
788	162
789	131
790	161
791	145
792	149
793	132
794	139
795	131
796	138
797	160
798	146
799	116
800	148
801	143
802	148
803	159
804	141
805	127
806	161
807	159
808	166
809	146
810	148
811	153
812	143
813	149
814	151
815	155
816	148
817	155
818	149
819	175
820	139
821	137
822	149
823	142
824	167
825	180
826	151
827	151
828	156
829	144
830	174
831	141
832	160
833	159
834	138
835	139
836	138
837	152
838	172
839	155
840	167
841	169
842	167
843	156
844	171
845	182
846	133
847	166
848	152
849	171
850	177
851	136
852	180
853	196
854	201
855	193
856	184
857	182
858	185
859	201
860	193
861	212
862	229
863	233
864	251
865	221
866	255
867	216
868	246
869	230
870	236
871	255
872	231
873	219
874	234
875	261
876	260
877	263
878	254
879	272
880	292
881	292
882	331
883	306
884	374
885	369
886	357
887	438
888	413
889	420
890	492
891	490
892	482
893	541
894	540
895	602
896	551
897	583
898	596
899	562
900	566
901	594
902	631
903	591
904	582
905	606
906	526
907	593
908	499
909	519
910	499
911	488
912	420
913	432
914	421
915	388
916	371
917	392
918	312
919	318
920	296
921	281
922	252
923	249
924	230
925	263
926	236
927	239
928	190
929	211
930	178
931	174
932	195
933	169
934	156
935	158
936	164
937	197
938	180
939	184
940	176
941	197
942	251
943	222
944	237
945	286
946	298
947	310
948	355
949	371
950	404
951	398
952	449
953	480
954	485
955	427
956	375
957	370
958	357
959	345
960	320
961	291
962	222
963	198
964	205
965	163
966	169
967	144
968	150
969	127
970	144
971	135
972	138
973	149
974	148
975	119
976	116
977	132
978	132
979	134
980	135
981	155
982	158
983	161
984	134
985	159
986	148
987	149
988	157
989	149
990	149
991	166
992	197
993	161
994	181
995	193
996	171
997	185
998	155
999	183
1000	177
1001	181
1002	181
1003	179
1004	210
1005	183
1006	200
1007	170
1008	168
1009	194
1010	199
1011	183
1012	162
1013	174
1014	157
1015	179
1016	160
1017	150
1018	159
1019	158
1020	140
1021	121
1022	132
1023	131
1024	118
