Date:	09/05/2018		Time:	09:34		Version no:	0.00		Project name:	55		Sample name:	222		Section name:	section		Position	129.800034	mm	E0	0.000000	keV	E1	1.000000	keV/channel	sample surface	6.387635	cm	Tube anode:	Mo		Tube voltage:	30	kV	Tube current:	50	mA	gain	10		std. database			resultfile	result		matrix element	11		sample thickness	1.000000		air passage	0.560000	cm	comments	in position		peaking_time	2.200000	m-sec	trigger_threshold	547.363281	V	mca_bin_width	22.090000	no:	number_mca_channels	1024.000000	no:	gap_time	0.150000	m-sec	trigger_peaking_time	0.200000	m-sec	GAINDAC	18610		HIGHGAIN	1		TAURC	1		RCTAU	1		RCTAUFRAC	1		livetime	9.457267	seconds	runtime	10.000497	seconds	input_count_rate	23160.178873	cps	output_count_rate	19165.847841	cps	triggers	219032	seconds	events_in_run	191668	seconds	channel	content		1	0
2	0
3	0
4	0
5	0
6	0
7	0
8	0
9	0
10	0
11	0
12	0
13	0
14	0
15	0
16	0
17	0
18	0
19	0
20	0
21	0
22	0
23	0
24	0
25	0
26	0
27	0
28	0
29	0
30	0
31	10
32	15
33	14
34	10
35	16
36	12
37	19
38	13
39	12
40	13
41	10
42	13
43	14
44	9
45	14
46	17
47	14
48	16
49	11
50	10
51	9
52	8
53	11
54	13
55	18
56	17
57	11
58	8
59	13
60	13
61	11
62	14
63	9
64	7
65	8
66	10
67	14
68	7
69	7
70	9
71	11
72	9
73	5
74	8
75	9
76	8
77	8
78	9
79	8
80	9
81	9
82	9
83	4
84	10
85	7
86	5
87	5
88	11
89	5
90	7
91	7
92	4
93	10
94	17
95	14
96	27
97	20
98	12
99	8
100	4
101	11
102	7
103	1
104	9
105	5
106	7
107	13
108	9
109	7
110	11
111	6
112	6
113	8
114	3
115	6
116	5
117	5
118	6
119	2
120	7
121	3
122	5
123	3
124	2
125	6
126	2
127	7
128	2
129	5
130	6
131	3
132	5
133	2
134	2
135	5
136	1
137	3
138	1
139	5
140	5
141	3
142	2
143	1
144	2
145	2
146	2
147	3
148	6
149	6
150	5
151	7
152	6
153	2
154	4
155	5
156	6
157	5
158	13
159	10
160	8
161	24
162	22
163	19
164	18
165	32
166	13
167	11
168	6
169	8
170	2
171	5
172	7
173	5
174	5
175	8
176	11
177	11
178	23
179	13
180	16
181	21
182	23
183	25
184	29
185	25
186	12
187	11
188	7
189	1
190	3
191	4
192	3
193	5
194	7
195	8
196	21
197	43
198	85
199	144
200	229
201	253
202	312
203	345
204	326
205	251
206	188
207	157
208	85
209	42
210	22
211	16
212	8
213	9
214	9
215	20
216	21
217	36
218	48
219	55
220	53
221	67
222	59
223	43
224	28
225	27
226	22
227	9
228	6
229	6
230	4
231	5
232	3
233	5
234	3
235	3
236	13
237	3
238	11
239	4
240	17
241	31
242	46
243	92
244	93
245	141
246	179
247	197
248	196
249	193
250	163
251	131
252	85
253	69
254	52
255	42
256	38
257	35
258	26
259	22
260	17
261	11
262	11
263	13
264	12
265	14
266	18
267	26
268	33
269	38
270	55
271	54
272	37
273	46
274	38
275	24
276	19
277	19
278	22
279	16
280	7
281	8
282	8
283	8
284	4
285	11
286	13
287	5
288	11
289	12
290	10
291	5
292	14
293	11
294	12
295	15
296	15
297	12
298	17
299	14
300	18
301	16
302	20
303	21
304	15
305	16
306	13
307	11
308	18
309	13
310	14
311	22
312	14
313	15
314	27
315	44
316	57
317	106
318	171
319	253
320	318
321	479
322	454
323	497
324	503
325	407
326	383
327	296
328	206
329	133
330	102
331	61
332	46
333	27
334	38
335	19
336	23
337	37
338	40
339	67
340	110
341	193
342	362
343	632
344	1190
345	1966
346	2967
347	4239
348	5699
349	6686
350	7764
351	7697
352	7293
353	6397
354	5040
355	3819
356	2672
357	1726
358	1053
359	611
360	313
361	159
362	106
363	62
364	46
365	36
366	49
367	37
368	38
369	55
370	48
371	43
372	49
373	57
374	62
375	74
376	78
377	95
378	135
379	207
380	318
381	424
382	634
383	855
384	1050
385	1161
386	1257
387	1330
388	1179
389	1004
390	859
391	606
392	437
393	262
394	180
395	99
396	67
397	37
398	38
399	38
400	18
401	30
402	23
403	24
404	45
405	38
406	30
407	30
408	29
409	43
410	40
411	36
412	32
413	25
414	29
415	27
416	28
417	34
418	30
419	31
420	33
421	22
422	32
423	31
424	33
425	23
426	27
427	34
428	29
429	36
430	27
431	20
432	32
433	31
434	33
435	39
436	55
437	50
438	47
439	61
440	52
441	77
442	82
443	46
444	58
445	63
446	49
447	51
448	60
449	51
450	61
451	58
452	64
453	67
454	72
455	56
456	54
457	61
458	90
459	95
460	68
461	68
462	72
463	68
464	64
465	52
466	41
467	60
468	50
469	53
470	77
471	58
472	75
473	69
474	63
475	52
476	47
477	69
478	54
479	46
480	43
481	48
482	53
483	50
484	51
485	46
486	52
487	41
488	51
489	34
490	60
491	54
492	60
493	54
494	60
495	56
496	48
497	53
498	57
499	47
500	53
501	56
502	41
503	74
504	69
505	60
506	89
507	65
508	65
509	67
510	68
511	90
512	71
513	64
514	67
515	80
516	63
517	92
518	66
519	84
520	72
521	85
522	74
523	80
524	97
525	86
526	105
527	92
528	87
529	91
530	77
531	88
532	77
533	75
534	80
535	88
536	81
537	80
538	71
539	79
540	71
541	78
542	61
543	71
544	63
545	68
546	76
547	92
548	71
549	72
550	65
551	76
552	79
553	76
554	59
555	65
556	76
557	78
558	59
559	61
560	77
561	74
562	67
563	85
564	66
565	54
566	71
567	69
568	70
569	69
570	76
571	76
572	88
573	83
574	82
575	69
576	87
577	67
578	77
579	86
580	67
581	80
582	72
583	84
584	77
585	79
586	72
587	91
588	74
589	96
590	111
591	75
592	88
593	95
594	76
595	91
596	75
597	89
598	69
599	88
600	89
601	98
602	82
603	100
604	90
605	75
606	72
607	109
608	99
609	84
610	85
611	91
612	128
613	80
614	104
615	89
616	103
617	71
618	102
619	96
620	94
621	96
622	91
623	91
624	94
625	82
626	95
627	109
628	81
629	88
630	95
631	77
632	84
633	82
634	85
635	101
636	90
637	98
638	100
639	95
640	97
641	95
642	102
643	74
644	119
645	87
646	95
647	99
648	103
649	96
650	112
651	95
652	103
653	103
654	92
655	121
656	102
657	105
658	102
659	80
660	107
661	96
662	91
663	110
664	93
665	93
666	103
667	123
668	86
669	113
670	120
671	94
672	98
673	100
674	111
675	96
676	86
677	116
678	95
679	119
680	111
681	109
682	114
683	108
684	99
685	119
686	85
687	105
688	111
689	116
690	116
691	117
692	108
693	115
694	101
695	104
696	113
697	114
698	113
699	97
700	116
701	114
702	117
703	103
704	123
705	106
706	119
707	128
708	120
709	113
710	122
711	114
712	117
713	103
714	121
715	94
716	109
717	116
718	108
719	118
720	111
721	124
722	112
723	118
724	111
725	95
726	110
727	122
728	123
729	130
730	105
731	122
732	123
733	108
734	115
735	150
736	127
737	128
738	111
739	126
740	136
741	113
742	127
743	112
744	112
745	119
746	112
747	132
748	112
749	131
750	132
751	122
752	100
753	119
754	144
755	117
756	97
757	121
758	121
759	122
760	135
761	137
762	156
763	137
764	148
765	161
766	184
767	190
768	195
769	194
770	215
771	241
772	253
773	266
774	240
775	236
776	210
777	221
778	188
779	185
780	192
781	166
782	172
783	157
784	147
785	127
786	125
787	148
788	122
789	126
790	122
791	129
792	127
793	129
794	117
795	131
796	137
797	134
798	117
799	122
800	112
801	113
802	129
803	140
804	125
805	111
806	143
807	134
808	138
809	135
810	119
811	127
812	134
813	129
814	129
815	138
816	148
817	137
818	147
819	135
820	130
821	132
822	116
823	144
824	150
825	129
826	124
827	131
828	122
829	128
830	124
831	144
832	123
833	141
834	140
835	135
836	120
837	148
838	130
839	134
840	137
841	142
842	119
843	140
844	140
845	137
846	142
847	152
848	150
849	149
850	146
851	137
852	143
853	124
854	137
855	148
856	183
857	180
858	152
859	171
860	190
861	199
862	198
863	167
864	205
865	227
866	180
867	219
868	199
869	210
870	213
871	196
872	193
873	210
874	221
875	204
876	201
877	243
878	216
879	246
880	250
881	243
882	253
883	255
884	309
885	322
886	331
887	332
888	359
889	405
890	394
891	424
892	434
893	477
894	476
895	492
896	514
897	502
898	509
899	496
900	502
901	486
902	550
903	533
904	504
905	473
906	459
907	425
908	440
909	438
910	421
911	396
912	401
913	356
914	350
915	326
916	309
917	277
918	308
919	286
920	245
921	260
922	254
923	221
924	205
925	201
926	206
927	156
928	168
929	164
930	167
931	160
932	152
933	134
934	149
935	158
936	151
937	156
938	150
939	163
940	187
941	134
942	176
943	169
944	222
945	206
946	272
947	332
948	314
949	331
950	385
951	351
952	394
953	404
954	409
955	371
956	369
957	383
958	363
959	302
960	296
961	248
962	220
963	204
964	189
965	151
966	177
967	132
968	139
969	124
970	120
971	132
972	129
973	122
974	144
975	126
976	107
977	126
978	116
979	118
980	118
981	134
982	151
983	132
984	125
985	135
986	150
987	161
988	135
989	134
990	118
991	155
992	157
993	147
994	143
995	153
996	141
997	153
998	169
999	159
1000	179
1001	161
1002	145
1003	160
1004	176
1005	158
1006	163
1007	178
1008	219
1009	142
1010	165
1011	140
1012	153
1013	148
1014	152
1015	165
1016	131
1017	133
1018	149
1019	132
1020	140
1021	129
1022	121
1023	116
1024	120
