Date:	09/05/2018		Time:	09:34		Version no:	0.00		Project name:	55		Sample name:	222		Section name:	section		Position	129.200027	mm	E0	0.000000	keV	E1	1.000000	keV/channel	sample surface	6.377609	cm	Tube anode:	Mo		Tube voltage:	30	kV	Tube current:	50	mA	gain	10		std. database			resultfile	result		matrix element	11		sample thickness	1.000000		air passage	0.560000	cm	comments	in position		peaking_time	2.200000	m-sec	trigger_threshold	547.363281	V	mca_bin_width	22.090000	no:	number_mca_channels	1024.000000	no:	gap_time	0.150000	m-sec	trigger_peaking_time	0.200000	m-sec	GAINDAC	18610		HIGHGAIN	1		TAURC	1		RCTAU	1		RCTAUFRAC	1		livetime	9.460965	seconds	runtime	10.000494	seconds	input_count_rate	23242.978348	cps	output_count_rate	19182.953129	cps	triggers	219901	seconds	events_in_run	191839	seconds	channel	content		1	0
2	0
3	0
4	0
5	0
6	0
7	0
8	0
9	0
10	0
11	0
12	0
13	0
14	0
15	0
16	0
17	0
18	0
19	0
20	0
21	0
22	0
23	0
24	0
25	0
26	0
27	0
28	0
29	0
30	0
31	19
32	12
33	16
34	13
35	8
36	13
37	13
38	18
39	19
40	17
41	13
42	7
43	9
44	11
45	11
46	12
47	13
48	17
49	16
50	7
51	6
52	17
53	13
54	11
55	8
56	12
57	8
58	18
59	7
60	12
61	9
62	13
63	6
64	14
65	10
66	13
67	11
68	12
69	9
70	7
71	2
72	9
73	8
74	4
75	8
76	6
77	8
78	6
79	9
80	14
81	12
82	9
83	8
84	11
85	7
86	10
87	7
88	9
89	7
90	7
91	9
92	11
93	11
94	16
95	15
96	19
97	15
98	13
99	18
100	6
101	6
102	5
103	8
104	6
105	8
106	12
107	11
108	9
109	9
110	6
111	3
112	5
113	3
114	1
115	3
116	4
117	4
118	2
119	5
120	7
121	5
122	2
123	4
124	5
125	4
126	5
127	3
128	6
129	6
130	4
131	9
132	1
133	6
134	4
135	1
136	4
137	3
138	8
139	4
140	2
141	4
142	5
143	3
144	7
145	2
146	2
147	1
148	2
149	4
150	3
151	2
152	5
153	6
154	4
155	4
156	8
157	5
158	8
159	17
160	18
161	36
162	21
163	30
164	28
165	15
166	17
167	8
168	9
169	2
170	5
171	6
172	6
173	4
174	4
175	9
176	5
177	6
178	13
179	17
180	15
181	17
182	20
183	17
184	12
185	16
186	9
187	9
188	4
189	6
190	4
191	3
192	7
193	8
194	7
195	25
196	27
197	38
198	98
199	147
200	198
201	275
202	342
203	386
204	313
205	256
206	185
207	108
208	63
209	42
210	22
211	16
212	7
213	11
214	16
215	23
216	30
217	28
218	47
219	59
220	42
221	69
222	58
223	39
224	37
225	31
226	17
227	11
228	15
229	5
230	8
231	7
232	3
233	5
234	1
235	1
236	5
237	13
238	5
239	7
240	12
241	35
242	44
243	75
244	111
245	130
246	180
247	199
248	192
249	211
250	156
251	144
252	99
253	70
254	44
255	54
256	39
257	41
258	32
259	24
260	9
261	14
262	9
263	16
264	16
265	11
266	26
267	23
268	46
269	50
270	48
271	54
272	59
273	53
274	48
275	31
276	19
277	9
278	16
279	6
280	12
281	13
282	9
283	11
284	12
285	9
286	14
287	14
288	16
289	16
290	27
291	20
292	21
293	13
294	14
295	18
296	21
297	11
298	16
299	18
300	15
301	21
302	14
303	10
304	11
305	14
306	11
307	8
308	11
309	19
310	20
311	7
312	18
313	14
314	31
315	35
316	60
317	103
318	140
319	230
320	314
321	398
322	494
323	482
324	490
325	427
326	359
327	274
328	192
329	119
330	77
331	45
332	34
333	28
334	34
335	23
336	28
337	38
338	49
339	73
340	108
341	221
342	404
343	726
344	1173
345	2034
346	3121
347	4494
348	5756
349	6858
350	7638
351	7800
352	7503
353	6511
354	5408
355	3869
356	2695
357	1726
358	1037
359	603
360	319
361	165
362	102
363	72
364	46
365	32
366	42
367	33
368	31
369	41
370	49
371	42
372	69
373	44
374	75
375	72
376	74
377	114
378	140
379	230
380	336
381	470
382	649
383	836
384	1025
385	1139
386	1223
387	1281
388	1190
389	1028
390	829
391	599
392	404
393	303
394	180
395	111
396	70
397	32
398	36
399	16
400	21
401	23
402	20
403	21
404	33
405	35
406	41
407	42
408	35
409	37
410	38
411	36
412	30
413	34
414	41
415	28
416	26
417	33
418	22
419	23
420	28
421	32
422	43
423	34
424	27
425	44
426	31
427	35
428	37
429	42
430	35
431	33
432	37
433	42
434	45
435	45
436	48
437	62
438	52
439	60
440	57
441	68
442	75
443	62
444	57
445	61
446	54
447	54
448	54
449	60
450	53
451	68
452	44
453	67
454	64
455	68
456	72
457	74
458	83
459	64
460	84
461	66
462	52
463	69
464	59
465	58
466	55
467	56
468	43
469	43
470	58
471	63
472	61
473	70
474	59
475	65
476	50
477	66
478	63
479	46
480	59
481	50
482	48
483	44
484	69
485	56
486	52
487	54
488	54
489	52
490	50
491	45
492	54
493	51
494	47
495	51
496	49
497	43
498	50
499	67
500	57
501	63
502	73
503	65
504	67
505	68
506	67
507	76
508	70
509	76
510	73
511	79
512	69
513	77
514	56
515	75
516	78
517	60
518	73
519	76
520	94
521	81
522	69
523	80
524	79
525	70
526	95
527	91
528	108
529	71
530	88
531	74
532	73
533	87
534	83
535	76
536	64
537	73
538	84
539	87
540	83
541	74
542	74
543	83
544	73
545	89
546	61
547	85
548	72
549	77
550	79
551	65
552	64
553	71
554	75
555	75
556	64
557	71
558	87
559	69
560	65
561	61
562	73
563	52
564	77
565	71
566	63
567	86
568	73
569	67
570	84
571	68
572	78
573	82
574	83
575	97
576	87
577	74
578	80
579	85
580	85
581	82
582	89
583	96
584	72
585	94
586	64
587	84
588	88
589	83
590	66
591	85
592	97
593	76
594	103
595	101
596	88
597	91
598	87
599	91
600	79
601	69
602	73
603	87
604	91
605	95
606	77
607	88
608	79
609	101
610	94
611	89
612	87
613	97
614	79
615	95
616	93
617	95
618	88
619	89
620	92
621	113
622	100
623	90
624	98
625	102
626	77
627	86
628	87
629	104
630	84
631	71
632	78
633	93
634	103
635	94
636	106
637	95
638	98
639	93
640	111
641	91
642	100
643	103
644	92
645	95
646	102
647	98
648	114
649	100
650	105
651	107
652	112
653	117
654	119
655	105
656	92
657	96
658	122
659	103
660	98
661	133
662	85
663	96
664	100
665	85
666	106
667	91
668	113
669	91
670	110
671	112
672	116
673	99
674	88
675	112
676	109
677	122
678	96
679	86
680	100
681	102
682	100
683	112
684	99
685	106
686	99
687	112
688	119
689	128
690	115
691	101
692	108
693	110
694	116
695	110
696	121
697	119
698	120
699	118
700	131
701	96
702	115
703	121
704	128
705	105
706	100
707	114
708	120
709	101
710	105
711	118
712	111
713	100
714	101
715	121
716	107
717	109
718	105
719	106
720	114
721	106
722	122
723	129
724	115
725	124
726	111
727	100
728	124
729	123
730	102
731	106
732	124
733	114
734	124
735	102
736	127
737	130
738	119
739	116
740	125
741	124
742	129
743	110
744	117
745	119
746	98
747	112
748	125
749	99
750	134
751	107
752	136
753	154
754	139
755	108
756	123
757	124
758	118
759	134
760	102
761	125
762	136
763	121
764	131
765	177
766	177
767	166
768	217
769	208
770	229
771	236
772	246
773	211
774	260
775	245
776	243
777	201
778	206
779	189
780	175
781	170
782	154
783	144
784	136
785	121
786	115
787	120
788	130
789	143
790	110
791	114
792	132
793	113
794	120
795	124
796	113
797	114
798	108
799	122
800	123
801	103
802	119
803	130
804	111
805	116
806	131
807	143
808	124
809	131
810	141
811	128
812	133
813	140
814	120
815	126
816	137
817	129
818	136
819	129
820	133
821	124
822	113
823	137
824	128
825	138
826	124
827	135
828	125
829	136
830	119
831	130
832	141
833	133
834	129
835	121
836	144
837	124
838	132
839	115
840	154
841	152
842	134
843	128
844	147
845	117
846	130
847	156
848	166
849	147
850	156
851	163
852	141
853	147
854	160
855	157
856	159
857	159
858	201
859	178
860	173
861	176
862	186
863	191
864	194
865	195
866	191
867	206
868	181
869	191
870	197
871	190
872	189
873	173
874	218
875	231
876	226
877	198
878	192
879	246
880	255
881	248
882	278
883	325
884	306
885	296
886	315
887	377
888	368
889	353
890	416
891	415
892	430
893	483
894	483
895	460
896	499
897	492
898	524
899	526
900	536
901	522
902	477
903	492
904	473
905	491
906	474
907	425
908	429
909	433
910	406
911	384
912	398
913	328
914	339
915	311
916	272
917	312
918	268
919	245
920	278
921	226
922	242
923	254
924	227
925	198
926	200
927	174
928	204
929	179
930	152
931	167
932	141
933	151
934	142
935	156
936	147
937	142
938	152
939	141
940	154
941	177
942	166
943	186
944	189
945	258
946	248
947	316
948	262
949	324
950	334
951	361
952	406
953	422
954	380
955	384
956	369
957	348
958	337
959	295
960	281
961	224
962	239
963	189
964	183
965	165
966	133
967	125
968	118
969	136
970	134
971	118
972	112
973	112
974	110
975	110
976	125
977	123
978	118
979	119
980	133
981	96
982	131
983	121
984	133
985	116
986	150
987	107
988	130
989	122
990	126
991	142
992	150
993	167
994	153
995	140
996	139
997	159
998	147
999	151
1000	183
1001	179
1002	173
1003	138
1004	165
1005	177
1006	170
1007	155
1008	149
1009	158
1010	155
1011	129
1012	153
1013	132
1014	136
1015	130
1016	155
1017	136
1018	102
1019	107
1020	116
1021	118
1022	120
1023	110
1024	104
