Date:	09/05/2018		Time:	10:23		Version no:	0.00		Project name:	55		Sample name:	222		Section name:	section		Position	181.000031	mm	E0	0.000000	keV	E1	1.000000	keV/channel	sample surface	6.223187	cm	Tube anode:	Mo		Tube voltage:	30	kV	Tube current:	50	mA	gain	10		std. database			resultfile	result		matrix element	11		sample thickness	1.000000		air passage	0.560000	cm	comments	in position		peaking_time	2.200000	m-sec	trigger_threshold	547.363281	V	mca_bin_width	22.090000	no:	number_mca_channels	1024.000000	no:	gap_time	0.150000	m-sec	trigger_peaking_time	0.200000	m-sec	GAINDAC	18610		HIGHGAIN	1		TAURC	1		RCTAU	1		RCTAUFRAC	1		livetime	9.390848	seconds	runtime	10.000494	seconds	input_count_rate	25988.494330	cps	output_count_rate	20983.364261	cps	triggers	244054	seconds	events_in_run	209844	seconds	channel	content		1	0
2	0
3	0
4	0
5	0
6	0
7	0
8	0
9	0
10	0
11	0
12	0
13	0
14	0
15	0
16	0
17	0
18	0
19	0
20	0
21	0
22	0
23	0
24	0
25	0
26	0
27	0
28	0
29	0
30	0
31	21
32	18
33	16
34	14
35	19
36	12
37	12
38	14
39	22
40	22
41	18
42	21
43	13
44	10
45	14
46	12
47	9
48	16
49	14
50	22
51	16
52	21
53	10
54	21
55	22
56	15
57	10
58	15
59	12
60	12
61	10
62	6
63	10
64	14
65	14
66	7
67	9
68	11
69	7
70	11
71	5
72	9
73	5
74	12
75	9
76	6
77	6
78	6
79	7
80	14
81	14
82	11
83	11
84	17
85	8
86	10
87	5
88	9
89	9
90	7
91	12
92	13
93	14
94	22
95	15
96	26
97	23
98	14
99	14
100	12
101	10
102	8
103	9
104	9
105	14
106	16
107	14
108	13
109	11
110	8
111	10
112	6
113	13
114	3
115	9
116	4
117	0
118	2
119	5
120	4
121	7
122	3
123	9
124	4
125	4
126	4
127	5
128	8
129	3
130	5
131	3
132	4
133	5
134	3
135	6
136	3
137	6
138	2
139	3
140	6
141	6
142	8
143	6
144	6
145	8
146	6
147	5
148	3
149	2
150	5
151	4
152	6
153	5
154	1
155	1
156	5
157	11
158	7
159	11
160	22
161	27
162	35
163	27
164	31
165	26
166	14
167	10
168	6
169	1
170	10
171	4
172	5
173	13
174	12
175	5
176	13
177	8
178	13
179	13
180	24
181	26
182	15
183	22
184	14
185	29
186	12
187	9
188	4
189	2
190	4
191	3
192	2
193	4
194	10
195	20
196	26
197	64
198	111
199	183
200	257
201	362
202	439
203	442
204	411
205	353
206	229
207	171
208	104
209	42
210	31
211	12
212	16
213	16
214	11
215	21
216	32
217	27
218	54
219	81
220	80
221	77
222	76
223	68
224	43
225	19
226	16
227	11
228	5
229	8
230	6
231	3
232	7
233	3
234	6
235	9
236	6
237	3
238	8
239	6
240	17
241	26
242	50
243	91
244	119
245	160
246	245
247	243
248	202
249	211
250	211
251	134
252	87
253	82
254	62
255	56
256	46
257	42
258	25
259	27
260	20
261	20
262	16
263	10
264	16
265	16
266	27
267	30
268	36
269	49
270	61
271	52
272	54
273	53
274	47
275	29
276	24
277	10
278	9
279	14
280	11
281	9
282	11
283	13
284	12
285	12
286	8
287	13
288	23
289	19
290	13
291	16
292	14
293	18
294	20
295	33
296	18
297	28
298	24
299	26
300	18
301	13
302	12
303	9
304	16
305	10
306	19
307	17
308	12
309	12
310	15
311	12
312	12
313	11
314	15
315	15
316	25
317	47
318	63
319	76
320	88
321	116
322	139
323	140
324	129
325	138
326	111
327	104
328	72
329	56
330	39
331	37
332	32
333	29
334	26
335	34
336	47
337	41
338	55
339	69
340	134
341	209
342	396
343	702
344	1325
345	2218
346	3354
347	4817
348	6179
349	7550
350	8380
351	8761
352	8020
353	7116
354	5751
355	4292
356	2872
357	1823
358	1067
359	555
360	333
361	180
362	86
363	66
364	58
365	48
366	33
367	40
368	32
369	45
370	44
371	39
372	60
373	47
374	61
375	63
376	101
377	128
378	161
379	215
380	340
381	494
382	691
383	922
384	1100
385	1269
386	1386
387	1392
388	1340
389	1170
390	965
391	695
392	485
393	342
394	203
395	132
396	83
397	39
398	33
399	35
400	30
401	26
402	32
403	28
404	41
405	39
406	30
407	54
408	42
409	42
410	41
411	43
412	44
413	33
414	20
415	21
416	21
417	27
418	35
419	19
420	32
421	29
422	27
423	29
424	36
425	32
426	34
427	33
428	36
429	33
430	38
431	39
432	35
433	29
434	39
435	46
436	49
437	51
438	56
439	61
440	58
441	66
442	73
443	67
444	70
445	59
446	66
447	56
448	62
449	58
450	61
451	56
452	66
453	61
454	62
455	67
456	73
457	90
458	85
459	67
460	91
461	66
462	64
463	72
464	61
465	54
466	77
467	51
468	71
469	46
470	50
471	61
472	64
473	67
474	63
475	64
476	69
477	49
478	45
479	44
480	48
481	55
482	51
483	54
484	57
485	55
486	54
487	76
488	52
489	62
490	58
491	66
492	49
493	58
494	75
495	54
496	56
497	61
498	55
499	37
500	68
501	56
502	82
503	70
504	67
505	69
506	85
507	87
508	66
509	70
510	68
511	78
512	67
513	63
514	74
515	81
516	80
517	70
518	80
519	68
520	83
521	81
522	81
523	87
524	79
525	95
526	103
527	74
528	98
529	79
530	101
531	93
532	82
533	100
534	92
535	75
536	76
537	99
538	78
539	80
540	79
541	79
542	74
543	83
544	69
545	101
546	79
547	92
548	70
549	75
550	92
551	86
552	66
553	76
554	75
555	88
556	85
557	82
558	87
559	97
560	83
561	74
562	79
563	75
564	76
565	71
566	86
567	98
568	79
569	89
570	90
571	79
572	92
573	77
574	84
575	84
576	91
577	87
578	75
579	87
580	92
581	91
582	84
583	87
584	93
585	86
586	97
587	97
588	88
589	78
590	80
591	100
592	83
593	107
594	111
595	93
596	104
597	76
598	98
599	84
600	104
601	106
602	97
603	99
604	102
605	110
606	107
607	98
608	103
609	88
610	100
611	90
612	108
613	92
614	101
615	110
616	86
617	101
618	106
619	90
620	112
621	98
622	101
623	95
624	95
625	99
626	115
627	111
628	104
629	102
630	109
631	93
632	86
633	105
634	119
635	127
636	93
637	100
638	112
639	107
640	96
641	86
642	112
643	111
644	119
645	120
646	93
647	93
648	124
649	108
650	106
651	116
652	101
653	121
654	100
655	120
656	114
657	116
658	130
659	114
660	84
661	116
662	84
663	108
664	123
665	114
666	113
667	109
668	112
669	128
670	108
671	115
672	113
673	101
674	95
675	118
676	117
677	121
678	123
679	111
680	123
681	118
682	111
683	122
684	129
685	112
686	135
687	121
688	129
689	111
690	109
691	127
692	110
693	126
694	122
695	116
696	105
697	127
698	123
699	117
700	135
701	158
702	135
703	118
704	109
705	144
706	134
707	103
708	138
709	114
710	106
711	115
712	114
713	131
714	105
715	125
716	126
717	123
718	122
719	109
720	120
721	115
722	131
723	129
724	121
725	129
726	132
727	125
728	144
729	119
730	129
731	138
732	147
733	131
734	122
735	152
736	134
737	129
738	148
739	118
740	126
741	164
742	100
743	129
744	160
745	126
746	123
747	133
748	117
749	126
750	136
751	133
752	146
753	123
754	137
755	152
756	155
757	139
758	125
759	150
760	149
761	153
762	139
763	152
764	156
765	167
766	185
767	178
768	225
769	254
770	265
771	282
772	283
773	295
774	292
775	281
776	296
777	263
778	262
779	228
780	189
781	182
782	167
783	169
784	152
785	166
786	131
787	142
788	130
789	112
790	136
791	140
792	135
793	139
794	139
795	123
796	150
797	137
798	124
799	128
800	122
801	143
802	146
803	150
804	150
805	156
806	131
807	145
808	135
809	139
810	150
811	164
812	141
813	173
814	150
815	142
816	172
817	150
818	173
819	173
820	140
821	126
822	138
823	166
824	136
825	135
826	165
827	156
828	163
829	139
830	143
831	157
832	165
833	154
834	145
835	176
836	149
837	156
838	145
839	161
840	153
841	142
842	148
843	149
844	143
845	160
846	156
847	164
848	144
849	160
850	150
851	164
852	189
853	175
854	179
855	190
856	167
857	161
858	215
859	193
860	197
861	216
862	246
863	214
864	205
865	214
866	228
867	235
868	251
869	196
870	214
871	228
872	240
873	214
874	214
875	220
876	259
877	260
878	272
879	289
880	247
881	291
882	305
883	317
884	360
885	372
886	371
887	419
888	391
889	433
890	431
891	464
892	543
893	526
894	539
895	550
896	563
897	575
898	546
899	584
900	605
901	628
902	587
903	536
904	516
905	565
906	583
907	549
908	547
909	492
910	457
911	417
912	420
913	420
914	351
915	363
916	393
917	328
918	334
919	310
920	285
921	254
922	288
923	229
924	227
925	204
926	214
927	213
928	214
929	195
930	213
931	184
932	183
933	185
934	166
935	190
936	188
937	168
938	167
939	198
940	185
941	193
942	198
943	208
944	244
945	249
946	291
947	324
948	369
949	366
950	397
951	425
952	432
953	421
954	440
955	475
956	450
957	380
958	373
959	338
960	320
961	250
962	234
963	209
964	192
965	184
966	155
967	142
968	155
969	140
970	121
971	147
972	119
973	141
974	149
975	169
976	140
977	141
978	138
979	144
980	123
981	131
982	141
983	133
984	149
985	128
986	153
987	141
988	144
989	153
990	139
991	138
992	166
993	161
994	187
995	177
996	184
997	183
998	187
999	177
1000	164
1001	185
1002	185
1003	187
1004	180
1005	187
1006	194
1007	203
1008	165
1009	193
1010	175
1011	165
1012	160
1013	187
1014	144
1015	152
1016	147
1017	150
1018	149
1019	145
1020	139
1021	135
1022	136
1023	131
1024	103
