Date:	09/05/2018		Time:	09:55		Version no:	0.00		Project name:	55		Sample name:	222		Section name:	section		Position	151.000031	mm	E0	0.000000	keV	E1	1.000000	keV/channel	sample surface	6.461480	cm	Tube anode:	Mo		Tube voltage:	30	kV	Tube current:	50	mA	gain	10		std. database			resultfile	result		matrix element	11		sample thickness	1.000000		air passage	0.560000	cm	comments	in position		peaking_time	2.200000	m-sec	trigger_threshold	547.363281	V	mca_bin_width	22.090000	no:	number_mca_channels	1024.000000	no:	gap_time	0.150000	m-sec	trigger_peaking_time	0.200000	m-sec	GAINDAC	18610		HIGHGAIN	1		TAURC	1		RCTAU	1		RCTAUFRAC	1		livetime	9.388444	seconds	runtime	10.000164	seconds	input_count_rate	26437.075196	cps	output_count_rate	21281.950976	cps	triggers	248203	seconds	events_in_run	212823	seconds	channel	content		1	0
2	0
3	0
4	0
5	0
6	0
7	0
8	0
9	0
10	0
11	0
12	0
13	0
14	0
15	0
16	0
17	0
18	0
19	0
20	0
21	0
22	0
23	0
24	0
25	0
26	0
27	0
28	0
29	0
30	0
31	13
32	16
33	15
34	16
35	15
36	10
37	8
38	9
39	15
40	10
41	9
42	10
43	17
44	18
45	19
46	21
47	21
48	15
49	24
50	15
51	11
52	10
53	12
54	13
55	14
56	15
57	18
58	10
59	13
60	11
61	14
62	14
63	7
64	12
65	2
66	9
67	14
68	10
69	7
70	10
71	12
72	12
73	6
74	9
75	11
76	6
77	10
78	11
79	9
80	10
81	9
82	15
83	15
84	9
85	7
86	9
87	10
88	9
89	8
90	5
91	6
92	14
93	10
94	8
95	20
96	17
97	24
98	16
99	13
100	15
101	10
102	8
103	10
104	10
105	14
106	8
107	17
108	11
109	8
110	8
111	8
112	4
113	5
114	5
115	4
116	10
117	4
118	9
119	4
120	9
121	5
122	3
123	2
124	5
125	7
126	7
127	7
128	8
129	0
130	8
131	5
132	6
133	3
134	0
135	4
136	3
137	1
138	3
139	6
140	4
141	5
142	4
143	3
144	4
145	4
146	4
147	9
148	9
149	5
150	4
151	2
152	5
153	7
154	6
155	5
156	2
157	5
158	11
159	10
160	20
161	26
162	20
163	17
164	31
165	24
166	12
167	13
168	8
169	5
170	7
171	3
172	3
173	6
174	7
175	9
176	11
177	13
178	9
179	15
180	27
181	18
182	25
183	25
184	27
185	16
186	17
187	8
188	6
189	8
190	2
191	5
192	4
193	8
194	7
195	17
196	46
197	62
198	117
199	190
200	280
201	380
202	412
203	419
204	417
205	378
206	255
207	189
208	109
209	52
210	21
211	15
212	8
213	11
214	10
215	19
216	36
217	42
218	48
219	69
220	62
221	79
222	56
223	54
224	35
225	36
226	23
227	7
228	14
229	10
230	6
231	5
232	6
233	5
234	4
235	3
236	4
237	8
238	6
239	18
240	16
241	22
242	53
243	105
244	140
245	192
246	217
247	244
248	254
249	252
250	199
251	153
252	114
253	75
254	83
255	54
256	53
257	42
258	42
259	29
260	16
261	12
262	19
263	10
264	18
265	29
266	22
267	35
268	38
269	55
270	66
271	59
272	63
273	59
274	41
275	32
276	23
277	24
278	6
279	10
280	11
281	7
282	9
283	8
284	9
285	9
286	13
287	10
288	31
289	19
290	22
291	15
292	21
293	19
294	27
295	17
296	22
297	19
298	19
299	9
300	24
301	19
302	15
303	18
304	20
305	14
306	17
307	14
308	7
309	18
310	23
311	16
312	16
313	15
314	15
315	24
316	37
317	45
318	58
319	101
320	126
321	131
322	185
323	202
324	190
325	174
326	134
327	112
328	103
329	59
330	45
331	36
332	26
333	29
334	30
335	40
336	39
337	40
338	42
339	80
340	117
341	252
342	464
343	798
344	1480
345	2389
346	3491
347	5131
348	6477
349	7983
350	8768
351	9132
352	8715
353	7580
354	5937
355	4450
356	3042
357	1905
358	1158
359	584
360	346
361	168
362	97
363	72
364	54
365	62
366	46
367	44
368	45
369	41
370	53
371	47
372	47
373	52
374	72
375	56
376	76
377	114
378	191
379	249
380	358
381	493
382	734
383	966
384	1162
385	1313
386	1589
387	1534
388	1330
389	1218
390	998
391	684
392	486
393	323
394	229
395	103
396	83
397	48
398	55
399	36
400	33
401	30
402	29
403	41
404	22
405	27
406	36
407	44
408	37
409	36
410	43
411	53
412	39
413	40
414	28
415	40
416	25
417	21
418	32
419	42
420	25
421	41
422	29
423	25
424	33
425	33
426	46
427	32
428	34
429	40
430	35
431	34
432	38
433	47
434	41
435	47
436	34
437	58
438	56
439	67
440	88
441	71
442	61
443	68
444	83
445	61
446	60
447	60
448	69
449	61
450	50
451	62
452	55
453	64
454	69
455	64
456	69
457	95
458	80
459	85
460	89
461	76
462	79
463	87
464	68
465	63
466	58
467	61
468	54
469	54
470	59
471	64
472	64
473	70
474	68
475	70
476	63
477	55
478	65
479	46
480	55
481	51
482	55
483	51
484	63
485	54
486	52
487	53
488	61
489	62
490	48
491	55
492	65
493	47
494	61
495	59
496	46
497	56
498	60
499	55
500	52
501	67
502	84
503	86
504	79
505	81
506	67
507	85
508	68
509	89
510	70
511	72
512	85
513	72
514	75
515	76
516	82
517	81
518	86
519	83
520	79
521	85
522	84
523	88
524	95
525	115
526	108
527	95
528	96
529	98
530	101
531	118
532	103
533	105
534	95
535	90
536	72
537	94
538	61
539	77
540	91
541	75
542	81
543	84
544	105
545	93
546	80
547	73
548	107
549	80
550	75
551	91
552	81
553	63
554	95
555	82
556	74
557	75
558	79
559	59
560	76
561	84
562	66
563	67
564	80
565	75
566	79
567	75
568	83
569	56
570	80
571	97
572	78
573	94
574	78
575	68
576	89
577	80
578	67
579	85
580	79
581	89
582	98
583	90
584	67
585	88
586	87
587	84
588	83
589	81
590	81
591	94
592	89
593	90
594	91
595	109
596	108
597	88
598	77
599	83
600	105
601	87
602	89
603	93
604	83
605	76
606	89
607	85
608	105
609	91
610	79
611	96
612	98
613	99
614	90
615	108
616	89
617	99
618	96
619	108
620	115
621	104
622	91
623	80
624	101
625	73
626	107
627	94
628	104
629	120
630	95
631	101
632	115
633	96
634	91
635	110
636	79
637	113
638	111
639	102
640	104
641	100
642	122
643	88
644	82
645	116
646	127
647	109
648	102
649	108
650	110
651	120
652	123
653	115
654	121
655	120
656	109
657	98
658	125
659	96
660	105
661	115
662	108
663	110
664	110
665	120
666	102
667	110
668	103
669	106
670	117
671	110
672	118
673	111
674	122
675	127
676	128
677	99
678	98
679	110
680	107
681	124
682	128
683	129
684	125
685	140
686	117
687	113
688	116
689	124
690	95
691	131
692	128
693	132
694	122
695	114
696	130
697	137
698	137
699	117
700	127
701	132
702	124
703	147
704	127
705	142
706	128
707	139
708	110
709	102
710	131
711	108
712	133
713	132
714	103
715	114
716	132
717	124
718	116
719	109
720	112
721	100
722	125
723	122
724	107
725	116
726	124
727	118
728	114
729	126
730	124
731	124
732	144
733	147
734	119
735	111
736	126
737	120
738	137
739	133
740	138
741	139
742	140
743	137
744	130
745	125
746	122
747	152
748	132
749	105
750	131
751	141
752	140
753	145
754	129
755	137
756	131
757	124
758	117
759	124
760	142
761	149
762	136
763	163
764	165
765	181
766	191
767	196
768	204
769	227
770	261
771	260
772	283
773	244
774	294
775	296
776	241
777	245
778	237
779	208
780	188
781	176
782	160
783	157
784	156
785	151
786	155
787	156
788	146
789	145
790	117
791	120
792	137
793	126
794	128
795	130
796	114
797	122
798	132
799	140
800	114
801	124
802	144
803	126
804	147
805	140
806	146
807	153
808	135
809	159
810	144
811	165
812	135
813	145
814	145
815	132
816	142
817	155
818	143
819	135
820	121
821	160
822	139
823	156
824	161
825	138
826	136
827	143
828	151
829	160
830	143
831	161
832	141
833	155
834	147
835	128
836	137
837	148
838	135
839	140
840	162
841	148
842	157
843	175
844	183
845	143
846	175
847	150
848	151
849	165
850	153
851	139
852	165
853	155
854	171
855	167
856	190
857	169
858	186
859	196
860	195
861	210
862	189
863	223
864	196
865	241
866	217
867	225
868	215
869	200
870	219
871	209
872	238
873	204
874	216
875	211
876	240
877	236
878	256
879	274
880	263
881	280
882	282
883	356
884	325
885	343
886	401
887	392
888	417
889	429
890	435
891	481
892	529
893	470
894	516
895	540
896	553
897	587
898	553
899	560
900	592
901	566
902	547
903	539
904	554
905	517
906	521
907	534
908	486
909	482
910	482
911	449
912	447
913	388
914	383
915	364
916	361
917	333
918	307
919	326
920	281
921	277
922	254
923	238
924	243
925	217
926	212
927	206
928	185
929	204
930	179
931	179
932	164
933	175
934	164
935	141
936	157
937	147
938	149
939	169
940	172
941	193
942	189
943	214
944	234
945	268
946	293
947	320
948	336
949	356
950	402
951	412
952	410
953	466
954	402
955	418
956	383
957	387
958	350
959	317
960	272
961	266
962	212
963	204
964	167
965	177
966	172
967	137
968	140
969	147
970	131
971	118
972	127
973	137
974	137
975	113
976	133
977	129
978	142
979	137
980	129
981	119
982	133
983	127
984	143
985	131
986	133
987	138
988	168
989	142
990	138
991	137
992	168
993	155
994	162
995	156
996	176
997	167
998	178
999	144
1000	193
1001	174
1002	201
1003	191
1004	179
1005	174
1006	194
1007	172
1008	183
1009	190
1010	150
1011	167
1012	185
1013	142
1014	156
1015	145
1016	158
1017	174
1018	134
1019	148
1020	150
1021	128
1022	117
1023	124
1024	121
