Date:	09/05/2018		Time:	10:22		Version no:	0.00		Project name:	55		Sample name:	222		Section name:	section		Position	180.000031	mm	E0	0.000000	keV	E1	1.000000	keV/channel	sample surface	6.241815	cm	Tube anode:	Mo		Tube voltage:	30	kV	Tube current:	50	mA	gain	10		std. database			resultfile	result		matrix element	11		sample thickness	1.000000		air passage	0.560000	cm	comments	in position		peaking_time	2.200000	m-sec	trigger_threshold	547.363281	V	mca_bin_width	22.090000	no:	number_mca_channels	1024.000000	no:	gap_time	0.150000	m-sec	trigger_peaking_time	0.200000	m-sec	GAINDAC	18610		HIGHGAIN	1		TAURC	1		RCTAU	1		RCTAUFRAC	1		livetime	9.406266	seconds	runtime	10.000491	seconds	input_count_rate	25399.344420	cps	output_count_rate	20630.786616	cps	triggers	238913	seconds	events_in_run	206318	seconds	channel	content		1	0
2	0
3	0
4	0
5	0
6	0
7	0
8	0
9	0
10	0
11	0
12	0
13	0
14	0
15	0
16	0
17	0
18	0
19	0
20	0
21	0
22	0
23	0
24	0
25	0
26	0
27	0
28	0
29	0
30	0
31	13
32	21
33	11
34	17
35	9
36	13
37	16
38	13
39	11
40	15
41	16
42	13
43	10
44	12
45	9
46	15
47	16
48	9
49	19
50	13
51	15
52	20
53	18
54	12
55	12
56	8
57	7
58	16
59	13
60	11
61	16
62	12
63	7
64	12
65	11
66	10
67	13
68	11
69	12
70	14
71	5
72	12
73	7
74	10
75	9
76	6
77	12
78	7
79	8
80	11
81	8
82	12
83	9
84	8
85	9
86	15
87	4
88	9
89	4
90	7
91	4
92	9
93	16
94	13
95	18
96	17
97	25
98	16
99	8
100	8
101	8
102	6
103	8
104	6
105	15
106	8
107	7
108	11
109	7
110	6
111	10
112	2
113	3
114	9
115	6
116	4
117	7
118	9
119	4
120	3
121	2
122	6
123	1
124	9
125	6
126	9
127	1
128	3
129	2
130	5
131	5
132	5
133	3
134	4
135	7
136	3
137	6
138	5
139	6
140	4
141	5
142	3
143	4
144	10
145	3
146	3
147	4
148	6
149	4
150	3
151	2
152	7
153	7
154	4
155	3
156	5
157	3
158	18
159	11
160	22
161	34
162	24
163	33
164	23
165	27
166	13
167	9
168	10
169	7
170	7
171	2
172	3
173	5
174	7
175	7
176	6
177	15
178	11
179	11
180	22
181	14
182	26
183	25
184	33
185	22
186	12
187	6
188	7
189	3
190	4
191	3
192	6
193	6
194	13
195	15
196	32
197	51
198	105
199	180
200	244
201	341
202	412
203	425
204	386
205	339
206	239
207	154
208	100
209	58
210	22
211	17
212	10
213	7
214	10
215	26
216	40
217	33
218	50
219	72
220	78
221	68
222	78
223	60
224	33
225	27
226	18
227	6
228	12
229	8
230	11
231	2
232	3
233	3
234	3
235	4
236	3
237	3
238	6
239	12
240	16
241	25
242	53
243	83
244	138
245	179
246	192
247	236
248	235
249	188
250	173
251	160
252	99
253	67
254	54
255	40
256	49
257	30
258	27
259	19
260	11
261	19
262	16
263	8
264	12
265	17
266	17
267	32
268	45
269	42
270	68
271	47
272	59
273	62
274	47
275	41
276	30
277	17
278	13
279	16
280	9
281	9
282	8
283	10
284	11
285	11
286	10
287	15
288	9
289	24
290	11
291	16
292	21
293	13
294	21
295	18
296	17
297	15
298	20
299	16
300	13
301	17
302	10
303	10
304	12
305	9
306	10
307	10
308	17
309	13
310	14
311	12
312	15
313	19
314	17
315	21
316	32
317	48
318	57
319	81
320	116
321	131
322	149
323	168
324	150
325	157
326	115
327	95
328	80
329	53
330	37
331	35
332	29
333	24
334	39
335	42
336	40
337	33
338	41
339	61
340	108
341	201
342	408
343	736
344	1310
345	2158
346	3233
347	4634
348	6173
349	7229
350	8175
351	8590
352	7963
353	6828
354	5682
355	4203
356	2791
357	1788
358	1036
359	541
360	298
361	198
362	86
363	61
364	43
365	30
366	38
367	33
368	36
369	43
370	35
371	39
372	59
373	60
374	57
375	69
376	72
377	95
378	141
379	225
380	326
381	496
382	679
383	834
384	1112
385	1281
386	1394
387	1453
388	1308
389	1140
390	887
391	766
392	491
393	307
394	205
395	124
396	68
397	47
398	39
399	33
400	30
401	27
402	28
403	33
404	31
405	30
406	41
407	37
408	43
409	31
410	41
411	39
412	29
413	33
414	33
415	31
416	30
417	31
418	41
419	21
420	29
421	37
422	25
423	27
424	31
425	42
426	30
427	34
428	19
429	38
430	36
431	37
432	31
433	32
434	37
435	47
436	43
437	58
438	49
439	66
440	80
441	74
442	68
443	62
444	73
445	59
446	71
447	56
448	62
449	55
450	50
451	59
452	54
453	66
454	67
455	77
456	78
457	78
458	80
459	86
460	87
461	81
462	67
463	79
464	70
465	65
466	63
467	51
468	65
469	56
470	62
471	68
472	65
473	56
474	74
475	56
476	68
477	59
478	58
479	52
480	56
481	54
482	55
483	43
484	62
485	48
486	41
487	53
488	58
489	47
490	53
491	61
492	64
493	61
494	78
495	40
496	63
497	52
498	46
499	49
500	56
501	80
502	74
503	71
504	82
505	83
506	75
507	74
508	76
509	53
510	79
511	70
512	82
513	65
514	74
515	89
516	84
517	77
518	76
519	66
520	86
521	82
522	79
523	85
524	89
525	89
526	86
527	100
528	80
529	109
530	101
531	75
532	82
533	85
534	85
535	80
536	85
537	76
538	74
539	84
540	91
541	75
542	73
543	70
544	74
545	78
546	75
547	78
548	76
549	84
550	79
551	82
552	86
553	69
554	72
555	67
556	70
557	74
558	65
559	88
560	71
561	79
562	85
563	77
564	70
565	75
566	72
567	64
568	74
569	81
570	81
571	92
572	77
573	86
574	86
575	92
576	77
577	93
578	74
579	88
580	85
581	81
582	73
583	90
584	71
585	93
586	86
587	95
588	82
589	97
590	86
591	90
592	106
593	94
594	89
595	107
596	115
597	109
598	108
599	100
600	86
601	95
602	99
603	93
604	89
605	100
606	86
607	92
608	104
609	80
610	118
611	101
612	95
613	122
614	97
615	111
616	95
617	110
618	108
619	85
620	105
621	110
622	98
623	93
624	96
625	125
626	112
627	92
628	94
629	92
630	100
631	100
632	99
633	92
634	107
635	87
636	98
637	119
638	86
639	99
640	114
641	115
642	83
643	92
644	108
645	115
646	98
647	122
648	109
649	96
650	108
651	110
652	111
653	106
654	124
655	114
656	106
657	105
658	111
659	91
660	108
661	115
662	104
663	97
664	125
665	136
666	101
667	100
668	98
669	107
670	103
671	104
672	98
673	110
674	112
675	120
676	123
677	105
678	116
679	120
680	137
681	105
682	112
683	126
684	118
685	122
686	113
687	112
688	115
689	121
690	111
691	123
692	117
693	106
694	112
695	126
696	119
697	132
698	123
699	117
700	145
701	119
702	125
703	138
704	148
705	118
706	156
707	136
708	116
709	122
710	119
711	113
712	128
713	121
714	128
715	119
716	116
717	123
718	131
719	123
720	105
721	127
722	124
723	115
724	136
725	116
726	110
727	119
728	114
729	141
730	141
731	128
732	139
733	126
734	129
735	149
736	147
737	165
738	119
739	136
740	127
741	117
742	135
743	140
744	115
745	114
746	146
747	139
748	127
749	125
750	141
751	146
752	147
753	128
754	136
755	122
756	154
757	118
758	145
759	124
760	130
761	136
762	161
763	168
764	156
765	167
766	191
767	217
768	216
769	248
770	270
771	283
772	292
773	325
774	280
775	295
776	270
777	235
778	252
779	237
780	197
781	215
782	161
783	155
784	158
785	143
786	150
787	144
788	152
789	122
790	134
791	142
792	145
793	159
794	137
795	140
796	138
797	123
798	132
799	125
800	120
801	133
802	140
803	145
804	153
805	154
806	134
807	151
808	134
809	146
810	139
811	125
812	129
813	169
814	149
815	164
816	146
817	151
818	161
819	135
820	172
821	132
822	163
823	138
824	111
825	143
826	148
827	139
828	158
829	134
830	141
831	146
832	167
833	166
834	166
835	138
836	157
837	152
838	134
839	139
840	144
841	147
842	167
843	167
844	144
845	166
846	151
847	165
848	151
849	175
850	162
851	155
852	166
853	171
854	177
855	164
856	173
857	192
858	206
859	210
860	206
861	204
862	208
863	185
864	202
865	246
866	237
867	211
868	217
869	209
870	230
871	232
872	235
873	236
874	205
875	242
876	243
877	224
878	267
879	241
880	293
881	292
882	283
883	331
884	346
885	319
886	372
887	371
888	400
889	403
890	461
891	473
892	490
893	492
894	512
895	601
896	580
897	586
898	554
899	570
900	585
901	591
902	539
903	632
904	528
905	488
906	478
907	488
908	489
909	487
910	502
911	402
912	413
913	407
914	408
915	351
916	389
917	309
918	306
919	325
920	288
921	268
922	264
923	248
924	225
925	255
926	213
927	184
928	180
929	197
930	186
931	185
932	182
933	210
934	185
935	168
936	165
937	157
938	169
939	170
940	176
941	183
942	202
943	227
944	218
945	271
946	300
947	329
948	377
949	332
950	391
951	397
952	491
953	434
954	453
955	462
956	391
957	355
958	349
959	355
960	310
961	279
962	247
963	208
964	187
965	167
966	162
967	171
968	141
969	145
970	143
971	128
972	135
973	143
974	134
975	115
976	125
977	117
978	103
979	129
980	151
981	123
982	141
983	140
984	169
985	154
986	151
987	163
988	152
989	160
990	184
991	156
992	185
993	148
994	153
995	207
996	172
997	181
998	176
999	205
1000	164
1001	179
1002	184
1003	202
1004	183
1005	181
1006	213
1007	184
1008	186
1009	188
1010	161
1011	183
1012	164
1013	155
1014	157
1015	162
1016	158
1017	135
1018	157
1019	166
1020	132
1021	120
1022	131
1023	134
1024	127
