Date:	09/05/2018		Time:	10:55		Version no:	0.00		Project name:	55		Sample name:	222		Section name:	section		Position	214.800034	mm	E0	0.000000	keV	E1	1.000000	keV/channel	sample surface	5.979983	cm	Tube anode:	Mo		Tube voltage:	30	kV	Tube current:	50	mA	gain	10		std. database			resultfile	result		matrix element	11		sample thickness	1.000000		air passage	0.560000	cm	comments	in position		peaking_time	2.200000	m-sec	trigger_threshold	547.363281	V	mca_bin_width	22.090000	no:	number_mca_channels	1024.000000	no:	gap_time	0.150000	m-sec	trigger_peaking_time	0.200000	m-sec	GAINDAC	18610		HIGHGAIN	1		TAURC	1		RCTAU	1		RCTAUFRAC	1		livetime	9.428134	seconds	runtime	10.000491	seconds	input_count_rate	24169.574842	cps	output_count_rate	19789.527938	cps	triggers	227874	seconds	events_in_run	197905	seconds	channel	content		1	0
2	0
3	0
4	0
5	0
6	0
7	0
8	0
9	0
10	0
11	0
12	0
13	0
14	0
15	0
16	0
17	0
18	0
19	0
20	0
21	0
22	0
23	0
24	0
25	0
26	0
27	0
28	0
29	0
30	0
31	16
32	20
33	21
34	12
35	17
36	11
37	12
38	8
39	16
40	17
41	23
42	8
43	10
44	15
45	13
46	11
47	14
48	14
49	16
50	11
51	14
52	18
53	12
54	4
55	14
56	12
57	15
58	16
59	10
60	15
61	16
62	13
63	7
64	7
65	11
66	7
67	15
68	11
69	11
70	9
71	11
72	8
73	5
74	6
75	8
76	7
77	6
78	11
79	8
80	14
81	6
82	8
83	15
84	10
85	10
86	7
87	12
88	12
89	6
90	3
91	7
92	7
93	12
94	14
95	24
96	22
97	22
98	12
99	20
100	12
101	3
102	4
103	5
104	3
105	9
106	8
107	7
108	9
109	9
110	9
111	9
112	9
113	4
114	4
115	4
116	7
117	8
118	2
119	3
120	7
121	2
122	6
123	4
124	6
125	4
126	12
127	5
128	2
129	6
130	4
131	1
132	5
133	6
134	0
135	4
136	3
137	6
138	4
139	8
140	5
141	3
142	5
143	0
144	2
145	5
146	5
147	4
148	1
149	5
150	5
151	9
152	5
153	4
154	3
155	10
156	8
157	4
158	3
159	18
160	13
161	19
162	26
163	18
164	32
165	21
166	17
167	11
168	7
169	2
170	5
171	3
172	5
173	7
174	6
175	9
176	6
177	12
178	13
179	13
180	12
181	28
182	14
183	29
184	16
185	15
186	17
187	6
188	6
189	3
190	4
191	1
192	2
193	5
194	7
195	16
196	27
197	54
198	111
199	135
200	216
201	315
202	345
203	349
204	343
205	270
206	212
207	152
208	77
209	60
210	20
211	11
212	9
213	5
214	16
215	14
216	28
217	38
218	53
219	59
220	52
221	51
222	61
223	58
224	23
225	24
226	16
227	10
228	11
229	4
230	5
231	5
232	6
233	5
234	2
235	6
236	7
237	3
238	2
239	7
240	14
241	29
242	35
243	75
244	113
245	139
246	163
247	172
248	185
249	159
250	144
251	104
252	90
253	72
254	48
255	35
256	37
257	29
258	25
259	24
260	21
261	15
262	13
263	13
264	18
265	23
266	25
267	25
268	40
269	48
270	30
271	44
272	57
273	45
274	37
275	26
276	21
277	15
278	7
279	25
280	14
281	10
282	8
283	10
284	8
285	11
286	16
287	14
288	22
289	12
290	10
291	18
292	14
293	14
294	22
295	23
296	19
297	19
298	19
299	14
300	13
301	15
302	14
303	20
304	12
305	12
306	12
307	12
308	14
309	15
310	12
311	15
312	16
313	11
314	26
315	19
316	22
317	23
318	34
319	53
320	68
321	74
322	102
323	99
324	102
325	101
326	83
327	49
328	59
329	38
330	29
331	36
332	27
333	29
334	31
335	24
336	35
337	34
338	44
339	68
340	122
341	200
342	366
343	657
344	1118
345	1931
346	2960
347	4182
348	5533
349	6623
350	7453
351	7768
352	7133
353	6347
354	5045
355	3869
356	2726
357	1583
358	935
359	527
360	299
361	164
362	90
363	59
364	42
365	44
366	43
367	35
368	50
369	40
370	48
371	41
372	49
373	51
374	60
375	72
376	88
377	91
378	148
379	193
380	345
381	459
382	641
383	758
384	1036
385	1199
386	1320
387	1267
388	1187
389	1048
390	799
391	665
392	414
393	289
394	200
395	120
396	80
397	60
398	44
399	30
400	24
401	35
402	33
403	32
404	39
405	30
406	28
407	35
408	42
409	44
410	40
411	37
412	45
413	47
414	31
415	39
416	42
417	29
418	24
419	32
420	33
421	35
422	27
423	42
424	41
425	30
426	40
427	30
428	32
429	40
430	47
431	46
432	26
433	38
434	39
435	49
436	47
437	51
438	65
439	76
440	87
441	72
442	77
443	105
444	72
445	71
446	73
447	70
448	56
449	67
450	74
451	70
452	73
453	79
454	66
455	87
456	78
457	90
458	92
459	75
460	97
461	98
462	94
463	85
464	78
465	77
466	66
467	65
468	73
469	60
470	65
471	76
472	71
473	76
474	73
475	66
476	51
477	58
478	48
479	66
480	57
481	48
482	53
483	53
484	55
485	73
486	62
487	54
488	58
489	57
490	54
491	61
492	72
493	65
494	64
495	63
496	72
497	80
498	57
499	68
500	69
501	74
502	77
503	60
504	67
505	69
506	86
507	86
508	88
509	79
510	83
511	83
512	76
513	90
514	70
515	81
516	84
517	67
518	78
519	91
520	78
521	88
522	70
523	101
524	80
525	104
526	94
527	99
528	124
529	108
530	94
531	104
532	97
533	102
534	85
535	89
536	110
537	77
538	92
539	78
540	89
541	105
542	106
543	90
544	83
545	103
546	89
547	93
548	86
549	70
550	85
551	85
552	86
553	88
554	83
555	85
556	83
557	75
558	85
559	63
560	93
561	90
562	74
563	67
564	80
565	68
566	92
567	87
568	78
569	95
570	82
571	92
572	87
573	83
574	99
575	81
576	81
577	85
578	82
579	90
580	83
581	90
582	94
583	88
584	87
585	92
586	90
587	93
588	86
589	89
590	92
591	98
592	84
593	79
594	92
595	95
596	119
597	93
598	101
599	104
600	118
601	88
602	99
603	95
604	75
605	79
606	87
607	106
608	110
609	100
610	114
611	88
612	96
613	105
614	111
615	106
616	103
617	93
618	121
619	122
620	103
621	89
622	98
623	96
624	90
625	87
626	111
627	109
628	90
629	105
630	114
631	99
632	122
633	99
634	90
635	116
636	100
637	100
638	104
639	103
640	113
641	107
642	122
643	100
644	109
645	111
646	121
647	132
648	116
649	113
650	132
651	103
652	109
653	113
654	125
655	96
656	98
657	116
658	120
659	118
660	114
661	113
662	130
663	110
664	124
665	102
666	107
667	116
668	113
669	119
670	122
671	125
672	105
673	136
674	122
675	124
676	96
677	113
678	112
679	107
680	108
681	113
682	131
683	121
684	115
685	123
686	109
687	109
688	119
689	124
690	124
691	115
692	117
693	138
694	118
695	137
696	134
697	135
698	136
699	118
700	112
701	133
702	131
703	135
704	131
705	127
706	126
707	121
708	109
709	112
710	149
711	111
712	121
713	143
714	143
715	132
716	103
717	112
718	120
719	122
720	120
721	136
722	114
723	146
724	137
725	149
726	151
727	152
728	129
729	143
730	123
731	128
732	131
733	138
734	130
735	137
736	138
737	148
738	131
739	123
740	142
741	134
742	119
743	138
744	126
745	128
746	143
747	116
748	141
749	118
750	146
751	131
752	128
753	129
754	159
755	141
756	148
757	127
758	142
759	127
760	147
761	148
762	163
763	183
764	176
765	182
766	210
767	218
768	222
769	230
770	256
771	280
772	279
773	269
774	278
775	310
776	274
777	242
778	232
779	204
780	202
781	168
782	162
783	157
784	145
785	148
786	130
787	152
788	136
789	129
790	129
791	133
792	127
793	159
794	145
795	136
796	132
797	128
798	140
799	119
800	135
801	117
802	142
803	149
804	144
805	158
806	127
807	142
808	154
809	157
810	147
811	156
812	155
813	138
814	154
815	175
816	140
817	144
818	146
819	139
820	149
821	135
822	172
823	151
824	153
825	161
826	133
827	139
828	143
829	154
830	159
831	159
832	134
833	158
834	145
835	151
836	150
837	147
838	144
839	140
840	134
841	150
842	145
843	159
844	149
845	159
846	165
847	151
848	178
849	150
850	165
851	132
852	159
853	151
854	169
855	176
856	195
857	190
858	193
859	184
860	207
861	210
862	202
863	216
864	205
865	222
866	196
867	215
868	226
869	201
870	216
871	234
872	224
873	212
874	207
875	216
876	238
877	257
878	247
879	262
880	297
881	297
882	337
883	310
884	352
885	354
886	377
887	397
888	408
889	395
890	423
891	481
892	544
893	549
894	503
895	539
896	539
897	556
898	563
899	556
900	590
901	575
902	594
903	569
904	563
905	532
906	528
907	513
908	536
909	483
910	463
911	457
912	466
913	392
914	383
915	347
916	346
917	325
918	312
919	299
920	288
921	280
922	250
923	205
924	246
925	237
926	224
927	200
928	183
929	192
930	224
931	185
932	179
933	169
934	162
935	164
936	148
937	166
938	159
939	157
940	200
941	198
942	221
943	236
944	232
945	270
946	264
947	329
948	360
949	333
950	380
951	398
952	438
953	417
954	430
955	452
956	408
957	393
958	371
959	368
960	302
961	272
962	245
963	227
964	194
965	192
966	154
967	142
968	139
969	133
970	132
971	129
972	130
973	125
974	129
975	135
976	124
977	115
978	147
979	138
980	123
981	152
982	149
983	169
984	149
985	132
986	132
987	145
988	160
989	167
990	151
991	168
992	166
993	131
994	149
995	173
996	166
997	175
998	175
999	177
1000	174
1001	167
1002	177
1003	200
1004	212
1005	192
1006	179
1007	174
1008	165
1009	171
1010	182
1011	194
1012	148
1013	162
1014	170
1015	170
1016	137
1017	166
1018	165
1019	137
1020	131
1021	119
1022	117
1023	127
1024	98
