Date:	09/05/2018		Time:	11:20		Version no:	0.00		Project name:	55		Sample name:	222		Section name:	section		Position	241.000031	mm	E0	0.000000	keV	E1	1.000000	keV/channel	sample surface	6.118880	cm	Tube anode:	Mo		Tube voltage:	30	kV	Tube current:	50	mA	gain	10		std. database			resultfile	result		matrix element	11		sample thickness	1.000000		air passage	0.560000	cm	comments	in position		peaking_time	2.200000	m-sec	trigger_threshold	547.363281	V	mca_bin_width	22.090000	no:	number_mca_channels	1024.000000	no:	gap_time	0.150000	m-sec	trigger_peaking_time	0.200000	m-sec	GAINDAC	18610		HIGHGAIN	1		TAURC	1		RCTAU	1		RCTAUFRAC	1		livetime	9.461466	seconds	runtime	10.000496	seconds	input_count_rate	23134.365145	cps	output_count_rate	19120.851606	cps	triggers	218885	seconds	events_in_run	191218	seconds	channel	content		1	0
2	0
3	0
4	0
5	0
6	0
7	0
8	0
9	0
10	0
11	0
12	0
13	0
14	0
15	0
16	0
17	0
18	0
19	0
20	0
21	0
22	0
23	0
24	0
25	0
26	0
27	0
28	0
29	0
30	0
31	13
32	8
33	9
34	15
35	8
36	11
37	11
38	13
39	9
40	13
41	8
42	17
43	16
44	18
45	16
46	18
47	11
48	14
49	10
50	10
51	14
52	13
53	15
54	12
55	5
56	18
57	6
58	9
59	9
60	8
61	11
62	10
63	8
64	9
65	8
66	10
67	7
68	8
69	9
70	10
71	6
72	8
73	11
74	12
75	8
76	7
77	5
78	6
79	9
80	16
81	14
82	9
83	8
84	12
85	9
86	7
87	9
88	10
89	3
90	5
91	8
92	6
93	13
94	14
95	15
96	21
97	20
98	22
99	11
100	8
101	10
102	9
103	5
104	9
105	9
106	12
107	11
108	5
109	11
110	6
111	4
112	3
113	4
114	5
115	8
116	3
117	5
118	1
119	1
120	2
121	7
122	7
123	5
124	5
125	7
126	3
127	4
128	3
129	7
130	2
131	2
132	6
133	3
134	3
135	1
136	2
137	6
138	3
139	1
140	4
141	2
142	4
143	3
144	5
145	2
146	3
147	4
148	3
149	2
150	6
151	5
152	3
153	4
154	9
155	6
156	6
157	6
158	6
159	10
160	15
161	22
162	20
163	22
164	24
165	14
166	12
167	14
168	8
169	10
170	5
171	2
172	4
173	5
174	10
175	3
176	9
177	7
178	13
179	21
180	17
181	30
182	23
183	19
184	18
185	18
186	10
187	8
188	6
189	7
190	3
191	2
192	4
193	5
194	7
195	17
196	31
197	75
198	97
199	153
200	235
201	331
202	388
203	418
204	377
205	342
206	241
207	176
208	121
209	49
210	24
211	13
212	12
213	13
214	18
215	17
216	24
217	41
218	55
219	59
220	69
221	67
222	63
223	57
224	48
225	25
226	16
227	12
228	11
229	2
230	6
231	5
232	2
233	4
234	2
235	9
236	4
237	1
238	6
239	8
240	20
241	26
242	51
243	89
244	101
245	147
246	184
247	215
248	238
249	194
250	150
251	125
252	93
253	67
254	70
255	53
256	41
257	31
258	30
259	15
260	24
261	21
262	13
263	13
264	12
265	24
266	23
267	32
268	42
269	39
270	59
271	51
272	39
273	51
274	42
275	34
276	18
277	19
278	12
279	15
280	8
281	8
282	7
283	7
284	8
285	7
286	13
287	18
288	7
289	17
290	14
291	20
292	15
293	21
294	20
295	18
296	23
297	15
298	13
299	18
300	21
301	14
302	20
303	14
304	10
305	15
306	14
307	12
308	17
309	16
310	9
311	17
312	13
313	9
314	17
315	21
316	24
317	26
318	34
319	46
320	57
321	86
322	84
323	85
324	80
325	77
326	66
327	58
328	40
329	36
330	38
331	27
332	24
333	26
334	27
335	17
336	41
337	45
338	42
339	77
340	131
341	212
342	362
343	657
344	1209
345	2050
346	2961
347	4251
348	5661
349	6866
350	7621
351	7872
352	7451
353	6390
354	5142
355	3803
356	2666
357	1699
358	919
359	529
360	326
361	159
362	89
363	52
364	50
365	51
366	31
367	33
368	39
369	37
370	57
371	54
372	43
373	39
374	51
375	75
376	86
377	107
378	130
379	209
380	313
381	441
382	604
383	813
384	1015
385	1194
386	1297
387	1284
388	1189
389	1019
390	849
391	657
392	455
393	335
394	211
395	140
396	75
397	64
398	39
399	36
400	30
401	32
402	30
403	28
404	30
405	43
406	50
407	28
408	38
409	39
410	41
411	43
412	27
413	38
414	39
415	31
416	34
417	41
418	29
419	37
420	33
421	35
422	32
423	49
424	34
425	47
426	43
427	32
428	49
429	42
430	52
431	40
432	40
433	43
434	43
435	47
436	69
437	65
438	66
439	71
440	83
441	73
442	96
443	60
444	68
445	61
446	77
447	54
448	61
449	64
450	61
451	67
452	61
453	77
454	81
455	78
456	78
457	111
458	89
459	93
460	97
461	82
462	98
463	74
464	67
465	59
466	65
467	60
468	51
469	56
470	75
471	79
472	59
473	57
474	73
475	64
476	61
477	60
478	48
479	65
480	56
481	44
482	50
483	40
484	45
485	63
486	72
487	56
488	62
489	62
490	62
491	63
492	66
493	64
494	62
495	61
496	67
497	60
498	65
499	58
500	66
501	70
502	72
503	75
504	73
505	80
506	85
507	69
508	78
509	82
510	71
511	92
512	90
513	102
514	65
515	84
516	87
517	82
518	89
519	69
520	75
521	99
522	101
523	96
524	84
525	111
526	91
527	94
528	108
529	105
530	85
531	94
532	92
533	100
534	92
535	87
536	77
537	84
538	93
539	99
540	89
541	93
542	81
543	99
544	81
545	80
546	79
547	88
548	77
549	83
550	71
551	82
552	79
553	67
554	82
555	72
556	75
557	92
558	79
559	84
560	96
561	91
562	66
563	74
564	85
565	93
566	77
567	72
568	94
569	80
570	98
571	90
572	93
573	84
574	85
575	89
576	80
577	85
578	79
579	100
580	83
581	79
582	85
583	82
584	91
585	90
586	77
587	82
588	93
589	92
590	82
591	91
592	98
593	97
594	93
595	87
596	79
597	91
598	83
599	102
600	93
601	88
602	96
603	109
604	97
605	95
606	98
607	103
608	77
609	101
610	101
611	84
612	92
613	109
614	92
615	86
616	101
617	88
618	93
619	85
620	99
621	97
622	98
623	101
624	113
625	112
626	93
627	99
628	91
629	121
630	108
631	93
632	98
633	104
634	101
635	110
636	127
637	99
638	86
639	106
640	107
641	120
642	110
643	95
644	91
645	98
646	109
647	110
648	98
649	95
650	123
651	104
652	113
653	109
654	105
655	124
656	103
657	110
658	108
659	99
660	110
661	91
662	113
663	117
664	112
665	121
666	96
667	102
668	109
669	124
670	108
671	92
672	91
673	97
674	125
675	99
676	88
677	119
678	106
679	104
680	109
681	112
682	116
683	114
684	110
685	112
686	100
687	96
688	104
689	110
690	102
691	128
692	92
693	123
694	111
695	109
696	122
697	128
698	122
699	129
700	112
701	118
702	121
703	114
704	128
705	113
706	114
707	94
708	127
709	112
710	122
711	130
712	106
713	119
714	128
715	113
716	109
717	115
718	123
719	132
720	141
721	137
722	103
723	118
724	102
725	106
726	128
727	113
728	103
729	116
730	121
731	118
732	126
733	125
734	127
735	128
736	127
737	131
738	127
739	117
740	112
741	128
742	116
743	123
744	104
745	138
746	144
747	127
748	137
749	145
750	130
751	130
752	102
753	109
754	126
755	119
756	133
757	115
758	126
759	120
760	128
761	137
762	148
763	137
764	193
765	160
766	175
767	206
768	237
769	250
770	276
771	279
772	314
773	322
774	305
775	286
776	272
777	230
778	222
779	203
780	204
781	173
782	156
783	158
784	129
785	139
786	138
787	129
788	125
789	131
790	108
791	113
792	112
793	128
794	127
795	111
796	125
797	132
798	114
799	113
800	135
801	125
802	134
803	135
804	115
805	136
806	116
807	115
808	124
809	131
810	126
811	115
812	131
813	145
814	129
815	157
816	121
817	152
818	151
819	140
820	144
821	125
822	146
823	128
824	131
825	127
826	135
827	141
828	140
829	129
830	127
831	131
832	144
833	144
834	130
835	145
836	126
837	122
838	118
839	133
840	135
841	124
842	126
843	148
844	136
845	132
846	126
847	128
848	145
849	137
850	157
851	154
852	144
853	154
854	159
855	155
856	150
857	160
858	172
859	203
860	199
861	198
862	197
863	206
864	206
865	183
866	215
867	194
868	176
869	223
870	209
871	222
872	204
873	198
874	191
875	195
876	213
877	240
878	223
879	257
880	246
881	261
882	277
883	303
884	292
885	301
886	318
887	329
888	352
889	351
890	414
891	394
892	431
893	434
894	453
895	503
896	504
897	454
898	501
899	524
900	535
901	507
902	479
903	524
904	506
905	491
906	525
907	479
908	451
909	412
910	457
911	398
912	342
913	359
914	344
915	326
916	295
917	292
918	274
919	252
920	277
921	232
922	217
923	224
924	219
925	212
926	182
927	151
928	175
929	163
930	193
931	169
932	154
933	147
934	151
935	152
936	143
937	145
938	149
939	158
940	176
941	184
942	166
943	238
944	209
945	229
946	250
947	283
948	283
949	349
950	359
951	378
952	349
953	367
954	373
955	395
956	395
957	339
958	354
959	312
960	277
961	228
962	209
963	193
964	165
965	155
966	147
967	124
968	131
969	115
970	123
971	118
972	99
973	112
974	115
975	110
976	110
977	120
978	110
979	104
980	127
981	116
982	132
983	111
984	124
985	140
986	151
987	146
988	130
989	138
990	124
991	141
992	124
993	134
994	147
995	133
996	143
997	160
998	145
999	168
1000	165
1001	168
1002	166
1003	155
1004	166
1005	165
1006	156
1007	156
1008	181
1009	163
1010	178
1011	159
1012	160
1013	157
1014	158
1015	152
1016	146
1017	120
1018	122
1019	113
1020	116
1021	124
1022	129
1023	106
1024	119
