Date:	09/05/2018		Time:	11:22		Version no:	0.00		Project name:	55		Sample name:	222		Section name:	section		Position	242.800034	mm	E0	0.000000	keV	E1	1.000000	keV/channel	sample surface	6.144389	cm	Tube anode:	Mo		Tube voltage:	30	kV	Tube current:	50	mA	gain	10		std. database			resultfile	result		matrix element	11		sample thickness	1.000000		air passage	0.560000	cm	comments	in position		peaking_time	2.200000	m-sec	trigger_threshold	547.363281	V	mca_bin_width	22.090000	no:	number_mca_channels	1024.000000	no:	gap_time	0.150000	m-sec	trigger_peaking_time	0.200000	m-sec	GAINDAC	18610		HIGHGAIN	1		TAURC	1		RCTAU	1		RCTAUFRAC	1		livetime	9.454172	seconds	runtime	10.000505	seconds	input_count_rate	23276.813665	cps	output_count_rate	19231.829177	cps	triggers	220063	seconds	events_in_run	192328	seconds	channel	content		1	0
2	0
3	0
4	0
5	0
6	0
7	0
8	0
9	0
10	0
11	0
12	0
13	0
14	0
15	0
16	0
17	0
18	0
19	0
20	0
21	0
22	0
23	0
24	0
25	0
26	0
27	0
28	0
29	0
30	0
31	23
32	14
33	19
34	12
35	13
36	11
37	12
38	14
39	24
40	12
41	28
42	9
43	15
44	15
45	14
46	11
47	18
48	13
49	9
50	18
51	11
52	14
53	10
54	14
55	11
56	8
57	15
58	14
59	16
60	17
61	8
62	8
63	8
64	7
65	15
66	11
67	10
68	8
69	9
70	8
71	3
72	5
73	7
74	6
75	12
76	7
77	13
78	8
79	6
80	7
81	10
82	12
83	12
84	13
85	9
86	7
87	10
88	5
89	5
90	6
91	6
92	7
93	13
94	7
95	14
96	17
97	33
98	15
99	16
100	8
101	7
102	9
103	6
104	7
105	6
106	12
107	7
108	11
109	9
110	6
111	7
112	6
113	3
114	10
115	4
116	3
117	10
118	6
119	6
120	3
121	2
122	3
123	4
124	3
125	4
126	3
127	5
128	8
129	2
130	2
131	2
132	3
133	4
134	2
135	1
136	5
137	2
138	4
139	1
140	2
141	3
142	5
143	2
144	3
145	3
146	2
147	7
148	9
149	6
150	5
151	3
152	5
153	3
154	5
155	6
156	2
157	7
158	8
159	6
160	16
161	16
162	28
163	33
164	26
165	25
166	16
167	14
168	9
169	3
170	4
171	5
172	4
173	2
174	10
175	5
176	4
177	10
178	12
179	14
180	13
181	25
182	30
183	28
184	21
185	22
186	12
187	12
188	2
189	2
190	7
191	4
192	2
193	4
194	9
195	20
196	26
197	56
198	113
199	158
200	257
201	348
202	367
203	408
204	389
205	312
206	247
207	159
208	106
209	50
210	19
211	8
212	12
213	12
214	6
215	12
216	25
217	32
218	61
219	73
220	62
221	68
222	65
223	50
224	40
225	31
226	17
227	23
228	10
229	8
230	3
231	3
232	6
233	3
234	3
235	3
236	8
237	6
238	5
239	7
240	15
241	25
242	44
243	94
244	106
245	159
246	207
247	231
248	199
249	201
250	180
251	139
252	90
253	75
254	57
255	51
256	44
257	28
258	31
259	28
260	23
261	12
262	14
263	11
264	13
265	17
266	20
267	25
268	36
269	48
270	55
271	48
272	44
273	45
274	50
275	29
276	13
277	8
278	14
279	12
280	10
281	4
282	11
283	8
284	9
285	8
286	10
287	11
288	12
289	17
290	14
291	17
292	23
293	23
294	22
295	19
296	20
297	14
298	21
299	19
300	16
301	16
302	17
303	22
304	9
305	20
306	10
307	14
308	11
309	12
310	16
311	14
312	18
313	11
314	12
315	23
316	22
317	27
318	36
319	44
320	75
321	85
322	109
323	92
324	114
325	79
326	71
327	63
328	52
329	40
330	37
331	26
332	27
333	25
334	29
335	33
336	27
337	35
338	37
339	76
340	111
341	182
342	357
343	659
344	1118
345	1955
346	3006
347	4195
348	5519
349	6840
350	7569
351	7756
352	7269
353	6486
354	5176
355	3792
356	2642
357	1612
358	967
359	542
360	306
361	162
362	83
363	63
364	42
365	37
366	31
367	46
368	37
369	32
370	47
371	52
372	47
373	53
374	54
375	61
376	77
377	90
378	150
379	210
380	313
381	404
382	607
383	766
384	987
385	1186
386	1308
387	1334
388	1237
389	1078
390	861
391	640
392	468
393	302
394	185
395	109
396	85
397	41
398	37
399	27
400	30
401	33
402	32
403	26
404	30
405	31
406	40
407	41
408	32
409	45
410	32
411	35
412	46
413	36
414	23
415	39
416	26
417	33
418	28
419	29
420	33
421	23
422	24
423	29
424	41
425	36
426	34
427	34
428	29
429	28
430	33
431	46
432	44
433	33
434	42
435	48
436	45
437	56
438	52
439	68
440	74
441	63
442	64
443	54
444	82
445	72
446	59
447	71
448	59
449	67
450	69
451	72
452	53
453	53
454	72
455	83
456	75
457	88
458	78
459	95
460	88
461	74
462	84
463	63
464	69
465	71
466	58
467	56
468	60
469	58
470	61
471	60
472	72
473	83
474	65
475	69
476	62
477	55
478	45
479	64
480	54
481	50
482	53
483	51
484	67
485	65
486	65
487	59
488	68
489	54
490	54
491	48
492	51
493	67
494	69
495	58
496	57
497	57
498	54
499	54
500	53
501	60
502	69
503	64
504	78
505	81
506	82
507	61
508	73
509	82
510	89
511	81
512	86
513	72
514	64
515	82
516	79
517	77
518	89
519	81
520	82
521	114
522	84
523	101
524	88
525	94
526	88
527	122
528	107
529	108
530	101
531	90
532	95
533	101
534	90
535	82
536	94
537	84
538	94
539	77
540	84
541	91
542	95
543	88
544	84
545	89
546	86
547	88
548	94
549	93
550	84
551	79
552	75
553	62
554	85
555	87
556	85
557	74
558	75
559	72
560	73
561	64
562	64
563	79
564	82
565	91
566	69
567	76
568	83
569	63
570	72
571	75
572	79
573	69
574	81
575	83
576	89
577	92
578	93
579	80
580	73
581	83
582	107
583	94
584	99
585	86
586	79
587	93
588	95
589	82
590	94
591	87
592	89
593	97
594	86
595	93
596	91
597	77
598	90
599	95
600	82
601	97
602	87
603	91
604	104
605	76
606	77
607	90
608	108
609	89
610	103
611	90
612	89
613	87
614	105
615	99
616	99
617	109
618	89
619	98
620	110
621	109
622	83
623	82
624	89
625	91
626	95
627	89
628	107
629	107
630	90
631	96
632	106
633	89
634	107
635	87
636	96
637	98
638	98
639	103
640	88
641	97
642	102
643	107
644	111
645	109
646	97
647	125
648	105
649	80
650	109
651	88
652	109
653	130
654	91
655	126
656	87
657	95
658	77
659	89
660	110
661	90
662	98
663	106
664	102
665	121
666	121
667	106
668	109
669	115
670	111
671	89
672	109
673	120
674	108
675	119
676	97
677	105
678	102
679	118
680	100
681	115
682	91
683	108
684	103
685	102
686	94
687	92
688	113
689	93
690	107
691	113
692	96
693	122
694	106
695	109
696	114
697	136
698	130
699	106
700	117
701	115
702	118
703	102
704	114
705	122
706	136
707	123
708	111
709	109
710	128
711	108
712	115
713	104
714	107
715	106
716	114
717	141
718	119
719	118
720	127
721	139
722	119
723	115
724	135
725	116
726	115
727	133
728	112
729	103
730	123
731	143
732	131
733	124
734	136
735	121
736	133
737	134
738	119
739	109
740	124
741	142
742	128
743	120
744	123
745	108
746	109
747	126
748	134
749	131
750	112
751	130
752	122
753	121
754	104
755	120
756	115
757	113
758	121
759	137
760	130
761	135
762	154
763	146
764	154
765	164
766	194
767	207
768	229
769	236
770	269
771	294
772	269
773	285
774	269
775	277
776	273
777	285
778	224
779	196
780	181
781	182
782	197
783	147
784	167
785	138
786	140
787	124
788	119
789	135
790	128
791	153
792	132
793	136
794	129
795	112
796	143
797	133
798	131
799	126
800	116
801	149
802	116
803	134
804	131
805	143
806	136
807	158
808	153
809	137
810	147
811	126
812	172
813	143
814	115
815	140
816	135
817	160
818	155
819	146
820	147
821	127
822	118
823	141
824	134
825	129
826	134
827	134
828	149
829	111
830	132
831	131
832	143
833	153
834	157
835	124
836	144
837	142
838	144
839	154
840	138
841	132
842	148
843	126
844	146
845	144
846	142
847	138
848	138
849	161
850	157
851	139
852	142
853	138
854	171
855	137
856	190
857	166
858	182
859	181
860	196
861	210
862	171
863	204
864	224
865	215
866	235
867	203
868	207
869	221
870	206
871	195
872	189
873	207
874	230
875	201
876	227
877	223
878	244
879	232
880	244
881	283
882	271
883	274
884	338
885	298
886	328
887	343
888	366
889	413
890	414
891	397
892	469
893	467
894	473
895	454
896	480
897	485
898	544
899	525
900	529
901	544
902	539
903	483
904	512
905	504
906	492
907	452
908	472
909	457
910	420
911	407
912	383
913	409
914	335
915	382
916	333
917	335
918	319
919	274
920	263
921	248
922	254
923	246
924	232
925	191
926	190
927	190
928	175
929	168
930	171
931	163
932	173
933	163
934	169
935	176
936	146
937	175
938	163
939	141
940	177
941	184
942	219
943	216
944	222
945	248
946	285
947	288
948	315
949	324
950	389
951	398
952	393
953	384
954	447
955	395
956	396
957	371
958	323
959	323
960	243
961	257
962	226
963	197
964	163
965	158
966	123
967	140
968	122
969	146
970	123
971	123
972	121
973	121
974	127
975	135
976	124
977	128
978	123
979	107
980	111
981	152
982	128
983	132
984	106
985	120
986	128
987	149
988	150
989	143
990	152
991	118
992	146
993	137
994	163
995	159
996	152
997	180
998	143
999	196
1000	177
1001	186
1002	172
1003	186
1004	192
1005	141
1006	158
1007	197
1008	169
1009	158
1010	166
1011	141
1012	157
1013	148
1014	166
1015	141
1016	154
1017	135
1018	131
1019	151
1020	113
1021	106
1022	117
1023	110
1024	111
