Date:	09/05/2018		Time:	09:46		Version no:	0.00		Project name:	55		Sample name:	222		Section name:	section		Position	141.800034	mm	E0	0.000000	keV	E1	1.000000	keV/channel	sample surface	6.444941	cm	Tube anode:	Mo		Tube voltage:	30	kV	Tube current:	50	mA	gain	10		std. database			resultfile	result		matrix element	11		sample thickness	1.000000		air passage	0.560000	cm	comments	in position		peaking_time	2.200000	m-sec	trigger_threshold	547.363281	V	mca_bin_width	22.090000	no:	number_mca_channels	1024.000000	no:	gap_time	0.150000	m-sec	trigger_peaking_time	0.200000	m-sec	GAINDAC	18610		HIGHGAIN	1		TAURC	1		RCTAU	1		RCTAUFRAC	1		livetime	9.414922	seconds	runtime	10.000184	seconds	input_count_rate	26112.803743	cps	output_count_rate	21154.010766	cps	triggers	245850	seconds	events_in_run	211544	seconds	channel	content		1	0
2	0
3	0
4	0
5	0
6	0
7	0
8	0
9	0
10	0
11	0
12	0
13	0
14	0
15	0
16	0
17	0
18	0
19	0
20	0
21	0
22	0
23	0
24	0
25	0
26	0
27	0
28	0
29	0
30	0
31	13
32	8
33	17
34	18
35	10
36	16
37	13
38	13
39	7
40	16
41	21
42	13
43	9
44	13
45	8
46	16
47	18
48	14
49	20
50	16
51	17
52	7
53	11
54	11
55	14
56	13
57	10
58	11
59	7
60	10
61	10
62	7
63	10
64	5
65	8
66	7
67	9
68	9
69	12
70	10
71	9
72	5
73	8
74	10
75	6
76	5
77	9
78	8
79	7
80	10
81	8
82	9
83	8
84	8
85	4
86	6
87	3
88	6
89	9
90	6
91	7
92	13
93	10
94	15
95	19
96	16
97	21
98	24
99	9
100	13
101	9
102	8
103	6
104	6
105	10
106	8
107	11
108	8
109	14
110	8
111	6
112	5
113	4
114	6
115	3
116	1
117	2
118	8
119	1
120	1
121	6
122	3
123	8
124	5
125	4
126	3
127	3
128	6
129	2
130	2
131	1
132	6
133	3
134	3
135	6
136	3
137	3
138	2
139	4
140	3
141	5
142	3
143	4
144	6
145	3
146	5
147	3
148	4
149	8
150	4
151	3
152	5
153	5
154	8
155	6
156	5
157	9
158	13
159	10
160	15
161	26
162	29
163	33
164	20
165	23
166	18
167	9
168	8
169	9
170	6
171	3
172	8
173	2
174	7
175	7
176	10
177	13
178	13
179	9
180	16
181	22
182	20
183	19
184	23
185	9
186	12
187	11
188	3
189	4
190	4
191	2
192	6
193	6
194	8
195	12
196	30
197	57
198	95
199	149
200	271
201	298
202	352
203	386
204	369
205	327
206	241
207	149
208	93
209	50
210	24
211	11
212	7
213	11
214	14
215	14
216	30
217	40
218	62
219	68
220	51
221	55
222	53
223	44
224	38
225	30
226	16
227	12
228	5
229	9
230	4
231	6
232	6
233	1
234	8
235	5
236	5
237	6
238	6
239	12
240	17
241	23
242	47
243	75
244	107
245	152
246	186
247	215
248	211
249	195
250	166
251	130
252	98
253	74
254	54
255	61
256	34
257	34
258	32
259	31
260	18
261	14
262	12
263	19
264	11
265	17
266	23
267	35
268	48
269	42
270	27
271	54
272	50
273	45
274	35
275	24
276	28
277	16
278	12
279	8
280	7
281	17
282	6
283	9
284	9
285	10
286	15
287	12
288	15
289	15
290	27
291	19
292	19
293	23
294	15
295	19
296	17
297	12
298	22
299	12
300	19
301	18
302	12
303	15
304	14
305	16
306	18
307	16
308	14
309	12
310	15
311	10
312	21
313	18
314	20
315	23
316	45
317	52
318	80
319	106
320	126
321	176
322	194
323	219
324	194
325	210
326	189
327	118
328	106
329	67
330	40
331	36
332	38
333	39
334	49
335	44
336	32
337	58
338	50
339	81
340	159
341	262
342	489
343	889
344	1531
345	2547
346	3780
347	5515
348	7412
349	8780
350	9758
351	10018
352	9569
353	8215
354	6749
355	4937
356	3318
357	2068
358	1246
359	691
360	362
361	209
362	122
363	64
364	64
365	53
366	37
367	34
368	39
369	43
370	52
371	43
372	66
373	55
374	78
375	80
376	92
377	107
378	171
379	257
380	393
381	570
382	773
383	1088
384	1249
385	1470
386	1642
387	1642
388	1489
389	1323
390	1093
391	839
392	537
393	341
394	222
395	151
396	102
397	37
398	37
399	35
400	26
401	25
402	38
403	26
404	23
405	38
406	34
407	31
408	33
409	25
410	40
411	34
412	34
413	28
414	35
415	29
416	20
417	27
418	26
419	28
420	25
421	31
422	22
423	28
424	28
425	27
426	38
427	26
428	22
429	22
430	28
431	45
432	34
433	43
434	49
435	37
436	47
437	49
438	49
439	73
440	57
441	54
442	65
443	49
444	65
445	64
446	61
447	63
448	56
449	44
450	65
451	67
452	62
453	52
454	73
455	79
456	77
457	73
458	60
459	102
460	62
461	73
462	72
463	68
464	63
465	53
466	53
467	54
468	53
469	61
470	47
471	57
472	62
473	47
474	64
475	48
476	64
477	45
478	42
479	51
480	49
481	47
482	57
483	55
484	51
485	58
486	55
487	46
488	43
489	58
490	52
491	57
492	61
493	52
494	64
495	44
496	65
497	58
498	53
499	74
500	58
501	70
502	66
503	61
504	61
505	68
506	69
507	55
508	60
509	80
510	85
511	63
512	72
513	68
514	48
515	70
516	63
517	85
518	59
519	73
520	76
521	69
522	81
523	99
524	69
525	76
526	86
527	88
528	96
529	84
530	88
531	101
532	97
533	77
534	90
535	90
536	96
537	91
538	70
539	73
540	70
541	72
542	82
543	80
544	69
545	80
546	94
547	65
548	75
549	79
550	80
551	57
552	61
553	74
554	75
555	76
556	72
557	83
558	78
559	68
560	76
561	74
562	80
563	78
564	61
565	86
566	71
567	71
568	69
569	89
570	76
571	80
572	79
573	89
574	82
575	72
576	90
577	74
578	77
579	86
580	98
581	84
582	86
583	84
584	61
585	87
586	92
587	79
588	90
589	91
590	93
591	73
592	92
593	79
594	68
595	88
596	79
597	86
598	84
599	74
600	95
601	86
602	87
603	88
604	83
605	87
606	72
607	91
608	97
609	94
610	75
611	71
612	96
613	95
614	91
615	87
616	102
617	84
618	113
619	90
620	90
621	86
622	106
623	86
624	100
625	82
626	103
627	79
628	98
629	83
630	90
631	69
632	77
633	83
634	87
635	87
636	102
637	95
638	81
639	107
640	104
641	106
642	93
643	94
644	106
645	93
646	98
647	100
648	98
649	108
650	92
651	113
652	100
653	104
654	103
655	106
656	89
657	107
658	108
659	110
660	98
661	98
662	87
663	106
664	102
665	119
666	109
667	94
668	90
669	103
670	97
671	87
672	85
673	87
674	102
675	129
676	83
677	112
678	108
679	102
680	94
681	111
682	106
683	107
684	111
685	92
686	104
687	116
688	111
689	104
690	102
691	123
692	106
693	132
694	117
695	136
696	126
697	122
698	111
699	123
700	106
701	139
702	138
703	111
704	132
705	107
706	110
707	114
708	137
709	100
710	108
711	124
712	105
713	127
714	94
715	116
716	110
717	115
718	111
719	112
720	141
721	106
722	105
723	126
724	123
725	111
726	111
727	115
728	124
729	124
730	132
731	114
732	107
733	118
734	120
735	123
736	114
737	126
738	123
739	126
740	132
741	130
742	117
743	103
744	106
745	124
746	120
747	124
748	115
749	137
750	126
751	128
752	103
753	114
754	130
755	105
756	119
757	128
758	136
759	135
760	116
761	128
762	129
763	150
764	144
765	150
766	167
767	179
768	205
769	197
770	212
771	233
772	240
773	238
774	273
775	240
776	217
777	224
778	211
779	170
780	170
781	185
782	152
783	149
784	127
785	137
786	104
787	136
788	127
789	113
790	114
791	122
792	145
793	121
794	136
795	119
796	115
797	128
798	115
799	117
800	128
801	127
802	131
803	136
804	115
805	110
806	138
807	123
808	138
809	115
810	144
811	142
812	145
813	111
814	136
815	125
816	127
817	133
818	126
819	130
820	143
821	123
822	120
823	146
824	123
825	124
826	120
827	137
828	129
829	113
830	109
831	131
832	125
833	128
834	136
835	134
836	118
837	162
838	135
839	136
840	131
841	145
842	155
843	125
844	108
845	131
846	121
847	133
848	135
849	136
850	148
851	172
852	137
853	135
854	151
855	153
856	155
857	164
858	170
859	175
860	186
861	198
862	163
863	189
864	203
865	229
866	207
867	187
868	177
869	186
870	187
871	216
872	192
873	207
874	204
875	218
876	234
877	190
878	225
879	264
880	240
881	257
882	259
883	293
884	285
885	318
886	327
887	368
888	359
889	396
890	408
891	434
892	429
893	454
894	455
895	481
896	491
897	521
898	523
899	501
900	488
901	516
902	496
903	527
904	479
905	511
906	451
907	464
908	435
909	439
910	420
911	449
912	380
913	376
914	371
915	324
916	323
917	281
918	256
919	249
920	223
921	246
922	227
923	240
924	212
925	205
926	204
927	174
928	192
929	165
930	147
931	157
932	177
933	148
934	159
935	149
936	148
937	156
938	150
939	142
940	169
941	176
942	165
943	204
944	195
945	244
946	233
947	272
948	305
949	332
950	365
951	380
952	362
953	418
954	407
955	351
956	348
957	393
958	350
959	297
960	267
961	260
962	235
963	190
964	168
965	152
966	138
967	141
968	123
969	107
970	131
971	112
972	122
973	107
974	130
975	107
976	109
977	98
978	108
979	119
980	125
981	104
982	117
983	104
984	146
985	127
986	117
987	109
988	110
989	128
990	132
991	151
992	154
993	120
994	148
995	153
996	172
997	166
998	170
999	156
1000	175
1001	162
1002	163
1003	142
1004	147
1005	193
1006	176
1007	164
1008	174
1009	146
1010	162
1011	127
1012	136
1013	127
1014	155
1015	147
1016	134
1017	141
1018	132
1019	111
1020	114
1021	116
1022	118
1023	100
1024	109
