Date:	09/05/2018		Time:	11:09		Version no:	0.00		Project name:	55		Sample name:	222		Section name:	section		Position	229.200027	mm	E0	0.000000	keV	E1	1.000000	keV/channel	sample surface	6.091898	cm	Tube anode:	Mo		Tube voltage:	30	kV	Tube current:	50	mA	gain	10		std. database			resultfile	result		matrix element	11		sample thickness	1.000000		air passage	0.560000	cm	comments	in position		peaking_time	2.200000	m-sec	trigger_threshold	547.363281	V	mca_bin_width	22.090000	no:	number_mca_channels	1024.000000	no:	gap_time	0.150000	m-sec	trigger_peaking_time	0.200000	m-sec	GAINDAC	18610		HIGHGAIN	1		TAURC	1		RCTAU	1		RCTAUFRAC	1		livetime	9.440507	seconds	runtime	10.000491	seconds	input_count_rate	23605.829144	cps	output_count_rate	19400.647040	cps	triggers	222851	seconds	events_in_run	194016	seconds	channel	content		1	0
2	0
3	0
4	0
5	0
6	0
7	0
8	0
9	0
10	0
11	0
12	0
13	0
14	0
15	0
16	0
17	0
18	0
19	0
20	0
21	0
22	0
23	0
24	0
25	0
26	0
27	0
28	0
29	0
30	0
31	16
32	20
33	16
34	19
35	12
36	16
37	20
38	15
39	14
40	19
41	17
42	14
43	17
44	11
45	14
46	13
47	12
48	9
49	22
50	14
51	20
52	12
53	14
54	15
55	7
56	12
57	12
58	6
59	9
60	13
61	13
62	6
63	13
64	8
65	11
66	7
67	5
68	7
69	9
70	6
71	7
72	9
73	9
74	14
75	8
76	7
77	9
78	5
79	6
80	6
81	10
82	9
83	10
84	9
85	8
86	9
87	8
88	5
89	9
90	6
91	11
92	9
93	10
94	14
95	17
96	18
97	11
98	18
99	12
100	11
101	7
102	7
103	4
104	17
105	10
106	10
107	6
108	1
109	10
110	5
111	7
112	5
113	12
114	3
115	1
116	10
117	4
118	3
119	4
120	6
121	5
122	7
123	7
124	11
125	4
126	3
127	8
128	1
129	5
130	9
131	3
132	8
133	5
134	1
135	2
136	3
137	5
138	5
139	3
140	4
141	3
142	4
143	8
144	5
145	1
146	5
147	8
148	4
149	7
150	2
151	5
152	4
153	4
154	4
155	6
156	6
157	6
158	5
159	14
160	14
161	25
162	30
163	23
164	17
165	23
166	17
167	17
168	8
169	7
170	6
171	2
172	5
173	7
174	16
175	6
176	5
177	14
178	13
179	16
180	18
181	18
182	22
183	32
184	15
185	20
186	11
187	9
188	8
189	4
190	7
191	3
192	4
193	9
194	11
195	16
196	31
197	57
198	102
199	142
200	281
201	316
202	366
203	420
204	347
205	317
206	210
207	160
208	109
209	34
210	29
211	13
212	6
213	18
214	15
215	12
216	26
217	39
218	45
219	44
220	71
221	64
222	55
223	64
224	38
225	23
226	15
227	9
228	7
229	8
230	1
231	3
232	5
233	3
234	3
235	6
236	4
237	4
238	8
239	9
240	13
241	29
242	53
243	49
244	77
245	116
246	150
247	164
248	172
249	129
250	125
251	110
252	96
253	68
254	61
255	43
256	35
257	36
258	26
259	26
260	21
261	19
262	6
263	5
264	16
265	16
266	34
267	23
268	37
269	42
270	58
271	54
272	37
273	38
274	34
275	24
276	19
277	19
278	19
279	10
280	15
281	8
282	6
283	12
284	12
285	10
286	15
287	17
288	16
289	21
290	15
291	19
292	17
293	23
294	14
295	18
296	16
297	16
298	17
299	19
300	16
301	19
302	14
303	21
304	12
305	21
306	20
307	14
308	11
309	15
310	15
311	10
312	16
313	17
314	18
315	22
316	31
317	32
318	26
319	37
320	53
321	61
322	62
323	78
324	98
325	73
326	67
327	54
328	40
329	36
330	29
331	24
332	29
333	31
334	20
335	35
336	30
337	38
338	49
339	75
340	95
341	180
342	338
343	599
344	1125
345	1882
346	2747
347	3995
348	5293
349	6492
350	7142
351	7418
352	7114
353	6265
354	5022
355	3809
356	2582
357	1572
358	938
359	527
360	281
361	146
362	82
363	58
364	50
365	53
366	35
367	30
368	49
369	46
370	29
371	49
372	49
373	40
374	58
375	68
376	84
377	96
378	138
379	209
380	291
381	439
382	563
383	778
384	988
385	1068
386	1268
387	1221
388	1168
389	931
390	853
391	652
392	443
393	280
394	186
395	111
396	79
397	41
398	44
399	32
400	29
401	32
402	26
403	31
404	37
405	33
406	30
407	33
408	40
409	42
410	35
411	52
412	58
413	42
414	31
415	38
416	41
417	33
418	39
419	36
420	34
421	40
422	30
423	31
424	39
425	40
426	43
427	30
428	45
429	26
430	41
431	33
432	33
433	58
434	45
435	58
436	57
437	62
438	58
439	64
440	91
441	69
442	65
443	66
444	80
445	73
446	72
447	51
448	76
449	60
450	62
451	61
452	60
453	61
454	63
455	66
456	74
457	86
458	88
459	77
460	86
461	75
462	81
463	76
464	68
465	67
466	75
467	71
468	62
469	55
470	75
471	80
472	87
473	79
474	82
475	76
476	65
477	64
478	67
479	48
480	51
481	60
482	75
483	52
484	56
485	57
486	63
487	60
488	64
489	67
490	52
491	54
492	60
493	62
494	61
495	65
496	60
497	65
498	57
499	56
500	70
501	70
502	75
503	79
504	84
505	65
506	83
507	96
508	94
509	82
510	70
511	87
512	82
513	85
514	94
515	77
516	90
517	86
518	85
519	81
520	79
521	97
522	107
523	91
524	93
525	97
526	104
527	108
528	95
529	104
530	102
531	93
532	98
533	98
534	91
535	68
536	85
537	100
538	86
539	79
540	93
541	99
542	97
543	97
544	89
545	88
546	84
547	92
548	95
549	82
550	91
551	80
552	83
553	79
554	77
555	82
556	90
557	71
558	63
559	85
560	80
561	75
562	88
563	83
564	84
565	78
566	70
567	78
568	78
569	88
570	80
571	90
572	79
573	80
574	81
575	82
576	76
577	87
578	103
579	92
580	92
581	78
582	95
583	92
584	90
585	94
586	97
587	97
588	85
589	93
590	74
591	88
592	90
593	97
594	93
595	107
596	85
597	92
598	84
599	91
600	80
601	96
602	91
603	104
604	108
605	88
606	91
607	75
608	133
609	116
610	106
611	97
612	79
613	101
614	105
615	104
616	103
617	100
618	107
619	113
620	118
621	124
622	108
623	95
624	96
625	88
626	110
627	94
628	118
629	120
630	103
631	111
632	85
633	97
634	112
635	125
636	93
637	114
638	104
639	114
640	134
641	116
642	111
643	105
644	105
645	117
646	114
647	110
648	105
649	99
650	125
651	134
652	135
653	119
654	110
655	109
656	112
657	119
658	122
659	113
660	122
661	101
662	104
663	106
664	110
665	94
666	120
667	127
668	121
669	117
670	99
671	116
672	118
673	110
674	89
675	112
676	115
677	123
678	101
679	97
680	123
681	119
682	97
683	136
684	100
685	137
686	101
687	137
688	103
689	123
690	107
691	129
692	143
693	119
694	131
695	142
696	114
697	134
698	127
699	118
700	118
701	128
702	129
703	132
704	129
705	137
706	139
707	128
708	116
709	118
710	110
711	129
712	115
713	134
714	131
715	123
716	119
717	128
718	124
719	135
720	124
721	139
722	117
723	122
724	127
725	128
726	141
727	131
728	123
729	137
730	130
731	139
732	123
733	137
734	139
735	142
736	143
737	136
738	135
739	157
740	132
741	125
742	129
743	126
744	143
745	132
746	112
747	129
748	121
749	134
750	142
751	148
752	145
753	137
754	142
755	137
756	150
757	141
758	122
759	131
760	128
761	141
762	154
763	157
764	166
765	176
766	206
767	209
768	224
769	265
770	258
771	285
772	296
773	277
774	300
775	283
776	304
777	255
778	258
779	220
780	214
781	187
782	186
783	184
784	149
785	166
786	134
787	151
788	137
789	150
790	139
791	139
792	146
793	159
794	114
795	139
796	136
797	150
798	128
799	134
800	140
801	160
802	135
803	129
804	133
805	154
806	132
807	142
808	139
809	144
810	161
811	135
812	116
813	108
814	154
815	139
816	144
817	134
818	142
819	166
820	156
821	144
822	149
823	139
824	148
825	145
826	141
827	139
828	171
829	120
830	146
831	133
832	123
833	161
834	173
835	151
836	156
837	110
838	160
839	179
840	164
841	145
842	156
843	167
844	150
845	152
846	147
847	167
848	163
849	168
850	159
851	169
852	164
853	160
854	168
855	171
856	190
857	201
858	161
859	190
860	206
861	209
862	204
863	225
864	203
865	218
866	211
867	230
868	244
869	217
870	209
871	221
872	206
873	228
874	219
875	240
876	220
877	230
878	283
879	251
880	244
881	293
882	294
883	291
884	351
885	336
886	351
887	349
888	388
889	433
890	448
891	497
892	489
893	491
894	507
895	505
896	561
897	546
898	565
899	533
900	571
901	564
902	583
903	546
904	558
905	573
906	494
907	520
908	468
909	484
910	469
911	430
912	402
913	392
914	381
915	378
916	336
917	309
918	319
919	306
920	258
921	229
922	249
923	250
924	226
925	208
926	204
927	229
928	163
929	186
930	196
931	189
932	183
933	157
934	177
935	173
936	156
937	146
938	155
939	179
940	174
941	183
942	206
943	205
944	216
945	269
946	269
947	334
948	317
949	371
950	371
951	416
952	415
953	467
954	406
955	416
956	392
957	399
958	354
959	292
960	299
961	240
962	239
963	205
964	154
965	150
966	163
967	152
968	139
969	137
970	133
971	132
972	135
973	135
974	117
975	134
976	117
977	130
978	132
979	124
980	144
981	134
982	144
983	127
984	121
985	112
986	134
987	142
988	150
989	156
990	157
991	160
992	156
993	166
994	174
995	169
996	161
997	146
998	177
999	175
1000	183
1001	179
1002	196
1003	187
1004	180
1005	192
1006	176
1007	166
1008	150
1009	162
1010	161
1011	160
1012	181
1013	154
1014	174
1015	153
1016	137
1017	150
1018	137
1019	145
1020	140
1021	140
1022	119
1023	123
1024	117
