Date:	09/05/2018		Time:	10:00		Version no:	0.00		Project name:	55		Sample name:	222		Section name:	section		Position	156.200027	mm	E0	0.000000	keV	E1	1.000000	keV/channel	sample surface	6.466604	cm	Tube anode:	Mo		Tube voltage:	30	kV	Tube current:	50	mA	gain	10		std. database			resultfile	result		matrix element	11		sample thickness	1.000000		air passage	0.560000	cm	comments	in position		peaking_time	2.200000	m-sec	trigger_threshold	547.363281	V	mca_bin_width	22.090000	no:	number_mca_channels	1024.000000	no:	gap_time	0.150000	m-sec	trigger_peaking_time	0.200000	m-sec	GAINDAC	18610		HIGHGAIN	1		TAURC	1		RCTAU	1		RCTAUFRAC	1		livetime	9.420426	seconds	runtime	10.000494	seconds	input_count_rate	24886.453123	cps	output_count_rate	20258.200055	cps	triggers	234441	seconds	events_in_run	202592	seconds	channel	content		1	0
2	0
3	0
4	0
5	0
6	0
7	0
8	0
9	0
10	0
11	0
12	0
13	0
14	0
15	0
16	0
17	0
18	0
19	0
20	0
21	0
22	0
23	0
24	0
25	0
26	0
27	0
28	0
29	0
30	0
31	7
32	12
33	11
34	9
35	12
36	12
37	15
38	18
39	17
40	12
41	10
42	12
43	9
44	12
45	9
46	14
47	14
48	13
49	11
50	8
51	8
52	13
53	12
54	10
55	12
56	8
57	9
58	15
59	12
60	8
61	9
62	11
63	11
64	9
65	15
66	14
67	5
68	5
69	13
70	6
71	10
72	2
73	13
74	8
75	11
76	5
77	8
78	8
79	7
80	3
81	10
82	11
83	13
84	11
85	2
86	7
87	4
88	7
89	2
90	9
91	9
92	5
93	11
94	13
95	19
96	18
97	27
98	15
99	21
100	12
101	6
102	4
103	6
104	9
105	1
106	8
107	12
108	20
109	8
110	7
111	10
112	9
113	5
114	5
115	3
116	8
117	6
118	5
119	5
120	3
121	5
122	5
123	5
124	1
125	4
126	10
127	7
128	4
129	8
130	4
131	2
132	4
133	2
134	1
135	3
136	3
137	5
138	4
139	6
140	5
141	5
142	3
143	5
144	2
145	2
146	3
147	6
148	4
149	6
150	8
151	2
152	11
153	9
154	6
155	6
156	3
157	6
158	5
159	11
160	22
161	28
162	34
163	27
164	18
165	22
166	16
167	8
168	8
169	5
170	4
171	4
172	7
173	4
174	3
175	3
176	13
177	8
178	14
179	21
180	13
181	27
182	23
183	21
184	18
185	15
186	12
187	7
188	4
189	5
190	3
191	5
192	4
193	6
194	15
195	11
196	33
197	53
198	96
199	171
200	238
201	329
202	406
203	395
204	385
205	331
206	261
207	155
208	98
209	64
210	31
211	21
212	10
213	11
214	8
215	17
216	24
217	44
218	40
219	55
220	80
221	57
222	57
223	50
224	36
225	19
226	18
227	9
228	12
229	9
230	5
231	1
232	5
233	3
234	7
235	4
236	4
237	4
238	8
239	5
240	20
241	40
242	49
243	77
244	94
245	152
246	194
247	208
248	225
249	186
250	196
251	126
252	103
253	69
254	60
255	44
256	41
257	45
258	35
259	23
260	15
261	14
262	11
263	15
264	17
265	16
266	26
267	33
268	42
269	51
270	49
271	54
272	57
273	45
274	33
275	23
276	26
277	17
278	7
279	10
280	13
281	4
282	9
283	10
284	12
285	10
286	9
287	15
288	19
289	22
290	18
291	15
292	20
293	21
294	21
295	13
296	28
297	21
298	22
299	16
300	14
301	12
302	17
303	19
304	14
305	9
306	10
307	15
308	13
309	15
310	18
311	19
312	14
313	13
314	23
315	26
316	39
317	52
318	79
319	125
320	169
321	185
322	254
323	224
324	242
325	203
326	185
327	155
328	114
329	81
330	55
331	45
332	30
333	28
334	30
335	35
336	37
337	36
338	65
339	74
340	126
341	202
342	353
343	704
344	1361
345	2034
346	3240
347	4461
348	6010
349	7263
350	8077
351	8312
352	7759
353	6654
354	5570
355	4052
356	2783
357	1743
358	1063
359	570
360	303
361	141
362	93
363	72
364	44
365	35
366	41
367	48
368	51
369	58
370	49
371	56
372	47
373	68
374	48
375	69
376	92
377	126
378	132
379	228
380	323
381	465
382	638
383	888
384	1074
385	1206
386	1340
387	1328
388	1232
389	1109
390	867
391	678
392	473
393	291
394	185
395	124
396	79
397	47
398	33
399	27
400	17
401	29
402	23
403	40
404	30
405	38
406	22
407	36
408	51
409	29
410	32
411	36
412	41
413	38
414	35
415	36
416	42
417	30
418	35
419	24
420	30
421	35
422	33
423	35
424	38
425	34
426	27
427	35
428	36
429	31
430	41
431	42
432	30
433	41
434	37
435	50
436	52
437	62
438	60
439	72
440	66
441	63
442	77
443	75
444	67
445	70
446	60
447	60
448	69
449	77
450	50
451	72
452	61
453	70
454	64
455	72
456	80
457	78
458	81
459	97
460	87
461	79
462	78
463	70
464	66
465	72
466	56
467	66
468	64
469	56
470	59
471	69
472	81
473	63
474	71
475	72
476	59
477	65
478	63
479	48
480	66
481	58
482	50
483	72
484	56
485	60
486	64
487	50
488	63
489	69
490	58
491	53
492	50
493	58
494	62
495	64
496	77
497	58
498	52
499	61
500	65
501	71
502	72
503	76
504	77
505	67
506	68
507	71
508	90
509	89
510	86
511	76
512	82
513	77
514	86
515	79
516	88
517	88
518	78
519	100
520	94
521	74
522	81
523	97
524	93
525	82
526	78
527	100
528	81
529	107
530	115
531	92
532	72
533	90
534	81
535	73
536	75
537	74
538	82
539	64
540	73
541	78
542	79
543	87
544	62
545	97
546	82
547	88
548	83
549	85
550	59
551	97
552	71
553	55
554	94
555	83
556	64
557	69
558	71
559	68
560	74
561	74
562	90
563	84
564	79
565	74
566	83
567	74
568	82
569	76
570	80
571	93
572	56
573	94
574	72
575	101
576	89
577	85
578	86
579	88
580	83
581	112
582	76
583	100
584	96
585	68
586	91
587	89
588	81
589	87
590	85
591	89
592	78
593	90
594	78
595	71
596	88
597	103
598	80
599	97
600	112
601	106
602	102
603	111
604	95
605	87
606	90
607	81
608	97
609	89
610	115
611	88
612	100
613	95
614	104
615	79
616	99
617	89
618	118
619	117
620	92
621	92
622	99
623	101
624	87
625	89
626	103
627	107
628	109
629	105
630	104
631	100
632	120
633	89
634	105
635	95
636	104
637	103
638	109
639	111
640	108
641	102
642	96
643	103
644	119
645	106
646	113
647	97
648	119
649	98
650	121
651	126
652	117
653	115
654	124
655	125
656	119
657	84
658	102
659	99
660	99
661	112
662	94
663	118
664	114
665	110
666	96
667	116
668	105
669	128
670	97
671	105
672	115
673	100
674	114
675	119
676	118
677	106
678	114
679	117
680	131
681	126
682	113
683	112
684	126
685	105
686	105
687	142
688	100
689	112
690	130
691	117
692	128
693	119
694	119
695	134
696	120
697	141
698	135
699	114
700	99
701	124
702	124
703	117
704	108
705	146
706	115
707	133
708	113
709	117
710	124
711	125
712	155
713	144
714	114
715	118
716	132
717	111
718	127
719	141
720	124
721	138
722	126
723	121
724	156
725	110
726	128
727	118
728	131
729	124
730	147
731	131
732	130
733	110
734	142
735	109
736	114
737	136
738	116
739	145
740	130
741	123
742	139
743	140
744	127
745	140
746	123
747	129
748	114
749	169
750	118
751	137
752	126
753	115
754	115
755	140
756	118
757	143
758	131
759	136
760	152
761	135
762	140
763	153
764	176
765	177
766	171
767	205
768	233
769	228
770	256
771	231
772	267
773	264
774	276
775	240
776	268
777	228
778	223
779	235
780	204
781	162
782	181
783	170
784	149
785	159
786	164
787	114
788	136
789	152
790	144
791	127
792	135
793	132
794	132
795	134
796	147
797	132
798	140
799	150
800	135
801	147
802	125
803	133
804	136
805	116
806	151
807	135
808	115
809	137
810	134
811	143
812	156
813	143
814	160
815	175
816	140
817	138
818	150
819	161
820	144
821	153
822	147
823	181
824	161
825	146
826	150
827	134
828	139
829	150
830	143
831	153
832	142
833	137
834	186
835	155
836	141
837	162
838	150
839	140
840	150
841	147
842	172
843	134
844	142
845	142
846	129
847	143
848	141
849	181
850	174
851	173
852	175
853	167
854	193
855	160
856	177
857	161
858	179
859	190
860	199
861	176
862	218
863	205
864	209
865	211
866	167
867	198
868	228
869	199
870	228
871	198
872	196
873	203
874	201
875	212
876	238
877	243
878	239
879	227
880	292
881	272
882	260
883	320
884	314
885	347
886	353
887	390
888	382
889	438
890	432
891	459
892	495
893	532
894	536
895	534
896	530
897	530
898	604
899	611
900	587
901	576
902	566
903	550
904	585
905	536
906	518
907	513
908	469
909	436
910	446
911	420
912	400
913	375
914	362
915	347
916	322
917	327
918	324
919	292
920	249
921	254
922	265
923	226
924	255
925	233
926	212
927	235
928	189
929	204
930	174
931	164
932	165
933	176
934	158
935	162
936	167
937	172
938	159
939	188
940	177
941	209
942	187
943	228
944	238
945	253
946	264
947	276
948	292
949	373
950	350
951	429
952	419
953	404
954	425
955	396
956	381
957	387
958	366
959	284
960	302
961	263
962	230
963	186
964	188
965	152
966	127
967	140
968	141
969	155
970	117
971	113
972	139
973	128
974	128
975	117
976	110
977	110
978	118
979	134
980	138
981	127
982	128
983	162
984	145
985	161
986	140
987	141
988	135
989	160
990	166
991	162
992	162
993	158
994	186
995	159
996	177
997	189
998	193
999	168
1000	158
1001	170
1002	188
1003	160
1004	198
1005	164
1006	164
1007	187
1008	173
1009	172
1010	166
1011	177
1012	161
1013	150
1014	142
1015	148
1016	169
1017	143
1018	108
1019	134
1020	148
1021	148
1022	131
1023	120
1024	121
