Date:	09/05/2018		Time:	11:37		Version no:	0.00		Project name:	55		Sample name:	222		Section name:	section		Position	258.600037	mm	E0	0.000000	keV	E1	1.000000	keV/channel	sample surface	6.239111	cm	Tube anode:	Mo		Tube voltage:	30	kV	Tube current:	50	mA	gain	10		std. database			resultfile	result		matrix element	11		sample thickness	1.000000		air passage	0.560000	cm	comments	in position		peaking_time	2.200000	m-sec	trigger_threshold	547.363281	V	mca_bin_width	22.090000	no:	number_mca_channels	1024.000000	no:	gap_time	0.150000	m-sec	trigger_peaking_time	0.200000	m-sec	GAINDAC	18610		HIGHGAIN	1		TAURC	1		RCTAU	1		RCTAUFRAC	1		livetime	9.436699	seconds	runtime	10.000491	seconds	input_count_rate	24170.951640	cps	output_count_rate	19790.427894	cps	triggers	228094	seconds	events_in_run	197914	seconds	channel	content		1	0
2	0
3	0
4	0
5	0
6	0
7	0
8	0
9	0
10	0
11	0
12	0
13	0
14	0
15	0
16	0
17	0
18	0
19	0
20	0
21	0
22	0
23	0
24	0
25	0
26	0
27	0
28	0
29	0
30	0
31	15
32	18
33	10
34	14
35	14
36	12
37	17
38	19
39	17
40	11
41	16
42	13
43	14
44	17
45	14
46	17
47	10
48	10
49	15
50	20
51	14
52	16
53	11
54	10
55	9
56	15
57	8
58	10
59	12
60	16
61	11
62	10
63	7
64	9
65	12
66	15
67	11
68	10
69	7
70	11
71	11
72	8
73	15
74	13
75	10
76	7
77	5
78	11
79	6
80	11
81	14
82	12
83	17
84	4
85	11
86	9
87	6
88	9
89	4
90	5
91	5
92	13
93	9
94	15
95	15
96	15
97	14
98	16
99	14
100	5
101	10
102	6
103	7
104	5
105	5
106	15
107	7
108	9
109	4
110	8
111	10
112	8
113	6
114	7
115	4
116	8
117	11
118	3
119	9
120	2
121	5
122	6
123	5
124	6
125	9
126	7
127	7
128	4
129	4
130	3
131	2
132	3
133	2
134	2
135	2
136	4
137	3
138	3
139	1
140	0
141	3
142	1
143	5
144	3
145	5
146	4
147	2
148	1
149	1
150	9
151	1
152	4
153	6
154	7
155	6
156	7
157	4
158	9
159	16
160	25
161	23
162	35
163	28
164	38
165	24
166	19
167	16
168	7
169	3
170	5
171	1
172	1
173	4
174	5
175	8
176	8
177	5
178	13
179	17
180	20
181	27
182	26
183	19
184	16
185	10
186	14
187	7
188	9
189	2
190	7
191	6
192	4
193	7
194	10
195	15
196	25
197	44
198	94
199	131
200	209
201	278
202	356
203	391
204	360
205	287
206	182
207	153
208	87
209	60
210	28
211	16
212	9
213	7
214	10
215	13
216	24
217	33
218	31
219	48
220	53
221	73
222	49
223	46
224	32
225	24
226	18
227	14
228	9
229	4
230	7
231	6
232	3
233	6
234	6
235	3
236	3
237	2
238	9
239	13
240	27
241	42
242	71
243	85
244	134
245	216
246	252
247	308
248	256
249	277
250	214
251	211
252	127
253	99
254	72
255	52
256	44
257	40
258	32
259	32
260	12
261	13
262	7
263	15
264	16
265	16
266	31
267	40
268	47
269	54
270	63
271	64
272	65
273	59
274	41
275	39
276	23
277	14
278	9
279	17
280	14
281	9
282	11
283	11
284	8
285	8
286	12
287	6
288	16
289	14
290	16
291	16
292	16
293	12
294	19
295	16
296	12
297	22
298	17
299	20
300	15
301	20
302	17
303	7
304	13
305	16
306	15
307	17
308	12
309	12
310	14
311	9
312	12
313	11
314	17
315	16
316	22
317	29
318	41
319	35
320	53
321	54
322	77
323	90
324	66
325	71
326	63
327	83
328	40
329	44
330	24
331	33
332	23
333	32
334	25
335	35
336	29
337	50
338	57
339	78
340	122
341	209
342	377
343	719
344	1244
345	2026
346	3069
347	4370
348	5638
349	6900
350	7682
351	7989
352	7699
353	6596
354	5373
355	4052
356	2725
357	1766
358	1040
359	597
360	301
361	169
362	116
363	67
364	37
365	41
366	37
367	36
368	39
369	39
370	40
371	51
372	49
373	53
374	61
375	70
376	80
377	109
378	155
379	227
380	273
381	457
382	650
383	833
384	1050
385	1170
386	1336
387	1300
388	1250
389	1078
390	911
391	661
392	482
393	297
394	187
395	116
396	72
397	41
398	40
399	23
400	27
401	28
402	33
403	24
404	38
405	36
406	33
407	24
408	32
409	37
410	38
411	41
412	42
413	26
414	28
415	31
416	28
417	27
418	24
419	32
420	31
421	35
422	28
423	33
424	23
425	41
426	31
427	28
428	41
429	38
430	31
431	37
432	47
433	40
434	44
435	54
436	43
437	67
438	55
439	67
440	64
441	67
442	76
443	66
444	70
445	58
446	57
447	67
448	59
449	62
450	51
451	66
452	66
453	66
454	57
455	68
456	78
457	67
458	82
459	71
460	75
461	84
462	96
463	69
464	80
465	72
466	53
467	60
468	63
469	52
470	61
471	51
472	66
473	64
474	65
475	73
476	59
477	56
478	70
479	63
480	50
481	48
482	55
483	41
484	42
485	53
486	57
487	52
488	59
489	58
490	60
491	59
492	42
493	61
494	51
495	55
496	61
497	62
498	65
499	71
500	67
501	72
502	69
503	57
504	75
505	67
506	82
507	66
508	83
509	79
510	97
511	91
512	60
513	81
514	79
515	67
516	83
517	77
518	64
519	69
520	101
521	87
522	79
523	85
524	95
525	94
526	98
527	92
528	102
529	101
530	107
531	84
532	101
533	85
534	84
535	87
536	73
537	85
538	76
539	84
540	80
541	76
542	90
543	83
544	70
545	70
546	91
547	78
548	74
549	93
550	69
551	78
552	73
553	84
554	79
555	83
556	69
557	85
558	71
559	75
560	64
561	79
562	81
563	101
564	75
565	78
566	62
567	89
568	49
569	75
570	75
571	97
572	86
573	80
574	77
575	77
576	73
577	92
578	91
579	77
580	66
581	89
582	77
583	100
584	68
585	69
586	89
587	95
588	95
589	83
590	76
591	90
592	89
593	84
594	72
595	88
596	75
597	87
598	103
599	81
600	98
601	86
602	105
603	106
604	104
605	68
606	106
607	97
608	84
609	96
610	92
611	89
612	98
613	108
614	95
615	97
616	111
617	99
618	94
619	100
620	104
621	112
622	90
623	103
624	95
625	86
626	89
627	117
628	87
629	114
630	91
631	95
632	97
633	96
634	107
635	91
636	100
637	99
638	106
639	100
640	93
641	110
642	91
643	105
644	111
645	95
646	87
647	105
648	84
649	135
650	123
651	103
652	119
653	112
654	116
655	120
656	87
657	112
658	107
659	133
660	117
661	106
662	110
663	102
664	119
665	117
666	106
667	105
668	115
669	138
670	124
671	93
672	110
673	104
674	117
675	115
676	128
677	112
678	109
679	106
680	109
681	130
682	114
683	112
684	118
685	107
686	118
687	118
688	113
689	141
690	100
691	130
692	119
693	121
694	120
695	108
696	108
697	119
698	149
699	119
700	116
701	120
702	128
703	131
704	125
705	135
706	130
707	118
708	129
709	120
710	127
711	145
712	127
713	116
714	107
715	108
716	126
717	131
718	118
719	108
720	121
721	112
722	127
723	126
724	143
725	139
726	117
727	113
728	136
729	123
730	123
731	124
732	119
733	137
734	146
735	129
736	123
737	126
738	118
739	124
740	124
741	127
742	109
743	131
744	125
745	133
746	115
747	136
748	136
749	127
750	119
751	127
752	148
753	131
754	109
755	114
756	139
757	136
758	133
759	140
760	155
761	124
762	142
763	153
764	152
765	161
766	183
767	207
768	241
769	249
770	252
771	253
772	288
773	301
774	301
775	269
776	265
777	277
778	266
779	189
780	177
781	175
782	164
783	157
784	146
785	131
786	159
787	136
788	144
789	123
790	131
791	129
792	141
793	131
794	133
795	158
796	151
797	134
798	131
799	123
800	114
801	162
802	146
803	141
804	135
805	153
806	133
807	150
808	154
809	149
810	144
811	143
812	151
813	156
814	144
815	144
816	144
817	138
818	149
819	149
820	149
821	137
822	126
823	131
824	151
825	134
826	152
827	144
828	144
829	163
830	144
831	167
832	146
833	152
834	139
835	126
836	138
837	121
838	159
839	135
840	168
841	134
842	145
843	134
844	165
845	138
846	135
847	157
848	134
849	142
850	180
851	177
852	157
853	157
854	155
855	195
856	170
857	191
858	210
859	196
860	223
861	194
862	217
863	200
864	245
865	208
866	242
867	216
868	196
869	198
870	230
871	199
872	214
873	237
874	206
875	230
876	236
877	241
878	244
879	252
880	279
881	268
882	298
883	318
884	328
885	354
886	397
887	407
888	390
889	463
890	436
891	444
892	492
893	484
894	531
895	529
896	515
897	530
898	567
899	581
900	561
901	534
902	517
903	548
904	556
905	533
906	575
907	507
908	495
909	519
910	467
911	411
912	383
913	426
914	373
915	354
916	343
917	310
918	315
919	299
920	285
921	249
922	227
923	244
924	216
925	248
926	216
927	200
928	214
929	181
930	176
931	182
932	194
933	161
934	155
935	158
936	170
937	161
938	157
939	166
940	167
941	165
942	202
943	181
944	223
945	247
946	297
947	312
948	299
949	352
950	368
951	420
952	378
953	372
954	442
955	396
956	386
957	322
958	318
959	294
960	263
961	277
962	237
963	220
964	211
965	177
966	152
967	155
968	127
969	114
970	110
971	134
972	123
973	135
974	128
975	98
976	128
977	120
978	101
979	123
980	134
981	110
982	135
983	123
984	135
985	127
986	146
987	157
988	141
989	174
990	158
991	159
992	130
993	140
994	170
995	174
996	160
997	173
998	178
999	147
1000	161
1001	169
1002	169
1003	203
1004	158
1005	168
1006	175
1007	151
1008	164
1009	173
1010	159
1011	179
1012	163
1013	163
1014	141
1015	147
1016	149
1017	158
1018	151
1019	148
1020	129
1021	111
1022	125
1023	116
1024	118
