Date:	09/05/2018		Time:	11:41		Version no:	0.00		Project name:	55		Sample name:	222		Section name:	section		Position	263.200043	mm	E0	0.000000	keV	E1	1.000000	keV/channel	sample surface	6.236602	cm	Tube anode:	Mo		Tube voltage:	30	kV	Tube current:	50	mA	gain	10		std. database			resultfile	result		matrix element	11		sample thickness	1.000000		air passage	0.560000	cm	comments	in position		peaking_time	2.200000	m-sec	trigger_threshold	547.363281	V	mca_bin_width	22.090000	no:	number_mca_channels	1024.000000	no:	gap_time	0.150000	m-sec	trigger_peaking_time	0.200000	m-sec	GAINDAC	18610		HIGHGAIN	1		TAURC	1		RCTAU	1		RCTAUFRAC	1		livetime	9.444050	seconds	runtime	10.000156	seconds	input_count_rate	25084.681886	cps	output_count_rate	20481.980481	cps	triggers	236901	seconds	events_in_run	204823	seconds	channel	content		1	0
2	0
3	0
4	0
5	0
6	0
7	0
8	0
9	0
10	0
11	0
12	0
13	0
14	0
15	0
16	0
17	0
18	0
19	0
20	0
21	0
22	0
23	0
24	0
25	0
26	0
27	0
28	0
29	0
30	0
31	11
32	12
33	18
34	8
35	9
36	7
37	8
38	13
39	16
40	8
41	11
42	16
43	16
44	10
45	13
46	21
47	12
48	17
49	14
50	12
51	14
52	17
53	12
54	22
55	11
56	8
57	8
58	8
59	6
60	11
61	15
62	17
63	9
64	9
65	3
66	10
67	8
68	8
69	10
70	10
71	8
72	9
73	8
74	8
75	9
76	3
77	3
78	10
79	11
80	10
81	13
82	12
83	10
84	10
85	11
86	15
87	8
88	8
89	4
90	5
91	7
92	6
93	12
94	11
95	16
96	15
97	27
98	13
99	14
100	10
101	2
102	2
103	6
104	11
105	6
106	10
107	7
108	21
109	6
110	6
111	5
112	6
113	2
114	10
115	7
116	4
117	5
118	4
119	7
120	2
121	6
122	3
123	8
124	4
125	8
126	4
127	5
128	4
129	4
130	0
131	8
132	2
133	4
134	10
135	5
136	5
137	1
138	4
139	5
140	3
141	4
142	8
143	5
144	7
145	6
146	3
147	1
148	4
149	5
150	2
151	4
152	8
153	11
154	8
155	2
156	4
157	5
158	9
159	16
160	27
161	27
162	35
163	24
164	31
165	19
166	22
167	7
168	11
169	6
170	4
171	7
172	0
173	7
174	5
175	6
176	11
177	12
178	11
179	11
180	23
181	19
182	16
183	25
184	23
185	16
186	17
187	6
188	8
189	7
190	7
191	6
192	6
193	8
194	9
195	23
196	33
197	68
198	116
199	194
200	277
201	346
202	442
203	470
204	441
205	405
206	275
207	167
208	100
209	65
210	37
211	17
212	14
213	10
214	9
215	21
216	32
217	37
218	58
219	65
220	85
221	72
222	79
223	71
224	48
225	32
226	21
227	16
228	7
229	7
230	9
231	5
232	4
233	4
234	4
235	7
236	11
237	7
238	13
239	6
240	24
241	54
242	84
243	159
244	225
245	278
246	387
247	424
248	411
249	352
250	317
251	230
252	151
253	137
254	96
255	73
256	61
257	46
258	34
259	33
260	24
261	13
262	14
263	11
264	23
265	30
266	35
267	56
268	65
269	88
270	71
271	79
272	75
273	73
274	54
275	47
276	30
277	24
278	16
279	12
280	8
281	10
282	14
283	7
284	3
285	9
286	10
287	11
288	12
289	12
290	17
291	23
292	21
293	21
294	14
295	25
296	12
297	20
298	16
299	22
300	21
301	8
302	15
303	19
304	13
305	19
306	11
307	14
308	13
309	11
310	17
311	11
312	11
313	15
314	13
315	16
316	21
317	25
318	55
319	70
320	68
321	93
322	109
323	108
324	94
325	94
326	103
327	63
328	48
329	37
330	33
331	37
332	31
333	28
334	24
335	33
336	30
337	37
338	57
339	72
340	145
341	247
342	467
343	873
344	1519
345	2425
346	3782
347	5218
348	7022
349	8678
350	9402
351	9793
352	9175
353	8139
354	6566
355	4834
356	3247
357	2166
358	1287
359	701
360	357
361	186
362	113
363	55
364	65
365	36
366	37
367	40
368	40
369	48
370	39
371	52
372	45
373	70
374	65
375	61
376	118
377	129
378	177
379	223
380	352
381	506
382	746
383	1045
384	1306
385	1474
386	1607
387	1606
388	1503
389	1286
390	1106
391	774
392	550
393	375
394	211
395	161
396	95
397	61
398	36
399	36
400	23
401	29
402	25
403	26
404	27
405	35
406	21
407	36
408	39
409	40
410	36
411	39
412	36
413	34
414	20
415	24
416	28
417	29
418	19
419	28
420	25
421	27
422	27
423	27
424	27
425	32
426	28
427	23
428	19
429	35
430	37
431	32
432	29
433	46
434	38
435	48
436	46
437	45
438	77
439	60
440	78
441	54
442	57
443	60
444	51
445	51
446	57
447	67
448	51
449	57
450	63
451	60
452	51
453	46
454	64
455	53
456	63
457	68
458	64
459	78
460	88
461	71
462	63
463	71
464	61
465	61
466	48
467	52
468	51
469	53
470	58
471	61
472	63
473	66
474	58
475	57
476	55
477	41
478	52
479	62
480	46
481	54
482	52
483	44
484	51
485	41
486	46
487	44
488	52
489	58
490	57
491	43
492	47
493	54
494	50
495	53
496	50
497	55
498	66
499	42
500	57
501	65
502	63
503	54
504	68
505	65
506	53
507	72
508	66
509	80
510	60
511	56
512	55
513	66
514	77
515	63
516	79
517	72
518	79
519	63
520	73
521	75
522	78
523	86
524	83
525	72
526	76
527	84
528	86
529	77
530	92
531	60
532	82
533	96
534	86
535	82
536	67
537	60
538	82
539	67
540	71
541	58
542	71
543	87
544	82
545	71
546	79
547	82
548	72
549	69
550	67
551	82
552	62
553	69
554	76
555	70
556	72
557	69
558	74
559	64
560	64
561	71
562	68
563	82
564	67
565	51
566	62
567	72
568	64
569	85
570	69
571	68
572	70
573	69
574	76
575	75
576	61
577	67
578	84
579	78
580	85
581	69
582	85
583	75
584	79
585	77
586	63
587	86
588	71
589	82
590	70
591	64
592	77
593	74
594	81
595	98
596	87
597	84
598	82
599	94
600	76
601	82
602	86
603	90
604	78
605	92
606	69
607	90
608	88
609	91
610	86
611	89
612	87
613	97
614	89
615	93
616	92
617	90
618	72
619	91
620	105
621	87
622	96
623	81
624	101
625	85
626	104
627	82
628	75
629	106
630	93
631	73
632	95
633	89
634	80
635	85
636	84
637	89
638	87
639	83
640	92
641	101
642	86
643	89
644	88
645	108
646	100
647	97
648	96
649	102
650	91
651	98
652	101
653	99
654	106
655	102
656	103
657	99
658	97
659	82
660	91
661	108
662	94
663	93
664	95
665	96
666	87
667	99
668	101
669	99
670	103
671	84
672	101
673	86
674	101
675	109
676	104
677	104
678	104
679	92
680	72
681	101
682	90
683	94
684	96
685	118
686	95
687	96
688	81
689	83
690	104
691	107
692	101
693	116
694	105
695	103
696	102
697	108
698	112
699	101
700	101
701	101
702	113
703	107
704	139
705	102
706	97
707	106
708	121
709	120
710	116
711	122
712	92
713	95
714	110
715	117
716	112
717	112
718	101
719	113
720	116
721	108
722	94
723	99
724	132
725	122
726	119
727	96
728	112
729	100
730	117
731	100
732	103
733	122
734	125
735	119
736	121
737	119
738	120
739	112
740	113
741	105
742	114
743	108
744	103
745	128
746	111
747	128
748	126
749	112
750	108
751	111
752	110
753	106
754	129
755	99
756	99
757	99
758	105
759	122
760	119
761	106
762	119
763	123
764	122
765	152
766	162
767	181
768	172
769	198
770	221
771	236
772	275
773	247
774	209
775	255
776	249
777	219
778	202
779	184
780	173
781	172
782	124
783	134
784	134
785	143
786	100
787	108
788	114
789	99
790	119
791	110
792	97
793	122
794	107
795	126
796	93
797	105
798	125
799	107
800	134
801	123
802	114
803	114
804	127
805	126
806	145
807	111
808	131
809	112
810	134
811	127
812	94
813	104
814	122
815	154
816	147
817	132
818	121
819	131
820	128
821	117
822	123
823	149
824	144
825	122
826	117
827	124
828	150
829	106
830	119
831	133
832	135
833	117
834	123
835	147
836	123
837	112
838	127
839	127
840	133
841	142
842	101
843	124
844	111
845	139
846	127
847	127
848	129
849	135
850	159
851	127
852	148
853	147
854	147
855	143
856	165
857	162
858	175
859	187
860	173
861	180
862	193
863	176
864	191
865	189
866	201
867	202
868	199
869	204
870	180
871	197
872	186
873	197
874	151
875	182
876	221
877	200
878	196
879	220
880	228
881	255
882	238
883	226
884	267
885	266
886	300
887	321
888	328
889	326
890	369
891	400
892	396
893	450
894	465
895	416
896	378
897	425
898	437
899	442
900	465
901	437
902	431
903	470
904	455
905	467
906	426
907	393
908	412
909	399
910	372
911	375
912	367
913	326
914	315
915	313
916	294
917	282
918	242
919	254
920	239
921	220
922	204
923	212
924	208
925	173
926	186
927	180
928	166
929	152
930	141
931	178
932	145
933	137
934	154
935	131
936	137
937	146
938	137
939	165
940	144
941	157
942	170
943	175
944	229
945	216
946	231
947	281
948	301
949	330
950	326
951	358
952	318
953	401
954	360
955	351
956	345
957	315
958	330
959	299
960	275
961	217
962	239
963	192
964	158
965	136
966	123
967	132
968	130
969	108
970	96
971	103
972	125
973	94
974	109
975	112
976	79
977	111
978	85
979	111
980	123
981	105
982	116
983	96
984	120
985	106
986	126
987	136
988	144
989	128
990	118
991	103
992	128
993	145
994	143
995	130
996	139
997	129
998	132
999	152
1000	141
1001	152
1002	144
1003	139
1004	150
1005	170
1006	141
1007	147
1008	147
1009	132
1010	138
1011	124
1012	127
1013	126
1014	137
1015	146
1016	126
1017	132
1018	108
1019	135
1020	109
1021	99
1022	90
1023	84
1024	100
