Date:	09/05/2018		Time:	11:59		Version no:	0.00		Project name:	55		Sample name:	222		Section name:	section		Position	281.200043	mm	E0	0.000000	keV	E1	1.000000	keV/channel	sample surface	6.170293	cm	Tube anode:	Mo		Tube voltage:	30	kV	Tube current:	50	mA	gain	10		std. database			resultfile	result		matrix element	11		sample thickness	1.000000		air passage	0.560000	cm	comments	in position		peaking_time	2.200000	m-sec	trigger_threshold	547.363281	V	mca_bin_width	22.090000	no:	number_mca_channels	1024.000000	no:	gap_time	0.150000	m-sec	trigger_peaking_time	0.200000	m-sec	GAINDAC	18610		HIGHGAIN	1		TAURC	1		RCTAU	1		RCTAUFRAC	1		livetime	9.465198	seconds	runtime	10.000496	seconds	input_count_rate	22935.810833	cps	output_count_rate	18972.658956	cps	triggers	217092	seconds	events_in_run	189736	seconds	channel	content		1	0
2	0
3	0
4	0
5	0
6	0
7	0
8	0
9	0
10	0
11	0
12	0
13	0
14	0
15	0
16	0
17	0
18	0
19	0
20	0
21	0
22	0
23	0
24	0
25	0
26	0
27	0
28	0
29	0
30	0
31	12
32	14
33	11
34	12
35	10
36	9
37	16
38	12
39	11
40	13
41	14
42	14
43	12
44	12
45	10
46	15
47	14
48	19
49	20
50	13
51	8
52	8
53	10
54	16
55	12
56	8
57	13
58	9
59	11
60	14
61	9
62	13
63	13
64	8
65	8
66	11
67	9
68	8
69	7
70	13
71	6
72	5
73	5
74	8
75	6
76	10
77	9
78	11
79	5
80	8
81	13
82	7
83	10
84	8
85	5
86	3
87	8
88	3
89	4
90	10
91	10
92	8
93	9
94	10
95	24
96	14
97	16
98	15
99	10
100	8
101	9
102	10
103	4
104	7
105	6
106	8
107	6
108	7
109	7
110	7
111	5
112	3
113	2
114	6
115	1
116	4
117	4
118	2
119	3
120	6
121	2
122	3
123	5
124	10
125	6
126	10
127	6
128	2
129	7
130	8
131	4
132	8
133	4
134	3
135	4
136	1
137	3
138	5
139	4
140	3
141	4
142	4
143	1
144	6
145	1
146	7
147	2
148	1
149	2
150	4
151	7
152	7
153	4
154	3
155	2
156	6
157	9
158	14
159	18
160	18
161	24
162	34
163	25
164	28
165	22
166	17
167	10
168	6
169	6
170	6
171	4
172	4
173	3
174	6
175	6
176	4
177	11
178	12
179	13
180	19
181	27
182	30
183	18
184	25
185	14
186	15
187	10
188	5
189	5
190	3
191	3
192	5
193	9
194	7
195	16
196	30
197	56
198	94
199	194
200	261
201	322
202	415
203	436
204	400
205	333
206	257
207	173
208	102
209	47
210	23
211	9
212	14
213	9
214	9
215	16
216	24
217	38
218	47
219	73
220	70
221	59
222	70
223	42
224	43
225	24
226	12
227	13
228	4
229	4
230	4
231	2
232	3
233	5
234	1
235	1
236	5
237	6
238	7
239	12
240	7
241	28
242	54
243	81
244	127
245	162
246	202
247	269
248	238
249	201
250	218
251	140
252	113
253	86
254	65
255	45
256	41
257	27
258	38
259	25
260	21
261	19
262	13
263	17
264	20
265	18
266	27
267	41
268	41
269	53
270	78
271	50
272	61
273	46
274	42
275	32
276	18
277	19
278	15
279	8
280	13
281	18
282	13
283	6
284	9
285	7
286	9
287	13
288	14
289	13
290	21
291	18
292	14
293	14
294	14
295	18
296	21
297	13
298	25
299	20
300	16
301	11
302	18
303	12
304	13
305	13
306	15
307	10
308	14
309	11
310	10
311	19
312	15
313	12
314	13
315	8
316	24
317	18
318	53
319	57
320	61
321	79
322	95
323	119
324	101
325	87
326	77
327	73
328	52
329	46
330	41
331	23
332	24
333	20
334	19
335	26
336	39
337	42
338	42
339	60
340	93
341	177
342	362
343	624
344	1178
345	1942
346	2973
347	4293
348	5630
349	6863
350	7539
351	7781
352	7479
353	6573
354	5206
355	3962
356	2654
357	1784
358	1039
359	576
360	314
361	173
362	99
363	60
364	42
365	32
366	35
367	38
368	38
369	47
370	39
371	48
372	37
373	49
374	57
375	72
376	82
377	87
378	153
379	202
380	310
381	449
382	594
383	811
384	1051
385	1177
386	1326
387	1285
388	1216
389	1120
390	895
391	651
392	492
393	330
394	207
395	118
396	87
397	54
398	32
399	32
400	24
401	27
402	35
403	23
404	23
405	19
406	21
407	30
408	41
409	31
410	32
411	49
412	36
413	28
414	32
415	35
416	28
417	33
418	23
419	31
420	26
421	32
422	32
423	32
424	29
425	25
426	22
427	36
428	37
429	21
430	21
431	37
432	33
433	39
434	34
435	41
436	52
437	36
438	37
439	66
440	61
441	68
442	71
443	58
444	65
445	49
446	63
447	42
448	58
449	59
450	47
451	52
452	51
453	63
454	61
455	88
456	75
457	61
458	78
459	83
460	96
461	84
462	62
463	49
464	47
465	64
466	53
467	52
468	38
469	56
470	55
471	61
472	65
473	62
474	57
475	56
476	63
477	51
478	46
479	63
480	55
481	35
482	54
483	50
484	41
485	44
486	51
487	55
488	58
489	55
490	54
491	62
492	48
493	48
494	48
495	50
496	48
497	48
498	55
499	63
500	53
501	64
502	63
503	57
504	78
505	61
506	74
507	86
508	60
509	54
510	68
511	62
512	80
513	72
514	76
515	91
516	69
517	76
518	77
519	70
520	67
521	59
522	65
523	80
524	76
525	88
526	90
527	95
528	107
529	79
530	90
531	103
532	75
533	82
534	92
535	76
536	73
537	70
538	70
539	77
540	61
541	85
542	68
543	69
544	71
545	69
546	87
547	57
548	89
549	85
550	92
551	63
552	77
553	73
554	88
555	80
556	72
557	70
558	77
559	72
560	65
561	64
562	64
563	92
564	67
565	68
566	65
567	71
568	51
569	81
570	78
571	78
572	70
573	69
574	74
575	92
576	93
577	77
578	77
579	91
580	64
581	83
582	82
583	82
584	85
585	91
586	83
587	91
588	91
589	80
590	82
591	80
592	86
593	81
594	89
595	83
596	81
597	91
598	88
599	92
600	85
601	90
602	67
603	70
604	80
605	98
606	99
607	79
608	75
609	105
610	60
611	77
612	96
613	78
614	88
615	98
616	100
617	98
618	94
619	94
620	101
621	105
622	78
623	86
624	105
625	95
626	80
627	81
628	101
629	92
630	86
631	87
632	97
633	83
634	101
635	108
636	82
637	98
638	95
639	105
640	83
641	90
642	107
643	104
644	107
645	83
646	86
647	98
648	107
649	101
650	91
651	99
652	107
653	109
654	87
655	117
656	101
657	84
658	95
659	98
660	100
661	79
662	95
663	97
664	90
665	104
666	119
667	96
668	96
669	109
670	89
671	120
672	100
673	117
674	97
675	104
676	99
677	112
678	124
679	103
680	115
681	113
682	112
683	114
684	118
685	89
686	95
687	135
688	95
689	106
690	99
691	115
692	105
693	100
694	102
695	124
696	127
697	110
698	93
699	130
700	112
701	118
702	109
703	126
704	134
705	94
706	132
707	122
708	120
709	128
710	95
711	101
712	110
713	114
714	132
715	114
716	108
717	117
718	90
719	102
720	97
721	111
722	118
723	108
724	119
725	115
726	107
727	112
728	129
729	124
730	124
731	128
732	135
733	135
734	115
735	118
736	127
737	117
738	131
739	115
740	107
741	135
742	118
743	113
744	100
745	109
746	113
747	118
748	147
749	118
750	116
751	122
752	124
753	115
754	126
755	129
756	127
757	117
758	115
759	118
760	130
761	132
762	130
763	137
764	149
765	170
766	173
767	188
768	243
769	241
770	251
771	276
772	280
773	281
774	282
775	282
776	257
777	261
778	230
779	191
780	175
781	182
782	182
783	140
784	133
785	126
786	126
787	128
788	142
789	142
790	129
791	136
792	122
793	122
794	143
795	125
796	145
797	112
798	120
799	110
800	118
801	112
802	128
803	126
804	119
805	120
806	112
807	136
808	131
809	126
810	125
811	118
812	116
813	141
814	155
815	131
816	143
817	128
818	144
819	151
820	132
821	151
822	122
823	149
824	123
825	119
826	133
827	134
828	127
829	132
830	130
831	105
832	94
833	119
834	136
835	121
836	141
837	146
838	134
839	147
840	139
841	125
842	135
843	110
844	145
845	108
846	131
847	130
848	134
849	159
850	156
851	149
852	168
853	170
854	142
855	149
856	176
857	181
858	213
859	203
860	174
861	194
862	197
863	205
864	232
865	177
866	220
867	199
868	209
869	225
870	218
871	220
872	208
873	224
874	216
875	245
876	228
877	232
878	210
879	236
880	262
881	285
882	249
883	262
884	304
885	340
886	309
887	332
888	357
889	363
890	432
891	416
892	465
893	470
894	463
895	510
896	509
897	515
898	505
899	537
900	486
901	523
902	524
903	484
904	506
905	463
906	435
907	448
908	435
909	406
910	402
911	384
912	352
913	365
914	375
915	308
916	310
917	292
918	298
919	248
920	256
921	220
922	208
923	200
924	201
925	199
926	213
927	176
928	167
929	190
930	155
931	155
932	146
933	152
934	143
935	150
936	144
937	159
938	159
939	158
940	161
941	154
942	171
943	190
944	248
945	258
946	242
947	264
948	334
949	327
950	359
951	356
952	370
953	420
954	393
955	393
956	400
957	375
958	358
959	310
960	273
961	231
962	221
963	207
964	169
965	160
966	161
967	152
968	117
969	123
970	104
971	121
972	114
973	105
974	123
975	100
976	115
977	102
978	115
979	118
980	118
981	117
982	114
983	124
984	124
985	132
986	128
987	130
988	116
989	143
990	144
991	144
992	138
993	153
994	139
995	147
996	144
997	173
998	156
999	153
1000	172
1001	168
1002	180
1003	185
1004	153
1005	146
1006	169
1007	144
1008	166
1009	165
1010	147
1011	149
1012	158
1013	165
1014	134
1015	143
1016	122
1017	143
1018	130
1019	106
1020	115
1021	144
1022	118
1023	121
1024	108
