Date:	09/05/2018		Time:	09:19		Version no:	0.00		Project name:	55		Sample name:	222		Section name:	section		Position	113.400032	mm	E0	0.000000	keV	E1	1.000000	keV/channel	sample surface	6.169163	cm	Tube anode:	Mo		Tube voltage:	30	kV	Tube current:	50	mA	gain	10		std. database			resultfile	result		matrix element	11		sample thickness	1.000000		air passage	0.560000	cm	comments	in position		peaking_time	2.200000	m-sec	trigger_threshold	547.363281	V	mca_bin_width	22.090000	no:	number_mca_channels	1024.000000	no:	gap_time	0.150000	m-sec	trigger_peaking_time	0.200000	m-sec	GAINDAC	18610		HIGHGAIN	1		TAURC	1		RCTAU	1		RCTAUFRAC	1		livetime	9.493338	seconds	runtime	10.000492	seconds	input_count_rate	21021.795327	cps	output_count_rate	17590.234560	cps	triggers	199567	seconds	events_in_run	175911	seconds	channel	content		1	0
2	0
3	0
4	0
5	0
6	0
7	0
8	0
9	0
10	0
11	0
12	0
13	0
14	0
15	0
16	0
17	0
18	0
19	0
20	0
21	0
22	0
23	0
24	0
25	0
26	0
27	0
28	0
29	0
30	0
31	13
32	13
33	8
34	15
35	15
36	7
37	14
38	19
39	15
40	22
41	16
42	13
43	10
44	15
45	12
46	11
47	16
48	12
49	12
50	12
51	15
52	12
53	13
54	17
55	12
56	10
57	14
58	7
59	14
60	11
61	6
62	17
63	11
64	11
65	6
66	12
67	8
68	11
69	9
70	11
71	6
72	5
73	6
74	9
75	6
76	2
77	3
78	3
79	7
80	10
81	6
82	16
83	5
84	4
85	12
86	4
87	5
88	4
89	4
90	13
91	7
92	4
93	10
94	19
95	16
96	21
97	18
98	13
99	17
100	10
101	12
102	4
103	9
104	7
105	4
106	10
107	11
108	7
109	8
110	8
111	8
112	3
113	7
114	4
115	5
116	5
117	8
118	4
119	5
120	2
121	5
122	5
123	6
124	4
125	6
126	5
127	4
128	5
129	6
130	6
131	2
132	1
133	2
134	5
135	2
136	3
137	1
138	3
139	3
140	3
141	5
142	4
143	2
144	3
145	10
146	6
147	4
148	0
149	3
150	3
151	3
152	3
153	2
154	5
155	3
156	4
157	8
158	8
159	16
160	17
161	26
162	27
163	27
164	19
165	21
166	10
167	14
168	5
169	4
170	5
171	5
172	6
173	5
174	6
175	7
176	9
177	6
178	8
179	9
180	14
181	16
182	23
183	22
184	13
185	16
186	8
187	2
188	4
189	2
190	4
191	1
192	4
193	5
194	6
195	13
196	26
197	37
198	81
199	134
200	178
201	231
202	220
203	263
204	266
205	242
206	180
207	127
208	63
209	36
210	25
211	14
212	11
213	8
214	8
215	19
216	23
217	21
218	44
219	38
220	44
221	41
222	41
223	42
224	17
225	19
226	11
227	8
228	5
229	3
230	5
231	4
232	3
233	1
234	1
235	4
236	1
237	6
238	7
239	3
240	7
241	24
242	32
243	54
244	93
245	113
246	149
247	148
248	155
249	142
250	108
251	106
252	65
253	59
254	45
255	40
256	26
257	28
258	14
259	13
260	10
261	9
262	8
263	10
264	8
265	13
266	15
267	18
268	34
269	36
270	44
271	41
272	43
273	30
274	28
275	34
276	13
277	17
278	12
279	9
280	6
281	10
282	7
283	14
284	13
285	15
286	8
287	11
288	18
289	8
290	11
291	7
292	13
293	18
294	21
295	10
296	16
297	18
298	17
299	11
300	12
301	10
302	16
303	11
304	2
305	10
306	14
307	12
308	7
309	12
310	13
311	18
312	11
313	15
314	18
315	20
316	28
317	39
318	50
319	82
320	125
321	146
322	157
323	191
324	167
325	149
326	127
327	103
328	83
329	51
330	41
331	26
332	20
333	24
334	22
335	31
336	40
337	33
338	37
339	71
340	77
341	179
342	308
343	572
344	987
345	1656
346	2478
347	3611
348	4663
349	5700
350	6242
351	6547
352	6221
353	5233
354	4239
355	3228
356	2100
357	1405
358	807
359	464
360	230
361	124
362	75
363	45
364	41
365	36
366	28
367	34
368	31
369	41
370	38
371	40
372	35
373	48
374	64
375	54
376	63
377	85
378	113
379	176
380	255
381	414
382	541
383	678
384	833
385	971
386	1046
387	1058
388	1032
389	934
390	672
391	548
392	347
393	240
394	145
395	91
396	72
397	38
398	35
399	22
400	26
401	21
402	20
403	34
404	26
405	30
406	29
407	30
408	36
409	29
410	26
411	23
412	35
413	46
414	32
415	35
416	23
417	28
418	26
419	29
420	24
421	30
422	18
423	25
424	22
425	21
426	28
427	25
428	19
429	28
430	32
431	28
432	39
433	24
434	40
435	53
436	46
437	46
438	65
439	55
440	64
441	64
442	54
443	56
444	61
445	67
446	62
447	56
448	53
449	53
450	50
451	54
452	48
453	47
454	62
455	60
456	63
457	67
458	69
459	80
460	68
461	63
462	64
463	64
464	60
465	48
466	58
467	58
468	34
469	49
470	51
471	36
472	62
473	68
474	62
475	40
476	55
477	40
478	50
479	33
480	47
481	43
482	39
483	55
484	46
485	55
486	47
487	42
488	44
489	48
490	69
491	48
492	49
493	56
494	38
495	58
496	50
497	57
498	56
499	55
500	51
501	60
502	70
503	77
504	62
505	56
506	71
507	78
508	77
509	69
510	56
511	72
512	59
513	74
514	76
515	72
516	66
517	78
518	75
519	65
520	63
521	74
522	73
523	70
524	91
525	79
526	77
527	83
528	104
529	77
530	83
531	88
532	102
533	81
534	79
535	65
536	83
537	92
538	70
539	74
540	88
541	71
542	74
543	73
544	79
545	73
546	73
547	55
548	69
549	61
550	78
551	67
552	72
553	64
554	66
555	65
556	59
557	65
558	68
559	66
560	70
561	73
562	68
563	63
564	66
565	73
566	59
567	74
568	80
569	66
570	63
571	89
572	67
573	75
574	72
575	75
576	71
577	73
578	62
579	87
580	69
581	80
582	86
583	83
584	68
585	82
586	82
587	87
588	75
589	89
590	79
591	97
592	99
593	88
594	80
595	91
596	77
597	83
598	94
599	75
600	79
601	95
602	103
603	85
604	89
605	93
606	83
607	95
608	85
609	86
610	91
611	96
612	90
613	92
614	101
615	98
616	83
617	96
618	98
619	102
620	84
621	94
622	94
623	92
624	127
625	79
626	79
627	91
628	95
629	91
630	87
631	97
632	86
633	92
634	87
635	96
636	94
637	80
638	103
639	94
640	96
641	104
642	103
643	97
644	85
645	104
646	109
647	110
648	123
649	101
650	99
651	97
652	107
653	105
654	96
655	110
656	104
657	111
658	108
659	91
660	95
661	96
662	96
663	83
664	92
665	87
666	101
667	92
668	91
669	93
670	76
671	119
672	100
673	99
674	106
675	100
676	99
677	127
678	91
679	95
680	107
681	94
682	116
683	107
684	91
685	95
686	102
687	108
688	118
689	88
690	117
691	104
692	105
693	107
694	102
695	116
696	116
697	118
698	144
699	127
700	112
701	93
702	138
703	116
704	129
705	117
706	110
707	114
708	110
709	137
710	115
711	119
712	99
713	123
714	119
715	141
716	116
717	108
718	131
719	136
720	102
721	141
722	130
723	112
724	126
725	125
726	129
727	131
728	140
729	131
730	139
731	137
732	131
733	137
734	96
735	121
736	123
737	125
738	129
739	130
740	131
741	110
742	135
743	99
744	130
745	108
746	121
747	137
748	130
749	116
750	107
751	120
752	120
753	134
754	131
755	130
756	120
757	132
758	130
759	134
760	121
761	129
762	135
763	137
764	149
765	147
766	157
767	198
768	202
769	194
770	217
771	251
772	261
773	239
774	245
775	243
776	250
777	220
778	217
779	188
780	150
781	164
782	171
783	141
784	157
785	130
786	115
787	131
788	127
789	132
790	129
791	127
792	134
793	137
794	116
795	153
796	127
797	123
798	116
799	116
800	125
801	137
802	114
803	130
804	138
805	117
806	139
807	131
808	135
809	137
810	128
811	124
812	122
813	153
814	137
815	130
816	148
817	172
818	159
819	133
820	147
821	130
822	160
823	129
824	133
825	151
826	133
827	137
828	117
829	122
830	137
831	135
832	154
833	139
834	126
835	128
836	141
837	138
838	131
839	131
840	140
841	152
842	146
843	149
844	135
845	149
846	154
847	176
848	147
849	159
850	132
851	149
852	159
853	137
854	158
855	174
856	178
857	169
858	183
859	201
860	199
861	202
862	204
863	196
864	231
865	239
866	217
867	204
868	212
869	180
870	225
871	207
872	235
873	196
874	224
875	231
876	211
877	230
878	244
879	247
880	287
881	260
882	294
883	323
884	301
885	325
886	330
887	372
888	426
889	418
890	451
891	460
892	461
893	503
894	492
895	542
896	527
897	547
898	506
899	612
900	545
901	533
902	540
903	556
904	547
905	488
906	500
907	479
908	452
909	436
910	468
911	393
912	423
913	398
914	390
915	356
916	311
917	307
918	271
919	278
920	297
921	232
922	216
923	234
924	234
925	216
926	204
927	194
928	188
929	158
930	203
931	162
932	152
933	167
934	149
935	149
936	180
937	179
938	125
939	177
940	161
941	193
942	194
943	238
944	228
945	242
946	257
947	323
948	339
949	367
950	306
951	335
952	375
953	395
954	410
955	408
956	393
957	322
958	328
959	294
960	277
961	233
962	237
963	175
964	166
965	148
966	161
967	141
968	147
969	159
970	124
971	132
972	113
973	120
974	123
975	109
976	115
977	120
978	106
979	122
980	124
981	147
982	132
983	127
984	153
985	147
986	138
987	158
988	151
989	174
990	145
991	157
992	148
993	149
994	155
995	163
996	155
997	158
998	149
999	149
1000	185
1001	192
1002	186
1003	185
1004	180
1005	171
1006	176
1007	158
1008	176
1009	141
1010	180
1011	165
1012	155
1013	173
1014	148
1015	152
1016	142
1017	150
1018	158
1019	126
1020	108
1021	124
1022	107
1023	112
1024	99
