Date:	09/05/2018		Time:	09:36		Version no:	0.00		Project name:	55		Sample name:	222		Section name:	section		Position	131.600037	mm	E0	0.000000	keV	E1	1.000000	keV/channel	sample surface	6.414364	cm	Tube anode:	Mo		Tube voltage:	30	kV	Tube current:	50	mA	gain	10		std. database			resultfile	result		matrix element	11		sample thickness	1.000000		air passage	0.560000	cm	comments	in position		peaking_time	2.200000	m-sec	trigger_threshold	547.363281	V	mca_bin_width	22.090000	no:	number_mca_channels	1024.000000	no:	gap_time	0.150000	m-sec	trigger_peaking_time	0.200000	m-sec	GAINDAC	18610		HIGHGAIN	1		TAURC	1		RCTAU	1		RCTAUFRAC	1		livetime	9.410573	seconds	runtime	10.000167	seconds	input_count_rate	25976.102114	cps	output_count_rate	21060.847863	cps	triggers	244450	seconds	events_in_run	210612	seconds	channel	content		1	0
2	0
3	0
4	0
5	0
6	0
7	0
8	0
9	0
10	0
11	0
12	0
13	0
14	0
15	0
16	0
17	0
18	0
19	0
20	0
21	0
22	0
23	0
24	0
25	0
26	0
27	0
28	0
29	0
30	0
31	14
32	17
33	19
34	15
35	11
36	15
37	8
38	16
39	12
40	17
41	13
42	14
43	16
44	20
45	15
46	12
47	12
48	17
49	9
50	13
51	13
52	10
53	9
54	13
55	10
56	11
57	13
58	9
59	14
60	8
61	9
62	11
63	11
64	10
65	6
66	9
67	13
68	4
69	10
70	7
71	6
72	8
73	8
74	5
75	8
76	6
77	5
78	12
79	11
80	10
81	11
82	13
83	4
84	9
85	7
86	2
87	9
88	6
89	7
90	7
91	6
92	9
93	13
94	12
95	17
96	15
97	19
98	18
99	9
100	11
101	8
102	8
103	11
104	5
105	10
106	9
107	7
108	7
109	9
110	11
111	5
112	8
113	2
114	3
115	2
116	1
117	8
118	4
119	4
120	4
121	4
122	9
123	6
124	1
125	7
126	6
127	8
128	4
129	2
130	3
131	4
132	9
133	6
134	2
135	4
136	3
137	6
138	6
139	2
140	2
141	4
142	1
143	3
144	3
145	3
146	4
147	6
148	6
149	3
150	8
151	3
152	1
153	2
154	6
155	5
156	6
157	1
158	7
159	12
160	13
161	18
162	25
163	25
164	22
165	18
166	13
167	10
168	8
169	5
170	4
171	5
172	4
173	9
174	6
175	15
176	11
177	8
178	16
179	24
180	27
181	27
182	15
183	27
184	22
185	14
186	8
187	3
188	8
189	5
190	5
191	7
192	2
193	5
194	10
195	13
196	34
197	67
198	96
199	143
200	218
201	274
202	341
203	361
204	377
205	276
206	209
207	119
208	69
209	38
210	24
211	16
212	13
213	12
214	14
215	21
216	20
217	35
218	42
219	63
220	44
221	51
222	38
223	55
224	40
225	24
226	19
227	22
228	11
229	13
230	7
231	8
232	7
233	4
234	7
235	5
236	5
237	6
238	12
239	20
240	18
241	17
242	59
243	82
244	123
245	147
246	180
247	224
248	223
249	201
250	164
251	123
252	110
253	80
254	61
255	56
256	49
257	29
258	28
259	22
260	18
261	17
262	11
263	13
264	15
265	18
266	25
267	31
268	34
269	54
270	55
271	50
272	50
273	46
274	39
275	27
276	14
277	17
278	14
279	11
280	13
281	10
282	10
283	10
284	3
285	12
286	15
287	16
288	9
289	12
290	14
291	11
292	30
293	19
294	22
295	16
296	20
297	17
298	12
299	19
300	16
301	11
302	16
303	9
304	11
305	8
306	8
307	17
308	15
309	14
310	18
311	18
312	26
313	23
314	37
315	88
316	122
317	211
318	303
319	446
320	620
321	781
322	932
323	1014
324	994
325	937
326	694
327	559
328	375
329	263
330	165
331	109
332	65
333	44
334	36
335	28
336	36
337	57
338	49
339	61
340	142
341	233
342	417
343	802
344	1399
345	2213
346	3269
347	4877
348	6343
349	7680
350	8468
351	8837
352	8321
353	7442
354	5787
355	4465
356	3084
357	1969
358	1205
359	697
360	391
361	186
362	137
363	78
364	54
365	49
366	52
367	51
368	43
369	41
370	53
371	51
372	49
373	54
374	65
375	77
376	87
377	126
378	145
379	214
380	327
381	446
382	733
383	892
384	1101
385	1327
386	1382
387	1426
388	1253
389	1139
390	965
391	656
392	494
393	316
394	202
395	123
396	73
397	60
398	37
399	44
400	28
401	30
402	27
403	26
404	27
405	40
406	38
407	33
408	36
409	35
410	36
411	35
412	39
413	27
414	42
415	29
416	32
417	30
418	22
419	46
420	30
421	24
422	44
423	27
424	31
425	24
426	35
427	26
428	41
429	31
430	39
431	40
432	39
433	42
434	35
435	41
436	41
437	44
438	62
439	55
440	63
441	73
442	63
443	59
444	66
445	55
446	65
447	52
448	50
449	57
450	59
451	59
452	79
453	64
454	65
455	72
456	84
457	64
458	91
459	71
460	62
461	67
462	75
463	56
464	65
465	68
466	59
467	59
468	61
469	54
470	57
471	61
472	71
473	61
474	69
475	51
476	55
477	62
478	58
479	50
480	47
481	54
482	58
483	44
484	45
485	56
486	55
487	51
488	52
489	61
490	54
491	51
492	54
493	62
494	55
495	61
496	61
497	67
498	51
499	60
500	55
501	72
502	66
503	68
504	63
505	73
506	69
507	74
508	76
509	86
510	75
511	79
512	79
513	65
514	65
515	81
516	75
517	70
518	94
519	78
520	78
521	77
522	93
523	93
524	91
525	83
526	73
527	94
528	96
529	86
530	90
531	99
532	97
533	91
534	79
535	84
536	73
537	78
538	89
539	75
540	77
541	77
542	74
543	65
544	77
545	78
546	79
547	76
548	87
549	77
550	73
551	71
552	69
553	77
554	78
555	82
556	63
557	81
558	78
559	63
560	84
561	81
562	77
563	87
564	84
565	65
566	82
567	82
568	72
569	73
570	79
571	82
572	78
573	92
574	81
575	87
576	67
577	96
578	67
579	86
580	92
581	82
582	94
583	70
584	73
585	75
586	81
587	89
588	88
589	83
590	90
591	87
592	64
593	91
594	99
595	70
596	75
597	89
598	112
599	88
600	98
601	96
602	93
603	80
604	88
605	92
606	81
607	93
608	99
609	87
610	84
611	94
612	108
613	99
614	96
615	91
616	90
617	76
618	79
619	109
620	101
621	107
622	122
623	105
624	121
625	104
626	96
627	98
628	97
629	91
630	80
631	107
632	95
633	100
634	97
635	93
636	92
637	101
638	100
639	99
640	99
641	106
642	103
643	105
644	100
645	101
646	90
647	118
648	93
649	106
650	102
651	120
652	132
653	98
654	113
655	98
656	102
657	103
658	95
659	125
660	110
661	103
662	110
663	107
664	109
665	103
666	103
667	96
668	104
669	119
670	96
671	100
672	98
673	114
674	127
675	107
676	106
677	145
678	112
679	106
680	99
681	128
682	110
683	91
684	107
685	114
686	101
687	100
688	107
689	107
690	105
691	119
692	114
693	122
694	132
695	115
696	113
697	124
698	133
699	124
700	107
701	122
702	145
703	131
704	140
705	131
706	103
707	123
708	103
709	122
710	133
711	110
712	99
713	107
714	113
715	132
716	121
717	122
718	117
719	118
720	116
721	114
722	122
723	147
724	112
725	108
726	125
727	121
728	144
729	128
730	119
731	118
732	155
733	133
734	111
735	111
736	124
737	109
738	117
739	124
740	135
741	138
742	121
743	119
744	142
745	117
746	119
747	122
748	123
749	153
750	133
751	142
752	115
753	124
754	145
755	101
756	128
757	108
758	115
759	139
760	132
761	139
762	129
763	127
764	148
765	151
766	164
767	176
768	197
769	209
770	253
771	225
772	233
773	258
774	250
775	231
776	229
777	241
778	217
779	194
780	193
781	166
782	176
783	171
784	152
785	141
786	124
787	139
788	143
789	140
790	131
791	112
792	130
793	127
794	144
795	132
796	140
797	146
798	142
799	149
800	119
801	131
802	130
803	142
804	136
805	121
806	127
807	145
808	139
809	133
810	147
811	151
812	130
813	137
814	144
815	149
816	144
817	138
818	148
819	136
820	140
821	146
822	142
823	145
824	150
825	161
826	126
827	135
828	137
829	127
830	113
831	132
832	139
833	136
834	125
835	141
836	136
837	134
838	155
839	148
840	129
841	141
842	154
843	143
844	148
845	165
846	155
847	152
848	156
849	128
850	132
851	159
852	164
853	142
854	162
855	153
856	165
857	177
858	193
859	172
860	221
861	214
862	208
863	190
864	182
865	183
866	197
867	197
868	221
869	204
870	211
871	189
872	204
873	214
874	225
875	201
876	238
877	224
878	224
879	249
880	290
881	264
882	294
883	288
884	297
885	314
886	357
887	378
888	379
889	395
890	395
891	458
892	446
893	492
894	502
895	524
896	544
897	538
898	569
899	550
900	543
901	554
902	561
903	550
904	556
905	535
906	502
907	508
908	409
909	498
910	423
911	411
912	411
913	381
914	373
915	329
916	337
917	311
918	308
919	307
920	259
921	266
922	246
923	241
924	199
925	215
926	207
927	159
928	164
929	203
930	181
931	165
932	171
933	154
934	141
935	155
936	155
937	119
938	175
939	164
940	169
941	202
942	184
943	192
944	176
945	248
946	266
947	289
948	302
949	324
950	386
951	385
952	384
953	418
954	450
955	393
956	349
957	379
958	336
959	312
960	291
961	233
962	215
963	205
964	169
965	176
966	176
967	131
968	123
969	140
970	123
971	127
972	118
973	123
974	126
975	111
976	110
977	116
978	134
979	125
980	123
981	118
982	138
983	138
984	138
985	131
986	143
987	139
988	139
989	125
990	130
991	180
992	166
993	159
994	156
995	178
996	155
997	181
998	166
999	162
1000	156
1001	175
1002	184
1003	166
1004	154
1005	186
1006	175
1007	165
1008	147
1009	163
1010	177
1011	161
1012	146
1013	161
1014	148
1015	156
1016	164
1017	116
1018	134
1019	141
1020	147
1021	127
1022	124
1023	93
1024	107
