Date:	09/05/2018		Time:	11:11		Version no:	0.00		Project name:	55		Sample name:	222		Section name:	section		Position	231.400024	mm	E0	0.000000	keV	E1	1.000000	keV/channel	sample surface	6.094499	cm	Tube anode:	Mo		Tube voltage:	30	kV	Tube current:	50	mA	gain	10		std. database			resultfile	result		matrix element	11		sample thickness	1.000000		air passage	0.560000	cm	comments	in position		peaking_time	2.200000	m-sec	trigger_threshold	547.363281	V	mca_bin_width	22.090000	no:	number_mca_channels	1024.000000	no:	gap_time	0.150000	m-sec	trigger_peaking_time	0.200000	m-sec	GAINDAC	18610		HIGHGAIN	1		TAURC	1		RCTAU	1		RCTAUFRAC	1		livetime	9.435455	seconds	runtime	10.000008	seconds	input_count_rate	23486.201280	cps	output_count_rate	19251.584599	cps	triggers	221603	seconds	events_in_run	192516	seconds	channel	content		1	0
2	0
3	0
4	0
5	0
6	0
7	0
8	0
9	0
10	0
11	0
12	0
13	0
14	0
15	0
16	0
17	0
18	0
19	0
20	0
21	0
22	0
23	0
24	0
25	0
26	0
27	0
28	0
29	0
30	0
31	24
32	16
33	14
34	12
35	27
36	15
37	12
38	11
39	19
40	16
41	13
42	10
43	16
44	19
45	17
46	13
47	16
48	11
49	15
50	16
51	20
52	13
53	15
54	10
55	11
56	8
57	20
58	9
59	5
60	13
61	8
62	8
63	14
64	11
65	7
66	9
67	16
68	14
69	12
70	10
71	11
72	12
73	9
74	3
75	10
76	9
77	8
78	9
79	9
80	7
81	7
82	10
83	17
84	16
85	15
86	11
87	10
88	8
89	7
90	6
91	6
92	9
93	14
94	22
95	14
96	18
97	23
98	17
99	13
100	6
101	10
102	7
103	11
104	7
105	10
106	5
107	11
108	13
109	9
110	7
111	12
112	1
113	10
114	2
115	1
116	2
117	1
118	3
119	3
120	5
121	4
122	4
123	4
124	5
125	5
126	5
127	6
128	9
129	5
130	3
131	5
132	5
133	2
134	6
135	12
136	3
137	1
138	3
139	2
140	7
141	3
142	5
143	6
144	5
145	10
146	4
147	3
148	1
149	3
150	1
151	5
152	8
153	5
154	9
155	4
156	6
157	9
158	7
159	15
160	12
161	26
162	30
163	22
164	21
165	20
166	16
167	11
168	9
169	7
170	6
171	4
172	7
173	10
174	7
175	6
176	12
177	8
178	11
179	15
180	24
181	28
182	16
183	27
184	20
185	25
186	19
187	6
188	2
189	5
190	3
191	6
192	5
193	4
194	10
195	19
196	31
197	72
198	102
199	167
200	272
201	335
202	427
203	412
204	375
205	349
206	268
207	147
208	102
209	57
210	30
211	21
212	9
213	9
214	15
215	22
216	21
217	43
218	56
219	60
220	57
221	69
222	72
223	68
224	40
225	23
226	23
227	10
228	8
229	12
230	1
231	3
232	2
233	7
234	7
235	6
236	4
237	4
238	3
239	8
240	13
241	25
242	31
243	60
244	87
245	135
246	146
247	171
248	169
249	159
250	118
251	99
252	80
253	59
254	45
255	49
256	40
257	28
258	31
259	19
260	18
261	14
262	14
263	14
264	11
265	17
266	24
267	26
268	34
269	43
270	43
271	45
272	28
273	44
274	39
275	21
276	21
277	17
278	16
279	17
280	6
281	5
282	9
283	10
284	12
285	17
286	13
287	15
288	13
289	27
290	15
291	20
292	16
293	14
294	15
295	17
296	20
297	16
298	12
299	13
300	14
301	18
302	18
303	10
304	9
305	21
306	17
307	12
308	17
309	7
310	14
311	12
312	14
313	11
314	13
315	29
316	20
317	24
318	29
319	42
320	69
321	66
322	82
323	58
324	67
325	55
326	65
327	57
328	52
329	36
330	26
331	39
332	20
333	22
334	29
335	25
336	30
337	26
338	54
339	52
340	85
341	165
342	291
343	610
344	1034
345	1715
346	2648
347	3885
348	5064
349	6233
350	6878
351	7049
352	6723
353	5802
354	4768
355	3514
356	2417
357	1589
358	931
359	517
360	231
361	152
362	91
363	70
364	43
365	37
366	37
367	43
368	33
369	47
370	39
371	41
372	48
373	41
374	48
375	49
376	85
377	112
378	118
379	185
380	269
381	414
382	602
383	734
384	960
385	1109
386	1201
387	1196
388	1108
389	1006
390	828
391	617
392	426
393	288
394	184
395	132
396	65
397	47
398	27
399	27
400	30
401	26
402	37
403	34
404	28
405	35
406	39
407	35
408	43
409	46
410	42
411	42
412	35
413	38
414	34
415	21
416	38
417	42
418	22
419	28
420	33
421	41
422	24
423	38
424	35
425	30
426	36
427	42
428	35
429	44
430	44
431	26
432	46
433	46
434	47
435	54
436	54
437	48
438	73
439	69
440	57
441	74
442	76
443	70
444	71
445	72
446	65
447	72
448	72
449	70
450	75
451	52
452	61
453	58
454	72
455	78
456	81
457	79
458	82
459	96
460	93
461	95
462	88
463	63
464	72
465	67
466	63
467	59
468	65
469	60
470	51
471	69
472	74
473	91
474	55
475	60
476	61
477	60
478	55
479	58
480	51
481	61
482	57
483	54
484	57
485	65
486	60
487	52
488	56
489	58
490	51
491	58
492	61
493	58
494	58
495	56
496	58
497	58
498	49
499	58
500	78
501	75
502	74
503	75
504	75
505	98
506	84
507	86
508	73
509	77
510	91
511	80
512	84
513	76
514	100
515	77
516	92
517	92
518	74
519	96
520	88
521	84
522	86
523	90
524	99
525	80
526	92
527	113
528	107
529	96
530	90
531	99
532	94
533	94
534	99
535	93
536	96
537	77
538	75
539	89
540	78
541	87
542	88
543	75
544	100
545	84
546	88
547	69
548	103
549	82
550	80
551	69
552	83
553	87
554	89
555	80
556	79
557	83
558	88
559	73
560	96
561	85
562	87
563	85
564	69
565	83
566	57
567	72
568	85
569	87
570	77
571	81
572	88
573	73
574	84
575	72
576	82
577	94
578	89
579	92
580	97
581	85
582	97
583	90
584	101
585	99
586	91
587	101
588	98
589	82
590	101
591	80
592	93
593	105
594	88
595	88
596	100
597	98
598	99
599	102
600	94
601	100
602	94
603	100
604	92
605	93
606	93
607	88
608	97
609	106
610	112
611	84
612	94
613	88
614	96
615	93
616	127
617	103
618	106
619	98
620	105
621	92
622	110
623	95
624	112
625	108
626	107
627	121
628	102
629	107
630	111
631	114
632	95
633	99
634	111
635	79
636	98
637	112
638	109
639	111
640	110
641	102
642	110
643	103
644	115
645	118
646	96
647	110
648	130
649	112
650	112
651	127
652	110
653	117
654	100
655	112
656	112
657	96
658	104
659	90
660	108
661	126
662	76
663	97
664	98
665	118
666	107
667	108
668	93
669	111
670	100
671	113
672	103
673	127
674	136
675	110
676	104
677	121
678	105
679	112
680	109
681	116
682	124
683	128
684	115
685	134
686	106
687	108
688	115
689	103
690	116
691	136
692	130
693	141
694	139
695	118
696	138
697	123
698	108
699	124
700	134
701	134
702	138
703	105
704	132
705	122
706	114
707	134
708	121
709	116
710	122
711	116
712	113
713	130
714	129
715	132
716	125
717	113
718	104
719	140
720	141
721	132
722	128
723	127
724	127
725	135
726	143
727	139
728	157
729	150
730	143
731	130
732	121
733	154
734	144
735	132
736	143
737	131
738	151
739	141
740	133
741	148
742	139
743	132
744	128
745	136
746	130
747	151
748	145
749	139
750	129
751	135
752	142
753	136
754	134
755	143
756	146
757	149
758	142
759	128
760	140
761	161
762	160
763	157
764	179
765	204
766	248
767	253
768	303
769	297
770	292
771	317
772	336
773	363
774	386
775	320
776	327
777	302
778	246
779	250
780	239
781	191
782	183
783	159
784	157
785	159
786	145
787	135
788	149
789	145
790	143
791	163
792	144
793	138
794	132
795	135
796	119
797	110
798	145
799	139
800	120
801	153
802	116
803	126
804	157
805	118
806	137
807	149
808	165
809	135
810	132
811	134
812	113
813	151
814	155
815	129
816	163
817	145
818	161
819	142
820	149
821	148
822	147
823	153
824	132
825	147
826	141
827	138
828	159
829	119
830	159
831	178
832	167
833	144
834	168
835	155
836	141
837	167
838	169
839	161
840	158
841	152
842	147
843	149
844	144
845	165
846	148
847	163
848	155
849	164
850	161
851	179
852	162
853	156
854	173
855	177
856	191
857	189
858	208
859	203
860	221
861	201
862	233
863	254
864	208
865	218
866	225
867	230
868	242
869	216
870	244
871	227
872	233
873	219
874	246
875	250
876	237
877	252
878	268
879	275
880	254
881	299
882	307
883	314
884	316
885	323
886	384
887	375
888	402
889	445
890	420
891	494
892	521
893	532
894	478
895	517
896	545
897	560
898	543
899	543
900	575
901	595
902	555
903	557
904	577
905	565
906	520
907	510
908	512
909	476
910	486
911	429
912	424
913	395
914	367
915	330
916	360
917	337
918	282
919	308
920	281
921	271
922	254
923	234
924	222
925	226
926	228
927	202
928	200
929	185
930	189
931	199
932	188
933	153
934	184
935	181
936	148
937	186
938	186
939	168
940	162
941	179
942	200
943	218
944	208
945	258
946	272
947	313
948	355
949	358
950	388
951	421
952	394
953	450
954	446
955	426
956	422
957	371
958	374
959	352
960	276
961	256
962	228
963	205
964	185
965	185
966	153
967	133
968	139
969	149
970	132
971	138
972	126
973	129
974	140
975	143
976	120
977	145
978	139
979	129
980	136
981	125
982	114
983	128
984	155
985	129
986	133
987	136
988	156
989	149
990	157
991	184
992	173
993	123
994	164
995	160
996	167
997	179
998	180
999	202
1000	161
1001	176
1002	192
1003	187
1004	180
1005	191
1006	174
1007	164
1008	165
1009	164
1010	168
1011	195
1012	160
1013	165
1014	186
1015	165
1016	162
1017	166
1018	147
1019	139
1020	129
1021	152
1022	140
1023	130
1024	106
