Date:	09/05/2018		Time:	10:27		Version no:	0.00		Project name:	55		Sample name:	222		Section name:	section		Position	185.400024	mm	E0	0.000000	keV	E1	1.000000	keV/channel	sample surface	6.176436	cm	Tube anode:	Mo		Tube voltage:	30	kV	Tube current:	50	mA	gain	10		std. database			resultfile	result		matrix element	11		sample thickness	1.000000		air passage	0.560000	cm	comments	in position		peaking_time	2.200000	m-sec	trigger_threshold	547.363281	V	mca_bin_width	22.090000	no:	number_mca_channels	1024.000000	no:	gap_time	0.150000	m-sec	trigger_peaking_time	0.200000	m-sec	GAINDAC	18610		HIGHGAIN	1		TAURC	1		RCTAU	1		RCTAUFRAC	1		livetime	9.419806	seconds	runtime	10.000502	seconds	input_count_rate	23494.115420	cps	output_count_rate	19230.233873	cps	triggers	221310	seconds	events_in_run	192312	seconds	channel	content		1	0
2	0
3	0
4	0
5	0
6	0
7	0
8	0
9	0
10	0
11	0
12	0
13	0
14	0
15	0
16	0
17	0
18	0
19	0
20	0
21	0
22	0
23	0
24	0
25	0
26	0
27	0
28	0
29	0
30	0
31	19
32	14
33	16
34	12
35	16
36	19
37	18
38	18
39	14
40	20
41	17
42	19
43	15
44	13
45	15
46	10
47	13
48	7
49	18
50	17
51	15
52	15
53	15
54	14
55	13
56	8
57	14
58	9
59	21
60	13
61	12
62	11
63	14
64	10
65	13
66	13
67	13
68	8
69	9
70	7
71	4
72	12
73	14
74	13
75	9
76	10
77	10
78	11
79	7
80	14
81	16
82	17
83	14
84	10
85	9
86	6
87	12
88	6
89	4
90	6
91	7
92	11
93	15
94	16
95	13
96	24
97	9
98	17
99	10
100	15
101	8
102	9
103	4
104	7
105	11
106	9
107	14
108	7
109	9
110	6
111	3
112	5
113	9
114	6
115	5
116	5
117	2
118	7
119	6
120	7
121	7
122	5
123	2
124	4
125	4
126	8
127	4
128	5
129	5
130	3
131	3
132	4
133	4
134	2
135	4
136	3
137	5
138	4
139	4
140	3
141	3
142	4
143	2
144	5
145	1
146	3
147	5
148	8
149	5
150	1
151	10
152	6
153	12
154	2
155	5
156	3
157	5
158	15
159	7
160	14
161	23
162	26
163	37
164	22
165	25
166	20
167	17
168	10
169	7
170	7
171	5
172	4
173	6
174	13
175	11
176	6
177	7
178	11
179	16
180	19
181	17
182	19
183	25
184	26
185	13
186	16
187	7
188	5
189	3
190	2
191	0
192	3
193	9
194	4
195	15
196	23
197	33
198	72
199	132
200	199
201	241
202	289
203	284
204	311
205	267
206	145
207	111
208	70
209	43
210	17
211	13
212	5
213	7
214	5
215	10
216	16
217	34
218	38
219	46
220	52
221	59
222	38
223	41
224	24
225	13
226	14
227	9
228	10
229	8
230	9
231	5
232	7
233	5
234	8
235	7
236	10
237	6
238	4
239	11
240	12
241	25
242	31
243	64
244	83
245	109
246	149
247	173
248	166
249	173
250	133
251	92
252	73
253	59
254	37
255	35
256	33
257	22
258	19
259	19
260	14
261	17
262	11
263	13
264	13
265	9
266	17
267	25
268	36
269	30
270	38
271	43
272	36
273	35
274	36
275	30
276	24
277	7
278	13
279	19
280	6
281	7
282	9
283	10
284	5
285	10
286	10
287	14
288	13
289	10
290	21
291	13
292	16
293	14
294	9
295	11
296	14
297	15
298	21
299	22
300	18
301	8
302	12
303	12
304	11
305	15
306	14
307	8
308	10
309	10
310	15
311	16
312	14
313	13
314	10
315	19
316	26
317	31
318	47
319	53
320	72
321	99
322	127
323	109
324	123
325	108
326	80
327	63
328	60
329	43
330	33
331	30
332	26
333	26
334	28
335	26
336	30
337	25
338	41
339	61
340	89
341	177
342	319
343	563
344	1001
345	1557
346	2595
347	3589
348	4697
349	5736
350	6492
351	6467
352	6277
353	5238
354	4275
355	3196
356	2179
357	1366
358	858
359	439
360	223
361	126
362	75
363	50
364	41
365	36
366	32
367	44
368	42
369	41
370	39
371	35
372	41
373	54
374	54
375	65
376	65
377	110
378	136
379	185
380	229
381	399
382	524
383	678
384	886
385	987
386	1099
387	1110
388	1022
389	871
390	755
391	528
392	414
393	248
394	165
395	84
396	72
397	43
398	32
399	36
400	34
401	24
402	22
403	31
404	40
405	32
406	34
407	41
408	39
409	38
410	51
411	44
412	29
413	33
414	30
415	28
416	33
417	38
418	30
419	26
420	36
421	25
422	24
423	38
424	36
425	42
426	35
427	26
428	37
429	43
430	38
431	36
432	39
433	37
434	44
435	51
436	54
437	42
438	55
439	65
440	68
441	71
442	73
443	68
444	60
445	77
446	53
447	45
448	57
449	65
450	58
451	70
452	62
453	60
454	74
455	64
456	77
457	84
458	89
459	80
460	102
461	72
462	87
463	68
464	66
465	67
466	71
467	72
468	67
469	48
470	58
471	63
472	62
473	61
474	62
475	68
476	63
477	46
478	54
479	40
480	60
481	69
482	42
483	75
484	52
485	69
486	49
487	50
488	67
489	66
490	60
491	60
492	63
493	58
494	56
495	56
496	46
497	69
498	73
499	65
500	61
501	74
502	77
503	48
504	62
505	71
506	65
507	89
508	76
509	100
510	81
511	75
512	90
513	93
514	87
515	80
516	96
517	79
518	85
519	99
520	85
521	76
522	85
523	79
524	89
525	85
526	102
527	122
528	102
529	105
530	106
531	100
532	105
533	83
534	105
535	92
536	93
537	78
538	81
539	88
540	70
541	82
542	85
543	81
544	89
545	90
546	72
547	79
548	88
549	93
550	85
551	71
552	82
553	80
554	83
555	72
556	80
557	78
558	80
559	77
560	82
561	74
562	92
563	91
564	80
565	86
566	88
567	90
568	79
569	80
570	84
571	100
572	94
573	80
574	68
575	93
576	100
577	90
578	73
579	93
580	76
581	84
582	97
583	84
584	84
585	103
586	103
587	91
588	103
589	102
590	110
591	106
592	90
593	96
594	93
595	80
596	103
597	93
598	108
599	91
600	92
601	95
602	86
603	103
604	84
605	90
606	108
607	109
608	90
609	116
610	96
611	91
612	104
613	94
614	112
615	98
616	95
617	132
618	113
619	113
620	124
621	116
622	130
623	112
624	130
625	113
626	112
627	123
628	102
629	101
630	102
631	104
632	95
633	123
634	96
635	112
636	118
637	120
638	113
639	112
640	121
641	102
642	105
643	124
644	116
645	114
646	116
647	107
648	116
649	114
650	100
651	125
652	115
653	104
654	138
655	147
656	119
657	128
658	132
659	102
660	108
661	130
662	134
663	130
664	108
665	114
666	107
667	125
668	118
669	127
670	137
671	107
672	101
673	115
674	125
675	93
676	117
677	109
678	119
679	121
680	135
681	108
682	118
683	111
684	107
685	116
686	137
687	115
688	121
689	130
690	131
691	115
692	117
693	123
694	121
695	128
696	126
697	128
698	147
699	151
700	130
701	133
702	127
703	141
704	152
705	133
706	144
707	147
708	143
709	135
710	121
711	121
712	127
713	155
714	112
715	123
716	124
717	146
718	140
719	138
720	132
721	145
722	135
723	148
724	132
725	148
726	143
727	151
728	144
729	116
730	136
731	146
732	134
733	135
734	138
735	150
736	132
737	129
738	147
739	132
740	144
741	161
742	126
743	155
744	163
745	148
746	137
747	122
748	135
749	135
750	143
751	167
752	143
753	139
754	133
755	136
756	136
757	152
758	149
759	145
760	157
761	167
762	176
763	177
764	177
765	199
766	202
767	224
768	248
769	263
770	300
771	286
772	320
773	282
774	287
775	294
776	277
777	270
778	259
779	232
780	222
781	213
782	192
783	155
784	157
785	154
786	162
787	150
788	160
789	158
790	150
791	163
792	159
793	141
794	156
795	134
796	153
797	159
798	153
799	158
800	149
801	146
802	140
803	152
804	168
805	145
806	137
807	170
808	139
809	157
810	173
811	163
812	155
813	150
814	145
815	154
816	182
817	160
818	167
819	163
820	174
821	166
822	171
823	155
824	185
825	147
826	172
827	177
828	146
829	155
830	176
831	162
832	166
833	160
834	171
835	151
836	154
837	172
838	159
839	159
840	169
841	151
842	152
843	174
844	163
845	173
846	164
847	184
848	169
849	171
850	154
851	197
852	197
853	186
854	175
855	191
856	183
857	226
858	217
859	222
860	237
861	227
862	230
863	230
864	210
865	226
866	214
867	228
868	248
869	235
870	229
871	232
872	244
873	242
874	252
875	267
876	279
877	270
878	269
879	286
880	316
881	329
882	335
883	347
884	360
885	412
886	416
887	442
888	422
889	456
890	438
891	486
892	598
893	558
894	574
895	580
896	582
897	572
898	598
899	605
900	672
901	674
902	621
903	633
904	595
905	563
906	563
907	591
908	561
909	569
910	519
911	494
912	456
913	438
914	401
915	419
916	387
917	389
918	359
919	362
920	311
921	302
922	292
923	284
924	234
925	219
926	238
927	244
928	208
929	211
930	178
931	218
932	174
933	184
934	180
935	184
936	187
937	182
938	196
939	173
940	198
941	203
942	203
943	241
944	257
945	306
946	316
947	304
948	366
949	370
950	434
951	419
952	418
953	456
954	481
955	459
956	428
957	414
958	358
959	383
960	327
961	275
962	235
963	218
964	230
965	208
966	159
967	167
968	155
969	142
970	127
971	149
972	148
973	154
974	131
975	139
976	155
977	145
978	152
979	131
980	149
981	152
982	133
983	142
984	157
985	154
986	180
987	162
988	135
989	171
990	176
991	187
992	206
993	168
994	185
995	188
996	206
997	194
998	193
999	199
1000	196
1001	178
1002	187
1003	212
1004	211
1005	198
1006	198
1007	207
1008	178
1009	207
1010	176
1011	178
1012	181
1013	188
1014	172
1015	163
1016	163
1017	143
1018	171
1019	169
1020	124
1021	151
1022	139
1023	138
1024	123
