Date:	09/05/2018		Time:	12:23		Version no:	0.00		Project name:	55		Sample name:	222		Section name:	section		Position	306.800018	mm	E0	0.000000	keV	E1	1.000000	keV/channel	sample surface	6.065676	cm	Tube anode:	Mo		Tube voltage:	30	kV	Tube current:	50	mA	gain	10		std. database			resultfile	result		matrix element	11		sample thickness	1.000000		air passage	0.560000	cm	comments	in position		peaking_time	2.200000	m-sec	trigger_threshold	547.363281	V	mca_bin_width	22.090000	no:	number_mca_channels	1024.000000	no:	gap_time	0.150000	m-sec	trigger_peaking_time	0.200000	m-sec	GAINDAC	18610		HIGHGAIN	1		TAURC	1		RCTAU	1		RCTAUFRAC	1		livetime	9.447010	seconds	runtime	10.000492	seconds	input_count_rate	23716.182103	cps	output_count_rate	19510.740072	cps	triggers	224047	seconds	events_in_run	195117	seconds	channel	content		1	0
2	0
3	0
4	0
5	0
6	0
7	0
8	0
9	0
10	0
11	0
12	0
13	0
14	0
15	0
16	0
17	0
18	0
19	0
20	0
21	0
22	0
23	0
24	0
25	0
26	0
27	0
28	0
29	0
30	0
31	21
32	14
33	18
34	16
35	9
36	14
37	22
38	16
39	12
40	19
41	13
42	14
43	20
44	11
45	10
46	14
47	14
48	18
49	8
50	15
51	16
52	13
53	9
54	14
55	15
56	12
57	12
58	7
59	13
60	14
61	8
62	7
63	9
64	5
65	14
66	8
67	11
68	4
69	9
70	8
71	9
72	11
73	8
74	4
75	9
76	5
77	5
78	9
79	7
80	7
81	10
82	6
83	13
84	13
85	6
86	10
87	5
88	4
89	8
90	4
91	3
92	9
93	11
94	16
95	16
96	16
97	20
98	12
99	13
100	8
101	7
102	8
103	7
104	7
105	5
106	4
107	10
108	8
109	13
110	7
111	3
112	5
113	8
114	5
115	13
116	7
117	5
118	3
119	3
120	10
121	2
122	1
123	4
124	8
125	5
126	6
127	2
128	5
129	6
130	6
131	2
132	4
133	6
134	6
135	2
136	3
137	4
138	6
139	3
140	0
141	1
142	1
143	3
144	7
145	3
146	3
147	5
148	5
149	3
150	5
151	6
152	2
153	6
154	3
155	9
156	8
157	5
158	11
159	13
160	18
161	31
162	28
163	41
164	24
165	26
166	22
167	13
168	2
169	5
170	4
171	5
172	3
173	6
174	5
175	8
176	8
177	6
178	11
179	12
180	21
181	15
182	24
183	18
184	19
185	14
186	10
187	3
188	3
189	7
190	1
191	5
192	7
193	3
194	4
195	15
196	30
197	50
198	76
199	110
200	186
201	232
202	334
203	277
204	304
205	268
206	169
207	114
208	76
209	46
210	28
211	21
212	8
213	7
214	16
215	17
216	22
217	38
218	44
219	46
220	57
221	42
222	53
223	34
224	25
225	22
226	18
227	14
228	4
229	7
230	9
231	4
232	4
233	4
234	3
235	4
236	2
237	9
238	9
239	12
240	16
241	22
242	43
243	68
244	108
245	135
246	149
247	225
248	212
249	182
250	146
251	147
252	75
253	88
254	50
255	40
256	33
257	35
258	29
259	33
260	16
261	14
262	6
263	11
264	17
265	22
266	22
267	34
268	37
269	45
270	47
271	53
272	37
273	55
274	40
275	42
276	21
277	15
278	12
279	12
280	10
281	10
282	8
283	9
284	6
285	10
286	9
287	8
288	15
289	20
290	13
291	9
292	15
293	18
294	15
295	21
296	18
297	15
298	13
299	17
300	10
301	23
302	13
303	11
304	11
305	19
306	9
307	11
308	12
309	15
310	15
311	11
312	18
313	11
314	16
315	19
316	32
317	40
318	66
319	102
320	122
321	127
322	177
323	170
324	165
325	162
326	132
327	111
328	79
329	62
330	42
331	45
332	27
333	25
334	29
335	31
336	31
337	33
338	43
339	72
340	103
341	202
342	408
343	663
344	1213
345	2022
346	3191
347	4481
348	5939
349	7085
350	7724
351	8227
352	7772
353	6889
354	5396
355	4056
356	2910
357	1834
358	1100
359	608
360	305
361	173
362	100
363	64
364	39
365	39
366	38
367	37
368	33
369	32
370	39
371	39
372	30
373	51
374	54
375	62
376	78
377	104
378	155
379	229
380	295
381	466
382	682
383	817
384	1145
385	1241
386	1411
387	1415
388	1275
389	1104
390	870
391	716
392	533
393	330
394	196
395	131
396	69
397	46
398	43
399	29
400	26
401	30
402	17
403	25
404	24
405	25
406	33
407	34
408	40
409	29
410	32
411	29
412	32
413	30
414	40
415	33
416	32
417	31
418	27
419	20
420	27
421	41
422	24
423	41
424	27
425	33
426	28
427	31
428	24
429	20
430	39
431	38
432	40
433	43
434	34
435	38
436	53
437	50
438	57
439	61
440	55
441	66
442	53
443	74
444	51
445	61
446	60
447	63
448	60
449	41
450	50
451	65
452	59
453	60
454	47
455	56
456	51
457	65
458	71
459	58
460	65
461	71
462	58
463	60
464	50
465	50
466	59
467	54
468	53
469	35
470	56
471	72
472	50
473	55
474	46
475	53
476	53
477	43
478	47
479	48
480	43
481	54
482	51
483	52
484	53
485	50
486	60
487	53
488	57
489	62
490	44
491	57
492	57
493	51
494	44
495	56
496	49
497	66
498	49
499	64
500	56
501	52
502	52
503	75
504	58
505	58
506	73
507	76
508	62
509	66
510	71
511	66
512	71
513	53
514	81
515	47
516	88
517	66
518	65
519	66
520	79
521	95
522	80
523	69
524	76
525	70
526	95
527	82
528	85
529	82
530	102
531	81
532	80
533	79
534	73
535	74
536	83
537	61
538	86
539	71
540	65
541	78
542	81
543	72
544	81
545	79
546	72
547	71
548	81
549	72
550	74
551	73
552	65
553	86
554	61
555	71
556	44
557	52
558	64
559	61
560	69
561	71
562	73
563	70
564	57
565	76
566	68
567	74
568	73
569	71
570	67
571	58
572	60
573	62
574	79
575	76
576	76
577	64
578	75
579	68
580	83
581	70
582	67
583	90
584	81
585	96
586	88
587	87
588	84
589	82
590	88
591	76
592	79
593	73
594	96
595	82
596	97
597	79
598	91
599	76
600	90
601	74
602	90
603	93
604	106
605	82
606	102
607	97
608	80
609	87
610	86
611	78
612	99
613	92
614	99
615	108
616	83
617	88
618	101
619	90
620	84
621	106
622	93
623	100
624	105
625	110
626	98
627	98
628	81
629	84
630	103
631	85
632	96
633	81
634	105
635	95
636	112
637	93
638	106
639	102
640	84
641	89
642	87
643	105
644	101
645	83
646	99
647	95
648	91
649	96
650	94
651	107
652	98
653	89
654	104
655	110
656	98
657	91
658	119
659	100
660	96
661	105
662	86
663	95
664	97
665	113
666	86
667	85
668	97
669	100
670	106
671	125
672	95
673	102
674	115
675	109
676	105
677	95
678	110
679	107
680	98
681	114
682	114
683	132
684	110
685	113
686	116
687	117
688	100
689	101
690	98
691	91
692	118
693	115
694	119
695	91
696	108
697	114
698	118
699	107
700	118
701	140
702	120
703	121
704	130
705	110
706	111
707	101
708	125
709	130
710	108
711	121
712	121
713	135
714	102
715	120
716	101
717	113
718	108
719	99
720	114
721	125
722	113
723	109
724	118
725	105
726	113
727	138
728	110
729	138
730	123
731	101
732	112
733	114
734	131
735	116
736	130
737	121
738	139
739	112
740	129
741	141
742	140
743	132
744	145
745	119
746	116
747	132
748	130
749	131
750	109
751	110
752	128
753	112
754	123
755	127
756	118
757	129
758	134
759	148
760	113
761	135
762	127
763	136
764	145
765	156
766	158
767	213
768	204
769	214
770	248
771	255
772	253
773	258
774	258
775	284
776	256
777	215
778	234
779	224
780	170
781	181
782	152
783	177
784	134
785	142
786	136
787	118
788	137
789	115
790	116
791	132
792	124
793	120
794	143
795	137
796	134
797	113
798	122
799	128
800	125
801	146
802	154
803	126
804	123
805	140
806	112
807	135
808	129
809	139
810	143
811	131
812	131
813	123
814	146
815	162
816	165
817	123
818	156
819	144
820	144
821	150
822	125
823	122
824	148
825	145
826	149
827	124
828	164
829	132
830	137
831	158
832	139
833	124
834	146
835	119
836	145
837	138
838	145
839	144
840	141
841	138
842	142
843	133
844	128
845	157
846	136
847	157
848	175
849	128
850	145
851	160
852	151
853	162
854	184
855	175
856	150
857	183
858	186
859	183
860	200
861	194
862	183
863	228
864	199
865	217
866	219
867	189
868	212
869	217
870	201
871	210
872	240
873	193
874	204
875	242
876	226
877	238
878	235
879	293
880	243
881	259
882	288
883	295
884	314
885	309
886	366
887	365
888	365
889	398
890	419
891	428
892	495
893	475
894	476
895	466
896	488
897	532
898	550
899	561
900	538
901	548
902	494
903	499
904	499
905	540
906	531
907	484
908	462
909	422
910	443
911	396
912	385
913	370
914	375
915	332
916	294
917	315
918	291
919	296
920	239
921	230
922	232
923	218
924	239
925	200
926	177
927	189
928	170
929	198
930	190
931	185
932	161
933	161
934	170
935	132
936	154
937	152
938	147
939	198
940	173
941	170
942	181
943	190
944	209
945	243
946	255
947	284
948	313
949	358
950	347
951	420
952	408
953	431
954	375
955	397
956	379
957	397
958	331
959	295
960	300
961	222
962	212
963	206
964	162
965	169
966	146
967	143
968	140
969	134
970	128
971	125
972	117
973	144
974	132
975	133
976	113
977	154
978	109
979	114
980	131
981	137
982	109
983	128
984	122
985	127
986	130
987	138
988	152
989	147
990	147
991	146
992	143
993	148
994	169
995	178
996	164
997	150
998	165
999	165
1000	185
1001	171
1002	176
1003	172
1004	146
1005	157
1006	185
1007	161
1008	162
1009	185
1010	165
1011	169
1012	170
1013	167
1014	147
1015	157
1016	152
1017	131
1018	125
1019	134
1020	122
1021	126
1022	111
1023	118
1024	98
