Date:	09/05/2018		Time:	11:29		Version no:	0.00		Project name:	55		Sample name:	222		Section name:	section		Position	250.400024	mm	E0	0.000000	keV	E1	1.000000	keV/channel	sample surface	6.221801	cm	Tube anode:	Mo		Tube voltage:	30	kV	Tube current:	50	mA	gain	10		std. database			resultfile	result		matrix element	11		sample thickness	1.000000		air passage	0.560000	cm	comments	in position		peaking_time	2.200000	m-sec	trigger_threshold	547.363281	V	mca_bin_width	22.090000	no:	number_mca_channels	1024.000000	no:	gap_time	0.150000	m-sec	trigger_peaking_time	0.200000	m-sec	GAINDAC	18610		HIGHGAIN	1		TAURC	1		RCTAU	1		RCTAUFRAC	1		livetime	9.469214	seconds	runtime	10.000490	seconds	input_count_rate	22470.607488	cps	output_count_rate	18615.587092	cps	triggers	212779	seconds	events_in_run	186165	seconds	channel	content		1	0
2	0
3	0
4	0
5	0
6	0
7	0
8	0
9	0
10	0
11	0
12	0
13	0
14	0
15	0
16	0
17	0
18	0
19	0
20	0
21	0
22	0
23	0
24	0
25	0
26	0
27	0
28	0
29	0
30	0
31	13
32	18
33	16
34	14
35	7
36	16
37	14
38	17
39	15
40	13
41	17
42	19
43	10
44	4
45	17
46	11
47	14
48	13
49	15
50	8
51	13
52	11
53	11
54	7
55	10
56	13
57	6
58	10
59	11
60	8
61	5
62	6
63	10
64	9
65	5
66	14
67	11
68	14
69	14
70	7
71	5
72	6
73	5
74	13
75	7
76	12
77	6
78	6
79	7
80	12
81	13
82	9
83	9
84	15
85	7
86	6
87	6
88	11
89	4
90	7
91	5
92	8
93	13
94	13
95	14
96	20
97	21
98	13
99	6
100	8
101	9
102	7
103	8
104	9
105	9
106	13
107	5
108	14
109	8
110	9
111	5
112	5
113	6
114	8
115	5
116	6
117	4
118	2
119	6
120	3
121	3
122	4
123	8
124	5
125	4
126	6
127	5
128	1
129	4
130	4
131	1
132	4
133	3
134	4
135	5
136	1
137	2
138	1
139	0
140	5
141	1
142	4
143	5
144	2
145	3
146	4
147	1
148	4
149	3
150	7
151	4
152	12
153	5
154	6
155	6
156	12
157	9
158	12
159	12
160	23
161	20
162	25
163	33
164	18
165	27
166	25
167	18
168	15
169	6
170	4
171	7
172	6
173	8
174	8
175	5
176	6
177	8
178	13
179	19
180	20
181	18
182	22
183	19
184	20
185	21
186	8
187	9
188	5
189	9
190	4
191	4
192	8
193	4
194	6
195	17
196	28
197	51
198	111
199	136
200	218
201	267
202	337
203	376
204	344
205	278
206	195
207	126
208	88
209	41
210	24
211	14
212	9
213	7
214	9
215	10
216	21
217	37
218	37
219	43
220	53
221	59
222	42
223	50
224	29
225	21
226	26
227	7
228	9
229	6
230	3
231	1
232	2
233	8
234	1
235	4
236	3
237	3
238	9
239	11
240	14
241	35
242	54
243	88
244	96
245	159
246	194
247	232
248	225
249	215
250	179
251	122
252	99
253	72
254	47
255	46
256	41
257	25
258	31
259	25
260	11
261	15
262	9
263	16
264	14
265	19
266	26
267	26
268	35
269	53
270	52
271	48
272	52
273	42
274	34
275	32
276	18
277	16
278	20
279	16
280	8
281	6
282	4
283	11
284	14
285	10
286	8
287	11
288	14
289	16
290	18
291	16
292	13
293	10
294	16
295	15
296	22
297	24
298	22
299	17
300	10
301	14
302	14
303	11
304	14
305	16
306	18
307	10
308	8
309	6
310	13
311	10
312	9
313	9
314	14
315	18
316	15
317	23
318	30
319	34
320	53
321	62
322	66
323	70
324	78
325	69
326	60
327	43
328	30
329	33
330	24
331	24
332	23
333	26
334	25
335	28
336	29
337	40
338	42
339	55
340	92
341	173
342	353
343	660
344	1090
345	1817
346	2831
347	4121
348	5217
349	6485
350	7097
351	7315
352	6823
353	6058
354	4884
355	3546
356	2476
357	1553
358	938
359	539
360	276
361	153
362	91
363	53
364	51
365	42
366	50
367	51
368	43
369	38
370	40
371	34
372	43
373	43
374	66
375	59
376	71
377	89
378	130
379	202
380	269
381	430
382	591
383	789
384	981
385	1129
386	1177
387	1202
388	1155
389	996
390	759
391	612
392	417
393	243
394	175
395	88
396	90
397	41
398	31
399	22
400	27
401	33
402	21
403	36
404	30
405	35
406	38
407	27
408	42
409	35
410	40
411	27
412	28
413	24
414	31
415	34
416	33
417	30
418	31
419	22
420	29
421	33
422	20
423	35
424	30
425	32
426	34
427	35
428	37
429	31
430	49
431	32
432	39
433	43
434	41
435	47
436	64
437	54
438	67
439	68
440	64
441	60
442	76
443	67
444	76
445	51
446	46
447	55
448	65
449	55
450	64
451	56
452	58
453	50
454	62
455	58
456	97
457	83
458	69
459	70
460	83
461	82
462	65
463	64
464	70
465	74
466	59
467	56
468	50
469	60
470	71
471	64
472	67
473	68
474	66
475	62
476	55
477	56
478	59
479	44
480	61
481	53
482	63
483	48
484	53
485	56
486	68
487	50
488	60
489	55
490	52
491	64
492	55
493	63
494	59
495	56
496	60
497	68
498	59
499	56
500	63
501	64
502	55
503	74
504	71
505	78
506	67
507	71
508	75
509	81
510	70
511	73
512	68
513	94
514	91
515	78
516	78
517	79
518	71
519	71
520	84
521	70
522	74
523	78
524	84
525	96
526	87
527	106
528	87
529	95
530	90
531	78
532	68
533	85
534	101
535	73
536	85
537	61
538	71
539	85
540	66
541	67
542	76
543	68
544	75
545	80
546	72
547	76
548	79
549	73
550	85
551	81
552	91
553	73
554	82
555	69
556	74
557	75
558	76
559	76
560	68
561	59
562	85
563	72
564	75
565	79
566	75
567	62
568	68
569	83
570	66
571	62
572	81
573	74
574	83
575	72
576	79
577	65
578	71
579	97
580	86
581	86
582	87
583	81
584	88
585	73
586	78
587	89
588	88
589	83
590	86
591	86
592	87
593	98
594	90
595	75
596	80
597	103
598	87
599	91
600	96
601	106
602	84
603	107
604	87
605	89
606	92
607	83
608	105
609	89
610	102
611	79
612	108
613	105
614	105
615	92
616	89
617	86
618	107
619	79
620	119
621	95
622	98
623	94
624	107
625	82
626	87
627	87
628	98
629	103
630	106
631	102
632	74
633	96
634	79
635	93
636	88
637	113
638	80
639	110
640	101
641	94
642	104
643	86
644	117
645	108
646	108
647	88
648	102
649	110
650	116
651	115
652	94
653	110
654	113
655	93
656	102
657	102
658	99
659	97
660	100
661	123
662	119
663	107
664	105
665	104
666	112
667	107
668	103
669	103
670	110
671	115
672	107
673	95
674	93
675	106
676	117
677	105
678	108
679	132
680	120
681	117
682	108
683	120
684	127
685	111
686	127
687	124
688	138
689	121
690	111
691	96
692	112
693	123
694	123
695	102
696	129
697	134
698	131
699	128
700	98
701	121
702	118
703	120
704	140
705	138
706	122
707	106
708	122
709	118
710	128
711	128
712	114
713	114
714	138
715	103
716	118
717	132
718	111
719	146
720	123
721	99
722	112
723	124
724	132
725	122
726	129
727	119
728	132
729	130
730	118
731	122
732	130
733	129
734	129
735	122
736	120
737	133
738	132
739	124
740	135
741	131
742	109
743	126
744	141
745	132
746	120
747	111
748	110
749	120
750	116
751	132
752	122
753	133
754	103
755	145
756	139
757	137
758	140
759	168
760	126
761	126
762	139
763	165
764	177
765	166
766	171
767	185
768	203
769	216
770	291
771	278
772	301
773	287
774	309
775	320
776	255
777	246
778	228
779	222
780	200
781	186
782	158
783	141
784	133
785	141
786	155
787	140
788	115
789	123
790	117
791	140
792	139
793	142
794	130
795	113
796	129
797	120
798	123
799	125
800	130
801	120
802	114
803	140
804	127
805	122
806	117
807	137
808	133
809	124
810	141
811	147
812	135
813	149
814	141
815	132
816	153
817	149
818	151
819	136
820	123
821	123
822	139
823	153
824	112
825	133
826	144
827	145
828	151
829	147
830	125
831	127
832	133
833	124
834	140
835	135
836	118
837	145
838	155
839	146
840	141
841	126
842	140
843	166
844	156
845	149
846	133
847	138
848	160
849	155
850	163
851	157
852	153
853	159
854	173
855	171
856	175
857	156
858	186
859	182
860	210
861	183
862	211
863	198
864	205
865	231
866	202
867	225
868	236
869	194
870	203
871	204
872	221
873	212
874	218
875	207
876	216
877	220
878	244
879	227
880	226
881	279
882	274
883	283
884	298
885	276
886	367
887	344
888	354
889	411
890	423
891	416
892	448
893	449
894	506
895	495
896	518
897	497
898	515
899	556
900	527
901	519
902	524
903	502
904	478
905	477
906	465
907	466
908	402
909	433
910	429
911	379
912	385
913	402
914	325
915	350
916	292
917	298
918	291
919	260
920	247
921	276
922	240
923	216
924	205
925	226
926	185
927	171
928	171
929	195
930	179
931	176
932	157
933	135
934	159
935	167
936	150
937	160
938	159
939	143
940	167
941	203
942	185
943	167
944	189
945	250
946	257
947	269
948	283
949	343
950	380
951	381
952	405
953	381
954	395
955	415
956	380
957	392
958	325
959	308
960	265
961	262
962	207
963	206
964	141
965	138
966	132
967	157
968	145
969	129
970	134
971	112
972	123
973	131
974	125
975	135
976	134
977	118
978	119
979	125
980	123
981	135
982	121
983	132
984	122
985	125
986	138
987	147
988	144
989	156
990	144
991	130
992	155
993	156
994	160
995	147
996	152
997	180
998	146
999	156
1000	180
1001	172
1002	190
1003	186
1004	188
1005	160
1006	157
1007	179
1008	165
1009	176
1010	158
1011	164
1012	163
1013	157
1014	120
1015	153
1016	133
1017	149
1018	133
1019	121
1020	104
1021	121
1022	114
1023	125
1024	115
