Date:	09/05/2018		Time:	09:42		Version no:	0.00		Project name:	55		Sample name:	222		Section name:	section		Position	137.600037	mm	E0	0.000000	keV	E1	1.000000	keV/channel	sample surface	6.448691	cm	Tube anode:	Mo		Tube voltage:	30	kV	Tube current:	50	mA	gain	10		std. database			resultfile	result		matrix element	11		sample thickness	1.000000		air passage	0.560000	cm	comments	in position		peaking_time	2.200000	m-sec	trigger_threshold	547.363281	V	mca_bin_width	22.090000	no:	number_mca_channels	1024.000000	no:	gap_time	0.150000	m-sec	trigger_peaking_time	0.200000	m-sec	GAINDAC	18610		HIGHGAIN	1		TAURC	1		RCTAU	1		RCTAUFRAC	1		livetime	9.410319	seconds	runtime	10.000493	seconds	input_count_rate	25795.511804	cps	output_count_rate	20888.270626	cps	triggers	242744	seconds	events_in_run	208893	seconds	channel	content		1	0
2	0
3	0
4	0
5	0
6	0
7	0
8	0
9	0
10	0
11	0
12	0
13	0
14	0
15	0
16	0
17	0
18	0
19	0
20	0
21	0
22	0
23	0
24	0
25	0
26	0
27	0
28	0
29	0
30	0
31	10
32	16
33	19
34	13
35	16
36	7
37	15
38	11
39	12
40	9
41	12
42	15
43	13
44	10
45	10
46	8
47	15
48	9
49	11
50	11
51	10
52	13
53	16
54	9
55	17
56	11
57	10
58	6
59	9
60	12
61	9
62	9
63	7
64	9
65	16
66	3
67	7
68	10
69	13
70	5
71	4
72	15
73	9
74	6
75	10
76	4
77	7
78	4
79	10
80	11
81	10
82	8
83	13
84	13
85	11
86	5
87	10
88	7
89	5
90	7
91	5
92	10
93	11
94	17
95	21
96	20
97	13
98	20
99	10
100	11
101	8
102	6
103	10
104	9
105	11
106	4
107	10
108	13
109	13
110	7
111	9
112	8
113	3
114	4
115	6
116	6
117	6
118	4
119	3
120	2
121	6
122	9
123	7
124	7
125	6
126	6
127	5
128	9
129	1
130	6
131	3
132	3
133	3
134	4
135	0
136	5
137	7
138	6
139	4
140	0
141	10
142	2
143	4
144	6
145	3
146	5
147	3
148	0
149	3
150	9
151	1
152	4
153	10
154	8
155	6
156	3
157	7
158	11
159	8
160	15
161	18
162	34
163	30
164	21
165	30
166	15
167	8
168	4
169	3
170	3
171	5
172	11
173	2
174	8
175	9
176	15
177	9
178	8
179	10
180	17
181	23
182	20
183	24
184	25
185	19
186	15
187	11
188	3
189	4
190	2
191	7
192	5
193	7
194	11
195	12
196	22
197	53
198	109
199	190
200	244
201	349
202	380
203	382
204	369
205	290
206	208
207	132
208	103
209	45
210	28
211	16
212	12
213	10
214	16
215	15
216	27
217	41
218	62
219	77
220	65
221	61
222	55
223	48
224	40
225	32
226	23
227	16
228	7
229	3
230	4
231	2
232	7
233	3
234	8
235	8
236	5
237	8
238	9
239	11
240	20
241	38
242	56
243	83
244	102
245	171
246	178
247	203
248	190
249	197
250	169
251	109
252	94
253	70
254	60
255	44
256	40
257	39
258	37
259	29
260	11
261	24
262	16
263	12
264	16
265	26
266	27
267	37
268	47
269	52
270	67
271	70
272	60
273	39
274	41
275	31
276	28
277	13
278	9
279	12
280	15
281	6
282	21
283	12
284	7
285	16
286	13
287	10
288	16
289	17
290	17
291	16
292	19
293	22
294	20
295	17
296	24
297	20
298	23
299	16
300	30
301	16
302	19
303	12
304	11
305	17
306	7
307	15
308	16
309	11
310	19
311	22
312	11
313	18
314	31
315	33
316	47
317	87
318	138
319	210
320	272
321	324
322	422
323	428
324	418
325	365
326	306
327	252
328	163
329	122
330	91
331	71
332	39
333	24
334	35
335	39
336	32
337	45
338	57
339	67
340	140
341	239
342	468
343	837
344	1429
345	2424
346	3627
347	5049
348	6542
349	8030
350	8885
351	9005
352	8250
353	7420
354	5926
355	4404
356	2921
357	1919
358	1083
359	609
360	295
361	180
362	88
363	69
364	57
365	47
366	45
367	42
368	38
369	42
370	50
371	60
372	36
373	61
374	63
375	76
376	85
377	104
378	162
379	212
380	362
381	540
382	717
383	925
384	1183
385	1426
386	1500
387	1455
388	1288
389	1267
390	1007
391	734
392	517
393	314
394	213
395	147
396	64
397	55
398	34
399	29
400	19
401	30
402	28
403	24
404	33
405	21
406	28
407	27
408	41
409	37
410	32
411	20
412	34
413	32
414	42
415	26
416	25
417	26
418	27
419	37
420	38
421	29
422	33
423	37
424	31
425	27
426	36
427	36
428	34
429	30
430	32
431	36
432	30
433	34
434	35
435	52
436	43
437	54
438	59
439	68
440	71
441	58
442	52
443	73
444	70
445	74
446	79
447	65
448	56
449	66
450	63
451	43
452	72
453	62
454	72
455	67
456	66
457	81
458	83
459	88
460	88
461	77
462	75
463	88
464	42
465	65
466	63
467	56
468	60
469	53
470	54
471	62
472	67
473	67
474	61
475	63
476	62
477	75
478	54
479	48
480	47
481	57
482	42
483	45
484	47
485	43
486	56
487	66
488	65
489	57
490	51
491	56
492	56
493	60
494	54
495	54
496	52
497	58
498	52
499	58
500	70
501	70
502	90
503	58
504	59
505	90
506	55
507	79
508	75
509	64
510	66
511	74
512	80
513	80
514	77
515	78
516	87
517	80
518	77
519	80
520	96
521	83
522	80
523	96
524	65
525	79
526	89
527	98
528	101
529	96
530	98
531	112
532	74
533	101
534	67
535	79
536	85
537	93
538	76
539	80
540	78
541	73
542	96
543	84
544	82
545	97
546	84
547	77
548	91
549	83
550	68
551	69
552	81
553	72
554	84
555	72
556	68
557	73
558	64
559	68
560	89
561	79
562	77
563	73
564	95
565	71
566	70
567	89
568	76
569	83
570	93
571	92
572	78
573	75
574	75
575	76
576	95
577	88
578	81
579	88
580	81
581	80
582	86
583	93
584	94
585	78
586	84
587	87
588	93
589	93
590	91
591	74
592	91
593	93
594	95
595	76
596	100
597	86
598	97
599	102
600	100
601	96
602	99
603	98
604	114
605	95
606	87
607	89
608	83
609	88
610	91
611	78
612	105
613	86
614	96
615	84
616	111
617	104
618	103
619	107
620	88
621	82
622	86
623	106
624	90
625	97
626	85
627	102
628	93
629	100
630	96
631	97
632	96
633	116
634	113
635	108
636	115
637	89
638	116
639	91
640	105
641	109
642	113
643	101
644	95
645	106
646	116
647	110
648	111
649	93
650	106
651	120
652	94
653	92
654	110
655	106
656	110
657	118
658	126
659	105
660	101
661	112
662	123
663	126
664	109
665	99
666	103
667	113
668	107
669	111
670	107
671	132
672	96
673	106
674	128
675	111
676	120
677	117
678	112
679	116
680	125
681	90
682	125
683	119
684	116
685	121
686	85
687	129
688	116
689	123
690	115
691	137
692	121
693	121
694	127
695	116
696	129
697	149
698	100
699	114
700	133
701	107
702	131
703	114
704	104
705	133
706	143
707	110
708	122
709	131
710	130
711	125
712	119
713	122
714	130
715	122
716	84
717	115
718	110
719	97
720	135
721	146
722	123
723	121
724	139
725	126
726	131
727	122
728	127
729	130
730	132
731	136
732	135
733	116
734	129
735	151
736	153
737	114
738	143
739	112
740	128
741	148
742	129
743	135
744	127
745	108
746	121
747	125
748	125
749	117
750	125
751	125
752	121
753	137
754	136
755	129
756	119
757	141
758	132
759	117
760	130
761	131
762	137
763	165
764	158
765	155
766	184
767	163
768	210
769	228
770	247
771	263
772	279
773	280
774	264
775	293
776	265
777	231
778	226
779	210
780	203
781	162
782	163
783	143
784	145
785	130
786	113
787	140
788	112
789	122
790	120
791	123
792	108
793	127
794	134
795	126
796	137
797	115
798	124
799	144
800	129
801	149
802	140
803	130
804	141
805	143
806	132
807	134
808	113
809	116
810	125
811	106
812	147
813	143
814	144
815	151
816	132
817	137
818	151
819	147
820	168
821	142
822	142
823	144
824	141
825	120
826	132
827	134
828	140
829	145
830	148
831	125
832	171
833	123
834	150
835	169
836	135
837	142
838	127
839	161
840	129
841	134
842	143
843	148
844	148
845	153
846	149
847	139
848	162
849	181
850	143
851	156
852	154
853	158
854	183
855	161
856	200
857	184
858	189
859	170
860	201
861	216
862	199
863	223
864	226
865	205
866	224
867	223
868	208
869	211
870	205
871	193
872	223
873	197
874	206
875	210
876	249
877	245
878	252
879	260
880	274
881	276
882	264
883	286
884	312
885	321
886	340
887	354
888	395
889	402
890	453
891	426
892	459
893	480
894	470
895	517
896	516
897	527
898	539
899	541
900	539
901	505
902	525
903	534
904	528
905	536
906	475
907	488
908	451
909	437
910	427
911	405
912	396
913	407
914	347
915	346
916	319
917	332
918	291
919	272
920	276
921	231
922	234
923	230
924	232
925	255
926	208
927	181
928	188
929	173
930	166
931	183
932	181
933	185
934	148
935	161
936	150
937	156
938	167
939	165
940	167
941	199
942	185
943	192
944	207
945	244
946	239
947	282
948	313
949	364
950	376
951	387
952	423
953	432
954	392
955	383
956	358
957	398
958	353
959	332
960	260
961	244
962	218
963	190
964	166
965	171
966	161
967	142
968	116
969	133
970	141
971	116
972	109
973	138
974	132
975	116
976	119
977	113
978	147
979	133
980	134
981	121
982	117
983	130
984	133
985	151
986	146
987	154
988	143
989	127
990	126
991	136
992	163
993	135
994	170
995	145
996	162
997	145
998	149
999	174
1000	167
1001	165
1002	176
1003	168
1004	165
1005	170
1006	165
1007	144
1008	180
1009	178
1010	166
1011	165
1012	159
1013	136
1014	143
1015	143
1016	120
1017	154
1018	147
1019	132
1020	123
1021	121
1022	113
1023	113
1024	105
