Date:	09/05/2018		Time:	10:17		Version no:	0.00		Project name:	55		Sample name:	222		Section name:	section		Position	175.000031	mm	E0	0.000000	keV	E1	1.000000	keV/channel	sample surface	6.328628	cm	Tube anode:	Mo		Tube voltage:	30	kV	Tube current:	50	mA	gain	10		std. database			resultfile	result		matrix element	11		sample thickness	1.000000		air passage	0.560000	cm	comments	in position		peaking_time	2.200000	m-sec	trigger_threshold	547.363281	V	mca_bin_width	22.090000	no:	number_mca_channels	1024.000000	no:	gap_time	0.150000	m-sec	trigger_peaking_time	0.200000	m-sec	GAINDAC	18610		HIGHGAIN	1		TAURC	1		RCTAU	1		RCTAUFRAC	1		livetime	9.444777	seconds	runtime	10.000488	seconds	input_count_rate	23560.959111	cps	output_count_rate	19395.853482	cps	triggers	222528	seconds	events_in_run	193968	seconds	channel	content		1	0
2	0
3	0
4	0
5	0
6	0
7	0
8	0
9	0
10	0
11	0
12	0
13	0
14	0
15	0
16	0
17	0
18	0
19	0
20	0
21	0
22	0
23	0
24	0
25	0
26	0
27	0
28	0
29	0
30	0
31	18
32	17
33	13
34	14
35	11
36	22
37	23
38	8
39	12
40	11
41	8
42	13
43	17
44	18
45	16
46	12
47	11
48	18
49	16
50	15
51	16
52	3
53	14
54	9
55	14
56	8
57	8
58	10
59	14
60	8
61	14
62	5
63	8
64	8
65	6
66	8
67	10
68	6
69	10
70	12
71	13
72	11
73	11
74	6
75	7
76	5
77	7
78	9
79	12
80	9
81	15
82	5
83	13
84	4
85	8
86	6
87	5
88	6
89	11
90	5
91	4
92	4
93	7
94	16
95	16
96	21
97	20
98	16
99	20
100	14
101	9
102	5
103	8
104	12
105	13
106	15
107	12
108	13
109	17
110	3
111	5
112	9
113	2
114	5
115	3
116	3
117	3
118	6
119	3
120	3
121	9
122	5
123	5
124	4
125	6
126	7
127	6
128	3
129	5
130	7
131	3
132	5
133	3
134	1
135	8
136	4
137	2
138	4
139	2
140	3
141	7
142	1
143	3
144	10
145	3
146	4
147	2
148	5
149	2
150	6
151	6
152	4
153	9
154	5
155	6
156	5
157	7
158	11
159	20
160	20
161	12
162	32
163	33
164	23
165	21
166	18
167	8
168	8
169	5
170	2
171	8
172	7
173	6
174	13
175	9
176	10
177	18
178	10
179	14
180	25
181	27
182	20
183	19
184	22
185	15
186	10
187	10
188	6
189	8
190	3
191	4
192	3
193	4
194	17
195	21
196	44
197	45
198	98
199	175
200	240
201	307
202	388
203	394
204	371
205	299
206	203
207	157
208	67
209	62
210	29
211	15
212	4
213	11
214	15
215	19
216	16
217	32
218	43
219	60
220	66
221	82
222	60
223	34
224	40
225	27
226	14
227	15
228	6
229	6
230	3
231	6
232	3
233	4
234	3
235	7
236	4
237	3
238	4
239	8
240	12
241	24
242	53
243	85
244	115
245	130
246	170
247	188
248	218
249	202
250	164
251	137
252	99
253	69
254	49
255	38
256	29
257	30
258	22
259	11
260	15
261	13
262	14
263	11
264	13
265	14
266	22
267	32
268	37
269	41
270	52
271	45
272	44
273	47
274	24
275	31
276	20
277	16
278	16
279	10
280	6
281	9
282	8
283	11
284	10
285	3
286	17
287	14
288	15
289	15
290	13
291	17
292	20
293	11
294	17
295	15
296	20
297	16
298	17
299	22
300	9
301	11
302	18
303	17
304	9
305	13
306	16
307	8
308	5
309	15
310	11
311	13
312	7
313	20
314	14
315	28
316	31
317	33
318	52
319	84
320	95
321	125
322	132
323	128
324	148
325	147
326	112
327	76
328	67
329	47
330	36
331	28
332	30
333	35
334	15
335	41
336	26
337	43
338	62
339	68
340	99
341	174
342	387
343	658
344	1187
345	2001
346	3087
347	4311
348	5595
349	6828
350	7574
351	7832
352	7307
353	6460
354	5003
355	3798
356	2521
357	1628
358	1000
359	543
360	274
361	186
362	95
363	45
364	41
365	52
366	40
367	40
368	44
369	54
370	40
371	49
372	39
373	55
374	51
375	67
376	67
377	94
378	143
379	185
380	294
381	422
382	640
383	814
384	1018
385	1204
386	1232
387	1252
388	1204
389	1020
390	856
391	595
392	433
393	299
394	197
395	105
396	76
397	58
398	30
399	24
400	29
401	29
402	20
403	18
404	26
405	37
406	36
407	35
408	30
409	29
410	19
411	27
412	38
413	35
414	29
415	23
416	38
417	39
418	31
419	34
420	30
421	33
422	27
423	36
424	30
425	25
426	27
427	26
428	41
429	21
430	26
431	21
432	18
433	46
434	41
435	34
436	41
437	49
438	55
439	55
440	61
441	67
442	69
443	70
444	68
445	74
446	58
447	71
448	68
449	53
450	61
451	51
452	70
453	52
454	57
455	74
456	56
457	51
458	77
459	68
460	78
461	75
462	63
463	77
464	60
465	47
466	78
467	56
468	45
469	43
470	57
471	59
472	50
473	51
474	74
475	64
476	64
477	45
478	53
479	48
480	47
481	40
482	51
483	47
484	43
485	59
486	50
487	52
488	63
489	47
490	58
491	52
492	64
493	56
494	61
495	60
496	62
497	72
498	60
499	69
500	70
501	61
502	72
503	80
504	51
505	58
506	76
507	58
508	70
509	67
510	74
511	88
512	63
513	77
514	73
515	62
516	90
517	73
518	68
519	77
520	79
521	89
522	69
523	80
524	85
525	72
526	73
527	101
528	86
529	91
530	90
531	91
532	96
533	95
534	70
535	75
536	77
537	77
538	72
539	76
540	72
541	81
542	72
543	86
544	70
545	67
546	73
547	74
548	71
549	76
550	83
551	69
552	79
553	85
554	72
555	90
556	76
557	63
558	75
559	76
560	79
561	59
562	71
563	65
564	87
565	63
566	63
567	57
568	66
569	68
570	80
571	74
572	75
573	71
574	69
575	85
576	72
577	86
578	85
579	89
580	74
581	50
582	92
583	89
584	69
585	95
586	88
587	84
588	84
589	87
590	94
591	91
592	73
593	75
594	91
595	79
596	84
597	82
598	87
599	72
600	78
601	92
602	102
603	75
604	73
605	85
606	73
607	86
608	81
609	99
610	65
611	103
612	105
613	97
614	73
615	106
616	94
617	87
618	101
619	92
620	72
621	92
622	97
623	93
624	114
625	90
626	82
627	108
628	87
629	82
630	107
631	76
632	108
633	91
634	91
635	87
636	86
637	105
638	100
639	82
640	102
641	97
642	109
643	110
644	97
645	90
646	102
647	95
648	82
649	108
650	98
651	97
652	84
653	94
654	103
655	104
656	104
657	93
658	108
659	123
660	91
661	100
662	103
663	95
664	100
665	102
666	114
667	111
668	93
669	105
670	121
671	89
672	92
673	106
674	105
675	126
676	108
677	118
678	116
679	102
680	93
681	111
682	97
683	107
684	97
685	108
686	111
687	91
688	123
689	113
690	102
691	120
692	106
693	104
694	118
695	113
696	116
697	107
698	131
699	135
700	129
701	121
702	128
703	123
704	119
705	115
706	114
707	123
708	108
709	107
710	112
711	115
712	122
713	124
714	138
715	96
716	122
717	120
718	121
719	116
720	121
721	122
722	120
723	133
724	127
725	134
726	125
727	132
728	114
729	128
730	134
731	130
732	112
733	138
734	106
735	103
736	112
737	119
738	136
739	133
740	136
741	123
742	124
743	119
744	121
745	138
746	128
747	122
748	131
749	124
750	132
751	124
752	121
753	131
754	120
755	127
756	134
757	102
758	130
759	107
760	153
761	128
762	151
763	143
764	169
765	185
766	199
767	235
768	219
769	278
770	279
771	323
772	326
773	291
774	287
775	304
776	336
777	281
778	265
779	257
780	155
781	206
782	189
783	134
784	146
785	165
786	155
787	134
788	144
789	143
790	146
791	139
792	133
793	122
794	130
795	133
796	128
797	157
798	119
799	119
800	122
801	119
802	129
803	122
804	119
805	145
806	118
807	152
808	120
809	138
810	124
811	145
812	144
813	156
814	141
815	125
816	128
817	128
818	128
819	136
820	142
821	142
822	140
823	139
824	133
825	128
826	135
827	142
828	158
829	138
830	164
831	132
832	126
833	118
834	149
835	126
836	155
837	134
838	139
839	118
840	164
841	144
842	139
843	167
844	143
845	172
846	147
847	163
848	168
849	163
850	147
851	156
852	175
853	178
854	163
855	177
856	171
857	178
858	199
859	190
860	188
861	216
862	217
863	215
864	220
865	242
866	220
867	218
868	237
869	206
870	217
871	213
872	210
873	209
874	247
875	244
876	229
877	261
878	270
879	253
880	275
881	295
882	307
883	296
884	337
885	328
886	382
887	387
888	365
889	420
890	432
891	417
892	496
893	485
894	499
895	497
896	524
897	528
898	530
899	536
900	528
901	537
902	547
903	553
904	494
905	502
906	550
907	476
908	485
909	451
910	442
911	449
912	387
913	369
914	351
915	352
916	293
917	300
918	296
919	276
920	278
921	270
922	243
923	222
924	240
925	200
926	221
927	196
928	171
929	180
930	159
931	179
932	191
933	185
934	165
935	155
936	151
937	168
938	199
939	150
940	177
941	186
942	206
943	229
944	228
945	245
946	258
947	318
948	341
949	383
950	376
951	393
952	434
953	420
954	432
955	396
956	375
957	359
958	304
959	357
960	268
961	247
962	219
963	213
964	161
965	174
966	151
967	159
968	139
969	155
970	108
971	121
972	135
973	112
974	123
975	135
976	132
977	133
978	128
979	124
980	136
981	143
982	133
983	126
984	141
985	145
986	125
987	149
988	150
989	158
990	126
991	140
992	137
993	160
994	147
995	155
996	146
997	175
998	187
999	169
1000	181
1001	183
1002	172
1003	179
1004	173
1005	157
1006	170
1007	179
1008	175
1009	194
1010	176
1011	140
1012	166
1013	143
1014	147
1015	139
1016	151
1017	165
1018	141
1019	144
1020	150
1021	127
1022	110
1023	125
1024	117
