Date:	09/05/2018		Time:	09:53		Version no:	0.00		Project name:	55		Sample name:	222		Section name:	section		Position	149.800034	mm	E0	0.000000	keV	E1	1.000000	keV/channel	sample surface	6.459727	cm	Tube anode:	Mo		Tube voltage:	30	kV	Tube current:	50	mA	gain	10		std. database			resultfile	result		matrix element	11		sample thickness	1.000000		air passage	0.560000	cm	comments	in position		peaking_time	2.200000	m-sec	trigger_threshold	547.363281	V	mca_bin_width	22.090000	no:	number_mca_channels	1024.000000	no:	gap_time	0.150000	m-sec	trigger_peaking_time	0.200000	m-sec	GAINDAC	18610		HIGHGAIN	1		TAURC	1		RCTAU	1		RCTAUFRAC	1		livetime	9.371666	seconds	runtime	10.000486	seconds	input_count_rate	27885.117881	cps	output_count_rate	22289.515838	cps	triggers	261330	seconds	events_in_run	222906	seconds	channel	content		1	0
2	0
3	0
4	0
5	0
6	0
7	0
8	0
9	0
10	0
11	0
12	0
13	0
14	0
15	0
16	0
17	0
18	0
19	0
20	0
21	0
22	0
23	0
24	0
25	0
26	0
27	0
28	0
29	0
30	0
31	14
32	17
33	17
34	16
35	14
36	16
37	11
38	13
39	13
40	15
41	13
42	9
43	13
44	13
45	9
46	13
47	8
48	11
49	11
50	12
51	14
52	13
53	12
54	13
55	9
56	14
57	8
58	8
59	15
60	9
61	9
62	12
63	7
64	12
65	8
66	5
67	13
68	7
69	10
70	7
71	11
72	4
73	9
74	11
75	7
76	4
77	9
78	8
79	12
80	20
81	17
82	10
83	5
84	11
85	11
86	9
87	10
88	8
89	4
90	6
91	6
92	4
93	12
94	20
95	21
96	15
97	28
98	16
99	16
100	11
101	6
102	10
103	5
104	5
105	11
106	7
107	11
108	5
109	10
110	11
111	7
112	6
113	2
114	4
115	7
116	5
117	3
118	6
119	3
120	2
121	5
122	6
123	7
124	4
125	4
126	3
127	4
128	1
129	6
130	4
131	3
132	8
133	3
134	3
135	3
136	3
137	6
138	4
139	5
140	1
141	4
142	3
143	2
144	3
145	5
146	4
147	8
148	5
149	4
150	2
151	3
152	3
153	5
154	1
155	4
156	4
157	7
158	9
159	12
160	17
161	32
162	24
163	32
164	35
165	28
166	18
167	11
168	5
169	4
170	3
171	6
172	4
173	4
174	6
175	5
176	14
177	7
178	13
179	17
180	19
181	24
182	23
183	29
184	23
185	22
186	15
187	6
188	2
189	8
190	3
191	6
192	10
193	9
194	9
195	22
196	42
197	76
198	112
199	202
200	323
201	401
202	475
203	512
204	454
205	384
206	257
207	192
208	103
209	67
210	34
211	17
212	8
213	14
214	11
215	20
216	25
217	50
218	70
219	67
220	75
221	88
222	93
223	60
224	41
225	24
226	17
227	10
228	8
229	5
230	4
231	4
232	7
233	5
234	4
235	4
236	5
237	11
238	7
239	15
240	25
241	24
242	53
243	112
244	135
245	201
246	218
247	263
248	270
249	255
250	215
251	159
252	132
253	99
254	69
255	51
256	55
257	39
258	32
259	26
260	24
261	22
262	18
263	19
264	14
265	29
266	32
267	50
268	44
269	66
270	65
271	67
272	67
273	67
274	53
275	27
276	33
277	24
278	14
279	19
280	11
281	13
282	12
283	12
284	10
285	15
286	17
287	15
288	12
289	14
290	16
291	11
292	11
293	12
294	20
295	19
296	24
297	19
298	16
299	15
300	11
301	20
302	19
303	16
304	17
305	10
306	18
307	15
308	17
309	23
310	18
311	12
312	23
313	17
314	22
315	24
316	42
317	50
318	75
319	106
320	148
321	170
322	165
323	242
324	219
325	178
326	136
327	90
328	95
329	72
330	49
331	30
332	37
333	40
334	40
335	30
336	42
337	56
338	56
339	82
340	150
341	256
342	456
343	926
344	1555
345	2574
346	3993
347	5613
348	7394
349	8757
350	9958
351	10165
352	9485
353	8293
354	6663
355	4916
356	3402
357	2039
358	1260
359	723
360	362
361	213
362	122
363	73
364	56
365	42
366	52
367	35
368	40
369	49
370	43
371	37
372	60
373	59
374	69
375	71
376	117
377	128
378	177
379	299
380	369
381	527
382	805
383	1030
384	1320
385	1522
386	1638
387	1647
388	1519
389	1390
390	1049
391	823
392	582
393	379
394	229
395	144
396	95
397	50
398	36
399	29
400	21
401	24
402	28
403	20
404	33
405	25
406	34
407	33
408	32
409	33
410	38
411	45
412	36
413	32
414	36
415	34
416	29
417	28
418	29
419	33
420	38
421	29
422	36
423	23
424	37
425	34
426	29
427	40
428	44
429	38
430	33
431	34
432	40
433	43
434	34
435	51
436	37
437	43
438	48
439	72
440	63
441	57
442	69
443	63
444	57
445	72
446	62
447	56
448	63
449	61
450	59
451	49
452	57
453	62
454	60
455	57
456	82
457	76
458	99
459	79
460	89
461	76
462	87
463	59
464	59
465	56
466	58
467	55
468	55
469	68
470	68
471	74
472	66
473	60
474	63
475	67
476	62
477	56
478	52
479	44
480	59
481	48
482	49
483	50
484	53
485	50
486	64
487	61
488	71
489	51
490	58
491	44
492	62
493	52
494	63
495	63
496	40
497	62
498	52
499	53
500	66
501	67
502	50
503	70
504	70
505	64
506	62
507	99
508	63
509	77
510	66
511	63
512	96
513	72
514	72
515	72
516	81
517	78
518	68
519	77
520	74
521	84
522	78
523	77
524	95
525	84
526	98
527	95
528	99
529	122
530	83
531	109
532	85
533	92
534	64
535	88
536	88
537	75
538	82
539	82
540	74
541	74
542	78
543	85
544	80
545	76
546	76
547	80
548	88
549	62
550	86
551	100
552	81
553	82
554	78
555	73
556	80
557	83
558	82
559	90
560	73
561	76
562	78
563	100
564	65
565	76
566	73
567	98
568	71
569	83
570	72
571	95
572	63
573	83
574	70
575	76
576	86
577	86
578	85
579	83
580	81
581	84
582	88
583	92
584	86
585	71
586	84
587	79
588	80
589	69
590	74
591	77
592	104
593	84
594	101
595	87
596	77
597	98
598	86
599	107
600	99
601	92
602	70
603	96
604	93
605	84
606	84
607	105
608	99
609	94
610	96
611	101
612	80
613	113
614	85
615	102
616	86
617	99
618	91
619	96
620	96
621	114
622	112
623	94
624	100
625	98
626	101
627	99
628	91
629	103
630	89
631	89
632	91
633	88
634	84
635	93
636	88
637	84
638	106
639	113
640	109
641	95
642	107
643	97
644	100
645	108
646	98
647	105
648	97
649	102
650	107
651	88
652	113
653	115
654	106
655	122
656	119
657	100
658	111
659	106
660	108
661	97
662	104
663	113
664	95
665	101
666	99
667	105
668	101
669	120
670	99
671	91
672	118
673	103
674	121
675	103
676	102
677	119
678	105
679	101
680	100
681	100
682	113
683	111
684	118
685	114
686	104
687	102
688	123
689	124
690	127
691	114
692	128
693	120
694	125
695	110
696	117
697	153
698	115
699	109
700	119
701	154
702	121
703	144
704	114
705	122
706	121
707	136
708	107
709	115
710	124
711	118
712	122
713	137
714	113
715	116
716	144
717	110
718	127
719	128
720	117
721	116
722	120
723	137
724	126
725	142
726	134
727	118
728	111
729	136
730	130
731	127
732	130
733	139
734	120
735	139
736	128
737	123
738	148
739	113
740	142
741	130
742	103
743	107
744	125
745	133
746	134
747	123
748	137
749	136
750	146
751	133
752	153
753	151
754	140
755	124
756	123
757	124
758	141
759	146
760	122
761	133
762	150
763	145
764	163
765	156
766	183
767	204
768	238
769	224
770	241
771	307
772	267
773	266
774	259
775	274
776	221
777	268
778	223
779	196
780	193
781	178
782	154
783	155
784	143
785	139
786	145
787	130
788	137
789	122
790	104
791	139
792	140
793	141
794	131
795	141
796	118
797	146
798	143
799	148
800	128
801	121
802	140
803	138
804	114
805	139
806	144
807	160
808	123
809	150
810	155
811	133
812	132
813	160
814	142
815	170
816	159
817	139
818	136
819	161
820	144
821	155
822	150
823	146
824	129
825	146
826	143
827	156
828	133
829	125
830	144
831	136
832	132
833	168
834	162
835	132
836	155
837	144
838	155
839	133
840	140
841	143
842	143
843	134
844	160
845	152
846	144
847	170
848	176
849	157
850	157
851	150
852	165
853	160
854	168
855	191
856	172
857	178
858	171
859	179
860	206
861	187
862	226
863	228
864	232
865	228
866	239
867	239
868	234
869	183
870	208
871	214
872	213
873	226
874	221
875	217
876	261
877	239
878	260
879	247
880	278
881	298
882	286
883	282
884	338
885	329
886	383
887	375
888	381
889	402
890	452
891	423
892	507
893	543
894	515
895	568
896	571
897	542
898	569
899	565
900	534
901	590
902	530
903	601
904	536
905	576
906	506
907	500
908	500
909	475
910	454
911	426
912	416
913	388
914	405
915	356
916	310
917	318
918	322
919	292
920	303
921	231
922	253
923	217
924	266
925	222
926	215
927	217
928	204
929	207
930	181
931	153
932	164
933	160
934	182
935	155
936	181
937	145
938	151
939	178
940	178
941	155
942	206
943	211
944	194
945	264
946	272
947	301
948	296
949	349
950	409
951	398
952	390
953	436
954	430
955	432
956	430
957	356
958	344
959	298
960	280
961	252
962	240
963	189
964	206
965	177
966	129
967	144
968	126
969	143
970	121
971	122
972	121
973	121
974	113
975	132
976	119
977	147
978	124
979	148
980	130
981	121
982	132
983	121
984	160
985	146
986	143
987	153
988	151
989	167
990	161
991	162
992	166
993	171
994	179
995	183
996	145
997	176
998	188
999	175
1000	170
1001	177
1002	181
1003	194
1004	172
1005	163
1006	175
1007	184
1008	190
1009	187
1010	174
1011	166
1012	166
1013	150
1014	168
1015	143
1016	177
1017	163
1018	173
1019	154
1020	148
1021	124
1022	131
1023	124
1024	111
