Date:	09/05/2018		Time:	09:20		Version no:	0.00		Project name:	55		Sample name:	222		Section name:	section		Position	114.400032	mm	E0	0.000000	keV	E1	1.000000	keV/channel	sample surface	6.163014	cm	Tube anode:	Mo		Tube voltage:	30	kV	Tube current:	50	mA	gain	10		std. database			resultfile	result		matrix element	11		sample thickness	1.000000		air passage	0.560000	cm	comments	in position		peaking_time	2.200000	m-sec	trigger_threshold	547.363281	V	mca_bin_width	22.090000	no:	number_mca_channels	1024.000000	no:	gap_time	0.150000	m-sec	trigger_peaking_time	0.200000	m-sec	GAINDAC	18610		HIGHGAIN	1		TAURC	1		RCTAU	1		RCTAUFRAC	1		livetime	9.455934	seconds	runtime	10.000492	seconds	input_count_rate	22958.177287	cps	output_count_rate	18932.968498	cps	triggers	217091	seconds	events_in_run	189339	seconds	channel	content		1	0
2	0
3	0
4	0
5	0
6	0
7	0
8	0
9	0
10	0
11	0
12	0
13	0
14	0
15	0
16	0
17	0
18	0
19	0
20	0
21	0
22	0
23	0
24	0
25	0
26	0
27	0
28	0
29	0
30	0
31	14
32	24
33	21
34	20
35	10
36	14
37	17
38	17
39	9
40	16
41	14
42	12
43	19
44	8
45	6
46	15
47	16
48	12
49	12
50	17
51	12
52	12
53	11
54	14
55	11
56	12
57	9
58	18
59	13
60	5
61	7
62	9
63	8
64	11
65	12
66	11
67	10
68	9
69	11
70	11
71	11
72	9
73	11
74	6
75	8
76	7
77	8
78	8
79	12
80	8
81	9
82	15
83	9
84	7
85	13
86	9
87	5
88	4
89	10
90	8
91	12
92	12
93	8
94	13
95	13
96	22
97	20
98	14
99	11
100	11
101	8
102	13
103	6
104	7
105	5
106	13
107	4
108	9
109	8
110	7
111	6
112	5
113	4
114	5
115	6
116	4
117	4
118	2
119	8
120	4
121	3
122	6
123	1
124	6
125	6
126	5
127	5
128	4
129	3
130	4
131	3
132	2
133	3
134	4
135	3
136	2
137	6
138	2
139	1
140	0
141	3
142	3
143	4
144	4
145	7
146	2
147	8
148	4
149	3
150	2
151	1
152	2
153	1
154	6
155	2
156	2
157	7
158	10
159	20
160	15
161	29
162	35
163	27
164	26
165	16
166	12
167	7
168	4
169	7
170	2
171	4
172	8
173	5
174	12
175	10
176	8
177	13
178	12
179	17
180	17
181	17
182	15
183	19
184	16
185	9
186	13
187	6
188	8
189	5
190	2
191	4
192	5
193	4
194	8
195	6
196	26
197	45
198	87
199	124
200	188
201	263
202	316
203	319
204	284
205	257
206	168
207	104
208	66
209	40
210	35
211	10
212	14
213	3
214	14
215	16
216	29
217	33
218	30
219	38
220	47
221	46
222	52
223	30
224	32
225	20
226	15
227	19
228	10
229	8
230	5
231	3
232	6
233	3
234	5
235	2
236	1
237	4
238	6
239	6
240	9
241	30
242	36
243	79
244	99
245	123
246	146
247	198
248	170
249	185
250	139
251	101
252	98
253	62
254	46
255	49
256	35
257	41
258	18
259	20
260	12
261	11
262	14
263	13
264	16
265	15
266	22
267	27
268	31
269	37
270	44
271	34
272	52
273	29
274	38
275	30
276	17
277	15
278	13
279	14
280	8
281	11
282	8
283	5
284	5
285	12
286	11
287	14
288	12
289	8
290	8
291	9
292	17
293	12
294	14
295	18
296	17
297	15
298	15
299	14
300	14
301	19
302	14
303	13
304	13
305	13
306	15
307	17
308	12
309	11
310	10
311	16
312	8
313	19
314	19
315	25
316	26
317	48
318	77
319	105
320	129
321	158
322	194
323	203
324	191
325	198
326	146
327	108
328	91
329	65
330	45
331	39
332	31
333	32
334	35
335	14
336	29
337	33
338	46
339	52
340	106
341	216
342	366
343	629
344	1151
345	1954
346	2843
347	4143
348	5531
349	6507
350	7402
351	7550
352	7011
353	6106
354	4993
355	3560
356	2506
357	1590
358	954
359	550
360	286
361	138
362	96
363	60
364	49
365	49
366	35
367	38
368	54
369	38
370	34
371	52
372	47
373	55
374	40
375	78
376	73
377	112
378	168
379	214
380	293
381	447
382	618
383	824
384	1010
385	1179
386	1240
387	1301
388	1174
389	1000
390	818
391	638
392	388
393	292
394	189
395	100
396	49
397	58
398	31
399	32
400	27
401	22
402	17
403	20
404	32
405	27
406	34
407	32
408	33
409	39
410	27
411	38
412	39
413	33
414	30
415	25
416	34
417	29
418	30
419	25
420	25
421	27
422	21
423	19
424	40
425	29
426	27
427	31
428	35
429	30
430	35
431	24
432	25
433	38
434	36
435	40
436	38
437	55
438	60
439	37
440	56
441	54
442	60
443	58
444	55
445	52
446	44
447	57
448	53
449	45
450	49
451	52
452	50
453	59
454	63
455	82
456	65
457	69
458	59
459	76
460	77
461	70
462	58
463	57
464	41
465	58
466	49
467	47
468	52
469	52
470	49
471	49
472	54
473	50
474	40
475	50
476	57
477	39
478	51
479	53
480	49
481	44
482	40
483	43
484	39
485	60
486	54
487	52
488	47
489	51
490	50
491	37
492	59
493	52
494	49
495	43
496	63
497	44
498	49
499	53
500	53
501	59
502	63
503	61
504	77
505	71
506	52
507	65
508	87
509	62
510	77
511	76
512	74
513	64
514	71
515	84
516	66
517	71
518	78
519	59
520	69
521	83
522	76
523	92
524	75
525	94
526	86
527	78
528	109
529	87
530	99
531	88
532	83
533	75
534	70
535	65
536	70
537	73
538	57
539	74
540	75
541	81
542	83
543	80
544	75
545	76
546	73
547	79
548	78
549	68
550	81
551	74
552	62
553	76
554	81
555	88
556	70
557	72
558	66
559	74
560	66
561	67
562	72
563	82
564	58
565	80
566	94
567	76
568	60
569	76
570	73
571	72
572	68
573	76
574	64
575	59
576	100
577	84
578	74
579	88
580	87
581	72
582	67
583	92
584	90
585	82
586	83
587	92
588	83
589	84
590	65
591	70
592	94
593	87
594	98
595	94
596	92
597	80
598	94
599	78
600	102
601	105
602	102
603	85
604	79
605	87
606	70
607	91
608	89
609	80
610	96
611	87
612	94
613	96
614	91
615	90
616	83
617	88
618	104
619	101
620	95
621	87
622	94
623	106
624	102
625	92
626	94
627	95
628	96
629	109
630	113
631	97
632	90
633	100
634	96
635	118
636	120
637	92
638	104
639	96
640	93
641	94
642	96
643	97
644	104
645	94
646	107
647	111
648	106
649	108
650	102
651	115
652	109
653	96
654	95
655	120
656	103
657	90
658	104
659	109
660	106
661	99
662	103
663	91
664	91
665	102
666	108
667	106
668	117
669	122
670	101
671	99
672	105
673	103
674	100
675	98
676	106
677	100
678	104
679	100
680	118
681	102
682	106
683	103
684	98
685	107
686	93
687	109
688	122
689	130
690	138
691	107
692	114
693	110
694	115
695	119
696	105
697	129
698	121
699	142
700	130
701	116
702	130
703	126
704	135
705	117
706	117
707	114
708	118
709	117
710	121
711	106
712	118
713	92
714	107
715	129
716	126
717	106
718	123
719	122
720	122
721	118
722	115
723	114
724	130
725	135
726	102
727	138
728	119
729	119
730	129
731	125
732	135
733	132
734	115
735	100
736	131
737	114
738	123
739	121
740	100
741	143
742	124
743	138
744	122
745	131
746	133
747	133
748	116
749	127
750	155
751	121
752	144
753	123
754	136
755	134
756	110
757	141
758	136
759	140
760	124
761	139
762	128
763	144
764	142
765	156
766	153
767	195
768	211
769	249
770	226
771	225
772	261
773	275
774	234
775	243
776	240
777	204
778	198
779	214
780	201
781	166
782	189
783	149
784	147
785	153
786	152
787	139
788	122
789	133
790	139
791	137
792	129
793	133
794	132
795	108
796	120
797	139
798	151
799	145
800	132
801	108
802	141
803	140
804	109
805	161
806	135
807	133
808	157
809	132
810	133
811	159
812	154
813	133
814	135
815	151
816	143
817	137
818	151
819	144
820	116
821	149
822	153
823	147
824	148
825	137
826	131
827	131
828	147
829	125
830	145
831	125
832	162
833	143
834	121
835	125
836	137
837	143
838	142
839	133
840	129
841	152
842	132
843	151
844	142
845	157
846	141
847	137
848	157
849	160
850	134
851	165
852	180
853	148
854	168
855	166
856	163
857	199
858	212
859	171
860	192
861	187
862	233
863	209
864	207
865	213
866	211
867	242
868	199
869	188
870	194
871	192
872	231
873	228
874	226
875	210
876	217
877	249
878	231
879	247
880	279
881	296
882	291
883	296
884	319
885	368
886	359
887	369
888	385
889	412
890	409
891	451
892	455
893	514
894	552
895	535
896	557
897	536
898	560
899	516
900	559
901	553
902	531
903	511
904	544
905	554
906	521
907	482
908	480
909	452
910	437
911	422
912	388
913	376
914	347
915	319
916	312
917	331
918	292
919	275
920	272
921	266
922	247
923	205
924	217
925	190
926	210
927	212
928	193
929	202
930	195
931	174
932	184
933	158
934	161
935	158
936	166
937	125
938	162
939	159
940	177
941	191
942	196
943	215
944	221
945	260
946	249
947	294
948	310
949	341
950	351
951	416
952	431
953	429
954	397
955	412
956	386
957	392
958	327
959	312
960	289
961	252
962	197
963	206
964	196
965	160
966	146
967	154
968	130
969	130
970	113
971	114
972	125
973	120
974	126
975	128
976	126
977	124
978	136
979	125
980	116
981	134
982	124
983	128
984	130
985	126
986	151
987	145
988	152
989	166
990	145
991	163
992	156
993	148
994	157
995	164
996	176
997	176
998	158
999	167
1000	164
1001	178
1002	160
1003	164
1004	192
1005	164
1006	162
1007	146
1008	177
1009	173
1010	184
1011	175
1012	160
1013	166
1014	176
1015	171
1016	152
1017	142
1018	150
1019	156
1020	133
1021	123
1022	119
1023	123
1024	106
