Date:	09/05/2018		Time:	11:38		Version no:	0.00		Project name:	55		Sample name:	222		Section name:	section		Position	260.000031	mm	E0	0.000000	keV	E1	1.000000	keV/channel	sample surface	6.240138	cm	Tube anode:	Mo		Tube voltage:	30	kV	Tube current:	50	mA	gain	10		std. database			resultfile	result		matrix element	11		sample thickness	1.000000		air passage	0.560000	cm	comments	in position		peaking_time	2.200000	m-sec	trigger_threshold	547.363281	V	mca_bin_width	22.090000	no:	number_mca_channels	1024.000000	no:	gap_time	0.150000	m-sec	trigger_peaking_time	0.200000	m-sec	GAINDAC	18610		HIGHGAIN	1		TAURC	1		RCTAU	1		RCTAUFRAC	1		livetime	9.452854	seconds	runtime	10.000490	seconds	input_count_rate	23600.067298	cps	output_count_rate	19427.247288	cps	triggers	223088	seconds	events_in_run	194282	seconds	channel	content		1	0
2	0
3	0
4	0
5	0
6	0
7	0
8	0
9	0
10	0
11	0
12	0
13	0
14	0
15	0
16	0
17	0
18	0
19	0
20	0
21	0
22	0
23	0
24	0
25	0
26	0
27	0
28	0
29	0
30	0
31	15
32	10
33	19
34	12
35	10
36	11
37	10
38	15
39	20
40	16
41	11
42	12
43	13
44	10
45	12
46	14
47	8
48	12
49	16
50	14
51	10
52	10
53	15
54	12
55	10
56	10
57	13
58	13
59	12
60	7
61	17
62	9
63	4
64	18
65	10
66	12
67	9
68	1
69	4
70	8
71	9
72	7
73	7
74	6
75	5
76	7
77	5
78	4
79	15
80	4
81	9
82	6
83	14
84	15
85	10
86	4
87	5
88	8
89	5
90	7
91	7
92	10
93	10
94	13
95	21
96	15
97	21
98	8
99	6
100	15
101	10
102	12
103	10
104	6
105	7
106	13
107	7
108	9
109	15
110	6
111	5
112	6
113	6
114	8
115	8
116	10
117	8
118	3
119	8
120	7
121	5
122	3
123	5
124	6
125	9
126	9
127	5
128	5
129	6
130	3
131	9
132	4
133	5
134	1
135	1
136	4
137	6
138	2
139	1
140	5
141	2
142	2
143	4
144	3
145	2
146	7
147	8
148	5
149	8
150	5
151	6
152	4
153	5
154	3
155	3
156	3
157	6
158	7
159	11
160	17
161	23
162	22
163	39
164	25
165	19
166	25
167	15
168	8
169	4
170	6
171	5
172	10
173	8
174	6
175	6
176	6
177	11
178	7
179	12
180	20
181	14
182	21
183	17
184	22
185	13
186	9
187	5
188	5
189	3
190	5
191	8
192	3
193	8
194	6
195	12
196	24
197	64
198	97
199	183
200	229
201	321
202	350
203	387
204	370
205	330
206	241
207	160
208	82
209	52
210	26
211	12
212	9
213	10
214	18
215	13
216	27
217	35
218	52
219	53
220	68
221	68
222	58
223	50
224	41
225	27
226	10
227	13
228	16
229	5
230	8
231	7
232	9
233	10
234	7
235	2
236	5
237	9
238	9
239	7
240	30
241	40
242	69
243	113
244	158
245	243
246	289
247	313
248	339
249	286
250	233
251	189
252	145
253	107
254	81
255	41
256	43
257	38
258	32
259	33
260	13
261	11
262	9
263	16
264	11
265	11
266	28
267	47
268	45
269	57
270	63
271	75
272	59
273	65
274	43
275	41
276	32
277	15
278	13
279	7
280	14
281	15
282	7
283	10
284	15
285	14
286	18
287	11
288	12
289	16
290	15
291	16
292	18
293	17
294	12
295	20
296	13
297	20
298	24
299	21
300	16
301	6
302	10
303	11
304	17
305	9
306	12
307	10
308	16
309	15
310	19
311	14
312	15
313	13
314	15
315	14
316	30
317	30
318	30
319	60
320	68
321	76
322	88
323	99
324	99
325	100
326	73
327	76
328	49
329	55
330	25
331	24
332	25
333	39
334	24
335	22
336	29
337	33
338	57
339	82
340	111
341	209
342	395
343	731
344	1301
345	2102
346	3183
347	4442
348	5851
349	7205
350	7878
351	8242
352	7663
353	6808
354	5499
355	3982
356	2774
357	1846
358	1046
359	570
360	338
361	177
362	85
363	51
364	35
365	37
366	24
367	42
368	38
369	46
370	40
371	45
372	47
373	53
374	62
375	64
376	82
377	113
378	138
379	229
380	332
381	477
382	623
383	796
384	1078
385	1250
386	1413
387	1342
388	1332
389	1075
390	887
391	644
392	496
393	340
394	207
395	121
396	69
397	36
398	29
399	36
400	15
401	28
402	29
403	26
404	26
405	36
406	31
407	39
408	38
409	43
410	31
411	26
412	42
413	28
414	30
415	25
416	19
417	22
418	37
419	33
420	26
421	26
422	14
423	32
424	27
425	36
426	32
427	37
428	31
429	25
430	44
431	27
432	33
433	27
434	45
435	40
436	48
437	56
438	38
439	62
440	67
441	73
442	68
443	67
444	62
445	54
446	58
447	59
448	56
449	41
450	58
451	62
452	61
453	54
454	53
455	72
456	62
457	72
458	88
459	85
460	83
461	81
462	74
463	68
464	73
465	60
466	45
467	73
468	63
469	53
470	72
471	60
472	68
473	59
474	53
475	68
476	63
477	58
478	47
479	53
480	43
481	38
482	57
483	51
484	48
485	57
486	44
487	58
488	60
489	57
490	45
491	53
492	58
493	47
494	66
495	49
496	63
497	50
498	54
499	58
500	63
501	71
502	57
503	53
504	68
505	74
506	58
507	80
508	77
509	76
510	75
511	76
512	71
513	67
514	80
515	58
516	73
517	88
518	76
519	67
520	69
521	92
522	64
523	77
524	91
525	78
526	83
527	98
528	81
529	94
530	88
531	103
532	90
533	95
534	94
535	86
536	77
537	84
538	70
539	77
540	79
541	101
542	66
543	97
544	81
545	50
546	65
547	78
548	89
549	60
550	65
551	75
552	54
553	60
554	64
555	66
556	66
557	64
558	58
559	76
560	65
561	64
562	64
563	59
564	64
565	60
566	76
567	73
568	64
569	80
570	79
571	72
572	73
573	65
574	76
575	87
576	80
577	83
578	87
579	78
580	80
581	84
582	88
583	82
584	80
585	74
586	68
587	66
588	78
589	92
590	85
591	97
592	83
593	95
594	87
595	91
596	93
597	92
598	74
599	88
600	99
601	82
602	100
603	92
604	92
605	82
606	89
607	92
608	89
609	93
610	92
611	91
612	91
613	67
614	103
615	103
616	89
617	97
618	86
619	116
620	91
621	93
622	101
623	90
624	80
625	92
626	92
627	110
628	90
629	105
630	84
631	107
632	90
633	75
634	89
635	86
636	105
637	102
638	98
639	74
640	93
641	99
642	87
643	108
644	98
645	89
646	100
647	112
648	116
649	98
650	121
651	112
652	106
653	117
654	102
655	95
656	107
657	99
658	106
659	102
660	113
661	110
662	107
663	105
664	99
665	108
666	113
667	94
668	91
669	100
670	107
671	99
672	88
673	102
674	109
675	96
676	119
677	97
678	117
679	105
680	98
681	90
682	111
683	106
684	111
685	109
686	111
687	112
688	128
689	109
690	119
691	110
692	121
693	113
694	111
695	101
696	105
697	123
698	129
699	136
700	122
701	127
702	115
703	105
704	124
705	120
706	123
707	123
708	124
709	114
710	98
711	96
712	113
713	131
714	119
715	110
716	119
717	103
718	104
719	119
720	99
721	137
722	118
723	123
724	114
725	107
726	114
727	130
728	114
729	130
730	109
731	131
732	132
733	112
734	92
735	135
736	123
737	115
738	118
739	133
740	110
741	108
742	119
743	109
744	126
745	133
746	135
747	141
748	126
749	104
750	116
751	114
752	126
753	119
754	136
755	111
756	105
757	120
758	123
759	150
760	118
761	138
762	124
763	134
764	157
765	179
766	179
767	175
768	190
769	215
770	219
771	284
772	245
773	273
774	259
775	279
776	231
777	229
778	224
779	173
780	198
781	149
782	159
783	151
784	133
785	118
786	141
787	144
788	120
789	147
790	118
791	115
792	112
793	113
794	125
795	131
796	134
797	112
798	121
799	117
800	130
801	138
802	124
803	126
804	142
805	128
806	115
807	140
808	127
809	142
810	158
811	137
812	139
813	130
814	136
815	148
816	101
817	139
818	151
819	151
820	143
821	139
822	150
823	130
824	130
825	123
826	139
827	138
828	118
829	146
830	138
831	147
832	151
833	136
834	163
835	116
836	138
837	147
838	149
839	136
840	146
841	146
842	148
843	108
844	145
845	149
846	123
847	124
848	136
849	118
850	125
851	161
852	167
853	149
854	168
855	164
856	180
857	166
858	190
859	202
860	202
861	193
862	223
863	232
864	199
865	232
866	226
867	186
868	221
869	207
870	193
871	207
872	205
873	212
874	209
875	239
876	201
877	227
878	226
879	234
880	237
881	272
882	292
883	302
884	285
885	317
886	368
887	362
888	372
889	379
890	389
891	419
892	445
893	481
894	493
895	482
896	489
897	486
898	511
899	570
900	550
901	516
902	521
903	492
904	496
905	474
906	532
907	439
908	449
909	412
910	413
911	369
912	378
913	369
914	364
915	349
916	318
917	280
918	285
919	272
920	257
921	243
922	241
923	249
924	261
925	194
926	212
927	192
928	165
929	178
930	189
931	168
932	171
933	168
934	124
935	169
936	145
937	145
938	150
939	139
940	163
941	176
942	190
943	192
944	219
945	228
946	270
947	273
948	315
949	332
950	348
951	401
952	426
953	377
954	414
955	385
956	367
957	358
958	319
959	314
960	301
961	238
962	210
963	203
964	169
965	141
966	146
967	146
968	117
969	134
970	119
971	128
972	126
973	125
974	115
975	114
976	104
977	123
978	117
979	142
980	139
981	112
982	130
983	161
984	120
985	144
986	133
987	125
988	122
989	130
990	125
991	139
992	143
993	154
994	131
995	154
996	152
997	151
998	181
999	170
1000	162
1001	176
1002	175
1003	143
1004	146
1005	162
1006	156
1007	156
1008	148
1009	149
1010	170
1011	135
1012	132
1013	137
1014	140
1015	134
1016	155
1017	140
1018	149
1019	156
1020	120
1021	115
1022	105
1023	107
1024	109
