Date:	09/05/2018		Time:	10:59		Version no:	0.00		Project name:	55		Sample name:	222		Section name:	section		Position	218.400024	mm	E0	0.000000	keV	E1	1.000000	keV/channel	sample surface	5.981131	cm	Tube anode:	Mo		Tube voltage:	30	kV	Tube current:	50	mA	gain	10		std. database			resultfile	result		matrix element	11		sample thickness	1.000000		air passage	0.560000	cm	comments	in position		peaking_time	2.200000	m-sec	trigger_threshold	547.363281	V	mca_bin_width	22.090000	no:	number_mca_channels	1024.000000	no:	gap_time	0.150000	m-sec	trigger_peaking_time	0.200000	m-sec	GAINDAC	18610		HIGHGAIN	1		TAURC	1		RCTAU	1		RCTAUFRAC	1		livetime	9.375162	seconds	runtime	10.000490	seconds	input_count_rate	26759.216459	cps	output_count_rate	21491.846040	cps	triggers	250872	seconds	events_in_run	214929	seconds	channel	content		1	0
2	0
3	0
4	0
5	0
6	0
7	0
8	0
9	0
10	0
11	0
12	0
13	0
14	0
15	0
16	0
17	0
18	0
19	0
20	0
21	0
22	0
23	0
24	0
25	0
26	0
27	0
28	0
29	0
30	0
31	20
32	13
33	19
34	18
35	18
36	16
37	18
38	20
39	20
40	10
41	13
42	3
43	12
44	16
45	19
46	17
47	14
48	21
49	12
50	16
51	17
52	12
53	13
54	19
55	7
56	9
57	17
58	9
59	20
60	14
61	14
62	12
63	5
64	9
65	9
66	11
67	9
68	7
69	12
70	9
71	11
72	11
73	8
74	10
75	10
76	14
77	10
78	8
79	8
80	14
81	12
82	8
83	13
84	16
85	6
86	7
87	12
88	8
89	1
90	8
91	8
92	16
93	10
94	16
95	31
96	29
97	31
98	16
99	19
100	12
101	14
102	9
103	13
104	7
105	11
106	12
107	8
108	4
109	11
110	7
111	3
112	10
113	6
114	4
115	11
116	3
117	2
118	7
119	6
120	7
121	7
122	7
123	8
124	5
125	11
126	9
127	11
128	11
129	7
130	5
131	1
132	3
133	4
134	3
135	3
136	3
137	8
138	2
139	5
140	4
141	3
142	3
143	1
144	2
145	4
146	5
147	4
148	4
149	3
150	5
151	6
152	7
153	7
154	8
155	6
156	3
157	8
158	11
159	10
160	17
161	23
162	18
163	21
164	37
165	15
166	17
167	6
168	10
169	2
170	5
171	2
172	7
173	8
174	2
175	9
176	10
177	12
178	14
179	13
180	21
181	30
182	35
183	37
184	20
185	17
186	23
187	8
188	7
189	7
190	3
191	4
192	2
193	8
194	7
195	23
196	32
197	68
198	101
199	175
200	278
201	316
202	402
203	427
204	400
205	338
206	218
207	153
208	93
209	59
210	35
211	24
212	11
213	12
214	10
215	24
216	27
217	30
218	68
219	61
220	74
221	73
222	64
223	62
224	44
225	27
226	14
227	17
228	5
229	7
230	5
231	2
232	4
233	5
234	4
235	3
236	4
237	8
238	4
239	9
240	13
241	35
242	37
243	78
244	103
245	153
246	186
247	189
248	229
249	184
250	146
251	126
252	101
253	80
254	56
255	57
256	45
257	32
258	27
259	25
260	17
261	14
262	18
263	13
264	20
265	16
266	21
267	31
268	38
269	44
270	60
271	51
272	58
273	39
274	35
275	36
276	16
277	18
278	10
279	9
280	12
281	12
282	10
283	13
284	10
285	15
286	15
287	10
288	19
289	22
290	21
291	22
292	16
293	17
294	18
295	16
296	18
297	15
298	18
299	18
300	19
301	11
302	16
303	16
304	22
305	17
306	12
307	13
308	17
309	15
310	17
311	15
312	15
313	12
314	15
315	25
316	24
317	32
318	53
319	64
320	102
321	118
322	150
323	134
324	157
325	134
326	93
327	109
328	73
329	55
330	43
331	38
332	38
333	23
334	43
335	40
336	39
337	36
338	67
339	73
340	113
341	233
342	410
343	766
344	1334
345	2131
346	3452
347	4746
348	6108
349	7481
350	8443
351	8807
352	8256
353	7077
354	5832
355	4405
356	2935
357	1900
358	1086
359	603
360	308
361	168
362	110
363	64
364	51
365	46
366	58
367	41
368	58
369	48
370	50
371	53
372	64
373	57
374	60
375	78
376	98
377	133
378	181
379	254
380	340
381	524
382	616
383	875
384	1098
385	1333
386	1492
387	1507
388	1321
389	1209
390	988
391	691
392	543
393	336
394	206
395	158
396	92
397	67
398	42
399	30
400	34
401	29
402	33
403	37
404	36
405	32
406	48
407	31
408	35
409	43
410	46
411	47
412	43
413	44
414	39
415	38
416	36
417	32
418	32
419	35
420	36
421	28
422	32
423	31
424	41
425	38
426	30
427	52
428	51
429	41
430	41
431	49
432	52
433	37
434	46
435	50
436	64
437	72
438	67
439	79
440	82
441	82
442	78
443	87
444	88
445	88
446	89
447	77
448	60
449	73
450	79
451	62
452	63
453	80
454	80
455	89
456	80
457	101
458	83
459	83
460	89
461	82
462	88
463	86
464	81
465	77
466	72
467	77
468	76
469	69
470	74
471	79
472	65
473	70
474	78
475	69
476	65
477	54
478	67
479	57
480	63
481	63
482	58
483	55
484	61
485	65
486	54
487	70
488	72
489	69
490	70
491	62
492	61
493	56
494	64
495	68
496	78
497	76
498	57
499	66
500	67
501	96
502	89
503	82
504	69
505	84
506	96
507	82
508	109
509	82
510	89
511	106
512	89
513	98
514	111
515	103
516	109
517	94
518	93
519	97
520	90
521	85
522	86
523	94
524	101
525	99
526	101
527	112
528	109
529	111
530	108
531	110
532	98
533	106
534	102
535	97
536	74
537	101
538	98
539	88
540	112
541	103
542	84
543	93
544	85
545	83
546	96
547	97
548	83
549	97
550	98
551	96
552	94
553	78
554	86
555	87
556	82
557	98
558	77
559	92
560	68
561	83
562	103
563	99
564	82
565	88
566	82
567	98
568	73
569	92
570	93
571	64
572	94
573	84
574	99
575	101
576	100
577	82
578	94
579	88
580	100
581	90
582	118
583	118
584	94
585	104
586	84
587	94
588	94
589	93
590	108
591	102
592	120
593	108
594	106
595	106
596	103
597	109
598	123
599	105
600	113
601	127
602	80
603	107
604	110
605	84
606	91
607	102
608	85
609	114
610	121
611	91
612	108
613	124
614	105
615	111
616	132
617	94
618	106
619	106
620	118
621	97
622	118
623	103
624	104
625	126
626	128
627	117
628	110
629	102
630	99
631	122
632	120
633	127
634	102
635	114
636	114
637	102
638	114
639	103
640	115
641	125
642	103
643	127
644	118
645	122
646	104
647	119
648	109
649	118
650	118
651	131
652	129
653	140
654	109
655	110
656	137
657	131
658	134
659	125
660	109
661	112
662	122
663	126
664	116
665	113
666	106
667	146
668	113
669	118
670	105
671	125
672	108
673	136
674	105
675	107
676	119
677	124
678	120
679	122
680	127
681	118
682	122
683	112
684	124
685	138
686	103
687	119
688	126
689	121
690	117
691	132
692	138
693	132
694	135
695	124
696	106
697	140
698	139
699	138
700	142
701	133
702	137
703	148
704	141
705	124
706	122
707	118
708	127
709	142
710	135
711	133
712	144
713	146
714	136
715	149
716	115
717	137
718	129
719	131
720	133
721	141
722	142
723	123
724	145
725	144
726	141
727	134
728	139
729	157
730	138
731	133
732	150
733	149
734	149
735	122
736	157
737	154
738	160
739	144
740	152
741	131
742	134
743	141
744	139
745	134
746	157
747	138
748	151
749	130
750	137
751	142
752	122
753	142
754	126
755	145
756	127
757	128
758	144
759	144
760	132
761	141
762	160
763	188
764	186
765	155
766	191
767	211
768	235
769	253
770	305
771	272
772	323
773	318
774	309
775	305
776	299
777	281
778	239
779	247
780	204
781	181
782	162
783	166
784	172
785	150
786	137
787	130
788	157
789	154
790	134
791	165
792	165
793	144
794	154
795	125
796	131
797	160
798	135
799	155
800	160
801	142
802	125
803	148
804	169
805	138
806	139
807	168
808	147
809	161
810	130
811	131
812	163
813	143
814	148
815	152
816	139
817	157
818	148
819	157
820	170
821	158
822	160
823	137
824	148
825	128
826	133
827	151
828	165
829	132
830	148
831	171
832	165
833	164
834	138
835	147
836	150
837	124
838	144
839	171
840	168
841	151
842	152
843	171
844	169
845	156
846	148
847	155
848	156
849	148
850	168
851	186
852	194
853	184
854	189
855	177
856	191
857	193
858	184
859	212
860	220
861	213
862	217
863	219
864	231
865	224
866	266
867	227
868	242
869	214
870	228
871	238
872	218
873	211
874	230
875	240
876	249
877	266
878	255
879	302
880	264
881	296
882	348
883	344
884	350
885	407
886	393
887	378
888	438
889	483
890	484
891	463
892	547
893	531
894	522
895	532
896	558
897	588
898	609
899	600
900	606
901	567
902	594
903	598
904	584
905	524
906	588
907	589
908	533
909	537
910	519
911	469
912	485
913	454
914	398
915	408
916	354
917	328
918	292
919	330
920	287
921	240
922	271
923	236
924	249
925	241
926	198
927	217
928	201
929	185
930	204
931	179
932	194
933	179
934	190
935	156
936	176
937	175
938	169
939	187
940	196
941	194
942	208
943	229
944	240
945	260
946	312
947	311
948	359
949	384
950	416
951	417
952	434
953	453
954	464
955	457
956	413
957	400
958	353
959	326
960	255
961	302
962	250
963	223
964	212
965	185
966	183
967	163
968	121
969	138
970	115
971	133
972	124
973	133
974	150
975	152
976	128
977	135
978	139
979	143
980	148
981	125
982	150
983	145
984	152
985	142
986	144
987	135
988	166
989	160
990	164
991	163
992	153
993	165
994	174
995	172
996	170
997	167
998	171
999	180
1000	187
1001	190
1002	196
1003	197
1004	171
1005	212
1006	172
1007	177
1008	165
1009	180
1010	190
1011	193
1012	168
1013	168
1014	156
1015	145
1016	178
1017	153
1018	136
1019	142
1020	147
1021	117
1022	131
1023	120
1024	119
