Date:	09/05/2018		Time:	10:58		Version no:	0.00		Project name:	55		Sample name:	222		Section name:	section		Position	218.000031	mm	E0	0.000000	keV	E1	1.000000	keV/channel	sample surface	5.979557	cm	Tube anode:	Mo		Tube voltage:	30	kV	Tube current:	50	mA	gain	10		std. database			resultfile	result		matrix element	11		sample thickness	1.000000		air passage	0.560000	cm	comments	in position		peaking_time	2.200000	m-sec	trigger_threshold	547.363281	V	mca_bin_width	22.090000	no:	number_mca_channels	1024.000000	no:	gap_time	0.150000	m-sec	trigger_peaking_time	0.200000	m-sec	GAINDAC	18610		HIGHGAIN	1		TAURC	1		RCTAU	1		RCTAUFRAC	1		livetime	9.386130	seconds	runtime	10.000492	seconds	input_count_rate	26249.582043	cps	output_count_rate	21137.960012	cps	triggers	246382	seconds	events_in_run	211390	seconds	channel	content		1	0
2	0
3	0
4	0
5	0
6	0
7	0
8	0
9	0
10	0
11	0
12	0
13	0
14	0
15	0
16	0
17	0
18	0
19	0
20	0
21	0
22	0
23	0
24	0
25	0
26	0
27	0
28	0
29	0
30	0
31	17
32	18
33	12
34	11
35	19
36	13
37	17
38	12
39	19
40	9
41	16
42	15
43	22
44	14
45	15
46	17
47	19
48	12
49	14
50	14
51	22
52	15
53	12
54	15
55	7
56	14
57	16
58	11
59	15
60	18
61	11
62	7
63	10
64	4
65	9
66	13
67	10
68	13
69	8
70	12
71	8
72	9
73	7
74	4
75	7
76	6
77	4
78	12
79	10
80	10
81	8
82	8
83	10
84	10
85	12
86	8
87	5
88	5
89	5
90	8
91	6
92	9
93	8
94	19
95	20
96	23
97	36
98	16
99	21
100	19
101	7
102	8
103	4
104	8
105	10
106	13
107	9
108	15
109	11
110	16
111	7
112	6
113	7
114	2
115	8
116	3
117	4
118	4
119	2
120	4
121	8
122	7
123	5
124	1
125	10
126	3
127	2
128	10
129	3
130	7
131	6
132	1
133	5
134	0
135	3
136	6
137	6
138	3
139	1
140	6
141	5
142	3
143	4
144	7
145	2
146	5
147	5
148	4
149	5
150	10
151	4
152	11
153	1
154	2
155	8
156	5
157	4
158	9
159	5
160	14
161	17
162	29
163	20
164	30
165	17
166	18
167	8
168	8
169	7
170	3
171	4
172	8
173	2
174	6
175	8
176	9
177	10
178	18
179	17
180	23
181	27
182	29
183	16
184	26
185	20
186	8
187	6
188	6
189	3
190	4
191	5
192	6
193	6
194	11
195	22
196	30
197	80
198	101
199	177
200	265
201	371
202	391
203	438
204	362
205	327
206	219
207	171
208	94
209	45
210	25
211	11
212	5
213	12
214	18
215	19
216	31
217	43
218	61
219	67
220	87
221	62
222	73
223	43
224	41
225	37
226	15
227	7
228	11
229	7
230	4
231	5
232	5
233	6
234	8
235	7
236	7
237	5
238	13
239	11
240	19
241	21
242	39
243	82
244	95
245	130
246	203
247	184
248	191
249	166
250	145
251	130
252	81
253	73
254	61
255	46
256	38
257	47
258	28
259	23
260	20
261	11
262	13
263	13
264	19
265	22
266	27
267	42
268	45
269	56
270	42
271	44
272	42
273	45
274	30
275	36
276	28
277	23
278	9
279	13
280	6
281	10
282	18
283	10
284	16
285	11
286	16
287	17
288	15
289	23
290	17
291	28
292	16
293	21
294	21
295	27
296	18
297	20
298	21
299	17
300	19
301	19
302	20
303	15
304	11
305	17
306	13
307	18
308	6
309	6
310	15
311	13
312	17
313	21
314	26
315	16
316	30
317	27
318	40
319	56
320	61
321	93
322	98
323	107
324	99
325	101
326	71
327	68
328	63
329	48
330	36
331	38
332	35
333	29
334	38
335	27
336	34
337	42
338	50
339	76
340	141
341	232
342	416
343	750
344	1253
345	2119
346	3278
347	4707
348	6048
349	7504
350	8087
351	8274
352	8087
353	7050
354	5594
355	4174
356	2838
357	1768
358	1083
359	567
360	314
361	182
362	92
363	62
364	38
365	56
366	38
367	31
368	42
369	54
370	44
371	51
372	59
373	63
374	75
375	75
376	92
377	130
378	152
379	231
380	360
381	499
382	696
383	918
384	1098
385	1296
386	1425
387	1392
388	1314
389	1084
390	892
391	642
392	487
393	311
394	227
395	112
396	99
397	43
398	33
399	45
400	23
401	27
402	36
403	34
404	30
405	38
406	37
407	49
408	36
409	38
410	53
411	51
412	44
413	44
414	36
415	28
416	36
417	25
418	42
419	48
420	27
421	31
422	42
423	36
424	33
425	34
426	47
427	46
428	32
429	32
430	37
431	38
432	48
433	45
434	53
435	57
436	54
437	68
438	67
439	82
440	79
441	103
442	87
443	76
444	71
445	81
446	76
447	50
448	74
449	62
450	72
451	69
452	70
453	61
454	72
455	77
456	90
457	90
458	92
459	84
460	105
461	93
462	103
463	76
464	75
465	74
466	48
467	69
468	69
469	72
470	67
471	70
472	72
473	69
474	54
475	71
476	70
477	90
478	60
479	65
480	65
481	57
482	73
483	69
484	61
485	79
486	59
487	64
488	63
489	65
490	57
491	66
492	71
493	70
494	66
495	62
496	56
497	64
498	56
499	75
500	71
501	75
502	80
503	77
504	70
505	81
506	78
507	73
508	75
509	90
510	75
511	83
512	87
513	88
514	97
515	96
516	93
517	87
518	81
519	101
520	103
521	98
522	93
523	111
524	102
525	106
526	125
527	115
528	106
529	92
530	112
531	114
532	87
533	103
534	82
535	106
536	113
537	86
538	92
539	96
540	89
541	72
542	97
543	86
544	90
545	79
546	98
547	99
548	79
549	84
550	83
551	98
552	79
553	83
554	79
555	90
556	73
557	74
558	74
559	82
560	87
561	73
562	83
563	79
564	94
565	84
566	86
567	89
568	92
569	81
570	93
571	80
572	99
573	90
574	73
575	84
576	100
577	99
578	98
579	108
580	99
581	85
582	100
583	86
584	95
585	113
586	100
587	97
588	76
589	105
590	103
591	93
592	94
593	101
594	100
595	91
596	82
597	95
598	112
599	109
600	109
601	99
602	106
603	112
604	95
605	94
606	111
607	97
608	96
609	102
610	98
611	94
612	104
613	106
614	120
615	111
616	102
617	112
618	119
619	108
620	112
621	105
622	107
623	88
624	105
625	120
626	119
627	105
628	107
629	118
630	102
631	116
632	106
633	117
634	105
635	122
636	109
637	110
638	107
639	125
640	114
641	110
642	89
643	103
644	123
645	108
646	90
647	117
648	132
649	139
650	123
651	114
652	132
653	123
654	108
655	133
656	131
657	121
658	111
659	117
660	129
661	120
662	108
663	101
664	118
665	107
666	136
667	129
668	124
669	122
670	101
671	120
672	109
673	113
674	134
675	139
676	124
677	140
678	126
679	124
680	133
681	113
682	132
683	124
684	111
685	117
686	133
687	123
688	146
689	131
690	128
691	138
692	140
693	133
694	136
695	129
696	112
697	127
698	138
699	144
700	138
701	164
702	138
703	143
704	134
705	141
706	123
707	130
708	134
709	145
710	133
711	129
712	140
713	127
714	137
715	123
716	115
717	139
718	133
719	123
720	130
721	134
722	143
723	154
724	158
725	152
726	157
727	149
728	145
729	144
730	122
731	123
732	145
733	185
734	139
735	126
736	132
737	116
738	149
739	127
740	134
741	135
742	149
743	118
744	145
745	134
746	139
747	147
748	135
749	138
750	149
751	154
752	126
753	135
754	146
755	146
756	144
757	139
758	148
759	143
760	145
761	160
762	154
763	177
764	191
765	184
766	224
767	210
768	215
769	238
770	277
771	301
772	316
773	320
774	328
775	286
776	307
777	259
778	242
779	246
780	211
781	191
782	185
783	210
784	166
785	156
786	157
787	139
788	135
789	131
790	128
791	125
792	141
793	158
794	133
795	148
796	135
797	142
798	147
799	146
800	145
801	133
802	142
803	144
804	137
805	141
806	159
807	149
808	153
809	159
810	176
811	157
812	140
813	157
814	150
815	168
816	172
817	151
818	191
819	135
820	160
821	155
822	165
823	161
824	145
825	143
826	135
827	149
828	137
829	164
830	175
831	160
832	163
833	171
834	161
835	159
836	153
837	160
838	147
839	141
840	152
841	149
842	154
843	158
844	155
845	130
846	163
847	164
848	195
849	164
850	153
851	169
852	180
853	201
854	183
855	178
856	204
857	181
858	199
859	197
860	194
861	195
862	208
863	222
864	195
865	224
866	221
867	252
868	244
869	248
870	259
871	217
872	211
873	225
874	245
875	234
876	263
877	275
878	258
879	272
880	279
881	277
882	307
883	347
884	372
885	334
886	363
887	438
888	451
889	456
890	454
891	494
892	457
893	515
894	545
895	603
896	552
897	571
898	621
899	626
900	619
901	583
902	583
903	605
904	567
905	602
906	593
907	579
908	494
909	539
910	525
911	487
912	471
913	436
914	403
915	381
916	380
917	353
918	305
919	308
920	286
921	288
922	241
923	250
924	246
925	211
926	246
927	230
928	204
929	192
930	193
931	205
932	193
933	179
934	173
935	156
936	148
937	185
938	181
939	201
940	173
941	189
942	199
943	224
944	230
945	280
946	268
947	329
948	295
949	354
950	414
951	406
952	425
953	458
954	474
955	451
956	399
957	390
958	422
959	360
960	308
961	281
962	224
963	212
964	191
965	171
966	158
967	159
968	147
969	124
970	133
971	145
972	134
973	136
974	158
975	132
976	142
977	131
978	128
979	128
980	134
981	112
982	146
983	122
984	130
985	125
986	151
987	146
988	143
989	155
990	166
991	168
992	158
993	149
994	149
995	167
996	162
997	173
998	174
999	207
1000	175
1001	177
1002	186
1003	182
1004	199
1005	179
1006	172
1007	214
1008	184
1009	189
1010	185
1011	161
1012	181
1013	176
1014	174
1015	156
1016	157
1017	155
1018	149
1019	147
1020	159
1021	135
1022	133
1023	127
1024	123
