Date:	09/05/2018		Time:	11:13		Version no:	0.00		Project name:	55		Sample name:	222		Section name:	section		Position	233.800034	mm	E0	0.000000	keV	E1	1.000000	keV/channel	sample surface	6.096212	cm	Tube anode:	Mo		Tube voltage:	30	kV	Tube current:	50	mA	gain	10		std. database			resultfile	result		matrix element	11		sample thickness	1.000000		air passage	0.560000	cm	comments	in position		peaking_time	2.200000	m-sec	trigger_threshold	547.363281	V	mca_bin_width	22.090000	no:	number_mca_channels	1024.000000	no:	gap_time	0.150000	m-sec	trigger_peaking_time	0.200000	m-sec	GAINDAC	18610		HIGHGAIN	1		TAURC	1		RCTAU	1		RCTAUFRAC	1		livetime	9.432772	seconds	runtime	10.000497	seconds	input_count_rate	23592.746650	cps	output_count_rate	19325.839892	cps	triggers	222545	seconds	events_in_run	193268	seconds	channel	content		1	0
2	0
3	0
4	0
5	0
6	0
7	0
8	0
9	0
10	0
11	0
12	0
13	0
14	0
15	0
16	0
17	0
18	0
19	0
20	0
21	0
22	0
23	0
24	0
25	0
26	0
27	0
28	0
29	0
30	0
31	17
32	12
33	11
34	12
35	7
36	14
37	21
38	7
39	15
40	14
41	13
42	9
43	10
44	8
45	5
46	10
47	12
48	17
49	21
50	13
51	15
52	10
53	14
54	11
55	8
56	12
57	11
58	11
59	11
60	9
61	8
62	14
63	13
64	11
65	6
66	11
67	3
68	10
69	11
70	10
71	3
72	7
73	6
74	4
75	6
76	7
77	12
78	10
79	5
80	7
81	14
82	18
83	15
84	13
85	10
86	9
87	8
88	3
89	7
90	5
91	4
92	12
93	8
94	15
95	18
96	18
97	13
98	9
99	11
100	13
101	8
102	12
103	7
104	5
105	4
106	8
107	8
108	11
109	12
110	8
111	9
112	5
113	8
114	6
115	2
116	4
117	6
118	3
119	4
120	5
121	7
122	6
123	3
124	6
125	7
126	3
127	3
128	8
129	0
130	7
131	4
132	1
133	4
134	4
135	8
136	6
137	4
138	3
139	8
140	5
141	2
142	3
143	8
144	1
145	1
146	4
147	3
148	0
149	9
150	6
151	7
152	4
153	4
154	1
155	3
156	6
157	9
158	12
159	8
160	20
161	24
162	29
163	29
164	22
165	17
166	12
167	12
168	5
169	1
170	7
171	5
172	4
173	5
174	3
175	4
176	5
177	11
178	14
179	18
180	18
181	18
182	29
183	28
184	32
185	21
186	11
187	5
188	11
189	11
190	5
191	3
192	3
193	8
194	8
195	13
196	31
197	58
198	95
199	147
200	201
201	304
202	349
203	379
204	360
205	296
206	243
207	147
208	82
209	43
210	27
211	16
212	6
213	7
214	8
215	20
216	24
217	31
218	34
219	57
220	62
221	70
222	63
223	55
224	41
225	25
226	13
227	12
228	5
229	1
230	4
231	4
232	7
233	0
234	3
235	5
236	4
237	5
238	6
239	11
240	17
241	25
242	36
243	70
244	81
245	117
246	144
247	177
248	174
249	118
250	135
251	107
252	83
253	66
254	42
255	40
256	27
257	21
258	30
259	16
260	17
261	13
262	10
263	9
264	16
265	14
266	17
267	35
268	30
269	51
270	41
271	54
272	47
273	37
274	32
275	27
276	26
277	21
278	10
279	10
280	12
281	9
282	10
283	8
284	15
285	16
286	16
287	13
288	14
289	13
290	19
291	22
292	23
293	20
294	20
295	23
296	24
297	26
298	13
299	16
300	16
301	18
302	19
303	11
304	10
305	14
306	10
307	16
308	11
309	10
310	19
311	10
312	14
313	15
314	13
315	13
316	19
317	31
318	36
319	48
320	52
321	62
322	75
323	84
324	62
325	69
326	60
327	53
328	49
329	45
330	26
331	19
332	36
333	35
334	20
335	38
336	43
337	34
338	47
339	70
340	101
341	191
342	363
343	656
344	1089
345	1792
346	2727
347	3914
348	5148
349	6207
350	6815
351	6950
352	6670
353	5909
354	4652
355	3560
356	2430
357	1573
358	946
359	468
360	252
361	152
362	68
363	60
364	40
365	29
366	33
367	40
368	27
369	29
370	43
371	38
372	57
373	51
374	58
375	71
376	83
377	122
378	140
379	231
380	275
381	440
382	604
383	755
384	955
385	1089
386	1162
387	1220
388	1112
389	912
390	791
391	547
392	417
393	289
394	200
395	105
396	76
397	51
398	26
399	31
400	32
401	27
402	23
403	22
404	34
405	30
406	30
407	42
408	36
409	50
410	37
411	41
412	31
413	36
414	34
415	40
416	36
417	31
418	38
419	43
420	44
421	36
422	33
423	29
424	40
425	29
426	41
427	40
428	38
429	32
430	46
431	37
432	37
433	44
434	47
435	45
436	56
437	73
438	64
439	78
440	75
441	73
442	89
443	81
444	76
445	76
446	92
447	74
448	69
449	63
450	61
451	49
452	63
453	70
454	82
455	76
456	82
457	100
458	83
459	85
460	97
461	89
462	87
463	76
464	70
465	73
466	54
467	57
468	72
469	56
470	69
471	67
472	66
473	64
474	85
475	68
476	58
477	63
478	56
479	65
480	68
481	56
482	69
483	53
484	68
485	54
486	51
487	63
488	52
489	81
490	56
491	55
492	64
493	61
494	51
495	55
496	61
497	87
498	64
499	61
500	63
501	71
502	75
503	66
504	80
505	85
506	78
507	96
508	82
509	91
510	75
511	93
512	93
513	90
514	58
515	89
516	75
517	77
518	75
519	95
520	81
521	103
522	82
523	93
524	94
525	107
526	104
527	113
528	103
529	115
530	100
531	118
532	93
533	97
534	92
535	97
536	80
537	86
538	76
539	75
540	87
541	88
542	88
543	101
544	90
545	81
546	92
547	90
548	88
549	96
550	90
551	80
552	83
553	80
554	61
555	74
556	88
557	66
558	70
559	98
560	89
561	83
562	82
563	82
564	72
565	81
566	74
567	82
568	89
569	82
570	73
571	91
572	74
573	87
574	85
575	74
576	88
577	77
578	95
579	80
580	94
581	89
582	96
583	90
584	78
585	90
586	77
587	104
588	103
589	89
590	117
591	105
592	102
593	104
594	98
595	120
596	89
597	108
598	104
599	104
600	111
601	107
602	89
603	107
604	89
605	91
606	90
607	101
608	110
609	84
610	103
611	111
612	94
613	110
614	94
615	118
616	102
617	122
618	109
619	98
620	115
621	110
622	95
623	116
624	103
625	126
626	94
627	90
628	113
629	116
630	104
631	116
632	112
633	123
634	105
635	121
636	107
637	106
638	121
639	101
640	101
641	109
642	112
643	121
644	113
645	114
646	108
647	114
648	116
649	118
650	112
651	116
652	111
653	103
654	123
655	126
656	128
657	126
658	104
659	109
660	106
661	102
662	106
663	88
664	118
665	110
666	120
667	136
668	124
669	109
670	132
671	119
672	107
673	120
674	100
675	134
676	121
677	121
678	131
679	116
680	100
681	106
682	126
683	122
684	122
685	134
686	117
687	130
688	113
689	128
690	126
691	118
692	117
693	126
694	130
695	133
696	132
697	143
698	139
699	122
700	116
701	139
702	136
703	125
704	138
705	126
706	125
707	124
708	135
709	123
710	137
711	140
712	112
713	140
714	132
715	131
716	125
717	136
718	112
719	132
720	139
721	148
722	130
723	148
724	119
725	144
726	114
727	124
728	118
729	116
730	131
731	126
732	134
733	146
734	128
735	140
736	153
737	138
738	122
739	143
740	126
741	134
742	134
743	144
744	140
745	145
746	138
747	143
748	144
749	141
750	118
751	130
752	129
753	131
754	156
755	138
756	149
757	142
758	152
759	123
760	121
761	133
762	131
763	161
764	173
765	188
766	210
767	232
768	234
769	245
770	294
771	318
772	304
773	339
774	341
775	311
776	292
777	284
778	276
779	267
780	184
781	209
782	187
783	175
784	164
785	170
786	158
787	146
788	137
789	132
790	144
791	153
792	137
793	147
794	141
795	122
796	120
797	143
798	133
799	146
800	140
801	116
802	157
803	133
804	146
805	148
806	155
807	158
808	137
809	155
810	159
811	139
812	152
813	148
814	153
815	159
816	162
817	147
818	156
819	160
820	161
821	171
822	141
823	129
824	153
825	145
826	144
827	162
828	162
829	151
830	145
831	147
832	136
833	142
834	148
835	135
836	138
837	169
838	142
839	153
840	164
841	177
842	179
843	170
844	153
845	171
846	164
847	154
848	143
849	160
850	158
851	173
852	180
853	167
854	178
855	169
856	178
857	193
858	198
859	205
860	200
861	225
862	238
863	229
864	242
865	236
866	221
867	257
868	216
869	214
870	238
871	241
872	213
873	204
874	238
875	242
876	254
877	226
878	247
879	268
880	282
881	302
882	284
883	342
884	330
885	377
886	391
887	397
888	397
889	484
890	451
891	474
892	484
893	496
894	543
895	563
896	561
897	554
898	587
899	575
900	556
901	567
902	530
903	555
904	579
905	529
906	554
907	518
908	523
909	483
910	437
911	454
912	396
913	445
914	383
915	358
916	338
917	350
918	285
919	298
920	285
921	287
922	274
923	268
924	226
925	224
926	206
927	209
928	186
929	193
930	189
931	177
932	186
933	187
934	186
935	170
936	163
937	161
938	147
939	180
940	191
941	208
942	207
943	211
944	228
945	252
946	299
947	310
948	323
949	352
950	380
951	404
952	446
953	419
954	401
955	411
956	434
957	347
958	364
959	317
960	307
961	271
962	260
963	220
964	198
965	186
966	153
967	142
968	163
969	151
970	149
971	135
972	116
973	115
974	106
975	115
976	129
977	131
978	122
979	142
980	167
981	128
982	134
983	160
984	159
985	121
986	147
987	150
988	138
989	146
990	161
991	158
992	154
993	155
994	167
995	168
996	165
997	181
998	176
999	174
1000	182
1001	167
1002	191
1003	179
1004	215
1005	181
1006	191
1007	184
1008	173
1009	183
1010	162
1011	184
1012	205
1013	155
1014	170
1015	167
1016	144
1017	146
1018	139
1019	133
1020	141
1021	149
1022	156
1023	133
1024	131
