Date:	09/05/2018		Time:	10:06		Version no:	0.00		Project name:	55		Sample name:	222		Section name:	section		Position	163.200027	mm	E0	0.000000	keV	E1	1.000000	keV/channel	sample surface	6.477795	cm	Tube anode:	Mo		Tube voltage:	30	kV	Tube current:	50	mA	gain	10		std. database			resultfile	result		matrix element	11		sample thickness	1.000000		air passage	0.560000	cm	comments	in position		peaking_time	2.200000	m-sec	trigger_threshold	547.363281	V	mca_bin_width	22.090000	no:	number_mca_channels	1024.000000	no:	gap_time	0.150000	m-sec	trigger_peaking_time	0.200000	m-sec	GAINDAC	18610		HIGHGAIN	1		TAURC	1		RCTAU	1		RCTAUFRAC	1		livetime	9.429669	seconds	runtime	10.000491	seconds	input_count_rate	24532.568949	cps	output_count_rate	20035.815841	cps	triggers	231334	seconds	events_in_run	200368	seconds	channel	content		1	0
2	0
3	0
4	0
5	0
6	0
7	0
8	0
9	0
10	0
11	0
12	0
13	0
14	0
15	0
16	0
17	0
18	0
19	0
20	0
21	0
22	0
23	0
24	0
25	0
26	0
27	0
28	0
29	0
30	0
31	10
32	12
33	13
34	11
35	11
36	15
37	10
38	17
39	13
40	23
41	13
42	13
43	12
44	15
45	12
46	17
47	13
48	14
49	10
50	15
51	12
52	8
53	19
54	14
55	9
56	14
57	12
58	14
59	12
60	17
61	14
62	13
63	7
64	14
65	9
66	10
67	10
68	4
69	15
70	4
71	6
72	4
73	6
74	8
75	5
76	11
77	11
78	4
79	8
80	8
81	11
82	14
83	9
84	19
85	9
86	10
87	7
88	6
89	4
90	13
91	3
92	13
93	14
94	18
95	18
96	16
97	17
98	20
99	10
100	11
101	9
102	5
103	1
104	4
105	5
106	4
107	13
108	9
109	7
110	6
111	8
112	5
113	10
114	5
115	7
116	2
117	7
118	5
119	4
120	5
121	7
122	7
123	10
124	4
125	4
126	6
127	9
128	7
129	0
130	8
131	5
132	7
133	5
134	1
135	3
136	5
137	5
138	3
139	5
140	8
141	4
142	2
143	3
144	0
145	2
146	3
147	7
148	7
149	5
150	6
151	0
152	4
153	9
154	4
155	4
156	7
157	6
158	9
159	18
160	19
161	28
162	29
163	26
164	24
165	16
166	20
167	10
168	6
169	4
170	7
171	4
172	6
173	6
174	6
175	9
176	4
177	12
178	16
179	16
180	20
181	20
182	27
183	24
184	20
185	20
186	9
187	12
188	5
189	7
190	8
191	3
192	9
193	4
194	6
195	21
196	38
197	67
198	120
199	168
200	246
201	322
202	397
203	410
204	361
205	313
206	249
207	151
208	100
209	51
210	26
211	20
212	9
213	7
214	17
215	23
216	26
217	32
218	50
219	58
220	61
221	82
222	71
223	54
224	38
225	26
226	18
227	22
228	7
229	7
230	4
231	8
232	5
233	7
234	7
235	8
236	5
237	7
238	15
239	22
240	19
241	27
242	42
243	71
244	111
245	156
246	186
247	221
248	221
249	200
250	202
251	149
252	118
253	72
254	83
255	48
256	30
257	41
258	31
259	26
260	14
261	18
262	13
263	10
264	13
265	20
266	19
267	36
268	38
269	47
270	46
271	53
272	43
273	37
274	39
275	37
276	19
277	18
278	10
279	11
280	16
281	12
282	12
283	17
284	12
285	9
286	12
287	7
288	18
289	19
290	12
291	17
292	20
293	16
294	17
295	20
296	23
297	14
298	26
299	12
300	17
301	11
302	17
303	15
304	18
305	11
306	13
307	14
308	22
309	12
310	13
311	20
312	15
313	19
314	17
315	26
316	36
317	48
318	52
319	101
320	126
321	143
322	165
323	188
324	196
325	160
326	127
327	107
328	98
329	54
330	51
331	48
332	37
333	31
334	25
335	27
336	49
337	44
338	49
339	75
340	112
341	214
342	404
343	675
344	1262
345	2018
346	3152
347	4436
348	5859
349	7117
350	7965
351	8108
352	7906
353	6732
354	5511
355	4210
356	2826
357	1761
358	1096
359	620
360	336
361	168
362	96
363	60
364	53
365	42
366	43
367	45
368	45
369	40
370	33
371	34
372	56
373	56
374	62
375	61
376	85
377	122
378	166
379	213
380	331
381	454
382	603
383	846
384	1085
385	1227
386	1371
387	1396
388	1245
389	1089
390	874
391	682
392	480
393	285
394	173
395	119
396	64
397	57
398	20
399	27
400	19
401	22
402	24
403	26
404	34
405	32
406	29
407	32
408	42
409	39
410	30
411	30
412	42
413	30
414	33
415	27
416	39
417	25
418	29
419	35
420	32
421	32
422	36
423	24
424	28
425	25
426	30
427	36
428	28
429	31
430	52
431	31
432	39
433	37
434	49
435	41
436	32
437	54
438	49
439	62
440	64
441	61
442	71
443	68
444	62
445	59
446	62
447	58
448	58
449	69
450	65
451	58
452	52
453	73
454	64
455	71
456	84
457	97
458	85
459	87
460	77
461	94
462	82
463	70
464	74
465	67
466	64
467	54
468	47
469	71
470	66
471	60
472	85
473	57
474	75
475	54
476	62
477	48
478	62
479	43
480	54
481	53
482	57
483	44
484	64
485	54
486	70
487	37
488	57
489	48
490	66
491	60
492	49
493	50
494	61
495	57
496	55
497	56
498	61
499	75
500	70
501	62
502	62
503	82
504	89
505	82
506	85
507	70
508	68
509	87
510	85
511	84
512	80
513	96
514	84
515	80
516	94
517	80
518	71
519	101
520	81
521	81
522	82
523	79
524	78
525	99
526	83
527	98
528	109
529	102
530	98
531	90
532	91
533	98
534	67
535	75
536	72
537	75
538	63
539	91
540	80
541	78
542	75
543	82
544	84
545	65
546	85
547	91
548	77
549	66
550	76
551	80
552	73
553	69
554	60
555	74
556	70
557	66
558	69
559	75
560	81
561	79
562	67
563	78
564	76
565	75
566	86
567	87
568	74
569	82
570	79
571	73
572	79
573	71
574	76
575	92
576	72
577	99
578	85
579	87
580	69
581	102
582	78
583	101
584	82
585	80
586	91
587	97
588	99
589	81
590	94
591	94
592	105
593	80
594	102
595	91
596	94
597	98
598	99
599	99
600	97
601	95
602	93
603	99
604	106
605	92
606	106
607	83
608	86
609	130
610	89
611	115
612	94
613	104
614	89
615	110
616	100
617	104
618	107
619	90
620	97
621	110
622	115
623	95
624	96
625	100
626	87
627	105
628	123
629	95
630	97
631	95
632	110
633	93
634	105
635	89
636	119
637	98
638	100
639	104
640	97
641	104
642	102
643	114
644	130
645	102
646	124
647	106
648	136
649	106
650	124
651	106
652	109
653	118
654	115
655	96
656	134
657	105
658	94
659	95
660	105
661	104
662	98
663	105
664	112
665	102
666	114
667	111
668	96
669	98
670	108
671	103
672	123
673	105
674	109
675	132
676	103
677	108
678	103
679	122
680	99
681	113
682	114
683	107
684	122
685	134
686	114
687	118
688	115
689	121
690	113
691	107
692	119
693	121
694	105
695	126
696	146
697	135
698	125
699	114
700	168
701	118
702	99
703	129
704	131
705	122
706	127
707	111
708	120
709	130
710	114
711	128
712	135
713	119
714	119
715	129
716	129
717	121
718	121
719	127
720	124
721	135
722	118
723	153
724	114
725	137
726	106
727	127
728	126
729	125
730	139
731	131
732	142
733	150
734	139
735	138
736	112
737	126
738	106
739	139
740	136
741	132
742	157
743	154
744	131
745	166
746	142
747	132
748	124
749	122
750	127
751	121
752	142
753	129
754	139
755	120
756	144
757	133
758	147
759	122
760	137
761	151
762	155
763	158
764	147
765	174
766	162
767	208
768	209
769	230
770	241
771	263
772	272
773	293
774	293
775	243
776	297
777	251
778	238
779	209
780	191
781	160
782	179
783	163
784	156
785	135
786	155
787	133
788	120
789	119
790	142
791	133
792	141
793	127
794	126
795	135
796	126
797	143
798	108
799	124
800	114
801	131
802	120
803	116
804	136
805	138
806	134
807	122
808	133
809	138
810	132
811	130
812	150
813	162
814	130
815	139
816	138
817	140
818	136
819	152
820	134
821	157
822	142
823	126
824	143
825	156
826	164
827	143
828	152
829	129
830	131
831	143
832	137
833	132
834	152
835	147
836	153
837	151
838	182
839	146
840	155
841	136
842	159
843	159
844	167
845	163
846	133
847	140
848	154
849	157
850	153
851	155
852	159
853	159
854	171
855	181
856	196
857	194
858	197
859	199
860	204
861	211
862	218
863	219
864	207
865	234
866	216
867	202
868	201
869	188
870	212
871	247
872	186
873	218
874	226
875	238
876	212
877	244
878	250
879	263
880	284
881	282
882	290
883	301
884	360
885	323
886	351
887	352
888	418
889	399
890	451
891	418
892	468
893	497
894	533
895	511
896	501
897	558
898	546
899	558
900	539
901	571
902	587
903	537
904	483
905	534
906	531
907	501
908	474
909	448
910	503
911	438
912	456
913	377
914	370
915	338
916	320
917	297
918	300
919	289
920	289
921	256
922	242
923	232
924	227
925	212
926	201
927	212
928	185
929	181
930	188
931	170
932	165
933	156
934	157
935	153
936	143
937	165
938	174
939	156
940	165
941	170
942	203
943	196
944	226
945	248
946	257
947	296
948	343
949	344
950	379
951	407
952	420
953	405
954	417
955	428
956	380
957	365
958	359
959	325
960	317
961	253
962	219
963	210
964	210
965	164
966	156
967	138
968	133
969	112
970	116
971	128
972	109
973	126
974	115
975	116
976	129
977	127
978	126
979	130
980	147
981	129
982	148
983	137
984	130
985	124
986	126
987	130
988	135
989	154
990	147
991	140
992	161
993	146
994	167
995	154
996	144
997	152
998	176
999	178
1000	148
1001	154
1002	168
1003	176
1004	190
1005	176
1006	168
1007	165
1008	192
1009	176
1010	168
1011	172
1012	157
1013	139
1014	151
1015	144
1016	134
1017	121
1018	130
1019	141
1020	138
1021	136
1022	131
1023	140
1024	104
