Date:	09/05/2018		Time:	11:51		Version no:	0.00		Project name:	55		Sample name:	222		Section name:	section		Position	273.000031	mm	E0	0.000000	keV	E1	1.000000	keV/channel	sample surface	6.196781	cm	Tube anode:	Mo		Tube voltage:	30	kV	Tube current:	50	mA	gain	10		std. database			resultfile	result		matrix element	11		sample thickness	1.000000		air passage	0.560000	cm	comments	in position		peaking_time	2.200000	m-sec	trigger_threshold	547.363281	V	mca_bin_width	22.090000	no:	number_mca_channels	1024.000000	no:	gap_time	0.150000	m-sec	trigger_peaking_time	0.200000	m-sec	GAINDAC	18610		HIGHGAIN	1		TAURC	1		RCTAU	1		RCTAUFRAC	1		livetime	9.507894	seconds	runtime	10.000490	seconds	input_count_rate	20632.118085	cps	output_count_rate	17295.851811	cps	triggers	196168	seconds	events_in_run	172967	seconds	channel	content		1	0
2	0
3	0
4	0
5	0
6	0
7	0
8	0
9	0
10	0
11	0
12	0
13	0
14	0
15	0
16	0
17	0
18	0
19	0
20	0
21	0
22	0
23	0
24	0
25	0
26	0
27	0
28	0
29	0
30	0
31	13
32	15
33	13
34	9
35	8
36	18
37	9
38	10
39	20
40	13
41	10
42	14
43	9
44	12
45	17
46	8
47	15
48	18
49	13
50	13
51	14
52	12
53	9
54	13
55	9
56	13
57	8
58	11
59	11
60	13
61	6
62	8
63	1
64	9
65	12
66	8
67	10
68	13
69	13
70	7
71	9
72	10
73	2
74	9
75	8
76	6
77	8
78	7
79	5
80	10
81	10
82	7
83	12
84	3
85	4
86	6
87	8
88	3
89	5
90	5
91	5
92	9
93	11
94	10
95	12
96	16
97	9
98	10
99	7
100	6
101	6
102	7
103	9
104	9
105	7
106	11
107	9
108	10
109	10
110	6
111	12
112	7
113	4
114	4
115	6
116	2
117	4
118	4
119	4
120	5
121	8
122	4
123	7
124	4
125	4
126	6
127	4
128	8
129	3
130	4
131	3
132	3
133	3
134	5
135	2
136	4
137	3
138	3
139	3
140	4
141	7
142	6
143	6
144	5
145	5
146	3
147	5
148	3
149	6
150	3
151	3
152	5
153	6
154	3
155	7
156	5
157	4
158	5
159	11
160	17
161	35
162	35
163	24
164	21
165	24
166	23
167	10
168	11
169	5
170	3
171	3
172	2
173	4
174	15
175	10
176	9
177	5
178	9
179	20
180	15
181	21
182	19
183	11
184	18
185	15
186	10
187	8
188	6
189	8
190	2
191	4
192	5
193	6
194	7
195	6
196	18
197	43
198	71
199	117
200	173
201	230
202	296
203	282
204	290
205	224
206	168
207	120
208	66
209	40
210	18
211	11
212	12
213	7
214	15
215	21
216	26
217	27
218	30
219	46
220	60
221	59
222	33
223	32
224	35
225	25
226	13
227	10
228	5
229	6
230	6
231	3
232	9
233	2
234	2
235	3
236	3
237	8
238	9
239	7
240	15
241	19
242	37
243	54
244	112
245	125
246	153
247	177
248	171
249	145
250	137
251	116
252	74
253	67
254	45
255	39
256	41
257	22
258	26
259	22
260	15
261	13
262	11
263	7
264	10
265	15
266	7
267	28
268	36
269	28
270	40
271	39
272	35
273	31
274	24
275	26
276	20
277	13
278	9
279	14
280	6
281	9
282	9
283	14
284	7
285	10
286	6
287	10
288	10
289	12
290	10
291	15
292	17
293	9
294	9
295	16
296	17
297	14
298	22
299	20
300	13
301	19
302	10
303	9
304	4
305	13
306	13
307	9
308	13
309	12
310	10
311	8
312	24
313	13
314	16
315	11
316	20
317	31
318	42
319	53
320	66
321	86
322	111
323	118
324	113
325	111
326	80
327	61
328	49
329	27
330	34
331	17
332	35
333	26
334	33
335	33
336	26
337	36
338	47
339	39
340	90
341	135
342	309
343	648
344	989
345	1750
346	2621
347	3764
348	4790
349	5941
350	6434
351	6724
352	6352
353	5505
354	4367
355	3389
356	2329
357	1434
358	849
359	470
360	242
361	141
362	74
363	41
364	42
365	39
366	28
367	30
368	37
369	31
370	34
371	39
372	38
373	34
374	46
375	58
376	74
377	101
378	120
379	145
380	274
381	409
382	529
383	762
384	968
385	1038
386	1134
387	1096
388	1055
389	931
390	767
391	582
392	399
393	240
394	153
395	115
396	77
397	44
398	33
399	22
400	24
401	14
402	12
403	19
404	36
405	22
406	38
407	23
408	32
409	19
410	34
411	38
412	30
413	29
414	31
415	28
416	22
417	25
418	32
419	24
420	19
421	22
422	21
423	29
424	34
425	28
426	24
427	28
428	28
429	30
430	37
431	29
432	33
433	40
434	37
435	28
436	36
437	39
438	52
439	58
440	59
441	69
442	67
443	50
444	54
445	49
446	61
447	53
448	62
449	46
450	38
451	56
452	53
453	59
454	46
455	64
456	66
457	72
458	71
459	62
460	75
461	60
462	65
463	55
464	57
465	55
466	54
467	41
468	68
469	57
470	46
471	51
472	48
473	60
474	40
475	48
476	61
477	42
478	50
479	33
480	52
481	48
482	43
483	41
484	46
485	53
486	44
487	39
488	55
489	53
490	41
491	60
492	42
493	42
494	43
495	54
496	52
497	62
498	50
499	63
500	49
501	53
502	58
503	47
504	64
505	67
506	53
507	66
508	54
509	69
510	69
511	58
512	70
513	68
514	58
515	67
516	64
517	69
518	71
519	65
520	68
521	82
522	75
523	82
524	69
525	82
526	73
527	85
528	77
529	87
530	81
531	78
532	79
533	66
534	77
535	69
536	70
537	84
538	67
539	71
540	78
541	60
542	68
543	52
544	83
545	57
546	76
547	70
548	60
549	56
550	66
551	59
552	60
553	49
554	57
555	67
556	74
557	72
558	66
559	66
560	61
561	64
562	76
563	65
564	69
565	65
566	77
567	48
568	65
569	72
570	66
571	65
572	78
573	89
574	70
575	67
576	76
577	72
578	76
579	73
580	73
581	82
582	74
583	62
584	65
585	85
586	79
587	83
588	73
589	77
590	81
591	56
592	61
593	80
594	69
595	80
596	87
597	78
598	81
599	91
600	91
601	73
602	76
603	88
604	85
605	75
606	76
607	79
608	81
609	96
610	92
611	92
612	106
613	93
614	84
615	69
616	92
617	97
618	84
619	91
620	97
621	71
622	96
623	98
624	74
625	78
626	94
627	77
628	93
629	69
630	80
631	81
632	91
633	87
634	96
635	88
636	86
637	91
638	88
639	101
640	104
641	94
642	83
643	73
644	108
645	105
646	106
647	104
648	105
649	94
650	101
651	94
652	81
653	94
654	105
655	90
656	92
657	103
658	95
659	110
660	93
661	74
662	72
663	81
664	101
665	99
666	76
667	101
668	86
669	103
670	107
671	102
672	94
673	103
674	93
675	87
676	89
677	94
678	98
679	100
680	121
681	78
682	93
683	78
684	119
685	77
686	104
687	105
688	113
689	106
690	102
691	112
692	102
693	111
694	115
695	125
696	97
697	114
698	115
699	120
700	121
701	112
702	113
703	99
704	115
705	114
706	116
707	119
708	112
709	118
710	127
711	104
712	99
713	108
714	127
715	116
716	127
717	113
718	128
719	109
720	124
721	111
722	113
723	105
724	107
725	112
726	129
727	117
728	127
729	131
730	118
731	109
732	141
733	126
734	122
735	118
736	129
737	126
738	130
739	112
740	105
741	120
742	114
743	114
744	113
745	113
746	106
747	114
748	117
749	104
750	116
751	124
752	131
753	125
754	124
755	111
756	126
757	121
758	122
759	125
760	119
761	131
762	108
763	144
764	132
765	166
766	171
767	209
768	210
769	228
770	242
771	273
772	254
773	285
774	274
775	276
776	271
777	215
778	202
779	217
780	202
781	183
782	175
783	150
784	139
785	139
786	130
787	137
788	138
789	122
790	133
791	132
792	129
793	117
794	120
795	139
796	125
797	129
798	127
799	123
800	110
801	111
802	110
803	114
804	107
805	94
806	116
807	134
808	120
809	124
810	132
811	120
812	126
813	118
814	125
815	132
816	132
817	143
818	138
819	134
820	137
821	164
822	122
823	144
824	139
825	136
826	126
827	118
828	134
829	132
830	150
831	133
832	134
833	140
834	118
835	113
836	160
837	127
838	139
839	139
840	134
841	125
842	130
843	137
844	128
845	131
846	168
847	126
848	135
849	135
850	141
851	126
852	136
853	139
854	166
855	157
856	175
857	174
858	183
859	191
860	189
861	181
862	165
863	174
864	189
865	203
866	202
867	201
868	209
869	217
870	158
871	182
872	180
873	225
874	206
875	222
876	246
877	213
878	253
879	240
880	244
881	266
882	270
883	287
884	301
885	310
886	332
887	330
888	367
889	390
890	418
891	431
892	447
893	479
894	436
895	480
896	501
897	484
898	523
899	502
900	506
901	498
902	486
903	468
904	478
905	416
906	440
907	450
908	464
909	444
910	432
911	398
912	358
913	336
914	320
915	308
916	274
917	293
918	271
919	244
920	243
921	219
922	234
923	223
924	224
925	206
926	200
927	179
928	168
929	175
930	152
931	160
932	178
933	162
934	152
935	154
936	122
937	141
938	140
939	154
940	162
941	161
942	191
943	180
944	227
945	230
946	235
947	267
948	290
949	334
950	311
951	337
952	408
953	396
954	386
955	371
956	331
957	352
958	317
959	270
960	303
961	231
962	232
963	176
964	154
965	153
966	158
967	134
968	119
969	117
970	107
971	132
972	110
973	119
974	109
975	116
976	124
977	110
978	142
979	110
980	108
981	121
982	118
983	118
984	132
985	133
986	113
987	144
988	126
989	148
990	162
991	143
992	131
993	151
994	142
995	167
996	161
997	157
998	148
999	160
1000	143
1001	140
1002	151
1003	165
1004	171
1005	125
1006	171
1007	160
1008	153
1009	168
1010	136
1011	127
1012	121
1013	151
1014	140
1015	149
1016	131
1017	123
1018	143
1019	129
1020	125
1021	122
1022	87
1023	106
1024	91
