Date:	09/05/2018		Time:	09:37		Version no:	0.00		Project name:	55		Sample name:	222		Section name:	section		Position	132.000031	mm	E0	0.000000	keV	E1	1.000000	keV/channel	sample surface	6.419477	cm	Tube anode:	Mo		Tube voltage:	30	kV	Tube current:	50	mA	gain	10		std. database			resultfile	result		matrix element	11		sample thickness	1.000000		air passage	0.560000	cm	comments	in position		peaking_time	2.200000	m-sec	trigger_threshold	547.363281	V	mca_bin_width	22.090000	no:	number_mca_channels	1024.000000	no:	gap_time	0.150000	m-sec	trigger_peaking_time	0.200000	m-sec	GAINDAC	18610		HIGHGAIN	1		TAURC	1		RCTAU	1		RCTAUFRAC	1		livetime	9.394726	seconds	runtime	10.000490	seconds	input_count_rate	26790.029777	cps	output_count_rate	21611.740160	cps	triggers	251685	seconds	events_in_run	216128	seconds	channel	content		1	0
2	0
3	0
4	0
5	0
6	0
7	0
8	0
9	0
10	0
11	0
12	0
13	0
14	0
15	0
16	0
17	0
18	0
19	0
20	0
21	0
22	0
23	0
24	0
25	0
26	0
27	0
28	0
29	0
30	0
31	14
32	17
33	11
34	12
35	9
36	15
37	11
38	14
39	14
40	10
41	10
42	12
43	11
44	8
45	15
46	13
47	11
48	13
49	12
50	15
51	14
52	10
53	17
54	10
55	4
56	12
57	10
58	10
59	17
60	20
61	5
62	6
63	7
64	6
65	9
66	9
67	10
68	11
69	5
70	11
71	7
72	10
73	12
74	9
75	11
76	10
77	11
78	4
79	9
80	4
81	17
82	13
83	3
84	14
85	16
86	8
87	8
88	9
89	5
90	3
91	8
92	5
93	11
94	14
95	17
96	25
97	19
98	20
99	11
100	16
101	11
102	9
103	9
104	7
105	10
106	4
107	7
108	10
109	8
110	9
111	5
112	9
113	5
114	14
115	2
116	9
117	5
118	3
119	3
120	4
121	3
122	8
123	4
124	4
125	1
126	6
127	6
128	4
129	7
130	8
131	7
132	4
133	7
134	3
135	5
136	2
137	5
138	2
139	3
140	4
141	4
142	3
143	1
144	7
145	3
146	9
147	3
148	6
149	6
150	5
151	3
152	2
153	8
154	7
155	6
156	6
157	9
158	9
159	18
160	15
161	26
162	18
163	27
164	27
165	24
166	16
167	9
168	6
169	3
170	3
171	4
172	4
173	5
174	7
175	11
176	7
177	11
178	9
179	17
180	15
181	24
182	23
183	26
184	18
185	25
186	14
187	17
188	7
189	3
190	6
191	2
192	6
193	16
194	11
195	23
196	28
197	49
198	99
199	162
200	244
201	314
202	384
203	396
204	366
205	290
206	228
207	162
208	86
209	44
210	21
211	19
212	8
213	9
214	18
215	13
216	34
217	34
218	59
219	66
220	76
221	58
222	67
223	47
224	36
225	29
226	22
227	17
228	16
229	5
230	15
231	12
232	3
233	5
234	8
235	7
236	8
237	5
238	3
239	13
240	17
241	26
242	45
243	78
244	104
245	180
246	206
247	243
248	235
249	195
250	161
251	149
252	113
253	80
254	70
255	55
256	44
257	47
258	28
259	22
260	19
261	18
262	15
263	15
264	18
265	14
266	27
267	37
268	41
269	53
270	52
271	48
272	56
273	38
274	29
275	28
276	18
277	19
278	12
279	14
280	10
281	8
282	11
283	12
284	8
285	11
286	8
287	10
288	20
289	17
290	18
291	18
292	19
293	14
294	12
295	14
296	14
297	17
298	17
299	16
300	24
301	24
302	12
303	15
304	17
305	13
306	16
307	11
308	17
309	13
310	12
311	15
312	25
313	20
314	38
315	58
316	102
317	197
318	287
319	420
320	568
321	663
322	810
323	925
324	860
325	819
326	627
327	478
328	329
329	263
330	161
331	89
332	62
333	52
334	43
335	29
336	34
337	45
338	54
339	82
340	150
341	236
342	439
343	805
344	1365
345	2427
346	3716
347	5168
348	6865
349	8285
350	9210
351	9260
352	8791
353	7779
354	6160
355	4655
356	3207
357	2042
358	1280
359	769
360	382
361	199
362	119
363	69
364	58
365	48
366	39
367	32
368	32
369	56
370	54
371	42
372	54
373	76
374	70
375	90
376	80
377	117
378	154
379	257
380	336
381	518
382	770
383	969
384	1188
385	1423
386	1527
387	1574
388	1391
389	1200
390	970
391	719
392	507
393	330
394	200
395	122
396	96
397	58
398	42
399	28
400	24
401	20
402	25
403	22
404	34
405	42
406	48
407	37
408	47
409	47
410	42
411	22
412	32
413	34
414	42
415	31
416	34
417	24
418	28
419	33
420	26
421	35
422	29
423	31
424	28
425	30
426	37
427	36
428	35
429	32
430	42
431	47
432	36
433	47
434	45
435	49
436	53
437	59
438	60
439	75
440	70
441	66
442	73
443	80
444	84
445	67
446	66
447	72
448	57
449	63
450	61
451	63
452	69
453	49
454	62
455	88
456	75
457	68
458	91
459	63
460	92
461	77
462	71
463	76
464	71
465	58
466	56
467	50
468	51
469	55
470	68
471	74
472	71
473	58
474	58
475	71
476	46
477	47
478	41
479	59
480	53
481	53
482	45
483	64
484	64
485	62
486	56
487	55
488	61
489	56
490	57
491	62
492	64
493	73
494	59
495	67
496	62
497	45
498	59
499	58
500	67
501	52
502	63
503	62
504	68
505	69
506	74
507	69
508	74
509	72
510	71
511	79
512	71
513	78
514	73
515	75
516	74
517	70
518	83
519	80
520	98
521	83
522	71
523	86
524	81
525	90
526	89
527	92
528	91
529	102
530	91
531	134
532	116
533	103
534	75
535	88
536	84
537	69
538	78
539	85
540	73
541	77
542	82
543	63
544	86
545	77
546	71
547	67
548	79
549	77
550	76
551	89
552	79
553	66
554	78
555	75
556	57
557	73
558	101
559	64
560	69
561	60
562	79
563	77
564	91
565	89
566	89
567	67
568	74
569	67
570	77
571	74
572	74
573	81
574	87
575	81
576	75
577	80
578	79
579	83
580	78
581	77
582	85
583	76
584	68
585	80
586	92
587	85
588	100
589	99
590	85
591	91
592	82
593	87
594	94
595	87
596	99
597	90
598	92
599	91
600	104
601	107
602	81
603	102
604	76
605	91
606	87
607	105
608	99
609	90
610	105
611	96
612	104
613	104
614	96
615	78
616	92
617	84
618	92
619	94
620	92
621	89
622	100
623	107
624	80
625	99
626	74
627	108
628	107
629	101
630	106
631	129
632	108
633	108
634	98
635	96
636	98
637	101
638	104
639	101
640	105
641	107
642	96
643	90
644	113
645	77
646	109
647	118
648	95
649	116
650	96
651	92
652	107
653	89
654	113
655	90
656	111
657	115
658	96
659	106
660	108
661	112
662	100
663	101
664	95
665	107
666	119
667	96
668	89
669	108
670	109
671	91
672	110
673	105
674	87
675	106
676	115
677	134
678	122
679	116
680	119
681	109
682	117
683	114
684	123
685	103
686	117
687	117
688	112
689	90
690	122
691	119
692	119
693	124
694	130
695	115
696	113
697	129
698	122
699	130
700	150
701	127
702	112
703	115
704	119
705	142
706	121
707	108
708	98
709	102
710	122
711	104
712	129
713	119
714	129
715	117
716	109
717	131
718	111
719	112
720	104
721	109
722	121
723	125
724	131
725	108
726	123
727	108
728	139
729	120
730	115
731	127
732	124
733	146
734	143
735	132
736	112
737	143
738	144
739	113
740	126
741	133
742	114
743	116
744	124
745	130
746	136
747	117
748	127
749	111
750	134
751	147
752	148
753	129
754	116
755	127
756	140
757	121
758	118
759	136
760	140
761	140
762	141
763	143
764	157
765	150
766	165
767	188
768	207
769	222
770	229
771	232
772	245
773	259
774	257
775	251
776	255
777	234
778	210
779	211
780	172
781	174
782	152
783	137
784	151
785	133
786	141
787	123
788	135
789	130
790	115
791	134
792	115
793	140
794	120
795	140
796	122
797	115
798	123
799	143
800	134
801	109
802	137
803	126
804	116
805	138
806	151
807	135
808	138
809	138
810	133
811	125
812	145
813	152
814	148
815	123
816	109
817	154
818	162
819	124
820	150
821	134
822	134
823	161
824	135
825	159
826	135
827	129
828	148
829	138
830	153
831	143
832	156
833	143
834	130
835	158
836	127
837	135
838	140
839	132
840	149
841	140
842	145
843	141
844	144
845	143
846	164
847	129
848	148
849	147
850	164
851	160
852	139
853	151
854	162
855	150
856	158
857	149
858	164
859	183
860	189
861	184
862	204
863	191
864	212
865	208
866	168
867	205
868	225
869	199
870	209
871	195
872	206
873	221
874	224
875	203
876	214
877	210
878	238
879	249
880	258
881	252
882	294
883	307
884	297
885	279
886	347
887	390
888	386
889	417
890	423
891	458
892	475
893	474
894	530
895	493
896	524
897	574
898	507
899	509
900	534
901	519
902	566
903	539
904	551
905	539
906	514
907	470
908	447
909	458
910	449
911	463
912	405
913	345
914	355
915	310
916	327
917	308
918	318
919	265
920	249
921	239
922	212
923	247
924	228
925	210
926	216
927	159
928	166
929	178
930	144
931	156
932	186
933	166
934	168
935	159
936	164
937	179
938	165
939	184
940	151
941	183
942	179
943	178
944	225
945	223
946	271
947	299
948	336
949	348
950	373
951	390
952	401
953	416
954	405
955	426
956	407
957	335
958	316
959	311
960	299
961	222
962	228
963	201
964	183
965	168
966	149
967	127
968	124
969	125
970	123
971	108
972	117
973	97
974	130
975	120
976	111
977	138
978	111
979	114
980	115
981	134
982	141
983	138
984	146
985	123
986	123
987	134
988	136
989	149
990	149
991	169
992	150
993	156
994	176
995	165
996	173
997	146
998	179
999	152
1000	167
1001	156
1002	190
1003	184
1004	186
1005	157
1006	184
1007	164
1008	164
1009	144
1010	147
1011	159
1012	137
1013	130
1014	155
1015	150
1016	156
1017	136
1018	155
1019	121
1020	140
1021	106
1022	132
1023	114
1024	118
