Date:	09/05/2018		Time:	10:47		Version no:	0.00		Project name:	55		Sample name:	222		Section name:	section		Position	205.600037	mm	E0	0.000000	keV	E1	1.000000	keV/channel	sample surface	5.998353	cm	Tube anode:	Mo		Tube voltage:	30	kV	Tube current:	50	mA	gain	10		std. database			resultfile	result		matrix element	11		sample thickness	1.000000		air passage	0.560000	cm	comments	in position		peaking_time	2.200000	m-sec	trigger_threshold	547.363281	V	mca_bin_width	22.090000	no:	number_mca_channels	1024.000000	no:	gap_time	0.150000	m-sec	trigger_peaking_time	0.200000	m-sec	GAINDAC	18610		HIGHGAIN	1		TAURC	1		RCTAU	1		RCTAUFRAC	1		livetime	9.425235	seconds	runtime	10.000490	seconds	input_count_rate	24139.875045	cps	output_count_rate	19686.536147	cps	triggers	227524	seconds	events_in_run	196875	seconds	channel	content		1	0
2	0
3	0
4	0
5	0
6	0
7	0
8	0
9	0
10	0
11	0
12	0
13	0
14	0
15	0
16	0
17	0
18	0
19	0
20	0
21	0
22	0
23	0
24	0
25	0
26	0
27	0
28	0
29	0
30	0
31	18
32	16
33	18
34	12
35	9
36	13
37	12
38	12
39	12
40	8
41	8
42	12
43	13
44	17
45	14
46	20
47	16
48	16
49	7
50	11
51	17
52	22
53	12
54	15
55	14
56	20
57	13
58	11
59	11
60	11
61	14
62	17
63	12
64	12
65	14
66	10
67	9
68	12
69	9
70	9
71	3
72	8
73	5
74	7
75	8
76	6
77	5
78	7
79	6
80	11
81	11
82	16
83	12
84	5
85	9
86	2
87	9
88	7
89	8
90	9
91	8
92	11
93	5
94	15
95	21
96	15
97	22
98	13
99	21
100	8
101	8
102	2
103	8
104	8
105	4
106	14
107	5
108	8
109	4
110	11
111	3
112	4
113	11
114	5
115	9
116	3
117	5
118	7
119	6
120	7
121	3
122	5
123	11
124	6
125	4
126	5
127	3
128	4
129	5
130	4
131	7
132	4
133	3
134	8
135	3
136	5
137	5
138	1
139	7
140	2
141	7
142	5
143	4
144	0
145	2
146	5
147	0
148	5
149	2
150	3
151	0
152	3
153	4
154	5
155	3
156	2
157	11
158	9
159	14
160	11
161	20
162	31
163	28
164	29
165	25
166	13
167	15
168	5
169	9
170	5
171	2
172	5
173	2
174	7
175	9
176	9
177	10
178	8
179	11
180	13
181	25
182	27
183	27
184	19
185	12
186	11
187	7
188	6
189	0
190	2
191	6
192	5
193	2
194	8
195	17
196	28
197	47
198	82
199	156
200	235
201	320
202	385
203	365
204	307
205	286
206	207
207	137
208	91
209	48
210	27
211	8
212	11
213	7
214	5
215	24
216	27
217	33
218	54
219	49
220	68
221	57
222	72
223	37
224	23
225	30
226	22
227	7
228	6
229	3
230	3
231	2
232	4
233	6
234	3
235	5
236	6
237	4
238	10
239	8
240	13
241	20
242	39
243	99
244	90
245	139
246	168
247	173
248	173
249	169
250	135
251	125
252	83
253	68
254	50
255	55
256	35
257	44
258	26
259	16
260	14
261	7
262	15
263	12
264	14
265	20
266	25
267	25
268	33
269	46
270	58
271	55
272	58
273	40
274	25
275	23
276	18
277	9
278	17
279	10
280	8
281	12
282	15
283	6
284	12
285	12
286	19
287	10
288	17
289	14
290	9
291	13
292	10
293	19
294	20
295	17
296	14
297	18
298	19
299	10
300	16
301	18
302	9
303	10
304	12
305	15
306	12
307	11
308	8
309	12
310	11
311	15
312	12
313	10
314	22
315	23
316	19
317	35
318	44
319	54
320	87
321	97
322	139
323	98
324	130
325	107
326	95
327	72
328	58
329	37
330	32
331	27
332	23
333	26
334	24
335	26
336	40
337	41
338	50
339	67
340	109
341	196
342	332
343	662
344	1232
345	1938
346	2841
347	4199
348	5539
349	6496
350	7251
351	7528
352	7299
353	6142
354	4834
355	3613
356	2570
357	1649
358	977
359	511
360	256
361	130
362	105
363	64
364	48
365	38
366	40
367	32
368	54
369	49
370	51
371	40
372	49
373	59
374	65
375	56
376	84
377	121
378	148
379	221
380	297
381	428
382	656
383	837
384	989
385	1190
386	1270
387	1255
388	1161
389	1051
390	868
391	639
392	423
393	298
394	195
395	119
396	76
397	56
398	38
399	42
400	36
401	27
402	33
403	37
404	20
405	41
406	36
407	31
408	34
409	36
410	37
411	43
412	42
413	36
414	36
415	35
416	39
417	26
418	36
419	40
420	31
421	33
422	34
423	41
424	32
425	39
426	28
427	35
428	30
429	41
430	34
431	44
432	45
433	36
434	50
435	60
436	56
437	60
438	76
439	69
440	81
441	69
442	81
443	70
444	65
445	57
446	54
447	78
448	65
449	73
450	56
451	67
452	68
453	57
454	75
455	86
456	68
457	91
458	85
459	85
460	83
461	84
462	84
463	68
464	85
465	64
466	53
467	74
468	57
469	63
470	60
471	72
472	82
473	59
474	72
475	60
476	71
477	70
478	51
479	47
480	62
481	52
482	57
483	70
484	50
485	49
486	64
487	51
488	73
489	60
490	86
491	52
492	57
493	62
494	56
495	70
496	59
497	57
498	62
499	71
500	64
501	75
502	93
503	78
504	78
505	88
506	81
507	74
508	83
509	88
510	84
511	77
512	79
513	76
514	89
515	84
516	81
517	84
518	89
519	70
520	112
521	90
522	96
523	98
524	101
525	96
526	109
527	115
528	89
529	87
530	93
531	99
532	93
533	95
534	102
535	81
536	78
537	83
538	84
539	72
540	85
541	84
542	76
543	71
544	83
545	87
546	85
547	72
548	90
549	95
550	88
551	88
552	88
553	91
554	67
555	84
556	74
557	78
558	70
559	88
560	91
561	85
562	100
563	88
564	74
565	81
566	86
567	81
568	84
569	78
570	74
571	82
572	98
573	90
574	89
575	82
576	88
577	104
578	76
579	79
580	78
581	74
582	87
583	69
584	93
585	97
586	87
587	82
588	94
589	93
590	81
591	91
592	102
593	106
594	89
595	96
596	107
597	88
598	104
599	105
600	106
601	112
602	96
603	107
604	103
605	100
606	107
607	105
608	89
609	94
610	121
611	108
612	94
613	96
614	108
615	101
616	97
617	116
618	112
619	118
620	104
621	88
622	105
623	99
624	101
625	98
626	98
627	99
628	91
629	93
630	84
631	102
632	96
633	89
634	93
635	106
636	95
637	128
638	112
639	117
640	95
641	112
642	111
643	113
644	116
645	104
646	124
647	112
648	130
649	100
650	124
651	120
652	94
653	132
654	114
655	123
656	104
657	111
658	126
659	113
660	91
661	124
662	111
663	97
664	112
665	109
666	119
667	119
668	115
669	124
670	110
671	116
672	116
673	102
674	114
675	124
676	123
677	122
678	125
679	121
680	115
681	113
682	115
683	125
684	98
685	111
686	111
687	133
688	118
689	121
690	98
691	111
692	137
693	96
694	133
695	114
696	129
697	141
698	117
699	110
700	118
701	148
702	103
703	130
704	126
705	136
706	139
707	129
708	132
709	125
710	140
711	129
712	125
713	123
714	117
715	128
716	98
717	134
718	126
719	125
720	136
721	116
722	102
723	131
724	116
725	118
726	132
727	116
728	135
729	132
730	132
731	117
732	163
733	151
734	126
735	158
736	126
737	128
738	130
739	155
740	145
741	137
742	125
743	128
744	145
745	141
746	113
747	135
748	131
749	157
750	140
751	134
752	138
753	147
754	134
755	125
756	122
757	131
758	145
759	159
760	133
761	139
762	166
763	169
764	169
765	181
766	182
767	196
768	195
769	228
770	279
771	269
772	273
773	263
774	273
775	306
776	271
777	243
778	244
779	244
780	177
781	175
782	150
783	131
784	165
785	147
786	141
787	145
788	146
789	134
790	132
791	124
792	121
793	139
794	129
795	149
796	138
797	153
798	148
799	131
800	160
801	125
802	151
803	140
804	147
805	143
806	138
807	155
808	123
809	130
810	139
811	149
812	162
813	165
814	129
815	126
816	171
817	150
818	168
819	136
820	144
821	130
822	149
823	137
824	134
825	162
826	152
827	153
828	135
829	148
830	138
831	140
832	152
833	149
834	173
835	137
836	142
837	161
838	140
839	152
840	130
841	158
842	155
843	169
844	159
845	128
846	161
847	146
848	159
849	169
850	171
851	163
852	171
853	160
854	198
855	186
856	183
857	178
858	216
859	181
860	222
861	211
862	249
863	215
864	218
865	233
866	231
867	222
868	195
869	239
870	214
871	227
872	196
873	201
874	231
875	230
876	259
877	249
878	262
879	288
880	250
881	309
882	282
883	318
884	347
885	342
886	371
887	392
888	439
889	428
890	441
891	457
892	495
893	485
894	520
895	535
896	575
897	533
898	570
899	556
900	547
901	613
902	629
903	579
904	540
905	565
906	546
907	505
908	503
909	499
910	476
911	489
912	427
913	418
914	409
915	370
916	381
917	348
918	286
919	308
920	291
921	304
922	280
923	246
924	249
925	215
926	214
927	213
928	189
929	192
930	163
931	191
932	183
933	205
934	177
935	191
936	168
937	167
938	192
939	167
940	196
941	214
942	185
943	229
944	253
945	250
946	278
947	297
948	333
949	372
950	384
951	423
952	435
953	415
954	424
955	424
956	412
957	374
958	340
959	359
960	326
961	270
962	233
963	233
964	176
965	152
966	167
967	182
968	139
969	121
970	141
971	134
972	144
973	118
974	125
975	114
976	147
977	143
978	149
979	127
980	137
981	136
982	124
983	142
984	138
985	141
986	142
987	157
988	151
989	144
990	171
991	152
992	157
993	161
994	151
995	144
996	174
997	176
998	204
999	176
1000	176
1001	191
1002	173
1003	177
1004	184
1005	188
1006	183
1007	167
1008	185
1009	159
1010	162
1011	169
1012	195
1013	177
1014	154
1015	134
1016	143
1017	147
1018	147
1019	133
1020	130
1021	125
1022	141
1023	129
1024	110
