Date:	09/05/2018		Time:	10:40		Version no:	0.00		Project name:	55		Sample name:	222		Section name:	section		Position	198.400024	mm	E0	0.000000	keV	E1	1.000000	keV/channel	sample surface	6.034237	cm	Tube anode:	Mo		Tube voltage:	30	kV	Tube current:	50	mA	gain	10		std. database			resultfile	result		matrix element	11		sample thickness	1.000000		air passage	0.560000	cm	comments	in position		peaking_time	2.200000	m-sec	trigger_threshold	547.363281	V	mca_bin_width	22.090000	no:	number_mca_channels	1024.000000	no:	gap_time	0.150000	m-sec	trigger_peaking_time	0.200000	m-sec	GAINDAC	18610		HIGHGAIN	1		TAURC	1		RCTAU	1		RCTAUFRAC	1		livetime	9.377968	seconds	runtime	10.000490	seconds	input_count_rate	26408.066225	cps	output_count_rate	21245.759808	cps	triggers	247654	seconds	events_in_run	212468	seconds	channel	content		1	0
2	0
3	0
4	0
5	0
6	0
7	0
8	0
9	0
10	0
11	0
12	0
13	0
14	0
15	0
16	0
17	0
18	0
19	0
20	0
21	0
22	0
23	0
24	0
25	0
26	0
27	0
28	0
29	0
30	0
31	16
32	12
33	15
34	15
35	16
36	14
37	15
38	20
39	14
40	18
41	9
42	15
43	19
44	21
45	16
46	16
47	15
48	18
49	18
50	16
51	12
52	12
53	12
54	23
55	11
56	13
57	16
58	9
59	14
60	9
61	11
62	9
63	9
64	8
65	11
66	13
67	10
68	5
69	5
70	9
71	5
72	10
73	14
74	10
75	8
76	8
77	6
78	9
79	15
80	13
81	13
82	18
83	13
84	10
85	7
86	10
87	10
88	2
89	5
90	5
91	9
92	11
93	15
94	23
95	16
96	12
97	15
98	7
99	16
100	13
101	6
102	8
103	6
104	9
105	7
106	11
107	15
108	11
109	14
110	12
111	7
112	11
113	6
114	5
115	3
116	10
117	2
118	5
119	9
120	7
121	9
122	5
123	4
124	8
125	4
126	5
127	8
128	12
129	8
130	4
131	5
132	4
133	5
134	4
135	5
136	6
137	5
138	3
139	3
140	4
141	4
142	8
143	4
144	6
145	7
146	6
147	2
148	3
149	9
150	3
151	5
152	8
153	6
154	5
155	4
156	8
157	11
158	14
159	20
160	17
161	34
162	27
163	29
164	32
165	21
166	22
167	13
168	7
169	5
170	3
171	4
172	5
173	6
174	5
175	8
176	5
177	14
178	10
179	12
180	21
181	27
182	21
183	31
184	15
185	14
186	9
187	12
188	6
189	4
190	4
191	9
192	4
193	9
194	7
195	17
196	31
197	53
198	93
199	130
200	210
201	320
202	361
203	417
204	355
205	282
206	228
207	155
208	86
209	50
210	24
211	12
212	13
213	9
214	13
215	17
216	17
217	26
218	41
219	51
220	62
221	82
222	65
223	50
224	45
225	26
226	11
227	6
228	5
229	4
230	5
231	8
232	8
233	5
234	7
235	3
236	4
237	13
238	7
239	13
240	10
241	24
242	46
243	80
244	88
245	132
246	183
247	200
248	212
249	202
250	152
251	122
252	102
253	78
254	43
255	59
256	38
257	31
258	27
259	29
260	20
261	28
262	11
263	13
264	16
265	26
266	21
267	30
268	46
269	47
270	60
271	62
272	53
273	52
274	37
275	40
276	24
277	21
278	15
279	5
280	7
281	9
282	10
283	10
284	8
285	10
286	10
287	12
288	16
289	26
290	21
291	15
292	26
293	19
294	15
295	16
296	19
297	18
298	21
299	19
300	12
301	25
302	19
303	17
304	15
305	10
306	7
307	19
308	11
309	11
310	12
311	16
312	21
313	17
314	19
315	24
316	28
317	44
318	45
319	79
320	94
321	123
322	146
323	161
324	129
325	150
326	106
327	95
328	63
329	54
330	43
331	33
332	40
333	29
334	22
335	39
336	30
337	40
338	48
339	64
340	105
341	195
342	382
343	770
344	1243
345	2119
346	3145
347	4452
348	5976
349	7150
350	8025
351	8155
352	7818
353	6713
354	5386
355	3993
356	2801
357	1837
358	1076
359	623
360	324
361	170
362	95
363	51
364	45
365	44
366	38
367	45
368	43
369	46
370	33
371	52
372	45
373	39
374	56
375	76
376	104
377	91
378	141
379	223
380	308
381	462
382	653
383	901
384	1025
385	1345
386	1374
387	1337
388	1315
389	1081
390	871
391	662
392	495
393	310
394	200
395	131
396	66
397	59
398	38
399	34
400	30
401	30
402	44
403	33
404	42
405	40
406	38
407	41
408	58
409	45
410	51
411	48
412	35
413	38
414	50
415	33
416	36
417	39
418	33
419	25
420	41
421	39
422	38
423	37
424	29
425	27
426	43
427	24
428	43
429	29
430	41
431	45
432	41
433	51
434	50
435	43
436	55
437	65
438	50
439	67
440	70
441	70
442	82
443	90
444	81
445	86
446	81
447	75
448	63
449	64
450	83
451	57
452	67
453	73
454	84
455	89
456	62
457	81
458	88
459	80
460	91
461	79
462	86
463	72
464	67
465	59
466	62
467	50
468	57
469	74
470	65
471	74
472	71
473	65
474	77
475	69
476	71
477	56
478	46
479	58
480	64
481	58
482	62
483	59
484	62
485	67
486	69
487	56
488	60
489	77
490	68
491	55
492	57
493	65
494	61
495	71
496	79
497	82
498	59
499	64
500	70
501	79
502	74
503	76
504	65
505	73
506	78
507	76
508	93
509	90
510	103
511	82
512	67
513	107
514	98
515	78
516	66
517	80
518	93
519	72
520	94
521	91
522	102
523	100
524	106
525	119
526	100
527	125
528	98
529	115
530	98
531	99
532	106
533	112
534	84
535	107
536	81
537	85
538	95
539	86
540	95
541	70
542	96
543	89
544	81
545	83
546	80
547	104
548	83
549	86
550	116
551	80
552	89
553	83
554	93
555	87
556	73
557	86
558	85
559	99
560	80
561	103
562	65
563	82
564	93
565	80
566	94
567	99
568	97
569	76
570	81
571	87
572	81
573	104
574	95
575	93
576	101
577	102
578	80
579	88
580	97
581	94
582	91
583	68
584	100
585	95
586	102
587	95
588	105
589	93
590	108
591	106
592	106
593	118
594	110
595	127
596	91
597	121
598	129
599	119
600	109
601	109
602	90
603	97
604	104
605	113
606	102
607	108
608	88
609	116
610	87
611	98
612	97
613	112
614	110
615	123
616	98
617	122
618	105
619	103
620	124
621	115
622	108
623	120
624	112
625	95
626	90
627	111
628	103
629	115
630	107
631	138
632	106
633	94
634	97
635	106
636	142
637	126
638	113
639	127
640	114
641	110
642	111
643	123
644	112
645	121
646	120
647	109
648	101
649	156
650	118
651	119
652	120
653	132
654	116
655	159
656	112
657	109
658	124
659	125
660	132
661	107
662	125
663	97
664	131
665	122
666	126
667	111
668	138
669	116
670	110
671	120
672	127
673	122
674	116
675	127
676	126
677	132
678	103
679	109
680	140
681	139
682	152
683	139
684	123
685	113
686	142
687	134
688	115
689	106
690	130
691	149
692	151
693	125
694	153
695	143
696	146
697	141
698	123
699	133
700	138
701	145
702	140
703	115
704	137
705	119
706	152
707	133
708	133
709	109
710	127
711	131
712	134
713	120
714	145
715	134
716	131
717	117
718	148
719	124
720	136
721	157
722	144
723	133
724	148
725	127
726	151
727	149
728	141
729	138
730	125
731	141
732	161
733	141
734	144
735	159
736	155
737	166
738	123
739	171
740	159
741	139
742	149
743	167
744	169
745	126
746	145
747	149
748	136
749	138
750	152
751	146
752	178
753	130
754	140
755	159
756	168
757	139
758	140
759	125
760	144
761	164
762	153
763	173
764	150
765	179
766	215
767	232
768	228
769	247
770	261
771	290
772	312
773	310
774	283
775	302
776	282
777	298
778	256
779	249
780	215
781	207
782	161
783	189
784	161
785	162
786	156
787	164
788	165
789	147
790	171
791	159
792	155
793	167
794	134
795	171
796	130
797	151
798	146
799	162
800	144
801	170
802	172
803	146
804	136
805	153
806	151
807	163
808	135
809	150
810	148
811	166
812	139
813	154
814	144
815	170
816	161
817	149
818	134
819	169
820	182
821	163
822	164
823	157
824	147
825	173
826	167
827	163
828	158
829	133
830	155
831	172
832	145
833	164
834	175
835	138
836	166
837	157
838	166
839	149
840	176
841	151
842	174
843	151
844	169
845	164
846	173
847	156
848	163
849	167
850	166
851	179
852	162
853	184
854	179
855	222
856	190
857	210
858	216
859	226
860	226
861	197
862	228
863	215
864	239
865	236
866	228
867	240
868	249
869	238
870	239
871	235
872	240
873	228
874	256
875	244
876	249
877	275
878	294
879	266
880	297
881	292
882	311
883	358
884	343
885	386
886	416
887	393
888	417
889	447
890	506
891	512
892	557
893	565
894	589
895	567
896	605
897	637
898	649
899	654
900	621
901	683
902	614
903	643
904	600
905	642
906	592
907	556
908	552
909	505
910	486
911	480
912	418
913	404
914	411
915	406
916	352
917	379
918	336
919	309
920	296
921	276
922	275
923	252
924	264
925	258
926	225
927	221
928	205
929	204
930	202
931	174
932	221
933	196
934	174
935	179
936	187
937	188
938	208
939	180
940	178
941	214
942	222
943	207
944	243
945	276
946	303
947	339
948	367
949	406
950	428
951	444
952	419
953	481
954	484
955	444
956	406
957	450
958	368
959	369
960	324
961	254
962	271
963	229
964	193
965	196
966	186
967	155
968	140
969	161
970	167
971	145
972	128
973	122
974	133
975	124
976	123
977	156
978	148
979	148
980	143
981	162
982	158
983	146
984	135
985	125
986	149
987	163
988	167
989	161
990	174
991	195
992	167
993	181
994	197
995	197
996	180
997	175
998	193
999	197
1000	162
1001	209
1002	212
1003	212
1004	180
1005	196
1006	189
1007	190
1008	213
1009	185
1010	181
1011	202
1012	176
1013	155
1014	170
1015	169
1016	177
1017	167
1018	156
1019	162
1020	139
1021	137
1022	139
1023	138
1024	139
