Date:	09/05/2018		Time:	12:59		Version no:	0.00		Project name:	55		Sample name:	222		Section name:	section		Position	344.200043	mm	E0	0.000000	keV	E1	1.000000	keV/channel	sample surface	6.137510	cm	Tube anode:	Mo		Tube voltage:	30	kV	Tube current:	50	mA	gain	10		std. database			resultfile	result		matrix element	11		sample thickness	1.000000		air passage	0.560000	cm	comments	in position		peaking_time	2.200000	m-sec	trigger_threshold	547.363281	V	mca_bin_width	22.090000	no:	number_mca_channels	1024.000000	no:	gap_time	0.150000	m-sec	trigger_peaking_time	0.200000	m-sec	GAINDAC	18610		HIGHGAIN	1		TAURC	1		RCTAU	1		RCTAUFRAC	1		livetime	9.449929	seconds	runtime	10.000494	seconds	input_count_rate	23174.354499	cps	output_count_rate	19071.357112	cps	triggers	218996	seconds	events_in_run	190723	seconds	channel	content		1	0
2	0
3	0
4	0
5	0
6	0
7	0
8	0
9	0
10	0
11	0
12	0
13	0
14	0
15	0
16	0
17	0
18	0
19	0
20	0
21	0
22	0
23	0
24	0
25	0
26	0
27	0
28	0
29	0
30	0
31	13
32	24
33	17
34	18
35	20
36	15
37	18
38	7
39	15
40	14
41	11
42	15
43	15
44	16
45	9
46	13
47	8
48	11
49	12
50	9
51	12
52	9
53	12
54	17
55	6
56	12
57	15
58	12
59	12
60	16
61	10
62	6
63	7
64	11
65	13
66	11
67	11
68	10
69	7
70	12
71	7
72	10
73	8
74	15
75	8
76	7
77	5
78	10
79	8
80	6
81	15
82	12
83	8
84	15
85	13
86	7
87	14
88	8
89	7
90	9
91	8
92	7
93	12
94	11
95	19
96	19
97	25
98	18
99	7
100	10
101	11
102	6
103	5
104	4
105	4
106	5
107	8
108	9
109	10
110	8
111	5
112	7
113	5
114	3
115	4
116	5
117	7
118	5
119	4
120	4
121	7
122	2
123	4
124	2
125	13
126	5
127	3
128	7
129	3
130	3
131	4
132	1
133	8
134	6
135	1
136	2
137	3
138	2
139	3
140	3
141	4
142	5
143	1
144	4
145	2
146	4
147	3
148	2
149	9
150	5
151	3
152	6
153	7
154	9
155	5
156	3
157	3
158	4
159	12
160	15
161	25
162	18
163	15
164	25
165	28
166	12
167	14
168	7
169	5
170	1
171	4
172	2
173	6
174	6
175	5
176	5
177	9
178	14
179	17
180	37
181	26
182	32
183	21
184	21
185	15
186	10
187	9
188	5
189	5
190	5
191	6
192	12
193	7
194	8
195	15
196	34
197	54
198	111
199	171
200	263
201	310
202	349
203	420
204	348
205	305
206	242
207	171
208	87
209	44
210	29
211	14
212	9
213	5
214	5
215	28
216	23
217	53
218	49
219	63
220	68
221	57
222	52
223	46
224	43
225	23
226	15
227	14
228	8
229	2
230	6
231	3
232	8
233	4
234	5
235	8
236	4
237	6
238	6
239	8
240	22
241	36
242	37
243	86
244	100
245	131
246	160
247	203
248	183
249	187
250	157
251	119
252	103
253	59
254	50
255	41
256	35
257	39
258	28
259	14
260	14
261	12
262	9
263	12
264	17
265	21
266	19
267	29
268	41
269	35
270	38
271	50
272	42
273	38
274	38
275	30
276	29
277	15
278	12
279	6
280	9
281	5
282	8
283	10
284	9
285	3
286	10
287	17
288	11
289	18
290	14
291	18
292	17
293	14
294	20
295	14
296	11
297	20
298	13
299	7
300	14
301	16
302	23
303	9
304	9
305	14
306	8
307	7
308	15
309	16
310	16
311	6
312	10
313	14
314	18
315	11
316	23
317	37
318	39
319	49
320	68
321	104
322	103
323	91
324	108
325	99
326	86
327	65
328	60
329	45
330	34
331	35
332	27
333	22
334	22
335	25
336	28
337	45
338	56
339	69
340	117
341	183
342	344
343	610
344	1118
345	1910
346	2742
347	4002
348	5230
349	6330
350	6938
351	7217
352	6872
353	5809
354	4764
355	3501
356	2509
357	1585
358	970
359	553
360	285
361	124
362	86
363	61
364	38
365	55
366	37
367	50
368	42
369	34
370	54
371	41
372	40
373	56
374	49
375	73
376	73
377	101
378	151
379	205
380	312
381	396
382	595
383	769
384	950
385	1086
386	1225
387	1228
388	1071
389	974
390	830
391	576
392	441
393	275
394	182
395	119
396	71
397	49
398	36
399	36
400	30
401	25
402	37
403	38
404	33
405	27
406	44
407	29
408	40
409	49
410	39
411	41
412	35
413	37
414	32
415	37
416	22
417	38
418	29
419	22
420	26
421	32
422	31
423	30
424	38
425	34
426	34
427	34
428	32
429	33
430	44
431	54
432	40
433	49
434	52
435	66
436	65
437	70
438	68
439	54
440	67
441	79
442	83
443	68
444	83
445	72
446	70
447	56
448	45
449	58
450	52
451	66
452	78
453	63
454	66
455	56
456	86
457	83
458	79
459	81
460	83
461	81
462	89
463	73
464	61
465	69
466	59
467	53
468	49
469	56
470	62
471	62
472	56
473	80
474	58
475	52
476	72
477	60
478	50
479	50
480	64
481	53
482	67
483	55
484	42
485	70
486	58
487	70
488	56
489	57
490	66
491	76
492	58
493	72
494	58
495	57
496	63
497	65
498	67
499	72
500	64
501	69
502	65
503	73
504	69
505	72
506	66
507	75
508	76
509	87
510	87
511	70
512	90
513	76
514	79
515	71
516	86
517	90
518	72
519	75
520	90
521	101
522	91
523	77
524	93
525	83
526	85
527	109
528	101
529	89
530	99
531	95
532	112
533	89
534	94
535	90
536	102
537	94
538	89
539	91
540	82
541	89
542	74
543	79
544	80
545	72
546	76
547	74
548	99
549	89
550	65
551	71
552	59
553	88
554	66
555	84
556	72
557	88
558	70
559	78
560	93
561	71
562	83
563	78
564	90
565	94
566	78
567	72
568	69
569	86
570	72
571	73
572	72
573	94
574	75
575	85
576	72
577	88
578	70
579	98
580	85
581	75
582	100
583	76
584	93
585	92
586	101
587	100
588	79
589	83
590	85
591	75
592	67
593	102
594	85
595	98
596	99
597	86
598	101
599	114
600	81
601	82
602	92
603	93
604	94
605	102
606	96
607	95
608	100
609	97
610	80
611	93
612	104
613	102
614	86
615	109
616	92
617	106
618	92
619	110
620	85
621	102
622	101
623	91
624	88
625	102
626	107
627	102
628	119
629	91
630	127
631	98
632	94
633	88
634	101
635	88
636	98
637	97
638	82
639	99
640	99
641	98
642	96
643	99
644	98
645	101
646	97
647	120
648	103
649	101
650	110
651	93
652	119
653	91
654	121
655	102
656	111
657	111
658	106
659	95
660	108
661	99
662	112
663	120
664	107
665	120
666	101
667	114
668	108
669	105
670	114
671	123
672	104
673	112
674	104
675	110
676	99
677	94
678	120
679	116
680	96
681	120
682	103
683	125
684	129
685	115
686	130
687	117
688	123
689	109
690	126
691	124
692	113
693	103
694	137
695	107
696	125
697	121
698	147
699	126
700	122
701	137
702	120
703	98
704	121
705	127
706	105
707	128
708	134
709	147
710	113
711	96
712	133
713	124
714	124
715	132
716	115
717	124
718	131
719	117
720	117
721	124
722	126
723	110
724	125
725	136
726	125
727	109
728	113
729	140
730	138
731	106
732	125
733	137
734	139
735	135
736	116
737	129
738	124
739	138
740	129
741	112
742	144
743	149
744	100
745	145
746	105
747	119
748	158
749	126
750	136
751	115
752	141
753	132
754	138
755	129
756	111
757	145
758	133
759	150
760	141
761	142
762	152
763	161
764	189
765	181
766	184
767	215
768	238
769	257
770	233
771	288
772	284
773	274
774	303
775	304
776	276
777	273
778	258
779	220
780	190
781	208
782	186
783	150
784	150
785	132
786	149
787	148
788	136
789	126
790	145
791	118
792	144
793	121
794	125
795	131
796	116
797	146
798	129
799	150
800	150
801	119
802	134
803	149
804	146
805	145
806	134
807	131
808	138
809	135
810	154
811	140
812	144
813	146
814	174
815	162
816	138
817	154
818	136
819	145
820	146
821	145
822	143
823	128
824	135
825	153
826	116
827	124
828	146
829	146
830	144
831	134
832	141
833	147
834	143
835	157
836	136
837	143
838	148
839	152
840	159
841	130
842	154
843	125
844	150
845	129
846	181
847	148
848	161
849	150
850	175
851	167
852	173
853	142
854	169
855	175
856	157
857	168
858	190
859	191
860	204
861	209
862	243
863	223
864	233
865	234
866	223
867	228
868	244
869	206
870	228
871	221
872	231
873	219
874	238
875	242
876	219
877	225
878	268
879	276
880	278
881	263
882	294
883	292
884	338
885	327
886	358
887	362
888	413
889	424
890	395
891	469
892	468
893	472
894	526
895	520
896	520
897	596
898	574
899	605
900	535
901	553
902	562
903	567
904	551
905	517
906	516
907	490
908	497
909	484
910	434
911	440
912	449
913	405
914	407
915	375
916	349
917	323
918	314
919	285
920	316
921	295
922	234
923	218
924	214
925	227
926	201
927	202
928	187
929	182
930	151
931	178
932	176
933	139
934	180
935	174
936	143
937	182
938	168
939	174
940	201
941	165
942	181
943	211
944	242
945	233
946	262
947	294
948	300
949	356
950	375
951	366
952	435
953	409
954	417
955	430
956	395
957	372
958	300
959	312
960	264
961	272
962	229
963	205
964	193
965	154
966	154
967	136
968	149
969	141
970	135
971	141
972	151
973	133
974	141
975	127
976	105
977	121
978	129
979	141
980	108
981	117
982	150
983	137
984	139
985	152
986	127
987	126
988	141
989	153
990	144
991	159
992	162
993	150
994	165
995	156
996	160
997	166
998	198
999	164
1000	191
1001	189
1002	189
1003	170
1004	183
1005	185
1006	173
1007	168
1008	165
1009	160
1010	162
1011	160
1012	158
1013	141
1014	159
1015	166
1016	124
1017	152
1018	132
1019	150
1020	142
1021	119
1022	106
1023	124
1024	123
