Date:	09/05/2018		Time:	13:06		Version no:	0.00		Project name:	55		Sample name:	222		Section name:	section		Position	352.000031	mm	E0	0.000000	keV	E1	1.000000	keV/channel	sample surface	6.128528	cm	Tube anode:	Mo		Tube voltage:	30	kV	Tube current:	50	mA	gain	10		std. database			resultfile	result		matrix element	11		sample thickness	1.000000		air passage	0.560000	cm	comments	in position		peaking_time	2.200000	m-sec	trigger_threshold	547.363281	V	mca_bin_width	22.090000	no:	number_mca_channels	1024.000000	no:	gap_time	0.150000	m-sec	trigger_peaking_time	0.200000	m-sec	GAINDAC	18610		HIGHGAIN	1		TAURC	1		RCTAU	1		RCTAUFRAC	1		livetime	9.409326	seconds	runtime	10.000490	seconds	input_count_rate	26060.528716	cps	output_count_rate	21111.066402	cps	triggers	245212	seconds	events_in_run	211121	seconds	channel	content		1	0
2	0
3	0
4	0
5	0
6	0
7	0
8	0
9	0
10	0
11	0
12	0
13	0
14	0
15	0
16	0
17	0
18	0
19	0
20	0
21	0
22	0
23	0
24	0
25	0
26	0
27	0
28	0
29	0
30	0
31	12
32	16
33	19
34	17
35	14
36	25
37	11
38	12
39	12
40	16
41	14
42	11
43	18
44	9
45	13
46	8
47	22
48	9
49	13
50	18
51	13
52	10
53	15
54	9
55	14
56	13
57	11
58	11
59	13
60	6
61	13
62	8
63	10
64	9
65	20
66	8
67	7
68	12
69	10
70	12
71	8
72	12
73	9
74	8
75	8
76	8
77	9
78	12
79	13
80	11
81	7
82	12
83	11
84	9
85	8
86	7
87	4
88	5
89	4
90	5
91	6
92	9
93	7
94	15
95	13
96	29
97	29
98	29
99	15
100	12
101	7
102	3
103	11
104	5
105	4
106	10
107	10
108	9
109	19
110	5
111	4
112	7
113	1
114	5
115	6
116	6
117	5
118	2
119	2
120	6
121	5
122	9
123	2
124	0
125	6
126	5
127	1
128	5
129	6
130	3
131	4
132	8
133	3
134	2
135	2
136	3
137	4
138	3
139	2
140	8
141	1
142	5
143	2
144	1
145	3
146	6
147	1
148	5
149	3
150	6
151	3
152	9
153	5
154	4
155	2
156	4
157	7
158	5
159	14
160	14
161	27
162	30
163	28
164	28
165	13
166	12
167	6
168	9
169	2
170	5
171	2
172	3
173	7
174	8
175	10
176	9
177	9
178	18
179	19
180	14
181	19
182	26
183	28
184	26
185	16
186	18
187	12
188	6
189	1
190	3
191	5
192	7
193	8
194	11
195	11
196	39
197	63
198	114
199	169
200	257
201	328
202	361
203	381
204	402
205	342
206	232
207	154
208	95
209	54
210	33
211	22
212	5
213	9
214	13
215	13
216	24
217	50
218	60
219	56
220	76
221	87
222	59
223	46
224	36
225	22
226	25
227	5
228	9
229	4
230	6
231	8
232	7
233	5
234	5
235	2
236	5
237	7
238	10
239	10
240	14
241	31
242	37
243	69
244	116
245	150
246	161
247	189
248	182
249	216
250	176
251	124
252	89
253	83
254	62
255	48
256	52
257	47
258	36
259	33
260	19
261	21
262	16
263	12
264	16
265	16
266	25
267	30
268	27
269	44
270	45
271	50
272	54
273	43
274	33
275	40
276	22
277	21
278	13
279	7
280	9
281	10
282	10
283	13
284	20
285	15
286	8
287	13
288	13
289	16
290	23
291	18
292	24
293	22
294	18
295	15
296	19
297	21
298	26
299	18
300	28
301	21
302	22
303	14
304	9
305	10
306	11
307	16
308	10
309	17
310	19
311	10
312	12
313	10
314	19
315	21
316	26
317	56
318	59
319	85
320	96
321	140
322	155
323	176
324	177
325	132
326	126
327	106
328	64
329	65
330	54
331	28
332	47
333	37
334	22
335	40
336	42
337	48
338	60
339	84
340	112
341	235
342	409
343	857
344	1355
345	2366
346	3513
347	5124
348	6672
349	8343
350	8978
351	9527
352	9094
353	7800
354	6230
355	4656
356	3218
357	2062
358	1247
359	697
360	381
361	216
362	105
363	68
364	46
365	47
366	34
367	46
368	47
369	53
370	51
371	50
372	39
373	50
374	64
375	75
376	101
377	144
378	181
379	271
380	364
381	532
382	759
383	1010
384	1241
385	1437
386	1602
387	1605
388	1505
389	1274
390	1038
391	799
392	592
393	384
394	236
395	153
396	100
397	66
398	31
399	27
400	28
401	22
402	29
403	35
404	29
405	23
406	32
407	26
408	43
409	45
410	41
411	30
412	31
413	48
414	43
415	36
416	23
417	25
418	30
419	34
420	29
421	38
422	37
423	42
424	17
425	25
426	36
427	39
428	29
429	28
430	39
431	42
432	26
433	41
434	46
435	35
436	52
437	52
438	69
439	73
440	58
441	67
442	63
443	77
444	75
445	61
446	77
447	61
448	57
449	66
450	62
451	61
452	66
453	55
454	70
455	79
456	74
457	71
458	90
459	87
460	89
461	74
462	84
463	62
464	64
465	66
466	65
467	52
468	67
469	71
470	52
471	62
472	70
473	66
474	71
475	72
476	75
477	66
478	56
479	51
480	49
481	53
482	45
483	58
484	44
485	56
486	59
487	50
488	54
489	70
490	57
491	46
492	52
493	59
494	72
495	52
496	74
497	54
498	59
499	62
500	51
501	76
502	67
503	55
504	71
505	79
506	64
507	90
508	82
509	70
510	90
511	79
512	76
513	73
514	64
515	71
516	70
517	80
518	73
519	80
520	86
521	72
522	114
523	81
524	81
525	90
526	77
527	89
528	102
529	82
530	97
531	102
532	99
533	103
534	96
535	78
536	88
537	71
538	68
539	81
540	81
541	77
542	82
543	85
544	102
545	72
546	84
547	82
548	72
549	91
550	80
551	79
552	79
553	63
554	82
555	100
556	71
557	75
558	76
559	79
560	82
561	68
562	80
563	74
564	85
565	75
566	71
567	72
568	82
569	63
570	79
571	91
572	71
573	89
574	80
575	69
576	74
577	85
578	64
579	94
580	93
581	98
582	93
583	83
584	79
585	82
586	87
587	79
588	96
589	82
590	97
591	91
592	93
593	84
594	95
595	106
596	85
597	73
598	85
599	89
600	84
601	90
602	81
603	88
604	108
605	98
606	87
607	85
608	104
609	87
610	81
611	75
612	93
613	111
614	102
615	104
616	92
617	96
618	85
619	105
620	87
621	94
622	100
623	101
624	112
625	87
626	95
627	88
628	107
629	109
630	96
631	78
632	122
633	94
634	106
635	95
636	96
637	109
638	113
639	96
640	111
641	111
642	92
643	112
644	94
645	88
646	96
647	112
648	101
649	112
650	120
651	113
652	114
653	100
654	84
655	111
656	103
657	101
658	103
659	90
660	106
661	110
662	97
663	90
664	131
665	99
666	113
667	98
668	130
669	112
670	95
671	118
672	113
673	110
674	111
675	100
676	121
677	103
678	113
679	89
680	100
681	97
682	100
683	92
684	112
685	94
686	110
687	108
688	120
689	125
690	101
691	121
692	110
693	111
694	141
695	121
696	123
697	117
698	88
699	126
700	128
701	135
702	113
703	136
704	114
705	133
706	101
707	133
708	128
709	112
710	125
711	121
712	105
713	99
714	115
715	123
716	127
717	129
718	108
719	133
720	120
721	131
722	121
723	109
724	112
725	145
726	139
727	138
728	111
729	122
730	141
731	108
732	125
733	129
734	114
735	137
736	114
737	126
738	135
739	117
740	121
741	120
742	139
743	125
744	115
745	146
746	116
747	136
748	116
749	114
750	139
751	153
752	147
753	125
754	125
755	120
756	118
757	111
758	120
759	117
760	135
761	147
762	132
763	148
764	157
765	203
766	180
767	216
768	202
769	220
770	256
771	242
772	283
773	304
774	288
775	280
776	269
777	246
778	244
779	203
780	169
781	186
782	159
783	150
784	150
785	142
786	139
787	124
788	117
789	137
790	126
791	102
792	130
793	149
794	135
795	128
796	121
797	126
798	117
799	129
800	155
801	124
802	115
803	137
804	129
805	130
806	146
807	142
808	113
809	120
810	133
811	138
812	135
813	130
814	130
815	153
816	121
817	158
818	144
819	153
820	152
821	169
822	139
823	137
824	159
825	121
826	143
827	126
828	145
829	142
830	142
831	135
832	145
833	144
834	146
835	165
836	133
837	140
838	165
839	146
840	167
841	157
842	153
843	148
844	159
845	149
846	147
847	155
848	145
849	147
850	150
851	153
852	141
853	158
854	156
855	176
856	168
857	161
858	174
859	177
860	203
861	203
862	243
863	229
864	212
865	207
866	216
867	213
868	216
869	228
870	212
871	204
872	209
873	223
874	226
875	208
876	245
877	213
878	229
879	251
880	281
881	260
882	272
883	308
884	337
885	358
886	367
887	365
888	375
889	394
890	402
891	424
892	430
893	445
894	471
895	504
896	477
897	519
898	527
899	503
900	523
901	564
902	531
903	568
904	535
905	492
906	529
907	425
908	504
909	448
910	443
911	432
912	396
913	366
914	339
915	361
916	299
917	333
918	315
919	275
920	271
921	233
922	232
923	240
924	219
925	238
926	217
927	209
928	184
929	164
930	181
931	155
932	159
933	160
934	178
935	166
936	158
937	167
938	151
939	173
940	175
941	158
942	157
943	207
944	221
945	245
946	271
947	309
948	322
949	334
950	381
951	391
952	428
953	455
954	411
955	428
956	332
957	364
958	333
959	282
960	284
961	218
962	257
963	196
964	165
965	147
966	152
967	144
968	109
969	125
970	112
971	136
972	129
973	125
974	134
975	121
976	132
977	123
978	120
979	127
980	133
981	143
982	118
983	105
984	123
985	134
986	138
987	126
988	130
989	139
990	132
991	168
992	166
993	144
994	144
995	155
996	163
997	157
998	159
999	158
1000	155
1001	153
1002	163
1003	165
1004	170
1005	165
1006	192
1007	173
1008	152
1009	150
1010	143
1011	154
1012	166
1013	153
1014	158
1015	134
1016	147
1017	140
1018	132
1019	131
1020	99
1021	117
1022	124
1023	126
1024	103
