Date:	09/05/2018		Time:	12:29		Version no:	0.00		Project name:	55		Sample name:	222		Section name:	section		Position	312.600037	mm	E0	0.000000	keV	E1	1.000000	keV/channel	sample surface	6.011251	cm	Tube anode:	Mo		Tube voltage:	30	kV	Tube current:	50	mA	gain	10		std. database			resultfile	result		matrix element	11		sample thickness	1.000000		air passage	0.560000	cm	comments	in position		peaking_time	2.200000	m-sec	trigger_threshold	547.363281	V	mca_bin_width	22.090000	no:	number_mca_channels	1024.000000	no:	gap_time	0.150000	m-sec	trigger_peaking_time	0.200000	m-sec	GAINDAC	18610		HIGHGAIN	1		TAURC	1		RCTAU	1		RCTAUFRAC	1		livetime	9.437532	seconds	runtime	10.000490	seconds	input_count_rate	24165.004156	cps	output_count_rate	19805.830307	cps	triggers	228058	seconds	events_in_run	198068	seconds	channel	content		1	0
2	0
3	0
4	0
5	0
6	0
7	0
8	0
9	0
10	0
11	0
12	0
13	0
14	0
15	0
16	0
17	0
18	0
19	0
20	0
21	0
22	0
23	0
24	0
25	0
26	0
27	0
28	0
29	0
30	0
31	11
32	8
33	15
34	13
35	19
36	11
37	12
38	12
39	11
40	11
41	13
42	10
43	11
44	11
45	15
46	7
47	4
48	18
49	24
50	11
51	9
52	16
53	19
54	13
55	14
56	7
57	10
58	8
59	9
60	5
61	14
62	10
63	9
64	8
65	7
66	9
67	11
68	14
69	7
70	5
71	7
72	11
73	10
74	6
75	3
76	8
77	6
78	6
79	5
80	12
81	11
82	12
83	8
84	2
85	17
86	6
87	6
88	8
89	5
90	5
91	3
92	8
93	4
94	18
95	16
96	18
97	13
98	18
99	10
100	4
101	5
102	11
103	7
104	7
105	6
106	5
107	5
108	15
109	8
110	7
111	5
112	5
113	5
114	6
115	4
116	3
117	5
118	6
119	3
120	4
121	6
122	3
123	10
124	7
125	6
126	3
127	2
128	4
129	4
130	6
131	4
132	3
133	2
134	5
135	5
136	4
137	2
138	2
139	6
140	9
141	2
142	3
143	3
144	6
145	4
146	6
147	3
148	1
149	4
150	3
151	5
152	8
153	6
154	3
155	4
156	6
157	4
158	6
159	11
160	16
161	23
162	26
163	24
164	29
165	27
166	9
167	11
168	6
169	4
170	5
171	2
172	1
173	8
174	1
175	5
176	4
177	8
178	10
179	14
180	14
181	20
182	22
183	23
184	26
185	21
186	14
187	12
188	7
189	2
190	4
191	8
192	6
193	5
194	11
195	18
196	21
197	60
198	103
199	139
200	224
201	280
202	295
203	350
204	333
205	285
206	191
207	122
208	74
209	41
210	19
211	10
212	6
213	8
214	12
215	16
216	18
217	33
218	54
219	43
220	61
221	69
222	47
223	45
224	27
225	28
226	14
227	17
228	6
229	6
230	9
231	3
232	4
233	2
234	2
235	7
236	6
237	8
238	6
239	12
240	19
241	19
242	24
243	63
244	93
245	124
246	180
247	207
248	206
249	160
250	140
251	111
252	94
253	65
254	55
255	46
256	40
257	29
258	28
259	26
260	21
261	15
262	12
263	6
264	12
265	18
266	36
267	40
268	27
269	46
270	50
271	62
272	47
273	55
274	37
275	32
276	26
277	16
278	15
279	6
280	16
281	14
282	8
283	11
284	13
285	8
286	19
287	17
288	15
289	13
290	16
291	17
292	14
293	16
294	25
295	18
296	18
297	17
298	25
299	15
300	19
301	10
302	12
303	16
304	15
305	8
306	12
307	8
308	17
309	12
310	8
311	15
312	13
313	10
314	25
315	21
316	31
317	55
318	57
319	99
320	130
321	134
322	169
323	190
324	188
325	156
326	121
327	98
328	88
329	61
330	57
331	31
332	36
333	25
334	38
335	32
336	34
337	31
338	47
339	70
340	112
341	231
342	391
343	725
344	1262
345	2069
346	3162
347	4474
348	5990
349	7279
350	8062
351	8493
352	7874
353	6893
354	5752
355	4075
356	2899
357	1811
358	1025
359	641
360	330
361	166
362	80
363	67
364	43
365	48
366	47
367	29
368	48
369	46
370	33
371	48
372	41
373	37
374	64
375	70
376	80
377	105
378	181
379	226
380	315
381	506
382	686
383	858
384	1035
385	1258
386	1313
387	1401
388	1251
389	1090
390	907
391	707
392	488
393	298
394	191
395	110
396	73
397	40
398	42
399	42
400	31
401	24
402	25
403	26
404	21
405	35
406	36
407	35
408	42
409	38
410	45
411	55
412	25
413	28
414	41
415	35
416	31
417	33
418	21
419	27
420	22
421	29
422	24
423	28
424	26
425	39
426	36
427	30
428	31
429	35
430	37
431	40
432	37
433	32
434	26
435	38
436	52
437	63
438	73
439	51
440	62
441	63
442	70
443	60
444	58
445	58
446	62
447	60
448	50
449	55
450	57
451	61
452	56
453	61
454	55
455	52
456	71
457	73
458	76
459	77
460	75
461	80
462	70
463	55
464	68
465	67
466	65
467	51
468	56
469	56
470	53
471	59
472	75
473	55
474	54
475	55
476	53
477	51
478	57
479	39
480	55
481	53
482	40
483	56
484	59
485	62
486	54
487	60
488	49
489	53
490	44
491	51
492	47
493	56
494	61
495	62
496	51
497	64
498	62
499	74
500	59
501	54
502	64
503	63
504	73
505	79
506	75
507	77
508	81
509	75
510	77
511	71
512	84
513	62
514	79
515	78
516	83
517	78
518	72
519	85
520	74
521	88
522	64
523	74
524	96
525	90
526	87
527	100
528	95
529	86
530	117
531	93
532	103
533	72
534	82
535	88
536	72
537	70
538	65
539	79
540	76
541	68
542	77
543	100
544	75
545	80
546	80
547	67
548	72
549	81
550	71
551	70
552	74
553	78
554	79
555	70
556	53
557	76
558	62
559	80
560	61
561	61
562	77
563	63
564	70
565	74
566	77
567	84
568	72
569	67
570	88
571	66
572	80
573	89
574	78
575	75
576	75
577	67
578	60
579	90
580	75
581	80
582	80
583	95
584	72
585	80
586	73
587	82
588	69
589	87
590	93
591	78
592	75
593	74
594	106
595	93
596	73
597	94
598	75
599	94
600	85
601	76
602	104
603	92
604	85
605	88
606	92
607	76
608	82
609	97
610	82
611	84
612	90
613	97
614	88
615	105
616	118
617	102
618	108
619	93
620	85
621	102
622	93
623	105
624	79
625	112
626	106
627	97
628	112
629	96
630	88
631	97
632	117
633	105
634	102
635	93
636	91
637	98
638	103
639	127
640	84
641	90
642	98
643	102
644	96
645	86
646	80
647	111
648	98
649	93
650	99
651	120
652	112
653	103
654	117
655	99
656	119
657	100
658	103
659	95
660	111
661	88
662	79
663	107
664	106
665	97
666	110
667	89
668	114
669	95
670	113
671	96
672	120
673	92
674	102
675	98
676	103
677	116
678	99
679	92
680	104
681	118
682	110
683	122
684	92
685	117
686	108
687	139
688	97
689	103
690	104
691	115
692	129
693	114
694	97
695	118
696	111
697	112
698	100
699	120
700	125
701	100
702	133
703	110
704	119
705	111
706	126
707	111
708	113
709	122
710	124
711	117
712	119
713	118
714	113
715	120
716	109
717	118
718	114
719	119
720	108
721	110
722	113
723	134
724	114
725	128
726	110
727	125
728	129
729	136
730	120
731	141
732	124
733	132
734	144
735	147
736	111
737	114
738	118
739	120
740	134
741	103
742	130
743	138
744	127
745	137
746	111
747	147
748	106
749	125
750	112
751	119
752	158
753	110
754	113
755	132
756	136
757	131
758	132
759	125
760	140
761	141
762	149
763	172
764	174
765	201
766	260
767	255
768	306
769	334
770	382
771	413
772	413
773	432
774	426
775	382
776	363
777	352
778	334
779	288
780	265
781	275
782	185
783	174
784	161
785	164
786	157
787	131
788	128
789	135
790	107
791	134
792	136
793	127
794	143
795	102
796	139
797	108
798	140
799	136
800	110
801	143
802	147
803	127
804	113
805	112
806	122
807	145
808	147
809	131
810	129
811	136
812	114
813	139
814	128
815	139
816	123
817	154
818	138
819	130
820	125
821	128
822	112
823	124
824	115
825	147
826	132
827	122
828	127
829	133
830	143
831	153
832	114
833	137
834	122
835	156
836	156
837	125
838	159
839	132
840	137
841	157
842	152
843	131
844	141
845	153
846	156
847	157
848	157
849	152
850	144
851	129
852	137
853	145
854	179
855	165
856	200
857	165
858	158
859	170
860	207
861	207
862	215
863	213
864	227
865	223
866	234
867	234
868	208
869	195
870	244
871	237
872	229
873	223
874	213
875	216
876	241
877	223
878	248
879	260
880	261
881	258
882	272
883	296
884	320
885	300
886	346
887	376
888	348
889	391
890	395
891	434
892	443
893	462
894	503
895	476
896	517
897	498
898	547
899	509
900	524
901	516
902	512
903	546
904	470
905	450
906	489
907	479
908	476
909	452
910	436
911	387
912	398
913	361
914	317
915	320
916	325
917	268
918	288
919	287
920	238
921	228
922	263
923	226
924	213
925	213
926	193
927	195
928	173
929	175
930	161
931	160
932	159
933	150
934	168
935	149
936	146
937	155
938	155
939	152
940	182
941	180
942	175
943	198
944	202
945	267
946	256
947	282
948	331
949	312
950	356
951	366
952	401
953	406
954	411
955	376
956	372
957	362
958	328
959	292
960	281
961	224
962	213
963	206
964	196
965	144
966	140
967	137
968	118
969	129
970	126
971	122
972	113
973	118
974	113
975	127
976	137
977	123
978	126
979	100
980	115
981	124
982	131
983	114
984	138
985	130
986	141
987	134
988	134
989	143
990	153
991	147
992	134
993	159
994	135
995	160
996	161
997	183
998	169
999	163
1000	174
1001	179
1002	152
1003	163
1004	153
1005	178
1006	155
1007	151
1008	146
1009	151
1010	178
1011	137
1012	158
1013	138
1014	146
1015	143
1016	131
1017	139
1018	138
1019	121
1020	127
1021	131
1022	117
1023	126
1024	114
