Date:	09/05/2018		Time:	12:59		Version no:	0.00		Project name:	55		Sample name:	222		Section name:	section		Position	344.800018	mm	E0	0.000000	keV	E1	1.000000	keV/channel	sample surface	6.137497	cm	Tube anode:	Mo		Tube voltage:	30	kV	Tube current:	50	mA	gain	10		std. database			resultfile	result		matrix element	11		sample thickness	1.000000		air passage	0.560000	cm	comments	in position		peaking_time	2.200000	m-sec	trigger_threshold	547.363281	V	mca_bin_width	22.090000	no:	number_mca_channels	1024.000000	no:	gap_time	0.150000	m-sec	trigger_peaking_time	0.200000	m-sec	GAINDAC	18610		HIGHGAIN	1		TAURC	1		RCTAU	1		RCTAUFRAC	1		livetime	9.452638	seconds	runtime	10.000148	seconds	input_count_rate	22796.704040	cps	output_count_rate	18806.421665	cps	triggers	215489	seconds	events_in_run	188067	seconds	channel	content		1	0
2	0
3	0
4	0
5	0
6	0
7	0
8	0
9	0
10	0
11	0
12	0
13	0
14	0
15	0
16	0
17	0
18	0
19	0
20	0
21	0
22	0
23	0
24	0
25	0
26	0
27	0
28	0
29	0
30	0
31	23
32	11
33	12
34	14
35	13
36	10
37	12
38	13
39	14
40	13
41	9
42	18
43	11
44	13
45	11
46	12
47	11
48	12
49	17
50	15
51	6
52	13
53	16
54	19
55	14
56	11
57	8
58	7
59	9
60	13
61	10
62	14
63	14
64	12
65	8
66	6
67	5
68	11
69	9
70	12
71	11
72	5
73	11
74	9
75	8
76	3
77	4
78	5
79	5
80	6
81	3
82	15
83	12
84	11
85	10
86	12
87	4
88	5
89	9
90	6
91	5
92	6
93	15
94	18
95	27
96	26
97	23
98	22
99	14
100	12
101	11
102	8
103	11
104	8
105	13
106	20
107	9
108	7
109	11
110	6
111	6
112	4
113	4
114	4
115	7
116	2
117	4
118	7
119	6
120	7
121	2
122	6
123	3
124	3
125	6
126	7
127	5
128	1
129	6
130	4
131	7
132	7
133	5
134	4
135	8
136	6
137	5
138	3
139	2
140	3
141	7
142	0
143	5
144	6
145	10
146	3
147	5
148	8
149	7
150	6
151	5
152	1
153	6
154	8
155	4
156	6
157	8
158	7
159	13
160	21
161	26
162	20
163	27
164	26
165	22
166	22
167	18
168	10
169	1
170	6
171	5
172	5
173	4
174	7
175	11
176	5
177	8
178	15
179	24
180	23
181	24
182	28
183	25
184	30
185	12
186	12
187	8
188	4
189	5
190	8
191	6
192	4
193	9
194	3
195	19
196	29
197	57
198	93
199	156
200	230
201	289
202	350
203	364
204	387
205	314
206	230
207	143
208	83
209	53
210	27
211	22
212	7
213	8
214	9
215	22
216	26
217	38
218	42
219	52
220	49
221	77
222	50
223	48
224	46
225	40
226	12
227	13
228	7
229	12
230	5
231	5
232	3
233	5
234	5
235	7
236	4
237	8
238	6
239	9
240	15
241	19
242	52
243	72
244	95
245	145
246	162
247	206
248	192
249	172
250	156
251	120
252	104
253	58
254	61
255	34
256	24
257	21
258	26
259	19
260	11
261	10
262	15
263	17
264	14
265	17
266	14
267	40
268	33
269	45
270	54
271	55
272	36
273	49
274	41
275	31
276	23
277	11
278	13
279	16
280	4
281	12
282	13
283	9
284	5
285	21
286	10
287	15
288	9
289	13
290	10
291	16
292	13
293	17
294	18
295	19
296	20
297	18
298	25
299	22
300	19
301	11
302	14
303	10
304	11
305	12
306	13
307	12
308	10
309	14
310	14
311	7
312	9
313	8
314	14
315	24
316	25
317	39
318	41
319	49
320	60
321	102
322	103
323	120
324	105
325	99
326	99
327	66
328	59
329	43
330	44
331	32
332	14
333	26
334	29
335	31
336	35
337	31
338	46
339	64
340	85
341	164
342	309
343	521
344	1063
345	1655
346	2561
347	3681
348	4781
349	5985
350	6663
351	6726
352	6539
353	5766
354	4519
355	3534
356	2409
357	1535
358	965
359	543
360	300
361	121
362	70
363	61
364	51
365	50
366	39
367	28
368	42
369	32
370	44
371	44
372	42
373	40
374	62
375	58
376	77
377	87
378	124
379	182
380	260
381	370
382	533
383	716
384	914
385	1015
386	1165
387	1126
388	1055
389	922
390	716
391	564
392	402
393	235
394	187
395	104
396	70
397	47
398	30
399	31
400	31
401	25
402	35
403	32
404	23
405	44
406	29
407	33
408	31
409	41
410	36
411	50
412	43
413	32
414	35
415	41
416	38
417	30
418	28
419	24
420	37
421	30
422	41
423	32
424	36
425	26
426	30
427	33
428	27
429	33
430	41
431	42
432	19
433	36
434	50
435	50
436	53
437	54
438	56
439	62
440	76
441	79
442	67
443	67
444	57
445	68
446	57
447	66
448	57
449	54
450	67
451	82
452	68
453	50
454	75
455	80
456	85
457	67
458	89
459	77
460	94
461	86
462	107
463	74
464	69
465	66
466	60
467	74
468	68
469	73
470	65
471	64
472	58
473	76
474	60
475	66
476	75
477	60
478	57
479	60
480	60
481	50
482	59
483	60
484	56
485	50
486	72
487	65
488	78
489	54
490	67
491	70
492	62
493	53
494	54
495	61
496	64
497	81
498	71
499	62
500	63
501	61
502	80
503	79
504	88
505	86
506	89
507	83
508	86
509	66
510	86
511	55
512	72
513	78
514	79
515	71
516	76
517	70
518	73
519	65
520	72
521	81
522	103
523	82
524	101
525	84
526	102
527	104
528	105
529	104
530	98
531	97
532	96
533	90
534	106
535	74
536	81
537	83
538	87
539	82
540	81
541	82
542	80
543	73
544	77
545	87
546	82
547	85
548	83
549	74
550	91
551	74
552	75
553	79
554	80
555	70
556	81
557	67
558	61
559	71
560	73
561	81
562	73
563	88
564	79
565	95
566	81
567	72
568	83
569	89
570	77
571	87
572	70
573	102
574	94
575	82
576	101
577	75
578	82
579	89
580	104
581	92
582	86
583	81
584	89
585	96
586	81
587	91
588	89
589	86
590	113
591	102
592	99
593	108
594	97
595	91
596	94
597	98
598	80
599	88
600	103
601	95
602	93
603	98
604	85
605	107
606	89
607	91
608	95
609	98
610	100
611	100
612	109
613	113
614	101
615	105
616	109
617	103
618	116
619	94
620	109
621	104
622	99
623	109
624	98
625	102
626	94
627	101
628	98
629	113
630	102
631	114
632	120
633	101
634	106
635	103
636	91
637	95
638	91
639	104
640	112
641	96
642	104
643	90
644	119
645	120
646	111
647	122
648	119
649	121
650	119
651	129
652	112
653	124
654	112
655	105
656	110
657	109
658	107
659	138
660	112
661	118
662	102
663	122
664	117
665	128
666	116
667	117
668	108
669	109
670	118
671	99
672	97
673	121
674	107
675	107
676	117
677	107
678	116
679	108
680	125
681	115
682	130
683	131
684	125
685	132
686	133
687	141
688	127
689	117
690	122
691	118
692	134
693	130
694	133
695	109
696	128
697	111
698	119
699	127
700	105
701	123
702	122
703	133
704	129
705	132
706	127
707	121
708	134
709	125
710	106
711	135
712	131
713	143
714	131
715	122
716	138
717	125
718	122
719	122
720	136
721	127
722	137
723	125
724	119
725	134
726	137
727	145
728	131
729	127
730	129
731	143
732	148
733	150
734	131
735	150
736	137
737	145
738	125
739	123
740	141
741	149
742	144
743	128
744	141
745	150
746	120
747	136
748	147
749	139
750	147
751	142
752	121
753	125
754	135
755	148
756	141
757	134
758	137
759	115
760	159
761	148
762	143
763	163
764	188
765	175
766	187
767	193
768	249
769	221
770	292
771	293
772	294
773	303
774	305
775	306
776	275
777	277
778	249
779	199
780	195
781	199
782	158
783	156
784	155
785	154
786	125
787	149
788	134
789	151
790	142
791	143
792	115
793	142
794	140
795	127
796	166
797	134
798	152
799	126
800	147
801	136
802	159
803	127
804	138
805	162
806	136
807	132
808	140
809	126
810	127
811	166
812	131
813	158
814	131
815	153
816	150
817	180
818	148
819	144
820	143
821	143
822	156
823	153
824	158
825	125
826	158
827	141
828	135
829	148
830	141
831	148
832	156
833	136
834	143
835	135
836	152
837	142
838	137
839	170
840	138
841	141
842	153
843	167
844	153
845	163
846	140
847	158
848	170
849	172
850	179
851	156
852	142
853	151
854	173
855	176
856	190
857	178
858	193
859	197
860	193
861	219
862	220
863	220
864	216
865	216
866	232
867	212
868	236
869	238
870	221
871	224
872	195
873	241
874	218
875	243
876	269
877	245
878	255
879	250
880	257
881	288
882	281
883	298
884	350
885	325
886	384
887	378
888	411
889	408
890	500
891	464
892	486
893	513
894	522
895	536
896	543
897	583
898	559
899	588
900	588
901	568
902	568
903	553
904	529
905	516
906	531
907	483
908	488
909	486
910	490
911	432
912	395
913	363
914	354
915	360
916	378
917	328
918	287
919	298
920	275
921	294
922	243
923	241
924	226
925	218
926	229
927	225
928	197
929	183
930	199
931	163
932	158
933	184
934	155
935	176
936	159
937	151
938	183
939	165
940	181
941	180
942	186
943	205
944	208
945	264
946	261
947	293
948	318
949	364
950	364
951	400
952	382
953	402
954	397
955	424
956	385
957	388
958	365
959	321
960	291
961	244
962	226
963	191
964	196
965	167
966	159
967	146
968	139
969	138
970	125
971	121
972	137
973	123
974	128
975	121
976	110
977	128
978	123
979	126
980	115
981	131
982	154
983	137
984	133
985	131
986	141
987	156
988	158
989	154
990	157
991	158
992	162
993	147
994	175
995	178
996	146
997	151
998	169
999	181
1000	173
1001	186
1002	163
1003	172
1004	192
1005	187
1006	182
1007	157
1008	168
1009	168
1010	183
1011	175
1012	157
1013	174
1014	162
1015	158
1016	131
1017	160
1018	135
1019	122
1020	124
1021	130
1022	130
1023	120
1024	123
