Date:	09/05/2018		Time:	12:48		Version no:	0.00		Project name:	55		Sample name:	222		Section name:	section		Position	333.400024	mm	E0	0.000000	keV	E1	1.000000	keV/channel	sample surface	6.097645	cm	Tube anode:	Mo		Tube voltage:	30	kV	Tube current:	50	mA	gain	10		std. database			resultfile	result		matrix element	11		sample thickness	1.000000		air passage	0.560000	cm	comments	in position		peaking_time	2.200000	m-sec	trigger_threshold	547.363281	V	mca_bin_width	22.090000	no:	number_mca_channels	1024.000000	no:	gap_time	0.150000	m-sec	trigger_peaking_time	0.200000	m-sec	GAINDAC	18610		HIGHGAIN	1		TAURC	1		RCTAU	1		RCTAUFRAC	1		livetime	9.466721	seconds	runtime	10.000489	seconds	input_count_rate	22634.764934	cps	output_count_rate	18726.484649	cps	triggers	214277	seconds	events_in_run	187274	seconds	channel	content		1	0
2	0
3	0
4	0
5	0
6	0
7	0
8	0
9	0
10	0
11	0
12	0
13	0
14	0
15	0
16	0
17	0
18	0
19	0
20	0
21	0
22	0
23	0
24	0
25	0
26	0
27	0
28	0
29	0
30	0
31	14
32	13
33	10
34	9
35	9
36	9
37	7
38	11
39	14
40	12
41	19
42	15
43	13
44	14
45	7
46	12
47	14
48	17
49	14
50	15
51	15
52	14
53	11
54	16
55	11
56	19
57	7
58	11
59	11
60	13
61	9
62	14
63	14
64	13
65	7
66	10
67	9
68	10
69	5
70	7
71	9
72	10
73	9
74	6
75	8
76	6
77	10
78	6
79	5
80	14
81	11
82	15
83	9
84	12
85	8
86	7
87	8
88	7
89	8
90	9
91	9
92	12
93	15
94	13
95	18
96	23
97	17
98	21
99	12
100	11
101	10
102	6
103	8
104	6
105	11
106	6
107	2
108	17
109	12
110	5
111	8
112	7
113	10
114	7
115	3
116	4
117	4
118	4
119	3
120	3
121	6
122	5
123	8
124	3
125	4
126	2
127	4
128	3
129	1
130	4
131	4
132	3
133	3
134	7
135	3
136	5
137	4
138	4
139	3
140	4
141	2
142	1
143	2
144	2
145	4
146	8
147	3
148	3
149	3
150	2
151	2
152	2
153	7
154	5
155	1
156	6
157	10
158	8
159	14
160	19
161	31
162	25
163	27
164	31
165	22
166	21
167	9
168	5
169	4
170	9
171	1
172	9
173	4
174	6
175	7
176	9
177	9
178	19
179	17
180	25
181	17
182	20
183	29
184	31
185	26
186	13
187	12
188	8
189	5
190	4
191	9
192	6
193	3
194	16
195	16
196	26
197	62
198	89
199	169
200	244
201	315
202	334
203	405
204	345
205	302
206	227
207	156
208	64
209	59
210	24
211	15
212	6
213	12
214	12
215	14
216	20
217	40
218	49
219	67
220	69
221	58
222	50
223	51
224	43
225	29
226	22
227	9
228	6
229	6
230	5
231	3
232	5
233	2
234	2
235	5
236	2
237	6
238	7
239	9
240	16
241	22
242	44
243	58
244	83
245	128
246	189
247	194
248	195
249	180
250	135
251	102
252	95
253	52
254	52
255	43
256	30
257	27
258	17
259	26
260	13
261	8
262	14
263	14
264	13
265	14
266	25
267	24
268	40
269	47
270	44
271	51
272	52
273	29
274	43
275	20
276	18
277	11
278	12
279	9
280	11
281	9
282	10
283	10
284	5
285	15
286	9
287	12
288	10
289	22
290	16
291	7
292	13
293	14
294	14
295	9
296	18
297	16
298	16
299	15
300	15
301	11
302	13
303	9
304	13
305	20
306	7
307	16
308	11
309	11
310	14
311	16
312	9
313	15
314	16
315	20
316	31
317	42
318	56
319	89
320	105
321	144
322	156
323	195
324	148
325	149
326	149
327	97
328	75
329	64
330	59
331	35
332	18
333	25
334	28
335	21
336	38
337	39
338	46
339	65
340	118
341	187
342	355
343	628
344	1096
345	1812
346	2754
347	4067
348	5291
349	6486
350	7257
351	7401
352	6968
353	6170
354	5043
355	3733
356	2530
357	1742
358	995
359	535
360	289
361	168
362	117
363	52
364	45
365	31
366	31
367	38
368	43
369	33
370	38
371	44
372	42
373	44
374	54
375	74
376	78
377	100
378	142
379	186
380	323
381	414
382	605
383	779
384	951
385	1055
386	1265
387	1171
388	1201
389	1017
390	813
391	666
392	429
393	325
394	178
395	108
396	82
397	53
398	35
399	30
400	30
401	23
402	26
403	36
404	20
405	34
406	40
407	29
408	36
409	31
410	33
411	33
412	43
413	35
414	45
415	31
416	37
417	31
418	33
419	37
420	31
421	40
422	32
423	20
424	43
425	30
426	38
427	39
428	41
429	40
430	32
431	40
432	48
433	32
434	54
435	58
436	50
437	47
438	65
439	66
440	78
441	79
442	51
443	69
444	73
445	66
446	74
447	73
448	62
449	45
450	54
451	53
452	65
453	75
454	67
455	77
456	72
457	89
458	80
459	87
460	93
461	106
462	62
463	62
464	58
465	62
466	56
467	63
468	52
469	60
470	72
471	70
472	62
473	59
474	65
475	50
476	56
477	63
478	52
479	44
480	50
481	57
482	64
483	50
484	59
485	66
486	53
487	50
488	57
489	66
490	50
491	57
492	58
493	53
494	58
495	55
496	55
497	68
498	61
499	67
500	55
501	58
502	73
503	63
504	68
505	77
506	71
507	92
508	74
509	75
510	80
511	82
512	91
513	78
514	68
515	84
516	78
517	83
518	74
519	97
520	83
521	86
522	78
523	89
524	98
525	85
526	108
527	92
528	101
529	90
530	99
531	80
532	102
533	97
534	70
535	93
536	72
537	91
538	84
539	84
540	75
541	73
542	71
543	85
544	78
545	64
546	83
547	80
548	63
549	78
550	54
551	78
552	83
553	76
554	75
555	79
556	81
557	67
558	65
559	70
560	76
561	79
562	86
563	73
564	76
565	73
566	79
567	74
568	80
569	93
570	68
571	63
572	81
573	79
574	75
575	94
576	85
577	78
578	80
579	103
580	67
581	76
582	77
583	83
584	83
585	92
586	71
587	80
588	84
589	95
590	84
591	91
592	82
593	92
594	94
595	99
596	88
597	83
598	71
599	92
600	72
601	86
602	99
603	93
604	81
605	79
606	85
607	116
608	74
609	78
610	87
611	91
612	100
613	87
614	102
615	88
616	84
617	91
618	97
619	104
620	100
621	102
622	92
623	80
624	92
625	100
626	114
627	106
628	99
629	99
630	115
631	104
632	94
633	105
634	102
635	106
636	110
637	90
638	99
639	95
640	121
641	104
642	87
643	111
644	113
645	99
646	113
647	98
648	132
649	109
650	111
651	99
652	106
653	103
654	98
655	116
656	115
657	108
658	108
659	110
660	101
661	95
662	118
663	107
664	114
665	116
666	94
667	95
668	107
669	92
670	105
671	112
672	104
673	107
674	101
675	103
676	109
677	103
678	103
679	110
680	115
681	116
682	113
683	99
684	78
685	112
686	110
687	117
688	105
689	117
690	106
691	111
692	103
693	125
694	123
695	121
696	131
697	118
698	105
699	133
700	133
701	128
702	117
703	136
704	115
705	108
706	129
707	122
708	111
709	110
710	104
711	105
712	122
713	105
714	124
715	115
716	109
717	127
718	114
719	120
720	92
721	114
722	112
723	119
724	126
725	118
726	116
727	104
728	135
729	137
730	124
731	133
732	117
733	111
734	141
735	128
736	108
737	131
738	127
739	125
740	117
741	118
742	130
743	110
744	120
745	133
746	105
747	109
748	123
749	139
750	135
751	146
752	121
753	105
754	116
755	112
756	123
757	109
758	136
759	121
760	159
761	105
762	156
763	162
764	156
765	158
766	192
767	199
768	211
769	262
770	269
771	264
772	248
773	297
774	290
775	284
776	294
777	256
778	229
779	199
780	198
781	196
782	158
783	148
784	148
785	148
786	145
787	146
788	152
789	127
790	137
791	130
792	110
793	133
794	136
795	110
796	138
797	128
798	119
799	136
800	140
801	102
802	122
803	137
804	129
805	138
806	126
807	116
808	152
809	129
810	133
811	116
812	122
813	129
814	130
815	137
816	139
817	151
818	137
819	142
820	130
821	147
822	134
823	145
824	130
825	141
826	136
827	116
828	162
829	127
830	127
831	132
832	132
833	155
834	121
835	152
836	129
837	155
838	130
839	124
840	124
841	121
842	148
843	126
844	126
845	152
846	145
847	136
848	155
849	133
850	152
851	133
852	152
853	170
854	153
855	166
856	161
857	190
858	174
859	198
860	175
861	197
862	211
863	220
864	216
865	212
866	216
867	222
868	187
869	207
870	196
871	199
872	190
873	202
874	185
875	211
876	206
877	230
878	231
879	269
880	254
881	228
882	281
883	278
884	295
885	322
886	342
887	372
888	359
889	371
890	438
891	415
892	446
893	451
894	438
895	454
896	532
897	488
898	519
899	530
900	566
901	517
902	537
903	497
904	519
905	499
906	471
907	461
908	447
909	428
910	391
911	406
912	386
913	370
914	328
915	335
916	305
917	326
918	309
919	256
920	261
921	251
922	238
923	233
924	224
925	209
926	197
927	202
928	156
929	180
930	172
931	168
932	170
933	120
934	134
935	163
936	139
937	152
938	150
939	160
940	168
941	175
942	182
943	192
944	200
945	293
946	271
947	301
948	301
949	332
950	339
951	352
952	392
953	417
954	375
955	386
956	380
957	346
958	304
959	286
960	282
961	237
962	238
963	201
964	189
965	170
966	140
967	121
968	141
969	106
970	105
971	129
972	130
973	128
974	99
975	117
976	106
977	124
978	110
979	117
980	119
981	132
982	119
983	115
984	107
985	109
986	120
987	137
988	132
989	144
990	143
991	131
992	140
993	157
994	146
995	147
996	164
997	164
998	151
999	139
1000	169
1001	163
1002	168
1003	163
1004	176
1005	139
1006	159
1007	172
1008	135
1009	148
1010	130
1011	155
1012	128
1013	134
1014	151
1015	140
1016	144
1017	129
1018	148
1019	139
1020	115
1021	129
1022	129
1023	104
1024	132
