Date:	09/05/2018		Time:	12:40		Version no:	0.00		Project name:	55		Sample name:	222		Section name:	section		Position	324.800018	mm	E0	0.000000	keV	E1	1.000000	keV/channel	sample surface	6.073140	cm	Tube anode:	Mo		Tube voltage:	30	kV	Tube current:	50	mA	gain	10		std. database			resultfile	result		matrix element	11		sample thickness	1.000000		air passage	0.560000	cm	comments	in position		peaking_time	2.200000	m-sec	trigger_threshold	547.363281	V	mca_bin_width	22.090000	no:	number_mca_channels	1024.000000	no:	gap_time	0.150000	m-sec	trigger_peaking_time	0.200000	m-sec	GAINDAC	18610		HIGHGAIN	1		TAURC	1		RCTAU	1		RCTAUFRAC	1		livetime	9.431726	seconds	runtime	10.000491	seconds	input_count_rate	24516.190376	cps	output_count_rate	20031.116072	cps	triggers	231230	seconds	events_in_run	200321	seconds	channel	content		1	0
2	0
3	0
4	0
5	0
6	0
7	0
8	0
9	0
10	0
11	0
12	0
13	0
14	0
15	0
16	0
17	0
18	0
19	0
20	0
21	0
22	0
23	0
24	0
25	0
26	0
27	0
28	0
29	0
30	0
31	14
32	19
33	12
34	10
35	17
36	14
37	6
38	9
39	11
40	11
41	12
42	14
43	16
44	9
45	13
46	7
47	17
48	11
49	18
50	15
51	17
52	9
53	8
54	8
55	12
56	6
57	7
58	13
59	12
60	11
61	8
62	8
63	6
64	12
65	11
66	8
67	9
68	17
69	10
70	5
71	10
72	7
73	11
74	10
75	8
76	5
77	5
78	6
79	6
80	8
81	15
82	17
83	12
84	12
85	7
86	9
87	5
88	5
89	3
90	8
91	6
92	8
93	5
94	15
95	17
96	19
97	21
98	15
99	13
100	4
101	7
102	12
103	8
104	6
105	9
106	1
107	12
108	5
109	5
110	7
111	7
112	5
113	3
114	1
115	8
116	6
117	6
118	4
119	1
120	7
121	3
122	7
123	4
124	4
125	8
126	3
127	5
128	6
129	3
130	4
131	2
132	3
133	5
134	1
135	4
136	6
137	6
138	5
139	3
140	3
141	4
142	5
143	6
144	3
145	2
146	5
147	2
148	5
149	7
150	8
151	4
152	5
153	5
154	5
155	5
156	4
157	4
158	9
159	20
160	11
161	21
162	27
163	27
164	23
165	22
166	8
167	12
168	4
169	2
170	2
171	6
172	5
173	8
174	2
175	2
176	8
177	16
178	10
179	11
180	23
181	21
182	26
183	27
184	23
185	18
186	13
187	11
188	6
189	5
190	6
191	4
192	9
193	3
194	12
195	20
196	31
197	43
198	73
199	162
200	213
201	303
202	375
203	350
204	366
205	316
206	215
207	163
208	83
209	39
210	23
211	8
212	8
213	7
214	11
215	27
216	28
217	34
218	35
219	46
220	64
221	75
222	54
223	56
224	36
225	21
226	13
227	10
228	8
229	5
230	3
231	11
232	5
233	4
234	2
235	6
236	6
237	7
238	9
239	11
240	10
241	24
242	48
243	62
244	106
245	121
246	174
247	184
248	193
249	197
250	165
251	116
252	86
253	57
254	51
255	40
256	39
257	37
258	30
259	23
260	19
261	14
262	5
263	12
264	17
265	19
266	20
267	23
268	35
269	41
270	57
271	56
272	57
273	40
274	31
275	31
276	20
277	20
278	11
279	16
280	6
281	5
282	12
283	9
284	15
285	13
286	7
287	10
288	11
289	18
290	19
291	20
292	21
293	30
294	21
295	23
296	20
297	20
298	31
299	20
300	23
301	12
302	13
303	15
304	16
305	11
306	11
307	13
308	15
309	19
310	18
311	12
312	16
313	26
314	20
315	27
316	22
317	40
318	62
319	86
320	105
321	143
322	157
323	158
324	162
325	153
326	128
327	96
328	81
329	46
330	31
331	32
332	31
333	31
334	31
335	38
336	30
337	33
338	55
339	72
340	99
341	214
342	420
343	726
344	1285
345	2013
346	3346
347	4516
348	6058
349	7363
350	8074
351	8399
352	7698
353	6799
354	5557
355	4069
356	2725
357	1771
358	1086
359	540
360	279
361	151
362	78
363	64
364	49
365	42
366	43
367	39
368	51
369	43
370	48
371	49
372	46
373	58
374	75
375	68
376	82
377	115
378	138
379	201
380	350
381	479
382	671
383	874
384	1048
385	1256
386	1348
387	1371
388	1315
389	1183
390	840
391	671
392	445
393	320
394	223
395	122
396	78
397	49
398	38
399	36
400	20
401	38
402	30
403	39
404	44
405	25
406	38
407	28
408	44
409	37
410	44
411	43
412	34
413	39
414	40
415	29
416	46
417	41
418	26
419	29
420	28
421	39
422	20
423	33
424	34
425	42
426	32
427	26
428	32
429	23
430	25
431	33
432	41
433	30
434	38
435	40
436	41
437	49
438	67
439	64
440	63
441	65
442	75
443	64
444	64
445	69
446	53
447	79
448	57
449	65
450	65
451	67
452	61
453	57
454	78
455	74
456	70
457	76
458	79
459	87
460	83
461	85
462	80
463	81
464	56
465	59
466	55
467	66
468	55
469	53
470	58
471	70
472	60
473	68
474	67
475	70
476	67
477	66
478	52
479	60
480	36
481	53
482	47
483	62
484	51
485	53
486	46
487	66
488	61
489	64
490	54
491	57
492	66
493	68
494	74
495	52
496	60
497	62
498	59
499	69
500	54
501	80
502	80
503	76
504	63
505	76
506	79
507	67
508	83
509	63
510	98
511	72
512	73
513	81
514	70
515	78
516	71
517	85
518	75
519	66
520	83
521	114
522	92
523	98
524	87
525	76
526	96
527	97
528	83
529	110
530	93
531	93
532	96
533	91
534	76
535	77
536	87
537	82
538	74
539	95
540	88
541	64
542	78
543	72
544	91
545	86
546	63
547	87
548	75
549	77
550	83
551	81
552	87
553	70
554	78
555	77
556	74
557	65
558	86
559	80
560	87
561	78
562	70
563	88
564	82
565	83
566	83
567	83
568	74
569	74
570	82
571	68
572	71
573	68
574	88
575	90
576	89
577	91
578	82
579	71
580	80
581	90
582	98
583	88
584	78
585	83
586	80
587	96
588	93
589	83
590	94
591	87
592	86
593	94
594	87
595	83
596	96
597	79
598	99
599	96
600	100
601	100
602	107
603	104
604	105
605	99
606	93
607	102
608	97
609	104
610	85
611	100
612	88
613	91
614	101
615	103
616	93
617	112
618	105
619	118
620	97
621	103
622	83
623	102
624	100
625	98
626	91
627	89
628	107
629	101
630	116
631	101
632	102
633	111
634	91
635	75
636	106
637	105
638	72
639	109
640	92
641	106
642	102
643	110
644	93
645	107
646	104
647	89
648	103
649	118
650	103
651	128
652	105
653	110
654	90
655	104
656	128
657	111
658	109
659	103
660	103
661	100
662	116
663	116
664	106
665	117
666	104
667	97
668	104
669	113
670	89
671	119
672	102
673	113
674	109
675	93
676	111
677	117
678	112
679	108
680	105
681	120
682	120
683	110
684	124
685	96
686	109
687	135
688	116
689	111
690	117
691	112
692	119
693	128
694	117
695	98
696	119
697	126
698	144
699	121
700	113
701	137
702	143
703	130
704	119
705	122
706	154
707	134
708	145
709	121
710	112
711	107
712	139
713	102
714	107
715	103
716	126
717	145
718	126
719	110
720	125
721	134
722	116
723	139
724	134
725	122
726	130
727	121
728	104
729	131
730	125
731	128
732	120
733	134
734	123
735	142
736	126
737	134
738	139
739	135
740	137
741	145
742	121
743	126
744	146
745	130
746	127
747	95
748	114
749	128
750	118
751	124
752	91
753	136
754	113
755	148
756	112
757	132
758	130
759	120
760	149
761	131
762	142
763	117
764	164
765	179
766	186
767	192
768	222
769	245
770	236
771	286
772	304
773	287
774	298
775	306
776	282
777	267
778	258
779	211
780	192
781	204
782	195
783	145
784	149
785	143
786	122
787	129
788	130
789	121
790	144
791	129
792	128
793	133
794	136
795	133
796	138
797	149
798	136
799	140
800	155
801	136
802	139
803	141
804	129
805	128
806	146
807	149
808	128
809	125
810	127
811	127
812	129
813	135
814	140
815	141
816	160
817	135
818	169
819	143
820	157
821	146
822	115
823	136
824	146
825	145
826	152
827	128
828	138
829	141
830	155
831	150
832	157
833	147
834	135
835	119
836	144
837	145
838	142
839	144
840	179
841	145
842	140
843	143
844	152
845	141
846	134
847	148
848	165
849	153
850	154
851	149
852	138
853	163
854	153
855	172
856	178
857	203
858	164
859	190
860	194
861	212
862	216
863	198
864	188
865	213
866	198
867	210
868	200
869	189
870	224
871	201
872	202
873	212
874	219
875	206
876	217
877	255
878	225
879	242
880	267
881	240
882	274
883	331
884	301
885	384
886	336
887	403
888	370
889	420
890	439
891	462
892	502
893	520
894	526
895	537
896	534
897	574
898	542
899	576
900	568
901	571
902	526
903	567
904	514
905	500
906	510
907	518
908	464
909	516
910	441
911	400
912	420
913	376
914	386
915	319
916	305
917	325
918	290
919	275
920	284
921	272
922	245
923	206
924	235
925	203
926	204
927	193
928	209
929	213
930	188
931	167
932	193
933	179
934	182
935	168
936	142
937	163
938	159
939	167
940	177
941	164
942	187
943	223
944	212
945	252
946	247
947	307
948	317
949	358
950	417
951	374
952	440
953	441
954	437
955	365
956	408
957	371
958	338
959	336
960	273
961	227
962	240
963	199
964	181
965	169
966	152
967	125
968	130
969	130
970	131
971	110
972	129
973	132
974	124
975	135
976	125
977	117
978	129
979	139
980	135
981	137
982	143
983	128
984	129
985	129
986	116
987	133
988	148
989	145
990	143
991	148
992	158
993	160
994	179
995	167
996	154
997	177
998	167
999	149
1000	158
1001	187
1002	173
1003	191
1004	156
1005	162
1006	163
1007	178
1008	166
1009	135
1010	156
1011	141
1012	173
1013	139
1014	153
1015	143
1016	141
1017	153
1018	126
1019	123
1020	110
1021	132
1022	110
1023	113
1024	117
