Date:	09/05/2018		Time:	12:35		Version no:	0.00		Project name:	55		Sample name:	222		Section name:	section		Position	319.800018	mm	E0	0.000000	keV	E1	1.000000	keV/channel	sample surface	6.044410	cm	Tube anode:	Mo		Tube voltage:	30	kV	Tube current:	50	mA	gain	10		std. database			resultfile	result		matrix element	11		sample thickness	1.000000		air passage	0.560000	cm	comments	in position		peaking_time	2.200000	m-sec	trigger_threshold	547.363281	V	mca_bin_width	22.090000	no:	number_mca_channels	1024.000000	no:	gap_time	0.150000	m-sec	trigger_peaking_time	0.200000	m-sec	GAINDAC	18610		HIGHGAIN	1		TAURC	1		RCTAU	1		RCTAUFRAC	1		livetime	9.447595	seconds	runtime	10.000492	seconds	input_count_rate	23539.641072	cps	output_count_rate	19378.446580	cps	triggers	222393	seconds	events_in_run	193794	seconds	channel	content		1	0
2	0
3	0
4	0
5	0
6	0
7	0
8	0
9	0
10	0
11	0
12	0
13	0
14	0
15	0
16	0
17	0
18	0
19	0
20	0
21	0
22	0
23	0
24	0
25	0
26	0
27	0
28	0
29	0
30	0
31	12
32	9
33	16
34	7
35	17
36	15
37	13
38	17
39	15
40	8
41	12
42	13
43	7
44	12
45	18
46	14
47	10
48	25
49	13
50	14
51	9
52	10
53	7
54	14
55	11
56	10
57	12
58	17
59	10
60	8
61	8
62	7
63	8
64	7
65	12
66	4
67	5
68	9
69	6
70	10
71	9
72	4
73	7
74	9
75	8
76	14
77	9
78	8
79	5
80	8
81	9
82	15
83	7
84	12
85	6
86	7
87	6
88	9
89	2
90	11
91	7
92	9
93	13
94	8
95	15
96	27
97	17
98	16
99	14
100	11
101	8
102	12
103	8
104	7
105	14
106	10
107	6
108	12
109	14
110	9
111	4
112	4
113	6
114	3
115	6
116	8
117	2
118	7
119	7
120	5
121	6
122	4
123	3
124	4
125	7
126	7
127	7
128	4
129	5
130	2
131	3
132	4
133	4
134	2
135	5
136	6
137	4
138	1
139	3
140	3
141	6
142	4
143	9
144	3
145	1
146	5
147	3
148	3
149	6
150	3
151	9
152	3
153	6
154	4
155	3
156	5
157	12
158	6
159	20
160	18
161	24
162	36
163	22
164	23
165	17
166	16
167	14
168	6
169	5
170	3
171	8
172	4
173	4
174	6
175	6
176	5
177	14
178	9
179	15
180	22
181	32
182	23
183	28
184	28
185	18
186	10
187	10
188	13
189	3
190	5
191	4
192	5
193	8
194	6
195	8
196	28
197	55
198	94
199	174
200	208
201	298
202	333
203	344
204	285
205	250
206	231
207	126
208	77
209	46
210	14
211	15
212	8
213	6
214	9
215	17
216	23
217	30
218	42
219	52
220	53
221	63
222	62
223	57
224	20
225	27
226	24
227	10
228	9
229	4
230	5
231	1
232	3
233	2
234	4
235	6
236	4
237	8
238	5
239	15
240	11
241	31
242	36
243	56
244	88
245	122
246	165
247	146
248	166
249	179
250	128
251	89
252	82
253	68
254	53
255	39
256	40
257	28
258	32
259	18
260	25
261	20
262	7
263	11
264	14
265	11
266	15
267	35
268	36
269	34
270	49
271	44
272	41
273	39
274	22
275	27
276	26
277	17
278	13
279	8
280	8
281	11
282	10
283	10
284	5
285	11
286	15
287	19
288	8
289	15
290	14
291	19
292	18
293	15
294	15
295	14
296	10
297	19
298	18
299	20
300	21
301	14
302	9
303	8
304	21
305	21
306	17
307	15
308	8
309	7
310	9
311	19
312	19
313	17
314	17
315	11
316	24
317	31
318	56
319	71
320	109
321	135
322	167
323	174
324	146
325	151
326	145
327	88
328	84
329	58
330	39
331	32
332	33
333	28
334	28
335	34
336	33
337	34
338	39
339	63
340	110
341	170
342	387
343	688
344	1197
345	2038
346	3004
347	4400
348	5822
349	7091
350	7490
351	7929
352	7707
353	6612
354	5207
355	4010
356	2662
357	1709
358	1018
359	540
360	314
361	184
362	99
363	68
364	48
365	32
366	39
367	33
368	40
369	34
370	44
371	51
372	44
373	51
374	61
375	59
376	75
377	110
378	140
379	228
380	333
381	425
382	610
383	800
384	1002
385	1315
386	1317
387	1364
388	1234
389	1067
390	920
391	623
392	484
393	302
394	210
395	133
396	87
397	39
398	34
399	24
400	29
401	17
402	25
403	31
404	32
405	34
406	28
407	28
408	37
409	36
410	36
411	36
412	34
413	39
414	32
415	32
416	17
417	28
418	32
419	24
420	25
421	37
422	32
423	41
424	28
425	25
426	22
427	32
428	38
429	28
430	32
431	32
432	32
433	29
434	51
435	49
436	57
437	58
438	53
439	70
440	70
441	77
442	66
443	84
444	66
445	56
446	56
447	59
448	70
449	48
450	64
451	40
452	59
453	69
454	63
455	71
456	76
457	74
458	98
459	76
460	78
461	80
462	71
463	64
464	75
465	51
466	52
467	46
468	61
469	51
470	57
471	72
472	64
473	68
474	73
475	69
476	50
477	70
478	51
479	51
480	46
481	63
482	57
483	48
484	59
485	54
486	63
487	55
488	55
489	55
490	46
491	56
492	52
493	62
494	41
495	63
496	48
497	52
498	59
499	61
500	63
501	49
502	66
503	67
504	76
505	74
506	71
507	68
508	73
509	63
510	74
511	71
512	65
513	83
514	84
515	68
516	75
517	65
518	69
519	96
520	107
521	79
522	65
523	81
524	82
525	108
526	95
527	93
528	94
529	121
530	108
531	109
532	80
533	87
534	82
535	85
536	74
537	80
538	81
539	67
540	66
541	85
542	88
543	81
544	80
545	88
546	83
547	72
548	76
549	93
550	81
551	95
552	61
553	74
554	69
555	69
556	81
557	73
558	70
559	64
560	62
561	87
562	63
563	70
564	71
565	67
566	79
567	86
568	66
569	64
570	90
571	75
572	89
573	85
574	76
575	83
576	97
577	95
578	80
579	99
580	85
581	87
582	79
583	74
584	86
585	80
586	90
587	82
588	67
589	97
590	72
591	82
592	85
593	80
594	103
595	87
596	78
597	70
598	100
599	95
600	87
601	82
602	75
603	76
604	85
605	101
606	82
607	86
608	97
609	76
610	94
611	83
612	88
613	93
614	98
615	100
616	94
617	68
618	113
619	92
620	93
621	92
622	100
623	90
624	83
625	72
626	87
627	98
628	97
629	102
630	96
631	106
632	91
633	105
634	82
635	105
636	98
637	85
638	97
639	113
640	101
641	87
642	107
643	105
644	119
645	90
646	97
647	98
648	90
649	99
650	98
651	103
652	104
653	108
654	96
655	99
656	112
657	115
658	105
659	104
660	94
661	90
662	96
663	102
664	110
665	95
666	78
667	120
668	95
669	114
670	99
671	102
672	108
673	109
674	118
675	124
676	97
677	121
678	104
679	123
680	104
681	112
682	114
683	120
684	108
685	100
686	99
687	103
688	120
689	122
690	123
691	122
692	115
693	119
694	126
695	106
696	121
697	122
698	121
699	111
700	127
701	122
702	106
703	115
704	113
705	136
706	107
707	121
708	104
709	106
710	138
711	117
712	124
713	101
714	109
715	120
716	120
717	146
718	107
719	134
720	119
721	134
722	129
723	120
724	124
725	116
726	128
727	138
728	113
729	137
730	128
731	98
732	132
733	120
734	109
735	120
736	153
737	134
738	128
739	131
740	108
741	117
742	132
743	130
744	120
745	112
746	129
747	133
748	121
749	112
750	127
751	107
752	123
753	140
754	123
755	125
756	113
757	129
758	129
759	121
760	138
761	133
762	147
763	139
764	138
765	148
766	175
767	184
768	218
769	246
770	224
771	263
772	280
773	255
774	291
775	277
776	262
777	230
778	206
779	206
780	208
781	176
782	177
783	146
784	154
785	147
786	138
787	127
788	141
789	123
790	119
791	135
792	126
793	124
794	148
795	113
796	135
797	118
798	126
799	137
800	135
801	134
802	111
803	134
804	139
805	149
806	144
807	126
808	129
809	136
810	122
811	125
812	138
813	129
814	140
815	141
816	126
817	144
818	141
819	142
820	164
821	119
822	156
823	127
824	139
825	150
826	145
827	152
828	144
829	135
830	134
831	148
832	141
833	127
834	144
835	156
836	153
837	141
838	144
839	136
840	146
841	172
842	139
843	140
844	141
845	133
846	148
847	150
848	162
849	139
850	149
851	141
852	162
853	145
854	154
855	154
856	163
857	158
858	177
859	195
860	169
861	189
862	199
863	208
864	220
865	213
866	213
867	205
868	181
869	224
870	218
871	184
872	199
873	228
874	210
875	229
876	210
877	245
878	256
879	260
880	268
881	278
882	276
883	306
884	311
885	301
886	304
887	340
888	393
889	408
890	439
891	467
892	464
893	476
894	499
895	484
896	494
897	540
898	518
899	528
900	511
901	506
902	515
903	530
904	536
905	499
906	516
907	486
908	470
909	476
910	443
911	420
912	392
913	389
914	383
915	372
916	337
917	302
918	297
919	289
920	260
921	258
922	230
923	235
924	208
925	231
926	188
927	200
928	199
929	190
930	157
931	151
932	173
933	178
934	166
935	155
936	149
937	176
938	139
939	158
940	170
941	171
942	182
943	197
944	215
945	227
946	245
947	271
948	302
949	355
950	369
951	391
952	401
953	404
954	400
955	421
956	406
957	380
958	356
959	337
960	266
961	268
962	220
963	197
964	188
965	167
966	131
967	149
968	141
969	132
970	137
971	125
972	126
973	118
974	128
975	112
976	106
977	118
978	139
979	132
980	143
981	113
982	118
983	120
984	143
985	153
986	131
987	129
988	139
989	145
990	133
991	135
992	150
993	157
994	146
995	162
996	172
997	192
998	173
999	164
1000	181
1001	173
1002	185
1003	182
1004	179
1005	148
1006	165
1007	161
1008	181
1009	161
1010	140
1011	150
1012	134
1013	137
1014	131
1015	160
1016	124
1017	149
1018	146
1019	139
1020	124
1021	112
1022	107
1023	115
1024	123
