Date:	09/05/2018		Time:	12:39		Version no:	0.00		Project name:	55		Sample name:	222		Section name:	section		Position	323.600037	mm	E0	0.000000	keV	E1	1.000000	keV/channel	sample surface	6.066459	cm	Tube anode:	Mo		Tube voltage:	30	kV	Tube current:	50	mA	gain	10		std. database			resultfile	result		matrix element	11		sample thickness	1.000000		air passage	0.560000	cm	comments	in position		peaking_time	2.200000	m-sec	trigger_threshold	547.363281	V	mca_bin_width	22.090000	no:	number_mca_channels	1024.000000	no:	gap_time	0.150000	m-sec	trigger_peaking_time	0.200000	m-sec	GAINDAC	18610		HIGHGAIN	1		TAURC	1		RCTAU	1		RCTAUFRAC	1		livetime	9.434464	seconds	runtime	10.000492	seconds	input_count_rate	24219.711899	cps	output_count_rate	19826.424540	cps	triggers	228500	seconds	events_in_run	198274	seconds	channel	content		1	0
2	0
3	0
4	0
5	0
6	0
7	0
8	0
9	0
10	0
11	0
12	0
13	0
14	0
15	0
16	0
17	0
18	0
19	0
20	0
21	0
22	0
23	0
24	0
25	0
26	0
27	0
28	0
29	0
30	0
31	11
32	16
33	12
34	12
35	17
36	21
37	10
38	20
39	15
40	14
41	16
42	9
43	15
44	24
45	12
46	9
47	17
48	11
49	17
50	17
51	18
52	10
53	14
54	10
55	5
56	18
57	10
58	14
59	12
60	12
61	12
62	10
63	11
64	12
65	11
66	8
67	6
68	8
69	11
70	10
71	7
72	4
73	9
74	4
75	8
76	15
77	5
78	12
79	9
80	15
81	11
82	11
83	12
84	16
85	8
86	9
87	5
88	10
89	7
90	4
91	7
92	19
93	14
94	18
95	29
96	31
97	21
98	23
99	14
100	6
101	9
102	10
103	6
104	12
105	7
106	5
107	10
108	14
109	5
110	7
111	2
112	7
113	4
114	4
115	2
116	7
117	7
118	3
119	6
120	3
121	5
122	9
123	12
124	5
125	5
126	4
127	7
128	5
129	3
130	6
131	4
132	3
133	9
134	0
135	3
136	3
137	1
138	5
139	3
140	2
141	1
142	3
143	3
144	4
145	4
146	3
147	3
148	4
149	6
150	4
151	3
152	1
153	4
154	7
155	5
156	5
157	6
158	12
159	9
160	22
161	26
162	25
163	34
164	26
165	24
166	16
167	11
168	6
169	5
170	5
171	6
172	4
173	6
174	11
175	3
176	7
177	10
178	12
179	24
180	22
181	23
182	45
183	28
184	26
185	19
186	13
187	4
188	6
189	6
190	1
191	10
192	7
193	8
194	11
195	9
196	37
197	50
198	118
199	186
200	270
201	353
202	387
203	408
204	366
205	323
206	229
207	162
208	109
209	44
210	21
211	11
212	13
213	7
214	18
215	10
216	26
217	40
218	47
219	55
220	81
221	67
222	70
223	46
224	43
225	20
226	27
227	19
228	10
229	10
230	2
231	2
232	1
233	4
234	3
235	4
236	5
237	3
238	14
239	12
240	18
241	31
242	44
243	71
244	91
245	146
246	168
247	195
248	188
249	181
250	152
251	109
252	97
253	56
254	73
255	40
256	51
257	38
258	28
259	26
260	15
261	11
262	17
263	17
264	12
265	23
266	30
267	30
268	36
269	49
270	39
271	47
272	42
273	41
274	42
275	20
276	21
277	14
278	18
279	16
280	9
281	9
282	12
283	15
284	9
285	14
286	12
287	18
288	10
289	17
290	15
291	8
292	19
293	14
294	15
295	14
296	23
297	18
298	16
299	10
300	21
301	12
302	12
303	10
304	11
305	10
306	16
307	14
308	13
309	14
310	11
311	16
312	12
313	15
314	24
315	18
316	31
317	28
318	56
319	69
320	94
321	118
322	167
323	142
324	151
325	132
326	117
327	82
328	53
329	48
330	44
331	37
332	29
333	27
334	18
335	28
336	26
337	43
338	37
339	86
340	101
341	185
342	382
343	685
344	1252
345	2040
346	3075
347	4425
348	5810
349	6874
350	7688
351	7982
352	7503
353	6494
354	5307
355	3973
356	2683
357	1754
358	1022
359	571
360	312
361	160
362	70
363	58
364	37
365	47
366	50
367	46
368	42
369	29
370	52
371	53
372	49
373	54
374	59
375	67
376	103
377	111
378	181
379	215
380	325
381	477
382	578
383	823
384	1057
385	1202
386	1403
387	1350
388	1278
389	1073
390	898
391	623
392	474
393	306
394	185
395	125
396	72
397	49
398	35
399	26
400	25
401	31
402	28
403	22
404	25
405	33
406	48
407	45
408	47
409	46
410	37
411	33
412	28
413	33
414	32
415	34
416	29
417	39
418	38
419	43
420	30
421	39
422	37
423	33
424	37
425	37
426	29
427	38
428	37
429	38
430	40
431	47
432	47
433	50
434	24
435	49
436	40
437	50
438	59
439	67
440	83
441	77
442	80
443	55
444	62
445	65
446	66
447	70
448	66
449	42
450	72
451	67
452	72
453	69
454	63
455	80
456	55
457	91
458	87
459	98
460	88
461	67
462	81
463	76
464	56
465	64
466	50
467	56
468	75
469	66
470	64
471	68
472	70
473	58
474	59
475	71
476	51
477	59
478	57
479	54
480	51
481	41
482	57
483	61
484	49
485	62
486	58
487	67
488	53
489	65
490	70
491	61
492	53
493	53
494	67
495	52
496	53
497	54
498	49
499	52
500	70
501	92
502	49
503	78
504	68
505	84
506	74
507	83
508	77
509	80
510	77
511	78
512	79
513	81
514	96
515	67
516	86
517	90
518	98
519	98
520	92
521	72
522	87
523	105
524	74
525	96
526	116
527	94
528	93
529	93
530	97
531	103
532	96
533	75
534	88
535	93
536	88
537	85
538	77
539	84
540	62
541	74
542	92
543	78
544	76
545	82
546	87
547	71
548	75
549	82
550	79
551	73
552	88
553	93
554	77
555	72
556	67
557	76
558	67
559	90
560	88
561	75
562	74
563	86
564	76
565	64
566	88
567	97
568	75
569	80
570	79
571	82
572	81
573	83
574	89
575	86
576	91
577	87
578	83
579	85
580	92
581	95
582	73
583	84
584	81
585	100
586	98
587	80
588	76
589	87
590	92
591	96
592	98
593	104
594	99
595	100
596	97
597	86
598	94
599	92
600	113
601	98
602	102
603	95
604	93
605	94
606	105
607	95
608	96
609	95
610	99
611	82
612	97
613	116
614	99
615	90
616	96
617	110
618	98
619	97
620	81
621	99
622	114
623	78
624	116
625	106
626	93
627	112
628	99
629	105
630	92
631	118
632	102
633	103
634	108
635	79
636	102
637	93
638	111
639	116
640	98
641	108
642	104
643	91
644	96
645	101
646	109
647	95
648	95
649	107
650	97
651	113
652	107
653	103
654	117
655	121
656	120
657	91
658	132
659	92
660	90
661	98
662	105
663	105
664	94
665	106
666	99
667	120
668	115
669	131
670	106
671	104
672	89
673	103
674	103
675	102
676	127
677	122
678	119
679	121
680	134
681	107
682	111
683	105
684	127
685	117
686	123
687	112
688	124
689	130
690	114
691	110
692	115
693	100
694	137
695	119
696	99
697	117
698	126
699	122
700	122
701	124
702	131
703	109
704	126
705	132
706	118
707	127
708	105
709	109
710	121
711	111
712	117
713	138
714	105
715	125
716	130
717	126
718	116
719	130
720	116
721	149
722	120
723	141
724	136
725	126
726	121
727	122
728	132
729	135
730	148
731	121
732	119
733	123
734	134
735	138
736	132
737	121
738	129
739	129
740	145
741	131
742	143
743	141
744	130
745	134
746	128
747	146
748	136
749	134
750	138
751	116
752	119
753	93
754	110
755	132
756	148
757	127
758	148
759	139
760	128
761	140
762	140
763	159
764	149
765	176
766	188
767	228
768	219
769	248
770	282
771	287
772	284
773	304
774	312
775	296
776	244
777	260
778	236
779	218
780	210
781	175
782	168
783	170
784	153
785	148
786	135
787	120
788	136
789	134
790	135
791	121
792	120
793	139
794	127
795	127
796	123
797	137
798	142
799	133
800	136
801	132
802	139
803	142
804	159
805	127
806	123
807	133
808	146
809	145
810	134
811	163
812	141
813	139
814	160
815	168
816	139
817	144
818	132
819	156
820	135
821	149
822	132
823	133
824	159
825	169
826	139
827	164
828	143
829	131
830	149
831	126
832	142
833	136
834	152
835	128
836	163
837	144
838	143
839	136
840	151
841	156
842	145
843	159
844	156
845	157
846	140
847	178
848	158
849	173
850	149
851	151
852	171
853	172
854	158
855	172
856	186
857	174
858	195
859	203
860	198
861	213
862	207
863	212
864	206
865	215
866	212
867	216
868	214
869	210
870	171
871	217
872	207
873	228
874	214
875	212
876	219
877	249
878	258
879	258
880	262
881	271
882	299
883	276
884	307
885	375
886	348
887	389
888	430
889	418
890	441
891	476
892	491
893	497
894	501
895	498
896	536
897	573
898	546
899	581
900	540
901	550
902	519
903	522
904	533
905	494
906	520
907	475
908	493
909	438
910	399
911	392
912	405
913	388
914	353
915	330
916	330
917	302
918	308
919	310
920	281
921	256
922	252
923	242
924	224
925	220
926	208
927	212
928	197
929	197
930	184
931	165
932	157
933	175
934	173
935	171
936	166
937	162
938	156
939	148
940	162
941	165
942	187
943	209
944	212
945	237
946	257
947	284
948	320
949	350
950	405
951	387
952	443
953	393
954	436
955	427
956	394
957	368
958	330
959	310
960	289
961	238
962	229
963	218
964	199
965	155
966	159
967	153
968	131
969	121
970	130
971	133
972	110
973	132
974	126
975	144
976	116
977	126
978	149
979	129
980	127
981	134
982	122
983	137
984	129
985	127
986	143
987	136
988	155
989	130
990	163
991	155
992	155
993	158
994	145
995	168
996	181
997	197
998	168
999	179
1000	168
1001	167
1002	179
1003	180
1004	187
1005	199
1006	173
1007	199
1008	147
1009	158
1010	163
1011	176
1012	169
1013	166
1014	158
1015	145
1016	134
1017	148
1018	137
1019	138
1020	141
1021	120
1022	117
1023	114
1024	113
