Date:	09/05/2018		Time:	12:30		Version no:	0.00		Project name:	55		Sample name:	222		Section name:	section		Position	314.200043	mm	E0	0.000000	keV	E1	1.000000	keV/channel	sample surface	6.015095	cm	Tube anode:	Mo		Tube voltage:	30	kV	Tube current:	50	mA	gain	10		std. database			resultfile	result		matrix element	11		sample thickness	1.000000		air passage	0.560000	cm	comments	in position		peaking_time	2.200000	m-sec	trigger_threshold	547.363281	V	mca_bin_width	22.090000	no:	number_mca_channels	1024.000000	no:	gap_time	0.150000	m-sec	trigger_peaking_time	0.200000	m-sec	GAINDAC	18610		HIGHGAIN	1		TAURC	1		RCTAU	1		RCTAUFRAC	1		livetime	9.470248	seconds	runtime	10.000111	seconds	input_count_rate	23350.180481	cps	output_count_rate	19279.585611	cps	triggers	221132	seconds	events_in_run	192798	seconds	channel	content		1	0
2	0
3	0
4	0
5	0
6	0
7	0
8	0
9	0
10	0
11	0
12	0
13	0
14	0
15	0
16	0
17	0
18	0
19	0
20	0
21	0
22	0
23	0
24	0
25	0
26	0
27	0
28	0
29	0
30	0
31	9
32	18
33	13
34	16
35	12
36	10
37	12
38	13
39	14
40	12
41	10
42	16
43	12
44	15
45	16
46	18
47	14
48	15
49	11
50	18
51	9
52	16
53	17
54	18
55	7
56	9
57	10
58	10
59	8
60	12
61	10
62	10
63	12
64	8
65	13
66	10
67	9
68	13
69	9
70	10
71	8
72	5
73	6
74	9
75	9
76	5
77	9
78	6
79	14
80	9
81	11
82	15
83	11
84	10
85	15
86	11
87	7
88	7
89	1
90	7
91	3
92	5
93	13
94	14
95	17
96	20
97	16
98	14
99	15
100	7
101	7
102	5
103	7
104	14
105	6
106	9
107	7
108	5
109	9
110	4
111	9
112	12
113	5
114	6
115	9
116	4
117	2
118	4
119	7
120	5
121	7
122	3
123	3
124	2
125	3
126	3
127	8
128	6
129	4
130	3
131	4
132	4
133	1
134	5
135	6
136	6
137	5
138	3
139	5
140	3
141	6
142	3
143	5
144	2
145	5
146	3
147	4
148	5
149	4
150	5
151	4
152	5
153	6
154	5
155	9
156	6
157	8
158	5
159	16
160	18
161	19
162	35
163	21
164	23
165	27
166	19
167	14
168	6
169	9
170	4
171	3
172	8
173	7
174	12
175	5
176	9
177	5
178	12
179	17
180	21
181	17
182	29
183	26
184	21
185	16
186	10
187	10
188	6
189	3
190	2
191	8
192	3
193	13
194	11
195	15
196	36
197	46
198	103
199	153
200	194
201	288
202	382
203	389
204	350
205	306
206	190
207	140
208	82
209	40
210	24
211	13
212	8
213	12
214	11
215	18
216	25
217	42
218	46
219	57
220	66
221	55
222	55
223	46
224	37
225	24
226	20
227	7
228	11
229	3
230	10
231	6
232	3
233	6
234	3
235	2
236	3
237	5
238	6
239	10
240	15
241	24
242	37
243	60
244	81
245	139
246	149
247	166
248	161
249	127
250	147
251	90
252	90
253	63
254	42
255	50
256	44
257	35
258	37
259	23
260	24
261	13
262	13
263	9
264	16
265	14
266	16
267	24
268	24
269	42
270	56
271	42
272	33
273	25
274	32
275	31
276	20
277	16
278	11
279	8
280	12
281	7
282	11
283	9
284	14
285	10
286	16
287	16
288	10
289	13
290	16
291	17
292	13
293	17
294	19
295	21
296	20
297	26
298	12
299	17
300	18
301	22
302	14
303	13
304	9
305	13
306	9
307	18
308	10
309	10
310	6
311	19
312	12
313	24
314	18
315	27
316	34
317	43
318	58
319	87
320	106
321	141
322	123
323	180
324	153
325	131
326	120
327	87
328	59
329	65
330	37
331	34
332	28
333	34
334	19
335	30
336	32
337	40
338	44
339	86
340	105
341	206
342	381
343	657
344	1268
345	2041
346	3091
347	4311
348	5803
349	6908
350	7820
351	7832
352	7453
353	6609
354	5448
355	3855
356	2772
357	1693
358	1018
359	581
360	308
361	171
362	79
363	49
364	43
365	37
366	39
367	35
368	45
369	39
370	43
371	47
372	56
373	51
374	39
375	56
376	72
377	102
378	157
379	211
380	300
381	441
382	623
383	816
384	1037
385	1285
386	1245
387	1278
388	1241
389	1086
390	887
391	683
392	440
393	304
394	192
395	107
396	74
397	39
398	48
399	26
400	23
401	31
402	26
403	32
404	31
405	41
406	35
407	41
408	31
409	33
410	41
411	27
412	33
413	23
414	33
415	26
416	24
417	35
418	32
419	28
420	39
421	37
422	26
423	35
424	43
425	30
426	37
427	27
428	24
429	32
430	33
431	31
432	36
433	56
434	30
435	46
436	49
437	63
438	54
439	59
440	53
441	75
442	72
443	86
444	64
445	55
446	64
447	67
448	39
449	48
450	53
451	71
452	41
453	62
454	78
455	55
456	68
457	66
458	80
459	87
460	57
461	76
462	66
463	70
464	64
465	40
466	53
467	57
468	58
469	50
470	57
471	71
472	60
473	49
474	60
475	67
476	62
477	59
478	43
479	63
480	53
481	54
482	67
483	51
484	63
485	62
486	51
487	65
488	44
489	48
490	61
491	62
492	50
493	58
494	61
495	49
496	60
497	68
498	61
499	49
500	53
501	44
502	62
503	67
504	68
505	76
506	75
507	79
508	75
509	69
510	66
511	64
512	76
513	100
514	74
515	77
516	83
517	75
518	75
519	73
520	86
521	84
522	88
523	84
524	102
525	85
526	75
527	90
528	105
529	81
530	74
531	90
532	105
533	77
534	71
535	78
536	85
537	75
538	79
539	72
540	69
541	79
542	83
543	71
544	71
545	72
546	84
547	87
548	68
549	88
550	68
551	85
552	70
553	88
554	51
555	74
556	68
557	64
558	93
559	76
560	73
561	65
562	74
563	77
564	68
565	78
566	76
567	79
568	73
569	81
570	94
571	62
572	62
573	81
574	88
575	79
576	68
577	69
578	71
579	78
580	84
581	79
582	74
583	99
584	90
585	63
586	63
587	76
588	102
589	76
590	73
591	64
592	81
593	77
594	102
595	90
596	90
597	89
598	95
599	87
600	99
601	109
602	85
603	86
604	87
605	67
606	76
607	84
608	77
609	95
610	95
611	84
612	77
613	88
614	91
615	93
616	92
617	101
618	101
619	97
620	101
621	91
622	101
623	98
624	98
625	81
626	97
627	101
628	101
629	86
630	82
631	95
632	80
633	106
634	105
635	108
636	96
637	100
638	97
639	85
640	103
641	99
642	112
643	108
644	106
645	90
646	99
647	90
648	90
649	101
650	102
651	100
652	96
653	88
654	98
655	95
656	111
657	91
658	93
659	108
660	103
661	97
662	114
663	105
664	101
665	89
666	102
667	109
668	98
669	95
670	93
671	97
672	96
673	109
674	119
675	99
676	103
677	106
678	101
679	124
680	98
681	110
682	112
683	108
684	106
685	106
686	91
687	115
688	100
689	122
690	114
691	117
692	110
693	118
694	101
695	112
696	117
697	105
698	132
699	117
700	107
701	125
702	113
703	117
704	114
705	126
706	97
707	113
708	119
709	125
710	111
711	96
712	130
713	138
714	99
715	128
716	120
717	106
718	118
719	110
720	148
721	91
722	112
723	125
724	143
725	118
726	115
727	127
728	127
729	125
730	136
731	119
732	126
733	101
734	123
735	114
736	140
737	122
738	122
739	136
740	124
741	117
742	102
743	122
744	110
745	116
746	123
747	109
748	120
749	130
750	115
751	118
752	124
753	128
754	122
755	126
756	119
757	137
758	127
759	122
760	132
761	141
762	166
763	140
764	176
765	174
766	216
767	247
768	272
769	321
770	349
771	383
772	372
773	383
774	397
775	380
776	368
777	346
778	291
779	288
780	286
781	214
782	193
783	162
784	153
785	175
786	151
787	105
788	112
789	136
790	110
791	136
792	109
793	125
794	125
795	126
796	123
797	131
798	119
799	128
800	145
801	129
802	127
803	148
804	131
805	131
806	130
807	133
808	97
809	130
810	127
811	109
812	131
813	118
814	125
815	144
816	138
817	140
818	134
819	122
820	132
821	129
822	131
823	143
824	131
825	138
826	142
827	142
828	114
829	114
830	134
831	131
832	126
833	125
834	132
835	141
836	138
837	119
838	146
839	140
840	127
841	147
842	149
843	128
844	122
845	150
846	139
847	151
848	132
849	140
850	154
851	158
852	154
853	175
854	189
855	159
856	155
857	175
858	165
859	172
860	180
861	210
862	216
863	214
864	220
865	221
866	226
867	231
868	214
869	202
870	227
871	195
872	212
873	224
874	222
875	217
876	213
877	208
878	233
879	242
880	235
881	276
882	272
883	288
884	304
885	332
886	304
887	319
888	354
889	399
890	396
891	424
892	452
893	444
894	434
895	457
896	473
897	482
898	495
899	525
900	488
901	494
902	512
903	538
904	468
905	449
906	475
907	445
908	447
909	413
910	384
911	400
912	403
913	333
914	365
915	300
916	325
917	284
918	268
919	267
920	225
921	258
922	224
923	199
924	208
925	221
926	211
927	180
928	189
929	190
930	168
931	146
932	140
933	157
934	176
935	170
936	161
937	144
938	169
939	162
940	180
941	178
942	194
943	192
944	206
945	219
946	235
947	280
948	296
949	381
950	350
951	378
952	404
953	395
954	377
955	371
956	411
957	356
958	320
959	310
960	265
961	228
962	201
963	182
964	162
965	131
966	140
967	124
968	103
969	129
970	135
971	119
972	112
973	106
974	129
975	142
976	125
977	110
978	128
979	128
980	130
981	115
982	107
983	126
984	106
985	131
986	151
987	145
988	139
989	143
990	131
991	141
992	152
993	139
994	161
995	159
996	160
997	144
998	154
999	161
1000	172
1001	175
1002	174
1003	145
1004	156
1005	170
1006	162
1007	152
1008	151
1009	165
1010	137
1011	164
1012	149
1013	150
1014	146
1015	149
1016	148
1017	131
1018	140
1019	131
1020	132
1021	121
1022	120
1023	114
1024	116
