Date:	09/05/2018		Time:	12:40		Version no:	0.00		Project name:	55		Sample name:	222		Section name:	section		Position	324.600037	mm	E0	0.000000	keV	E1	1.000000	keV/channel	sample surface	6.072529	cm	Tube anode:	Mo		Tube voltage:	30	kV	Tube current:	50	mA	gain	10		std. database			resultfile	result		matrix element	11		sample thickness	1.000000		air passage	0.560000	cm	comments	in position		peaking_time	2.200000	m-sec	trigger_threshold	547.363281	V	mca_bin_width	22.090000	no:	number_mca_channels	1024.000000	no:	gap_time	0.150000	m-sec	trigger_peaking_time	0.200000	m-sec	GAINDAC	18610		HIGHGAIN	1		TAURC	1		RCTAU	1		RCTAUFRAC	1		livetime	9.437645	seconds	runtime	10.000489	seconds	input_count_rate	24178.807831	cps	output_count_rate	19824.530977	cps	triggers	228191	seconds	events_in_run	198255	seconds	channel	content		1	0
2	0
3	0
4	0
5	0
6	0
7	0
8	0
9	0
10	0
11	0
12	0
13	0
14	0
15	0
16	0
17	0
18	0
19	0
20	0
21	0
22	0
23	0
24	0
25	0
26	0
27	0
28	0
29	0
30	0
31	17
32	17
33	15
34	18
35	14
36	11
37	21
38	13
39	23
40	8
41	19
42	14
43	14
44	11
45	13
46	17
47	17
48	11
49	18
50	14
51	6
52	22
53	15
54	11
55	12
56	10
57	8
58	9
59	12
60	9
61	8
62	7
63	17
64	9
65	11
66	9
67	11
68	15
69	8
70	13
71	11
72	11
73	12
74	9
75	8
76	8
77	7
78	5
79	10
80	8
81	18
82	15
83	15
84	16
85	10
86	7
87	5
88	7
89	8
90	4
91	10
92	12
93	13
94	18
95	25
96	17
97	22
98	14
99	15
100	11
101	8
102	3
103	6
104	8
105	10
106	12
107	9
108	10
109	8
110	3
111	12
112	4
113	4
114	5
115	5
116	3
117	3
118	6
119	6
120	7
121	5
122	1
123	2
124	5
125	4
126	6
127	3
128	3
129	3
130	2
131	6
132	7
133	4
134	4
135	3
136	1
137	3
138	3
139	3
140	2
141	8
142	5
143	6
144	1
145	5
146	4
147	4
148	2
149	9
150	6
151	8
152	5
153	3
154	5
155	8
156	8
157	7
158	14
159	12
160	12
161	17
162	23
163	30
164	21
165	22
166	20
167	15
168	5
169	4
170	3
171	3
172	8
173	5
174	4
175	8
176	11
177	5
178	11
179	17
180	16
181	23
182	31
183	22
184	32
185	21
186	10
187	11
188	7
189	9
190	4
191	5
192	7
193	4
194	11
195	24
196	27
197	49
198	104
199	160
200	228
201	285
202	330
203	400
204	329
205	290
206	208
207	153
208	88
209	36
210	27
211	12
212	7
213	16
214	12
215	11
216	31
217	24
218	49
219	66
220	79
221	86
222	54
223	55
224	39
225	23
226	16
227	9
228	11
229	4
230	5
231	2
232	5
233	10
234	2
235	4
236	5
237	5
238	3
239	9
240	17
241	20
242	44
243	77
244	108
245	133
246	189
247	194
248	206
249	174
250	157
251	125
252	80
253	79
254	48
255	40
256	42
257	31
258	25
259	23
260	20
261	17
262	14
263	14
264	13
265	8
266	28
267	23
268	30
269	57
270	50
271	50
272	47
273	61
274	32
275	35
276	22
277	8
278	16
279	8
280	11
281	9
282	17
283	12
284	11
285	11
286	8
287	14
288	9
289	17
290	22
291	10
292	20
293	20
294	14
295	22
296	10
297	18
298	34
299	15
300	16
301	17
302	15
303	18
304	19
305	13
306	13
307	15
308	12
309	11
310	13
311	19
312	14
313	11
314	14
315	18
316	27
317	43
318	51
319	86
320	109
321	129
322	158
323	145
324	152
325	141
326	129
327	94
328	88
329	49
330	46
331	26
332	35
333	32
334	27
335	40
336	33
337	45
338	43
339	54
340	105
341	219
342	390
343	680
344	1246
345	2022
346	3258
347	4529
348	5798
349	7135
350	7945
351	8093
352	7703
353	6692
354	5245
355	4059
356	2821
357	1774
358	1019
359	537
360	314
361	176
362	95
363	62
364	57
365	40
366	49
367	41
368	38
369	39
370	47
371	37
372	47
373	62
374	56
375	70
376	75
377	120
378	158
379	253
380	331
381	449
382	677
383	803
384	1181
385	1185
386	1334
387	1338
388	1199
389	1079
390	856
391	678
392	431
393	319
394	206
395	113
396	87
397	45
398	28
399	31
400	28
401	28
402	27
403	29
404	33
405	42
406	29
407	38
408	43
409	40
410	45
411	40
412	32
413	43
414	47
415	34
416	39
417	29
418	33
419	37
420	30
421	24
422	18
423	27
424	25
425	31
426	42
427	25
428	40
429	32
430	35
431	50
432	38
433	42
434	50
435	46
436	52
437	63
438	64
439	59
440	64
441	76
442	71
443	55
444	66
445	64
446	76
447	59
448	65
449	64
450	67
451	54
452	76
453	56
454	59
455	79
456	74
457	98
458	88
459	68
460	80
461	72
462	88
463	77
464	60
465	62
466	62
467	79
468	45
469	65
470	78
471	72
472	67
473	71
474	65
475	61
476	75
477	62
478	56
479	77
480	57
481	58
482	46
483	47
484	65
485	54
486	48
487	65
488	54
489	48
490	55
491	55
492	64
493	61
494	62
495	49
496	53
497	50
498	65
499	64
500	57
501	65
502	78
503	61
504	71
505	72
506	71
507	89
508	78
509	81
510	75
511	69
512	101
513	87
514	66
515	68
516	79
517	78
518	90
519	92
520	85
521	82
522	75
523	95
524	88
525	83
526	99
527	92
528	104
529	90
530	101
531	90
532	85
533	96
534	83
535	78
536	88
537	94
538	78
539	62
540	75
541	88
542	85
543	76
544	89
545	77
546	77
547	90
548	89
549	68
550	78
551	84
552	65
553	73
554	77
555	70
556	64
557	67
558	62
559	74
560	68
561	91
562	58
563	71
564	97
565	92
566	75
567	71
568	83
569	74
570	97
571	76
572	88
573	71
574	73
575	85
576	71
577	85
578	106
579	85
580	85
581	79
582	80
583	77
584	83
585	97
586	104
587	89
588	102
589	77
590	95
591	91
592	82
593	92
594	98
595	65
596	74
597	98
598	96
599	86
600	101
601	89
602	80
603	87
604	112
605	80
606	93
607	80
608	103
609	108
610	98
611	71
612	77
613	90
614	92
615	110
616	99
617	96
618	115
619	103
620	100
621	115
622	84
623	94
624	98
625	123
626	99
627	109
628	88
629	88
630	95
631	109
632	112
633	98
634	90
635	95
636	104
637	104
638	92
639	107
640	103
641	112
642	105
643	98
644	108
645	100
646	113
647	99
648	84
649	99
650	103
651	102
652	100
653	97
654	99
655	107
656	120
657	111
658	102
659	107
660	101
661	88
662	101
663	116
664	111
665	115
666	104
667	102
668	110
669	94
670	95
671	125
672	94
673	112
674	101
675	126
676	111
677	107
678	107
679	101
680	130
681	121
682	103
683	107
684	125
685	110
686	126
687	103
688	117
689	111
690	126
691	118
692	102
693	118
694	152
695	102
696	130
697	120
698	142
699	133
700	106
701	127
702	110
703	123
704	145
705	129
706	129
707	118
708	102
709	132
710	119
711	127
712	126
713	125
714	130
715	125
716	134
717	125
718	117
719	118
720	135
721	128
722	114
723	121
724	125
725	125
726	139
727	134
728	119
729	120
730	135
731	117
732	135
733	122
734	116
735	112
736	124
737	140
738	117
739	147
740	143
741	121
742	111
743	121
744	127
745	127
746	122
747	139
748	137
749	130
750	138
751	125
752	128
753	134
754	148
755	139
756	139
757	141
758	108
759	134
760	126
761	137
762	148
763	160
764	168
765	168
766	173
767	197
768	172
769	221
770	267
771	250
772	265
773	287
774	327
775	276
776	303
777	262
778	253
779	199
780	196
781	178
782	171
783	180
784	146
785	148
786	153
787	130
788	135
789	127
790	134
791	156
792	130
793	143
794	154
795	120
796	129
797	137
798	159
799	134
800	143
801	148
802	117
803	135
804	134
805	167
806	137
807	127
808	130
809	110
810	141
811	147
812	133
813	129
814	179
815	139
816	138
817	129
818	142
819	138
820	152
821	152
822	118
823	151
824	129
825	144
826	149
827	126
828	147
829	130
830	148
831	150
832	137
833	133
834	146
835	128
836	138
837	149
838	151
839	151
840	143
841	144
842	147
843	164
844	161
845	148
846	169
847	153
848	173
849	169
850	156
851	167
852	166
853	142
854	172
855	158
856	160
857	177
858	189
859	184
860	177
861	180
862	196
863	224
864	210
865	203
866	196
867	207
868	216
869	224
870	226
871	232
872	239
873	229
874	221
875	231
876	241
877	230
878	245
879	273
880	261
881	283
882	301
883	298
884	320
885	329
886	344
887	362
888	414
889	405
890	436
891	430
892	466
893	467
894	491
895	507
896	549
897	524
898	524
899	572
900	526
901	528
902	565
903	563
904	552
905	499
906	464
907	490
908	462
909	473
910	413
911	376
912	396
913	401
914	364
915	370
916	342
917	272
918	286
919	256
920	285
921	244
922	256
923	231
924	208
925	224
926	194
927	233
928	192
929	168
930	213
931	182
932	171
933	186
934	179
935	163
936	158
937	170
938	144
939	145
940	171
941	145
942	148
943	217
944	228
945	211
946	271
947	274
948	338
949	347
950	372
951	396
952	421
953	452
954	425
955	372
956	368
957	377
958	359
959	309
960	286
961	263
962	214
963	203
964	206
965	154
966	164
967	139
968	149
969	131
970	129
971	126
972	129
973	116
974	140
975	138
976	141
977	133
978	108
979	117
980	126
981	126
982	118
983	139
984	139
985	129
986	135
987	140
988	156
989	132
990	155
991	150
992	159
993	135
994	143
995	166
996	162
997	185
998	155
999	160
1000	155
1001	190
1002	161
1003	170
1004	172
1005	176
1006	161
1007	182
1008	180
1009	173
1010	162
1011	170
1012	155
1013	160
1014	156
1015	141
1016	126
1017	141
1018	127
1019	139
1020	121
1021	126
1022	123
1023	113
1024	99
