Date:	09/05/2018		Time:	12:34		Version no:	0.00		Project name:	55		Sample name:	222		Section name:	section		Position	318.200043	mm	E0	0.000000	keV	E1	1.000000	keV/channel	sample surface	6.033463	cm	Tube anode:	Mo		Tube voltage:	30	kV	Tube current:	50	mA	gain	10		std. database			resultfile	result		matrix element	11		sample thickness	1.000000		air passage	0.560000	cm	comments	in position		peaking_time	2.200000	m-sec	trigger_threshold	547.363281	V	mca_bin_width	22.090000	no:	number_mca_channels	1024.000000	no:	gap_time	0.150000	m-sec	trigger_peaking_time	0.200000	m-sec	GAINDAC	18610		HIGHGAIN	1		TAURC	1		RCTAU	1		RCTAUFRAC	1		livetime	9.447720	seconds	runtime	10.000487	seconds	input_count_rate	23845.647415	cps	output_count_rate	19620.244102	cps	triggers	225287	seconds	events_in_run	196212	seconds	channel	content		1	0
2	0
3	0
4	0
5	0
6	0
7	0
8	0
9	0
10	0
11	0
12	0
13	0
14	0
15	0
16	0
17	0
18	0
19	0
20	0
21	0
22	0
23	0
24	0
25	0
26	0
27	0
28	0
29	0
30	0
31	15
32	14
33	17
34	14
35	8
36	19
37	11
38	11
39	13
40	14
41	14
42	11
43	13
44	10
45	24
46	8
47	11
48	9
49	15
50	9
51	12
52	13
53	15
54	8
55	7
56	10
57	10
58	10
59	14
60	13
61	12
62	11
63	11
64	11
65	13
66	10
67	12
68	8
69	13
70	10
71	9
72	8
73	12
74	9
75	14
76	8
77	9
78	9
79	5
80	13
81	14
82	11
83	11
84	14
85	10
86	11
87	8
88	4
89	1
90	8
91	13
92	11
93	14
94	17
95	20
96	17
97	21
98	11
99	12
100	19
101	6
102	7
103	3
104	7
105	7
106	9
107	8
108	9
109	9
110	6
111	8
112	8
113	5
114	9
115	5
116	5
117	7
118	3
119	3
120	4
121	6
122	3
123	5
124	5
125	4
126	9
127	6
128	4
129	5
130	3
131	7
132	1
133	4
134	3
135	1
136	5
137	3
138	3
139	3
140	3
141	5
142	1
143	4
144	5
145	4
146	2
147	3
148	4
149	4
150	3
151	4
152	10
153	5
154	4
155	4
156	9
157	3
158	9
159	9
160	19
161	26
162	28
163	29
164	25
165	25
166	14
167	12
168	8
169	7
170	5
171	4
172	7
173	1
174	6
175	4
176	9
177	10
178	11
179	13
180	20
181	21
182	22
183	22
184	19
185	17
186	16
187	6
188	7
189	4
190	2
191	5
192	3
193	10
194	14
195	17
196	32
197	67
198	92
199	156
200	230
201	309
202	377
203	397
204	386
205	314
206	222
207	137
208	98
209	53
210	20
211	13
212	8
213	6
214	9
215	18
216	27
217	46
218	42
219	57
220	57
221	72
222	66
223	50
224	41
225	26
226	16
227	8
228	16
229	4
230	7
231	4
232	5
233	7
234	7
235	7
236	4
237	7
238	11
239	8
240	13
241	28
242	43
243	68
244	117
245	117
246	133
247	166
248	184
249	162
250	124
251	101
252	83
253	70
254	69
255	64
256	44
257	39
258	21
259	26
260	17
261	14
262	17
263	15
264	15
265	16
266	20
267	27
268	33
269	46
270	39
271	46
272	46
273	32
274	43
275	25
276	21
277	20
278	16
279	16
280	9
281	10
282	12
283	8
284	9
285	8
286	12
287	8
288	11
289	22
290	16
291	23
292	11
293	15
294	20
295	15
296	15
297	13
298	17
299	17
300	17
301	18
302	18
303	13
304	19
305	8
306	16
307	10
308	9
309	11
310	12
311	12
312	17
313	18
314	17
315	24
316	34
317	57
318	61
319	72
320	125
321	143
322	164
323	189
324	159
325	156
326	159
327	101
328	81
329	52
330	52
331	32
332	30
333	21
334	29
335	38
336	33
337	44
338	39
339	66
340	114
341	221
342	442
343	741
344	1211
345	2024
346	3192
347	4406
348	5837
349	7254
350	7932
351	7995
352	7791
353	6885
354	5479
355	4200
356	2758
357	1806
358	1073
359	592
360	306
361	192
362	105
363	68
364	31
365	46
366	38
367	42
368	41
369	47
370	40
371	58
372	55
373	53
374	52
375	80
376	87
377	96
378	121
379	237
380	310
381	480
382	637
383	850
384	1025
385	1233
386	1332
387	1376
388	1243
389	1070
390	850
391	718
392	466
393	313
394	209
395	144
396	60
397	38
398	38
399	22
400	30
401	30
402	25
403	24
404	28
405	23
406	28
407	31
408	34
409	44
410	34
411	29
412	25
413	33
414	36
415	34
416	29
417	40
418	35
419	29
420	32
421	37
422	23
423	22
424	37
425	29
426	27
427	33
428	37
429	42
430	33
431	22
432	33
433	48
434	37
435	41
436	38
437	64
438	50
439	63
440	69
441	79
442	67
443	60
444	61
445	66
446	70
447	44
448	51
449	61
450	40
451	61
452	50
453	52
454	74
455	63
456	68
457	76
458	66
459	97
460	83
461	77
462	82
463	76
464	58
465	56
466	54
467	61
468	60
469	68
470	62
471	58
472	63
473	75
474	60
475	63
476	63
477	45
478	60
479	44
480	59
481	44
482	54
483	58
484	50
485	53
486	57
487	52
488	60
489	54
490	57
491	59
492	52
493	71
494	46
495	61
496	53
497	62
498	64
499	59
500	71
501	73
502	62
503	75
504	71
505	71
506	72
507	65
508	68
509	76
510	89
511	68
512	71
513	79
514	74
515	90
516	81
517	72
518	73
519	86
520	66
521	71
522	86
523	83
524	89
525	100
526	100
527	97
528	87
529	106
530	112
531	95
532	83
533	91
534	89
535	78
536	70
537	75
538	66
539	72
540	80
541	68
542	91
543	78
544	71
545	84
546	75
547	87
548	79
549	67
550	74
551	77
552	71
553	66
554	68
555	71
556	67
557	80
558	60
559	72
560	84
561	75
562	76
563	63
564	65
565	80
566	77
567	81
568	60
569	70
570	85
571	84
572	86
573	87
574	90
575	99
576	64
577	75
578	77
579	74
580	94
581	68
582	78
583	101
584	67
585	74
586	73
587	70
588	84
589	92
590	104
591	82
592	100
593	69
594	88
595	94
596	73
597	75
598	78
599	75
600	92
601	88
602	91
603	95
604	83
605	89
606	81
607	88
608	99
609	93
610	110
611	94
612	74
613	98
614	86
615	88
616	104
617	73
618	96
619	92
620	93
621	109
622	98
623	105
624	95
625	98
626	83
627	95
628	115
629	92
630	108
631	104
632	111
633	89
634	104
635	84
636	94
637	101
638	92
639	100
640	99
641	105
642	106
643	96
644	104
645	113
646	111
647	87
648	120
649	94
650	107
651	107
652	96
653	100
654	105
655	110
656	95
657	103
658	127
659	111
660	91
661	111
662	96
663	99
664	108
665	98
666	115
667	108
668	103
669	111
670	99
671	106
672	112
673	91
674	111
675	111
676	96
677	118
678	130
679	109
680	111
681	92
682	110
683	112
684	111
685	121
686	121
687	97
688	106
689	105
690	103
691	110
692	111
693	119
694	103
695	121
696	116
697	138
698	126
699	107
700	118
701	138
702	136
703	103
704	133
705	130
706	146
707	104
708	110
709	106
710	109
711	130
712	131
713	108
714	104
715	101
716	119
717	119
718	112
719	123
720	140
721	112
722	131
723	103
724	133
725	131
726	116
727	119
728	134
729	157
730	120
731	115
732	113
733	111
734	133
735	117
736	111
737	140
738	149
739	131
740	109
741	137
742	127
743	127
744	139
745	113
746	144
747	134
748	134
749	125
750	131
751	116
752	114
753	126
754	133
755	113
756	116
757	133
758	128
759	162
760	108
761	155
762	126
763	154
764	163
765	154
766	161
767	189
768	224
769	236
770	273
771	280
772	279
773	293
774	327
775	272
776	289
777	271
778	231
779	201
780	197
781	167
782	149
783	159
784	126
785	145
786	151
787	131
788	131
789	135
790	121
791	139
792	132
793	126
794	132
795	121
796	124
797	127
798	109
799	146
800	146
801	138
802	144
803	122
804	124
805	118
806	142
807	127
808	147
809	122
810	115
811	154
812	147
813	167
814	144
815	134
816	140
817	124
818	140
819	149
820	135
821	132
822	163
823	142
824	115
825	151
826	143
827	142
828	124
829	139
830	147
831	134
832	119
833	131
834	130
835	127
836	145
837	156
838	133
839	137
840	140
841	119
842	145
843	161
844	172
845	150
846	147
847	132
848	141
849	149
850	129
851	153
852	143
853	157
854	157
855	170
856	174
857	188
858	207
859	201
860	179
861	223
862	226
863	194
864	203
865	206
866	174
867	236
868	207
869	189
870	197
871	193
872	211
873	200
874	217
875	243
876	224
877	232
878	221
879	248
880	245
881	265
882	271
883	282
884	343
885	325
886	363
887	369
888	375
889	407
890	405
891	450
892	415
893	487
894	483
895	505
896	549
897	539
898	538
899	505
900	541
901	529
902	498
903	542
904	504
905	498
906	469
907	499
908	490
909	446
910	445
911	431
912	399
913	350
914	332
915	324
916	298
917	310
918	285
919	250
920	259
921	257
922	236
923	221
924	227
925	219
926	179
927	178
928	198
929	157
930	161
931	178
932	154
933	160
934	152
935	173
936	162
937	127
938	144
939	149
940	150
941	169
942	180
943	187
944	215
945	216
946	254
947	297
948	319
949	342
950	348
951	396
952	405
953	435
954	411
955	421
956	370
957	364
958	327
959	312
960	297
961	255
962	200
963	201
964	177
965	164
966	157
967	124
968	138
969	125
970	107
971	124
972	116
973	118
974	130
975	123
976	115
977	130
978	120
979	105
980	121
981	126
982	125
983	118
984	131
985	136
986	127
987	149
988	144
989	148
990	153
991	156
992	152
993	153
994	135
995	161
996	158
997	160
998	153
999	159
1000	197
1001	157
1002	161
1003	164
1004	146
1005	177
1006	172
1007	163
1008	138
1009	144
1010	168
1011	141
1012	128
1013	144
1014	149
1015	146
1016	129
1017	122
1018	132
1019	136
1020	142
1021	127
1022	123
1023	122
1024	114
