Date:	09/05/2018		Time:	12:47		Version no:	0.00		Project name:	55		Sample name:	222		Section name:	section		Position	332.400024	mm	E0	0.000000	keV	E1	1.000000	keV/channel	sample surface	6.088550	cm	Tube anode:	Mo		Tube voltage:	30	kV	Tube current:	50	mA	gain	10		std. database			resultfile	result		matrix element	11		sample thickness	1.000000		air passage	0.560000	cm	comments	in position		peaking_time	2.200000	m-sec	trigger_threshold	547.363281	V	mca_bin_width	22.090000	no:	number_mca_channels	1024.000000	no:	gap_time	0.150000	m-sec	trigger_peaking_time	0.200000	m-sec	GAINDAC	18610		HIGHGAIN	1		TAURC	1		RCTAU	1		RCTAUFRAC	1		livetime	9.460439	seconds	runtime	10.000487	seconds	input_count_rate	22839.003077	cps	output_count_rate	18877.880270	cps	triggers	216067	seconds	events_in_run	188788	seconds	channel	content		1	0
2	0
3	0
4	0
5	0
6	0
7	0
8	0
9	0
10	0
11	0
12	0
13	0
14	0
15	0
16	0
17	0
18	0
19	0
20	0
21	0
22	0
23	0
24	0
25	0
26	0
27	0
28	0
29	0
30	0
31	14
32	13
33	9
34	13
35	14
36	11
37	10
38	14
39	15
40	9
41	22
42	13
43	10
44	16
45	15
46	19
47	8
48	11
49	9
50	10
51	15
52	15
53	9
54	14
55	18
56	6
57	5
58	5
59	12
60	7
61	7
62	11
63	7
64	10
65	6
66	9
67	15
68	11
69	11
70	9
71	7
72	8
73	3
74	5
75	8
76	8
77	9
78	8
79	12
80	13
81	9
82	7
83	9
84	7
85	9
86	4
87	5
88	6
89	4
90	8
91	9
92	16
93	14
94	13
95	25
96	30
97	21
98	21
99	21
100	9
101	12
102	5
103	7
104	7
105	10
106	7
107	9
108	7
109	13
110	11
111	4
112	8
113	4
114	7
115	3
116	7
117	9
118	7
119	7
120	6
121	8
122	6
123	3
124	8
125	7
126	2
127	8
128	5
129	4
130	4
131	7
132	4
133	7
134	3
135	3
136	6
137	5
138	2
139	4
140	3
141	7
142	4
143	2
144	2
145	4
146	4
147	5
148	5
149	3
150	9
151	3
152	2
153	8
154	8
155	2
156	5
157	8
158	8
159	17
160	20
161	23
162	28
163	30
164	28
165	20
166	8
167	15
168	5
169	4
170	2
171	5
172	4
173	8
174	9
175	6
176	9
177	6
178	15
179	21
180	22
181	18
182	34
183	23
184	31
185	17
186	7
187	8
188	8
189	3
190	5
191	8
192	5
193	4
194	11
195	16
196	34
197	68
198	81
199	174
200	228
201	314
202	367
203	384
204	415
205	332
206	229
207	147
208	107
209	51
210	25
211	19
212	8
213	13
214	8
215	18
216	15
217	47
218	41
219	56
220	69
221	89
222	61
223	56
224	33
225	23
226	14
227	16
228	12
229	5
230	6
231	7
232	7
233	2
234	2
235	5
236	7
237	1
238	5
239	7
240	17
241	28
242	42
243	69
244	122
245	155
246	185
247	196
248	208
249	205
250	146
251	118
252	88
253	61
254	54
255	40
256	36
257	31
258	24
259	26
260	19
261	8
262	10
263	16
264	13
265	17
266	25
267	20
268	38
269	32
270	59
271	43
272	52
273	48
274	40
275	27
276	23
277	18
278	13
279	6
280	13
281	5
282	16
283	14
284	8
285	13
286	13
287	22
288	10
289	15
290	12
291	7
292	19
293	17
294	17
295	18
296	20
297	13
298	20
299	13
300	13
301	15
302	12
303	10
304	19
305	23
306	13
307	12
308	11
309	14
310	11
311	15
312	13
313	17
314	15
315	18
316	27
317	48
318	68
319	82
320	130
321	144
322	164
323	190
324	168
325	156
326	137
327	113
328	71
329	69
330	40
331	40
332	27
333	26
334	21
335	30
336	35
337	35
338	45
339	71
340	94
341	181
342	329
343	593
344	1135
345	1738
346	2920
347	4149
348	5354
349	6396
350	7103
351	7405
352	7065
353	6048
354	4854
355	3666
356	2587
357	1585
358	964
359	558
360	293
361	167
362	84
363	69
364	44
365	41
366	45
367	40
368	43
369	48
370	37
371	51
372	45
373	68
374	64
375	59
376	95
377	100
378	122
379	197
380	260
381	408
382	612
383	795
384	965
385	1133
386	1209
387	1260
388	1137
389	1027
390	817
391	586
392	447
393	273
394	166
395	100
396	81
397	59
398	31
399	34
400	22
401	21
402	31
403	27
404	32
405	33
406	37
407	29
408	35
409	38
410	30
411	28
412	36
413	32
414	30
415	34
416	39
417	43
418	25
419	34
420	31
421	40
422	32
423	29
424	24
425	36
426	22
427	31
428	34
429	51
430	31
431	41
432	30
433	38
434	43
435	50
436	53
437	63
438	65
439	82
440	72
441	68
442	63
443	72
444	76
445	54
446	66
447	65
448	67
449	58
450	53
451	52
452	68
453	62
454	72
455	75
456	73
457	82
458	98
459	85
460	92
461	91
462	86
463	78
464	70
465	69
466	54
467	65
468	50
469	56
470	69
471	60
472	68
473	80
474	66
475	65
476	58
477	65
478	50
479	56
480	43
481	42
482	48
483	57
484	44
485	63
486	62
487	62
488	64
489	50
490	55
491	48
492	61
493	61
494	39
495	62
496	68
497	68
498	49
499	77
500	57
501	66
502	59
503	61
504	64
505	71
506	78
507	83
508	66
509	94
510	73
511	96
512	67
513	88
514	82
515	70
516	76
517	101
518	71
519	91
520	92
521	88
522	79
523	72
524	92
525	86
526	96
527	97
528	109
529	107
530	102
531	101
532	100
533	90
534	86
535	83
536	91
537	98
538	70
539	76
540	78
541	70
542	81
543	79
544	93
545	70
546	87
547	82
548	92
549	91
550	88
551	73
552	86
553	71
554	69
555	84
556	75
557	86
558	69
559	82
560	89
561	86
562	82
563	81
564	69
565	71
566	88
567	89
568	80
569	66
570	59
571	79
572	86
573	85
574	76
575	79
576	77
577	78
578	92
579	77
580	77
581	112
582	102
583	86
584	89
585	73
586	73
587	109
588	80
589	86
590	94
591	91
592	81
593	104
594	73
595	104
596	73
597	87
598	85
599	76
600	80
601	79
602	92
603	76
604	96
605	94
606	97
607	90
608	95
609	103
610	87
611	105
612	85
613	96
614	122
615	101
616	103
617	88
618	84
619	88
620	92
621	107
622	104
623	85
624	91
625	103
626	98
627	90
628	87
629	89
630	109
631	103
632	111
633	87
634	87
635	91
636	84
637	93
638	85
639	105
640	96
641	93
642	107
643	104
644	97
645	82
646	103
647	98
648	102
649	105
650	108
651	99
652	92
653	91
654	116
655	114
656	101
657	105
658	92
659	111
660	106
661	87
662	103
663	99
664	98
665	102
666	99
667	91
668	98
669	122
670	109
671	109
672	108
673	103
674	101
675	126
676	109
677	117
678	107
679	118
680	108
681	120
682	102
683	105
684	121
685	111
686	125
687	106
688	127
689	112
690	105
691	134
692	116
693	111
694	125
695	121
696	116
697	115
698	110
699	118
700	117
701	133
702	129
703	99
704	105
705	137
706	145
707	114
708	105
709	110
710	128
711	115
712	109
713	116
714	113
715	132
716	123
717	118
718	140
719	101
720	131
721	124
722	99
723	123
724	126
725	136
726	119
727	139
728	131
729	136
730	136
731	145
732	132
733	119
734	129
735	127
736	124
737	127
738	131
739	129
740	114
741	123
742	125
743	141
744	120
745	107
746	126
747	139
748	134
749	142
750	117
751	108
752	126
753	121
754	121
755	147
756	133
757	130
758	115
759	151
760	129
761	143
762	144
763	172
764	149
765	169
766	196
767	197
768	242
769	256
770	248
771	274
772	298
773	301
774	276
775	289
776	277
777	255
778	255
779	259
780	176
781	193
782	175
783	168
784	133
785	155
786	123
787	110
788	128
789	128
790	139
791	125
792	146
793	131
794	109
795	122
796	129
797	138
798	114
799	115
800	139
801	125
802	128
803	137
804	130
805	139
806	131
807	132
808	144
809	134
810	128
811	131
812	126
813	136
814	153
815	137
816	132
817	150
818	124
819	150
820	138
821	145
822	129
823	141
824	121
825	136
826	129
827	145
828	150
829	147
830	140
831	153
832	122
833	126
834	132
835	142
836	133
837	128
838	157
839	130
840	141
841	137
842	134
843	155
844	127
845	162
846	141
847	137
848	144
849	148
850	156
851	157
852	151
853	164
854	143
855	149
856	158
857	179
858	180
859	182
860	188
861	187
862	183
863	204
864	206
865	180
866	227
867	193
868	206
869	204
870	222
871	190
872	204
873	216
874	223
875	204
876	222
877	246
878	252
879	237
880	266
881	299
882	267
883	292
884	293
885	321
886	336
887	356
888	356
889	368
890	403
891	445
892	463
893	470
894	470
895	530
896	468
897	525
898	507
899	504
900	536
901	536
902	501
903	514
904	512
905	497
906	482
907	460
908	474
909	492
910	427
911	433
912	387
913	368
914	331
915	325
916	285
917	318
918	286
919	265
920	253
921	234
922	251
923	243
924	199
925	228
926	185
927	203
928	180
929	178
930	194
931	154
932	176
933	158
934	155
935	162
936	145
937	159
938	163
939	161
940	173
941	182
942	191
943	208
944	196
945	227
946	234
947	279
948	325
949	335
950	369
951	377
952	417
953	371
954	420
955	423
956	406
957	366
958	345
959	324
960	280
961	242
962	208
963	196
964	170
965	154
966	144
967	140
968	139
969	130
970	125
971	119
972	128
973	121
974	118
975	118
976	110
977	120
978	118
979	109
980	147
981	142
982	109
983	139
984	111
985	130
986	129
987	149
988	132
989	115
990	134
991	171
992	137
993	155
994	175
995	166
996	167
997	159
998	159
999	152
1000	182
1001	161
1002	166
1003	178
1004	171
1005	161
1006	166
1007	155
1008	164
1009	163
1010	143
1011	161
1012	152
1013	157
1014	144
1015	145
1016	147
1017	121
1018	160
1019	135
1020	128
1021	140
1022	127
1023	140
1024	107
