Date:	09/05/2018		Time:	13:17		Version no:	0.00		Project name:	55		Sample name:	222		Section name:	section		Position	363.600037	mm	E0	0.000000	keV	E1	1.000000	keV/channel	sample surface	6.096877	cm	Tube anode:	Mo		Tube voltage:	30	kV	Tube current:	50	mA	gain	10		std. database			resultfile	result		matrix element	11		sample thickness	1.000000		air passage	0.560000	cm	comments	in position		peaking_time	2.200000	m-sec	trigger_threshold	547.363281	V	mca_bin_width	22.090000	no:	number_mca_channels	1024.000000	no:	gap_time	0.150000	m-sec	trigger_peaking_time	0.200000	m-sec	GAINDAC	18610		HIGHGAIN	1		TAURC	1		RCTAU	1		RCTAUFRAC	1		livetime	9.399170	seconds	runtime	10.000497	seconds	input_count_rate	27066.752791	cps	output_count_rate	21825.315718	cps	triggers	254405	seconds	events_in_run	218264	seconds	channel	content		1	0
2	0
3	0
4	0
5	0
6	0
7	0
8	0
9	0
10	0
11	0
12	0
13	0
14	0
15	0
16	0
17	0
18	0
19	0
20	0
21	0
22	0
23	0
24	0
25	0
26	0
27	0
28	0
29	0
30	0
31	9
32	12
33	12
34	15
35	11
36	14
37	8
38	18
39	8
40	17
41	18
42	17
43	19
44	11
45	9
46	13
47	17
48	11
49	13
50	10
51	15
52	10
53	8
54	13
55	15
56	7
57	7
58	14
59	11
60	10
61	10
62	10
63	8
64	6
65	9
66	14
67	10
68	11
69	7
70	6
71	6
72	8
73	6
74	7
75	6
76	7
77	7
78	3
79	6
80	11
81	11
82	13
83	13
84	9
85	11
86	5
87	9
88	9
89	5
90	9
91	8
92	6
93	8
94	14
95	15
96	18
97	15
98	13
99	9
100	7
101	6
102	6
103	4
104	3
105	6
106	5
107	11
108	12
109	15
110	13
111	5
112	7
113	5
114	14
115	2
116	7
117	4
118	4
119	5
120	7
121	9
122	2
123	1
124	5
125	6
126	4
127	5
128	4
129	4
130	6
131	4
132	4
133	2
134	5
135	4
136	4
137	5
138	4
139	4
140	3
141	5
142	5
143	3
144	3
145	3
146	5
147	3
148	2
149	5
150	6
151	5
152	3
153	4
154	7
155	7
156	3
157	7
158	5
159	15
160	8
161	25
162	25
163	39
164	23
165	27
166	16
167	12
168	4
169	9
170	6
171	3
172	3
173	5
174	5
175	8
176	6
177	14
178	13
179	20
180	16
181	29
182	18
183	24
184	27
185	18
186	15
187	8
188	3
189	6
190	5
191	7
192	7
193	5
194	17
195	15
196	39
197	64
198	109
199	138
200	239
201	326
202	328
203	370
204	330
205	310
206	226
207	146
208	89
209	52
210	22
211	11
212	8
213	12
214	4
215	17
216	29
217	43
218	69
219	64
220	55
221	51
222	50
223	56
224	43
225	24
226	20
227	13
228	9
229	10
230	6
231	4
232	6
233	7
234	4
235	5
236	6
237	4
238	9
239	7
240	20
241	18
242	54
243	73
244	109
245	120
246	186
247	208
248	191
249	166
250	161
251	130
252	103
253	81
254	68
255	55
256	53
257	48
258	35
259	38
260	20
261	17
262	11
263	9
264	13
265	17
266	30
267	33
268	34
269	39
270	58
271	55
272	57
273	40
274	33
275	32
276	27
277	24
278	13
279	9
280	14
281	16
282	9
283	11
284	7
285	4
286	13
287	14
288	23
289	16
290	24
291	14
292	15
293	19
294	19
295	16
296	25
297	22
298	21
299	25
300	15
301	15
302	16
303	22
304	23
305	23
306	14
307	12
308	22
309	14
310	12
311	16
312	14
313	17
314	20
315	21
316	29
317	37
318	90
319	87
320	138
321	155
322	179
323	191
324	177
325	150
326	129
327	97
328	75
329	74
330	36
331	40
332	27
333	23
334	36
335	34
336	49
337	46
338	60
339	87
340	161
341	273
342	517
343	915
344	1627
345	2668
346	4168
347	5882
348	7675
349	9283
350	10439
351	10558
352	10019
353	8837
354	7194
355	5351
356	3561
357	2320
358	1300
359	771
360	389
361	251
362	109
363	84
364	51
365	55
366	32
367	37
368	49
369	53
370	60
371	58
372	54
373	73
374	67
375	77
376	108
377	134
378	190
379	259
380	389
381	593
382	819
383	1158
384	1375
385	1587
386	1700
387	1783
388	1585
389	1395
390	1141
391	904
392	624
393	384
394	263
395	176
396	98
397	62
398	40
399	24
400	38
401	31
402	20
403	31
404	31
405	26
406	32
407	38
408	39
409	32
410	31
411	26
412	36
413	29
414	37
415	33
416	28
417	22
418	40
419	32
420	27
421	35
422	36
423	26
424	30
425	27
426	31
427	27
428	36
429	33
430	35
431	24
432	32
433	30
434	40
435	38
436	49
437	53
438	68
439	59
440	72
441	77
442	56
443	67
444	69
445	55
446	55
447	66
448	61
449	44
450	69
451	59
452	71
453	58
454	53
455	45
456	66
457	93
458	74
459	91
460	86
461	66
462	68
463	70
464	60
465	64
466	74
467	58
468	56
469	62
470	63
471	70
472	53
473	52
474	65
475	57
476	45
477	59
478	59
479	41
480	43
481	51
482	53
483	60
484	55
485	54
486	40
487	65
488	57
489	66
490	55
491	64
492	60
493	54
494	56
495	57
496	58
497	47
498	51
499	51
500	68
501	49
502	70
503	67
504	73
505	62
506	77
507	74
508	78
509	73
510	78
511	73
512	62
513	61
514	84
515	85
516	78
517	84
518	78
519	66
520	98
521	85
522	93
523	74
524	89
525	89
526	74
527	101
528	82
529	105
530	104
531	97
532	97
533	86
534	88
535	95
536	65
537	65
538	69
539	71
540	77
541	60
542	68
543	71
544	71
545	81
546	74
547	85
548	64
549	80
550	76
551	70
552	83
553	92
554	74
555	73
556	72
557	58
558	76
559	78
560	69
561	85
562	71
563	64
564	64
565	70
566	69
567	65
568	65
569	66
570	77
571	76
572	81
573	78
574	85
575	81
576	71
577	94
578	80
579	92
580	84
581	70
582	86
583	80
584	70
585	77
586	81
587	75
588	83
589	89
590	91
591	82
592	74
593	93
594	89
595	84
596	113
597	80
598	93
599	100
600	90
601	90
602	78
603	93
604	82
605	83
606	90
607	90
608	82
609	76
610	83
611	95
612	93
613	101
614	81
615	98
616	78
617	96
618	117
619	107
620	89
621	79
622	110
623	93
624	104
625	90
626	97
627	83
628	89
629	95
630	83
631	91
632	113
633	97
634	99
635	78
636	78
637	104
638	111
639	118
640	103
641	93
642	98
643	102
644	95
645	108
646	104
647	94
648	102
649	87
650	100
651	109
652	105
653	94
654	95
655	103
656	114
657	109
658	100
659	118
660	101
661	93
662	90
663	98
664	103
665	112
666	102
667	96
668	105
669	98
670	119
671	118
672	96
673	112
674	115
675	111
676	118
677	97
678	104
679	107
680	127
681	104
682	117
683	99
684	98
685	107
686	114
687	118
688	104
689	97
690	123
691	110
692	113
693	132
694	126
695	126
696	111
697	125
698	125
699	131
700	124
701	130
702	117
703	118
704	119
705	118
706	119
707	112
708	117
709	96
710	117
711	120
712	115
713	104
714	101
715	125
716	99
717	120
718	120
719	117
720	117
721	122
722	122
723	127
724	116
725	130
726	117
727	152
728	130
729	140
730	124
731	112
732	132
733	120
734	117
735	122
736	116
737	119
738	128
739	136
740	123
741	109
742	98
743	118
744	118
745	128
746	128
747	116
748	107
749	118
750	137
751	130
752	103
753	109
754	108
755	127
756	119
757	131
758	115
759	113
760	123
761	130
762	131
763	138
764	166
765	150
766	173
767	174
768	176
769	213
770	256
771	256
772	265
773	297
774	253
775	263
776	256
777	218
778	220
779	214
780	191
781	167
782	139
783	157
784	123
785	120
786	124
787	132
788	129
789	131
790	126
791	98
792	109
793	120
794	107
795	129
796	133
797	133
798	132
799	129
800	117
801	105
802	108
803	127
804	102
805	115
806	122
807	142
808	132
809	124
810	153
811	134
812	125
813	137
814	128
815	153
816	133
817	103
818	136
819	147
820	126
821	138
822	108
823	135
824	122
825	130
826	140
827	136
828	128
829	148
830	122
831	139
832	119
833	118
834	148
835	124
836	133
837	137
838	143
839	128
840	139
841	137
842	121
843	133
844	132
845	137
846	117
847	126
848	141
849	151
850	152
851	143
852	157
853	174
854	142
855	158
856	169
857	148
858	179
859	182
860	196
861	178
862	223
863	189
864	184
865	211
866	213
867	202
868	191
869	208
870	201
871	169
872	233
873	205
874	202
875	205
876	219
877	218
878	221
879	229
880	246
881	240
882	271
883	283
884	294
885	302
886	321
887	332
888	340
889	369
890	371
891	417
892	434
893	416
894	468
895	480
896	449
897	485
898	517
899	472
900	505
901	535
902	479
903	498
904	499
905	486
906	469
907	450
908	448
909	400
910	399
911	399
912	362
913	380
914	314
915	313
916	285
917	309
918	290
919	284
920	234
921	216
922	224
923	228
924	218
925	184
926	209
927	186
928	165
929	175
930	171
931	171
932	154
933	160
934	156
935	141
936	134
937	162
938	134
939	142
940	153
941	177
942	204
943	186
944	205
945	258
946	254
947	291
948	335
949	338
950	341
951	366
952	451
953	388
954	423
955	386
956	369
957	349
958	354
959	300
960	268
961	242
962	227
963	193
964	157
965	142
966	136
967	119
968	113
969	120
970	97
971	126
972	104
973	115
974	113
975	98
976	118
977	121
978	96
979	96
980	136
981	117
982	125
983	142
984	106
985	113
986	125
987	119
988	111
989	132
990	150
991	126
992	129
993	152
994	167
995	164
996	147
997	147
998	152
999	143
1000	148
1001	142
1002	149
1003	148
1004	145
1005	154
1006	162
1007	166
1008	157
1009	162
1010	163
1011	145
1012	141
1013	138
1014	147
1015	127
1016	153
1017	123
1018	105
1019	119
1020	102
1021	126
1022	127
1023	110
1024	97
