Date:	09/05/2018		Time:	13:37		Version no:	0.00		Project name:	55		Sample name:	222		Section name:	section		Position	384.400024	mm	E0	0.000000	keV	E1	1.000000	keV/channel	sample surface	5.950052	cm	Tube anode:	Mo		Tube voltage:	30	kV	Tube current:	50	mA	gain	10		std. database			resultfile	result		matrix element	11		sample thickness	1.000000		air passage	0.560000	cm	comments	not in position		peaking_time	2.200000	m-sec	trigger_threshold	547.363281	V	mca_bin_width	22.090000	no:	number_mca_channels	1024.000000	no:	gap_time	0.150000	m-sec	trigger_peaking_time	0.200000	m-sec	GAINDAC	18610		HIGHGAIN	1		TAURC	1		RCTAU	1		RCTAUFRAC	1		livetime	9.557054	seconds	runtime	10.000496	seconds	input_count_rate	14909.197538	cps	output_count_rate	12796.065315	cps	triggers	142488	seconds	events_in_run	127967	seconds	channel	content		1	0
2	0
3	0
4	0
5	0
6	0
7	0
8	0
9	0
10	0
11	0
12	0
13	0
14	0
15	0
16	0
17	0
18	0
19	0
20	0
21	0
22	0
23	0
24	0
25	0
26	0
27	0
28	0
29	0
30	0
31	23
32	19
33	23
34	11
35	19
36	21
37	15
38	23
39	11
40	16
41	27
42	19
43	15
44	21
45	9
46	11
47	18
48	11
49	15
50	19
51	18
52	10
53	9
54	15
55	9
56	11
57	12
58	6
59	21
60	12
61	10
62	12
63	8
64	15
65	12
66	10
67	9
68	16
69	12
70	10
71	6
72	11
73	11
74	7
75	13
76	9
77	9
78	8
79	6
80	7
81	6
82	10
83	9
84	4
85	2
86	8
87	6
88	9
89	5
90	3
91	3
92	2
93	6
94	6
95	5
96	8
97	7
98	4
99	9
100	3
101	5
102	4
103	6
104	5
105	5
106	6
107	5
108	0
109	7
110	6
111	2
112	4
113	9
114	5
115	6
116	5
117	3
118	2
119	10
120	4
121	4
122	3
123	2
124	3
125	4
126	4
127	7
128	3
129	2
130	4
131	4
132	1
133	3
134	4
135	3
136	5
137	2
138	8
139	7
140	12
141	27
142	35
143	48
144	45
145	43
146	44
147	35
148	11
149	11
150	7
151	6
152	4
153	9
154	9
155	4
156	9
157	9
158	15
159	14
160	18
161	29
162	24
163	31
164	29
165	27
166	18
167	11
168	9
169	4
170	5
171	5
172	4
173	2
174	6
175	8
176	2
177	9
178	10
179	5
180	4
181	7
182	4
183	4
184	2
185	4
186	4
187	1
188	5
189	2
190	1
191	2
192	4
193	3
194	0
195	4
196	2
197	3
198	10
199	15
200	17
201	23
202	35
203	24
204	24
205	20
206	19
207	15
208	9
209	4
210	3
211	1
212	3
213	1
214	5
215	2
216	4
217	4
218	1
219	8
220	8
221	11
222	5
223	5
224	4
225	6
226	4
227	3
228	1
229	3
230	1
231	3
232	0
233	2
234	0
235	0
236	1
237	3
238	0
239	2
240	3
241	6
242	10
243	4
244	6
245	13
246	14
247	16
248	22
249	13
250	17
251	13
252	9
253	6
254	7
255	8
256	6
257	7
258	6
259	6
260	3
261	2
262	3
263	6
264	7
265	1
266	3
267	4
268	3
269	4
270	5
271	4
272	6
273	7
274	3
275	2
276	3
277	3
278	2
279	2
280	3
281	2
282	3
283	2
284	3
285	4
286	7
287	5
288	3
289	3
290	5
291	2
292	5
293	3
294	4
295	6
296	2
297	3
298	2
299	6
300	4
301	3
302	5
303	3
304	2
305	5
306	1
307	3
308	4
309	3
310	3
311	7
312	6
313	5
314	2
315	6
316	5
317	6
318	3
319	8
320	16
321	14
322	14
323	6
324	14
325	9
326	5
327	12
328	9
329	8
330	7
331	3
332	2
333	7
334	3
335	2
336	4
337	7
338	4
339	10
340	15
341	35
342	49
343	91
344	149
345	247
346	385
347	503
348	704
349	826
350	899
351	1012
352	890
353	788
354	648
355	463
356	313
357	234
358	114
359	91
360	52
361	18
362	10
363	12
364	11
365	4
366	14
367	10
368	11
369	11
370	9
371	5
372	10
373	10
374	18
375	18
376	17
377	16
378	25
379	28
380	42
381	77
382	99
383	150
384	170
385	176
386	208
387	215
388	219
389	211
390	155
391	105
392	77
393	51
394	26
395	21
396	19
397	12
398	8
399	8
400	7
401	7
402	3
403	11
404	14
405	8
406	10
407	24
408	18
409	29
410	12
411	25
412	12
413	14
414	17
415	7
416	14
417	11
418	12
419	14
420	9
421	11
422	17
423	10
424	3
425	15
426	12
427	15
428	10
429	13
430	9
431	10
432	17
433	17
434	10
435	21
436	18
437	21
438	22
439	17
440	36
441	30
442	13
443	18
444	31
445	21
446	16
447	21
448	22
449	20
450	17
451	24
452	20
453	29
454	19
455	22
456	17
457	30
458	21
459	39
460	33
461	27
462	26
463	30
464	28
465	28
466	25
467	18
468	25
469	23
470	25
471	33
472	31
473	40
474	38
475	29
476	30
477	29
478	25
479	23
480	30
481	36
482	20
483	28
484	29
485	31
486	25
487	28
488	14
489	30
490	28
491	29
492	26
493	27
494	30
495	26
496	23
497	35
498	28
499	26
500	33
501	44
502	23
503	39
504	33
505	45
506	48
507	36
508	37
509	43
510	27
511	41
512	44
513	23
514	41
515	38
516	43
517	45
518	42
519	48
520	47
521	47
522	47
523	47
524	49
525	56
526	47
527	56
528	48
529	51
530	75
531	48
532	48
533	45
534	49
535	49
536	54
537	44
538	46
539	49
540	43
541	42
542	46
543	48
544	50
545	50
546	47
547	33
548	54
549	57
550	40
551	49
552	45
553	53
554	43
555	51
556	53
557	52
558	52
559	47
560	53
561	54
562	59
563	47
564	61
565	51
566	61
567	46
568	61
569	90
570	69
571	98
572	103
573	107
574	120
575	150
576	161
577	173
578	151
579	161
580	142
581	133
582	88
583	100
584	99
585	76
586	79
587	65
588	77
589	82
590	72
591	68
592	55
593	70
594	69
595	68
596	69
597	84
598	65
599	63
600	84
601	82
602	62
603	78
604	79
605	75
606	80
607	61
608	89
609	81
610	75
611	70
612	95
613	73
614	74
615	90
616	83
617	84
618	83
619	81
620	79
621	70
622	108
623	108
624	86
625	82
626	66
627	81
628	75
629	84
630	85
631	69
632	94
633	80
634	87
635	85
636	88
637	89
638	100
639	86
640	106
641	88
642	101
643	99
644	105
645	86
646	89
647	85
648	73
649	100
650	89
651	91
652	95
653	119
654	105
655	98
656	92
657	95
658	86
659	86
660	115
661	111
662	110
663	114
664	114
665	111
666	121
667	105
668	111
669	112
670	110
671	94
672	120
673	124
674	110
675	106
676	124
677	132
678	110
679	135
680	129
681	152
682	162
683	144
684	186
685	225
686	229
687	254
688	271
689	306
690	316
691	292
692	295
693	316
694	260
695	225
696	198
697	215
698	172
699	156
700	169
701	152
702	129
703	135
704	142
705	139
706	120
707	126
708	116
709	130
710	115
711	120
712	142
713	159
714	124
715	145
716	145
717	136
718	136
719	130
720	140
721	123
722	111
723	119
724	153
725	122
726	123
727	123
728	121
729	121
730	138
731	135
732	157
733	136
734	135
735	133
736	135
737	136
738	124
739	133
740	141
741	134
742	108
743	138
744	139
745	125
746	129
747	137
748	140
749	144
750	144
751	135
752	129
753	136
754	131
755	137
756	135
757	135
758	120
759	129
760	134
761	157
762	152
763	165
764	195
765	169
766	199
767	210
768	234
769	268
770	267
771	287
772	329
773	275
774	302
775	259
776	292
777	259
778	234
779	235
780	207
781	185
782	210
783	163
784	166
785	140
786	171
787	157
788	137
789	154
790	149
791	170
792	142
793	155
794	156
795	150
796	161
797	171
798	156
799	195
800	191
801	178
802	183
803	179
804	183
805	176
806	195
807	216
808	202
809	211
810	175
811	196
812	188
813	208
814	205
815	171
816	184
817	176
818	206
819	170
820	172
821	187
822	170
823	187
824	170
825	182
826	196
827	181
828	157
829	174
830	174
831	195
832	201
833	207
834	174
835	191
836	173
837	176
838	176
839	159
840	161
841	185
842	180
843	178
844	205
845	183
846	172
847	196
848	170
849	198
850	223
851	182
852	192
853	194
854	232
855	216
856	228
857	208
858	243
859	219
860	244
861	255
862	242
863	249
864	240
865	235
866	317
867	286
868	262
869	269
870	268
871	271
872	277
873	293
874	297
875	280
876	291
877	317
878	337
879	323
880	343
881	370
882	410
883	423
884	428
885	532
886	477
887	571
888	504
889	579
890	569
891	616
892	616
893	654
894	659
895	679
896	636
897	668
898	684
899	668
900	719
901	655
902	648
903	638
904	611
905	621
906	598
907	585
908	512
909	520
910	480
911	472
912	427
913	386
914	438
915	360
916	366
917	350
918	319
919	334
920	312
921	284
922	264
923	280
924	241
925	253
926	257
927	231
928	212
929	224
930	187
931	203
932	202
933	192
934	183
935	207
936	205
937	192
938	184
939	191
940	199
941	242
942	256
943	222
944	245
945	308
946	305
947	342
948	396
949	393
950	424
951	460
952	443
953	482
954	507
955	491
956	459
957	482
958	400
959	382
960	335
961	320
962	255
963	243
964	210
965	226
966	189
967	145
968	134
969	163
970	173
971	152
972	174
973	173
974	165
975	154
976	168
977	136
978	166
979	176
980	169
981	166
982	193
983	162
984	180
985	179
986	187
987	204
988	183
989	207
990	189
991	186
992	208
993	198
994	189
995	187
996	206
997	216
998	198
999	197
1000	226
1001	199
1002	219
1003	229
1004	194
1005	219
1006	232
1007	193
1008	209
1009	197
1010	221
1011	220
1012	191
1013	178
1014	170
1015	185
1016	162
1017	130
1018	163
1019	151
1020	144
1021	133
1022	132
1023	117
1024	127
