Date:	09/05/2018		Time:	12:53		Version no:	0.00		Project name:	55		Sample name:	222		Section name:	section		Position	338.800018	mm	E0	0.000000	keV	E1	1.000000	keV/channel	sample surface	6.106879	cm	Tube anode:	Mo		Tube voltage:	30	kV	Tube current:	50	mA	gain	10		std. database			resultfile	result		matrix element	11		sample thickness	1.000000		air passage	0.560000	cm	comments	in position		peaking_time	2.200000	m-sec	trigger_threshold	547.363281	V	mca_bin_width	22.090000	no:	number_mca_channels	1024.000000	no:	gap_time	0.150000	m-sec	trigger_peaking_time	0.200000	m-sec	GAINDAC	18610		HIGHGAIN	1		TAURC	1		RCTAU	1		RCTAUFRAC	1		livetime	9.438623	seconds	runtime	10.000490	seconds	input_count_rate	23791.817434	cps	output_count_rate	19523.444132	cps	triggers	224562	seconds	events_in_run	195244	seconds	channel	content		1	0
2	0
3	0
4	0
5	0
6	0
7	0
8	0
9	0
10	0
11	0
12	0
13	0
14	0
15	0
16	0
17	0
18	0
19	0
20	0
21	0
22	0
23	0
24	0
25	0
26	0
27	0
28	0
29	0
30	0
31	11
32	11
33	11
34	14
35	14
36	15
37	24
38	15
39	17
40	22
41	12
42	20
43	18
44	21
45	15
46	17
47	21
48	13
49	13
50	10
51	13
52	15
53	17
54	8
55	11
56	14
57	16
58	13
59	7
60	20
61	10
62	12
63	10
64	14
65	12
66	15
67	7
68	13
69	7
70	10
71	8
72	6
73	13
74	6
75	6
76	8
77	3
78	13
79	14
80	9
81	14
82	10
83	11
84	5
85	8
86	10
87	8
88	5
89	8
90	3
91	7
92	14
93	17
94	11
95	31
96	19
97	25
98	23
99	17
100	11
101	6
102	9
103	7
104	7
105	3
106	14
107	16
108	13
109	8
110	9
111	5
112	5
113	4
114	6
115	5
116	2
117	2
118	3
119	4
120	4
121	7
122	5
123	4
124	6
125	7
126	6
127	4
128	7
129	5
130	3
131	5
132	4
133	6
134	1
135	2
136	3
137	5
138	5
139	3
140	2
141	4
142	6
143	6
144	4
145	0
146	6
147	4
148	2
149	2
150	4
151	4
152	6
153	4
154	0
155	5
156	9
157	7
158	11
159	16
160	19
161	14
162	16
163	24
164	25
165	18
166	25
167	13
168	6
169	5
170	8
171	4
172	2
173	5
174	4
175	3
176	5
177	19
178	17
179	19
180	15
181	29
182	39
183	25
184	28
185	28
186	17
187	7
188	4
189	4
190	3
191	3
192	5
193	6
194	8
195	18
196	31
197	44
198	111
199	191
200	235
201	311
202	372
203	409
204	358
205	302
206	260
207	144
208	93
209	51
210	24
211	16
212	12
213	11
214	21
215	15
216	24
217	32
218	51
219	57
220	54
221	45
222	65
223	54
224	40
225	28
226	17
227	17
228	9
229	3
230	7
231	3
232	2
233	6
234	5
235	1
236	3
237	3
238	2
239	14
240	15
241	36
242	50
243	71
244	94
245	145
246	165
247	174
248	188
249	177
250	159
251	121
252	78
253	77
254	47
255	55
256	44
257	35
258	31
259	21
260	16
261	10
262	6
263	8
264	14
265	23
266	25
267	29
268	34
269	32
270	37
271	58
272	51
273	44
274	35
275	24
276	20
277	19
278	13
279	14
280	6
281	11
282	14
283	11
284	12
285	11
286	8
287	12
288	11
289	14
290	21
291	20
292	23
293	17
294	20
295	23
296	14
297	23
298	15
299	21
300	17
301	20
302	11
303	12
304	13
305	13
306	9
307	4
308	18
309	11
310	13
311	16
312	17
313	13
314	12
315	18
316	22
317	29
318	43
319	49
320	84
321	90
322	111
323	124
324	98
325	104
326	86
327	66
328	61
329	56
330	45
331	27
332	26
333	19
334	26
335	25
336	34
337	40
338	53
339	61
340	125
341	220
342	337
343	662
344	1151
345	1913
346	2896
347	4173
348	5473
349	6599
350	7231
351	7444
352	7151
353	6212
354	4997
355	3662
356	2592
357	1525
358	1005
359	511
360	272
361	163
362	69
363	52
364	50
365	41
366	49
367	41
368	39
369	50
370	46
371	46
372	49
373	55
374	50
375	80
376	70
377	110
378	130
379	187
380	280
381	450
382	568
383	777
384	1010
385	1179
386	1278
387	1243
388	1198
389	1004
390	791
391	690
392	445
393	280
394	198
395	121
396	68
397	45
398	40
399	33
400	31
401	36
402	29
403	31
404	27
405	23
406	41
407	47
408	40
409	33
410	30
411	48
412	40
413	33
414	31
415	32
416	39
417	37
418	37
419	40
420	31
421	40
422	40
423	34
424	41
425	32
426	30
427	38
428	44
429	44
430	35
431	34
432	48
433	47
434	45
435	51
436	49
437	51
438	69
439	80
440	63
441	66
442	81
443	67
444	67
445	83
446	76
447	79
448	74
449	71
450	64
451	73
452	48
453	51
454	64
455	71
456	76
457	74
458	82
459	90
460	91
461	94
462	78
463	76
464	77
465	81
466	69
467	53
468	60
469	67
470	73
471	76
472	77
473	78
474	70
475	57
476	66
477	60
478	69
479	58
480	52
481	54
482	65
483	54
484	64
485	64
486	60
487	64
488	79
489	55
490	56
491	65
492	55
493	65
494	69
495	68
496	69
497	64
498	50
499	63
500	63
501	72
502	74
503	82
504	74
505	66
506	75
507	87
508	97
509	94
510	86
511	72
512	62
513	85
514	105
515	73
516	75
517	73
518	99
519	88
520	105
521	84
522	79
523	85
524	89
525	94
526	105
527	100
528	98
529	93
530	87
531	110
532	101
533	102
534	70
535	90
536	79
537	87
538	67
539	80
540	95
541	77
542	93
543	92
544	83
545	76
546	67
547	79
548	83
549	75
550	86
551	105
552	77
553	78
554	66
555	75
556	78
557	96
558	64
559	73
560	79
561	65
562	74
563	91
564	88
565	87
566	84
567	94
568	77
569	70
570	93
571	91
572	89
573	91
574	99
575	70
576	86
577	77
578	106
579	83
580	85
581	89
582	98
583	92
584	93
585	98
586	96
587	74
588	99
589	101
590	88
591	88
592	99
593	81
594	87
595	85
596	101
597	90
598	92
599	98
600	107
601	88
602	90
603	102
604	87
605	91
606	100
607	104
608	92
609	103
610	100
611	96
612	98
613	99
614	106
615	102
616	95
617	94
618	109
619	102
620	113
621	94
622	102
623	109
624	109
625	94
626	116
627	104
628	87
629	87
630	98
631	77
632	93
633	123
634	112
635	115
636	100
637	91
638	117
639	109
640	114
641	104
642	112
643	107
644	90
645	122
646	110
647	128
648	101
649	117
650	107
651	117
652	111
653	113
654	101
655	119
656	104
657	126
658	117
659	108
660	122
661	114
662	108
663	106
664	110
665	123
666	101
667	121
668	118
669	127
670	113
671	118
672	123
673	116
674	104
675	101
676	101
677	113
678	108
679	100
680	116
681	95
682	107
683	93
684	102
685	112
686	108
687	100
688	129
689	107
690	144
691	114
692	110
693	121
694	117
695	140
696	119
697	131
698	127
699	129
700	134
701	127
702	127
703	124
704	147
705	129
706	145
707	120
708	123
709	116
710	119
711	134
712	116
713	132
714	122
715	133
716	125
717	132
718	119
719	110
720	112
721	140
722	143
723	125
724	132
725	133
726	113
727	136
728	140
729	134
730	141
731	129
732	133
733	165
734	138
735	121
736	133
737	136
738	141
739	127
740	129
741	161
742	140
743	129
744	122
745	133
746	160
747	115
748	139
749	129
750	105
751	130
752	154
753	128
754	123
755	112
756	131
757	145
758	139
759	136
760	120
761	142
762	151
763	138
764	174
765	171
766	195
767	239
768	247
769	268
770	282
771	267
772	333
773	349
774	324
775	349
776	314
777	299
778	247
779	246
780	224
781	179
782	148
783	163
784	143
785	144
786	139
787	169
788	126
789	117
790	137
791	142
792	149
793	122
794	147
795	134
796	135
797	134
798	146
799	128
800	137
801	154
802	121
803	139
804	152
805	130
806	136
807	134
808	147
809	159
810	131
811	160
812	149
813	152
814	161
815	149
816	140
817	124
818	126
819	157
820	144
821	147
822	138
823	118
824	139
825	159
826	134
827	153
828	147
829	137
830	145
831	146
832	137
833	119
834	143
835	134
836	165
837	154
838	145
839	166
840	112
841	149
842	126
843	145
844	162
845	168
846	152
847	177
848	145
849	158
850	149
851	179
852	162
853	164
854	183
855	158
856	193
857	200
858	194
859	204
860	190
861	214
862	202
863	218
864	225
865	244
866	215
867	236
868	224
869	222
870	206
871	223
872	236
873	239
874	233
875	233
876	224
877	246
878	254
879	250
880	260
881	293
882	290
883	313
884	308
885	356
886	364
887	383
888	403
889	382
890	443
891	454
892	481
893	472
894	471
895	483
896	522
897	547
898	598
899	601
900	551
901	524
902	561
903	533
904	545
905	513
906	502
907	506
908	525
909	482
910	457
911	423
912	406
913	368
914	380
915	391
916	349
917	351
918	323
919	322
920	295
921	252
922	259
923	245
924	206
925	237
926	214
927	191
928	201
929	206
930	178
931	177
932	168
933	166
934	157
935	150
936	157
937	147
938	159
939	193
940	159
941	178
942	166
943	204
944	193
945	271
946	300
947	286
948	349
949	354
950	362
951	360
952	418
953	376
954	416
955	423
956	437
957	376
958	346
959	319
960	278
961	260
962	264
963	178
964	161
965	162
966	148
967	130
968	128
969	135
970	160
971	136
972	127
973	127
974	125
975	116
976	103
977	136
978	125
979	136
980	123
981	127
982	107
983	126
984	126
985	148
986	134
987	153
988	146
989	144
990	153
991	136
992	150
993	164
994	151
995	168
996	167
997	168
998	209
999	192
1000	149
1001	166
1002	183
1003	185
1004	187
1005	194
1006	194
1007	187
1008	167
1009	162
1010	175
1011	172
1012	172
1013	140
1014	136
1015	136
1016	136
1017	145
1018	130
1019	147
1020	137
1021	124
1022	114
1023	124
1024	114
