Date:	09/05/2018		Time:	13:21		Version no:	0.00		Project name:	55		Sample name:	222		Section name:	section		Position	367.400024	mm	E0	0.000000	keV	E1	1.000000	keV/channel	sample surface	6.070676	cm	Tube anode:	Mo		Tube voltage:	30	kV	Tube current:	50	mA	gain	10		std. database			resultfile	result		matrix element	11		sample thickness	1.000000		air passage	0.560000	cm	comments	in position		peaking_time	2.200000	m-sec	trigger_threshold	547.363281	V	mca_bin_width	22.090000	no:	number_mca_channels	1024.000000	no:	gap_time	0.150000	m-sec	trigger_peaking_time	0.200000	m-sec	GAINDAC	18610		HIGHGAIN	1		TAURC	1		RCTAU	1		RCTAUFRAC	1		livetime	9.403788	seconds	runtime	10.000494	seconds	input_count_rate	26776.337365	cps	output_count_rate	21616.831264	cps	triggers	251799	seconds	events_in_run	216179	seconds	channel	content		1	0
2	0
3	0
4	0
5	0
6	0
7	0
8	0
9	0
10	0
11	0
12	0
13	0
14	0
15	0
16	0
17	0
18	0
19	0
20	0
21	0
22	0
23	0
24	0
25	0
26	0
27	0
28	0
29	0
30	0
31	24
32	14
33	15
34	12
35	17
36	12
37	11
38	17
39	7
40	9
41	15
42	11
43	16
44	13
45	6
46	13
47	10
48	13
49	17
50	13
51	14
52	12
53	8
54	20
55	12
56	8
57	13
58	8
59	13
60	15
61	14
62	9
63	9
64	8
65	17
66	11
67	5
68	7
69	7
70	6
71	10
72	6
73	5
74	1
75	2
76	8
77	7
78	13
79	11
80	12
81	14
82	16
83	7
84	10
85	6
86	7
87	9
88	6
89	8
90	6
91	6
92	4
93	13
94	23
95	10
96	24
97	26
98	23
99	9
100	19
101	12
102	6
103	10
104	8
105	7
106	11
107	11
108	9
109	6
110	5
111	3
112	13
113	4
114	0
115	7
116	6
117	7
118	2
119	3
120	4
121	3
122	7
123	5
124	7
125	7
126	6
127	2
128	7
129	6
130	0
131	4
132	4
133	7
134	5
135	5
136	5
137	5
138	2
139	6
140	1
141	3
142	5
143	3
144	6
145	5
146	3
147	1
148	4
149	4
150	3
151	2
152	0
153	1
154	4
155	3
156	7
157	6
158	9
159	19
160	18
161	17
162	32
163	26
164	23
165	14
166	15
167	11
168	10
169	4
170	6
171	2
172	6
173	11
174	14
175	6
176	3
177	10
178	9
179	14
180	19
181	26
182	39
183	30
184	20
185	21
186	18
187	9
188	6
189	7
190	5
191	7
192	3
193	8
194	10
195	19
196	36
197	60
198	113
199	175
200	238
201	313
202	359
203	396
204	372
205	331
206	203
207	162
208	94
209	48
210	18
211	17
212	10
213	11
214	14
215	11
216	26
217	35
218	52
219	54
220	61
221	67
222	64
223	57
224	35
225	32
226	22
227	10
228	12
229	6
230	2
231	8
232	4
233	6
234	6
235	5
236	4
237	9
238	8
239	13
240	20
241	18
242	60
243	79
244	98
245	158
246	193
247	199
248	230
249	210
250	190
251	122
252	97
253	75
254	52
255	56
256	46
257	59
258	38
259	31
260	27
261	20
262	8
263	5
264	8
265	23
266	26
267	36
268	51
269	48
270	60
271	54
272	52
273	55
274	36
275	30
276	32
277	20
278	15
279	15
280	16
281	9
282	10
283	13
284	14
285	12
286	12
287	13
288	12
289	16
290	21
291	18
292	20
293	16
294	21
295	25
296	22
297	19
298	26
299	18
300	15
301	17
302	20
303	16
304	20
305	19
306	14
307	9
308	8
309	18
310	16
311	10
312	19
313	15
314	19
315	30
316	38
317	37
318	55
319	93
320	112
321	123
322	156
323	169
324	168
325	154
326	136
327	102
328	72
329	52
330	39
331	31
332	32
333	43
334	31
335	36
336	40
337	41
338	64
339	89
340	143
341	254
342	478
343	893
344	1570
345	2478
346	3965
347	5751
348	7574
349	9104
350	9872
351	10435
352	9719
353	8623
354	7084
355	5142
356	3680
357	2272
358	1431
359	741
360	401
361	197
362	121
363	71
364	58
365	46
366	44
367	50
368	40
369	39
370	45
371	48
372	52
373	74
374	71
375	64
376	109
377	122
378	209
379	250
380	376
381	569
382	805
383	1075
384	1351
385	1501
386	1774
387	1686
388	1612
389	1392
390	1101
391	849
392	590
393	387
394	234
395	134
396	75
397	50
398	47
399	32
400	22
401	25
402	31
403	35
404	33
405	18
406	21
407	37
408	34
409	28
410	38
411	29
412	41
413	29
414	25
415	30
416	31
417	33
418	33
419	32
420	39
421	40
422	27
423	28
424	33
425	32
426	27
427	30
428	32
429	40
430	31
431	47
432	39
433	30
434	48
435	34
436	45
437	53
438	57
439	69
440	60
441	77
442	59
443	71
444	56
445	61
446	64
447	56
448	70
449	54
450	50
451	63
452	51
453	59
454	62
455	60
456	75
457	74
458	91
459	86
460	77
461	64
462	87
463	92
464	59
465	57
466	67
467	57
468	53
469	64
470	53
471	64
472	67
473	68
474	66
475	64
476	57
477	59
478	65
479	51
480	60
481	59
482	54
483	51
484	49
485	66
486	49
487	51
488	51
489	48
490	57
491	56
492	51
493	63
494	63
495	60
496	59
497	71
498	49
499	57
500	47
501	66
502	56
503	73
504	74
505	83
506	70
507	74
508	81
509	83
510	72
511	65
512	80
513	63
514	66
515	58
516	68
517	59
518	66
519	74
520	77
521	74
522	98
523	72
524	83
525	97
526	84
527	61
528	98
529	90
530	86
531	103
532	96
533	84
534	71
535	85
536	84
537	90
538	90
539	76
540	63
541	63
542	75
543	86
544	85
545	82
546	91
547	89
548	91
549	89
550	73
551	98
552	64
553	68
554	76
555	60
556	73
557	77
558	66
559	69
560	76
561	88
562	61
563	67
564	74
565	84
566	72
567	80
568	74
569	77
570	78
571	71
572	74
573	82
574	89
575	85
576	71
577	74
578	89
579	79
580	72
581	75
582	81
583	73
584	86
585	90
586	79
587	89
588	91
589	90
590	92
591	71
592	92
593	87
594	82
595	96
596	78
597	83
598	71
599	89
600	77
601	86
602	85
603	73
604	88
605	83
606	103
607	82
608	98
609	77
610	82
611	87
612	99
613	99
614	87
615	87
616	105
617	111
618	94
619	108
620	99
621	72
622	93
623	89
624	105
625	76
626	87
627	108
628	113
629	92
630	80
631	87
632	113
633	84
634	81
635	110
636	113
637	91
638	99
639	92
640	93
641	106
642	106
643	106
644	96
645	98
646	107
647	91
648	101
649	97
650	127
651	119
652	95
653	95
654	106
655	126
656	84
657	93
658	92
659	106
660	91
661	88
662	104
663	103
664	90
665	113
666	93
667	106
668	106
669	105
670	98
671	105
672	112
673	93
674	91
675	108
676	112
677	100
678	116
679	129
680	85
681	90
682	85
683	97
684	104
685	111
686	104
687	105
688	110
689	104
690	123
691	109
692	106
693	101
694	116
695	105
696	122
697	108
698	117
699	136
700	112
701	135
702	112
703	123
704	127
705	139
706	109
707	121
708	128
709	105
710	113
711	104
712	110
713	96
714	129
715	116
716	136
717	110
718	110
719	119
720	122
721	106
722	101
723	114
724	113
725	121
726	107
727	131
728	134
729	130
730	122
731	125
732	133
733	117
734	122
735	104
736	106
737	110
738	124
739	123
740	149
741	117
742	133
743	146
744	120
745	126
746	123
747	103
748	127
749	138
750	125
751	109
752	104
753	130
754	137
755	109
756	122
757	133
758	137
759	110
760	136
761	146
762	141
763	134
764	138
765	162
766	184
767	193
768	202
769	216
770	218
771	267
772	250
773	254
774	267
775	232
776	258
777	218
778	205
779	229
780	186
781	169
782	161
783	143
784	142
785	153
786	129
787	146
788	113
789	144
790	106
791	123
792	121
793	113
794	104
795	119
796	131
797	114
798	126
799	110
800	112
801	107
802	132
803	108
804	119
805	113
806	125
807	148
808	145
809	130
810	160
811	137
812	127
813	140
814	129
815	130
816	133
817	143
818	121
819	131
820	129
821	135
822	148
823	126
824	119
825	140
826	139
827	137
828	139
829	117
830	123
831	107
832	143
833	133
834	132
835	138
836	130
837	169
838	117
839	125
840	137
841	133
842	126
843	141
844	153
845	143
846	133
847	133
848	145
849	152
850	153
851	140
852	145
853	168
854	146
855	153
856	170
857	184
858	190
859	169
860	192
861	181
862	184
863	215
864	193
865	188
866	204
867	203
868	195
869	228
870	180
871	178
872	214
873	193
874	195
875	191
876	211
877	220
878	231
879	236
880	211
881	247
882	260
883	295
884	273
885	298
886	336
887	333
888	352
889	380
890	374
891	420
892	410
893	439
894	418
895	452
896	473
897	475
898	490
899	475
900	467
901	477
902	546
903	523
904	457
905	466
906	505
907	473
908	427
909	406
910	416
911	403
912	376
913	358
914	346
915	342
916	309
917	266
918	291
919	263
920	268
921	237
922	214
923	234
924	251
925	192
926	182
927	199
928	186
929	184
930	158
931	172
932	172
933	151
934	160
935	133
936	172
937	162
938	164
939	131
940	150
941	156
942	192
943	181
944	234
945	219
946	234
947	265
948	320
949	329
950	371
951	378
952	375
953	424
954	394
955	433
956	351
957	361
958	330
959	314
960	306
961	256
962	216
963	180
964	176
965	164
966	162
967	147
968	123
969	131
970	134
971	130
972	117
973	104
974	102
975	118
976	123
977	126
978	100
979	118
980	105
981	110
982	110
983	117
984	130
985	118
986	117
987	129
988	136
989	110
990	150
991	142
992	125
993	153
994	152
995	156
996	162
997	155
998	157
999	147
1000	137
1001	170
1002	175
1003	160
1004	162
1005	166
1006	152
1007	168
1008	160
1009	160
1010	171
1011	154
1012	137
1013	180
1014	146
1015	144
1016	132
1017	119
1018	124
1019	101
1020	119
1021	141
1022	105
1023	117
1024	137
