Date:	09/05/2018		Time:	12:38		Version no:	0.00		Project name:	55		Sample name:	222		Section name:	section		Position	322.800018	mm	E0	0.000000	keV	E1	1.000000	keV/channel	sample surface	6.061640	cm	Tube anode:	Mo		Tube voltage:	30	kV	Tube current:	50	mA	gain	10		std. database			resultfile	result		matrix element	11		sample thickness	1.000000		air passage	0.560000	cm	comments	in position		peaking_time	2.200000	m-sec	trigger_threshold	547.363281	V	mca_bin_width	22.090000	no:	number_mca_channels	1024.000000	no:	gap_time	0.150000	m-sec	trigger_peaking_time	0.200000	m-sec	GAINDAC	18610		HIGHGAIN	1		TAURC	1		RCTAU	1		RCTAUFRAC	1		livetime	9.433240	seconds	runtime	10.000494	seconds	input_count_rate	24278.296746	cps	output_count_rate	19896.716306	cps	triggers	229023	seconds	events_in_run	198977	seconds	channel	content		1	0
2	0
3	0
4	0
5	0
6	0
7	0
8	0
9	0
10	0
11	0
12	0
13	0
14	0
15	0
16	0
17	0
18	0
19	0
20	0
21	0
22	0
23	0
24	0
25	0
26	0
27	0
28	0
29	0
30	0
31	15
32	16
33	10
34	5
35	14
36	19
37	11
38	16
39	9
40	19
41	10
42	15
43	12
44	17
45	12
46	19
47	16
48	16
49	12
50	8
51	9
52	10
53	11
54	14
55	10
56	11
57	15
58	9
59	12
60	7
61	15
62	9
63	13
64	11
65	4
66	10
67	7
68	11
69	13
70	6
71	9
72	5
73	7
74	9
75	8
76	8
77	8
78	11
79	13
80	14
81	13
82	12
83	8
84	8
85	13
86	2
87	11
88	5
89	9
90	5
91	8
92	6
93	6
94	16
95	19
96	15
97	23
98	25
99	18
100	16
101	7
102	10
103	6
104	9
105	2
106	9
107	5
108	6
109	8
110	8
111	7
112	8
113	6
114	2
115	7
116	6
117	6
118	4
119	4
120	3
121	4
122	4
123	5
124	3
125	6
126	3
127	7
128	5
129	2
130	5
131	4
132	5
133	4
134	6
135	3
136	4
137	6
138	4
139	3
140	5
141	3
142	1
143	7
144	2
145	7
146	8
147	8
148	6
149	11
150	4
151	4
152	6
153	6
154	7
155	7
156	4
157	5
158	13
159	15
160	17
161	26
162	17
163	18
164	22
165	18
166	12
167	11
168	9
169	6
170	7
171	8
172	9
173	5
174	9
175	4
176	11
177	10
178	16
179	12
180	21
181	25
182	21
183	18
184	28
185	27
186	14
187	9
188	3
189	3
190	3
191	8
192	7
193	6
194	8
195	19
196	23
197	61
198	93
199	178
200	247
201	343
202	397
203	426
204	348
205	314
206	233
207	168
208	103
209	53
210	25
211	16
212	12
213	8
214	12
215	15
216	34
217	31
218	52
219	65
220	50
221	66
222	67
223	61
224	36
225	23
226	22
227	12
228	5
229	7
230	4
231	2
232	4
233	4
234	7
235	4
236	4
237	8
238	14
239	10
240	16
241	27
242	37
243	71
244	115
245	139
246	166
247	175
248	195
249	196
250	148
251	129
252	102
253	78
254	57
255	37
256	46
257	32
258	30
259	25
260	17
261	13
262	6
263	15
264	10
265	23
266	23
267	22
268	35
269	44
270	44
271	43
272	50
273	40
274	30
275	34
276	15
277	20
278	11
279	11
280	16
281	7
282	10
283	12
284	16
285	13
286	14
287	15
288	16
289	18
290	10
291	17
292	18
293	16
294	25
295	23
296	17
297	16
298	16
299	15
300	18
301	20
302	13
303	15
304	10
305	10
306	10
307	14
308	12
309	16
310	17
311	22
312	10
313	19
314	23
315	29
316	37
317	50
318	70
319	85
320	102
321	131
322	161
323	169
324	169
325	160
326	139
327	89
328	75
329	56
330	45
331	39
332	37
333	27
334	30
335	27
336	33
337	34
338	46
339	62
340	115
341	203
342	349
343	675
344	1213
345	1975
346	2975
347	4404
348	5785
349	7045
350	7712
351	7777
352	7686
353	6702
354	5370
355	4055
356	2758
357	1794
358	1034
359	546
360	312
361	175
362	76
363	53
364	42
365	38
366	46
367	49
368	58
369	53
370	51
371	41
372	46
373	54
374	47
375	75
376	88
377	123
378	150
379	225
380	271
381	453
382	656
383	829
384	1068
385	1213
386	1331
387	1319
388	1267
389	1085
390	866
391	676
392	502
393	315
394	192
395	100
396	81
397	63
398	32
399	29
400	39
401	23
402	26
403	33
404	40
405	27
406	46
407	36
408	31
409	40
410	40
411	42
412	31
413	34
414	24
415	25
416	32
417	40
418	22
419	32
420	36
421	26
422	30
423	24
424	31
425	30
426	38
427	36
428	33
429	38
430	36
431	43
432	32
433	58
434	32
435	51
436	65
437	66
438	64
439	66
440	74
441	68
442	72
443	83
444	78
445	56
446	56
447	72
448	62
449	45
450	57
451	49
452	67
453	63
454	67
455	68
456	70
457	72
458	78
459	88
460	79
461	73
462	63
463	81
464	74
465	65
466	58
467	59
468	56
469	64
470	66
471	61
472	75
473	83
474	52
475	52
476	62
477	67
478	55
479	56
480	68
481	63
482	56
483	45
484	49
485	63
486	53
487	66
488	56
489	49
490	48
491	55
492	46
493	63
494	44
495	50
496	63
497	61
498	68
499	67
500	59
501	55
502	76
503	80
504	77
505	69
506	70
507	67
508	64
509	78
510	77
511	84
512	81
513	77
514	67
515	86
516	74
517	81
518	86
519	81
520	74
521	65
522	74
523	79
524	87
525	86
526	96
527	99
528	108
529	92
530	105
531	97
532	87
533	85
534	80
535	82
536	92
537	87
538	64
539	90
540	84
541	69
542	98
543	76
544	81
545	69
546	95
547	81
548	80
549	88
550	69
551	72
552	74
553	87
554	64
555	86
556	87
557	64
558	77
559	74
560	66
561	65
562	91
563	83
564	55
565	68
566	80
567	74
568	69
569	93
570	82
571	77
572	78
573	82
574	69
575	91
576	78
577	83
578	86
579	94
580	77
581	94
582	71
583	84
584	107
585	93
586	94
587	91
588	65
589	89
590	96
591	89
592	81
593	109
594	82
595	76
596	95
597	81
598	104
599	97
600	84
601	76
602	81
603	89
604	88
605	98
606	99
607	96
608	114
609	94
610	83
611	88
612	96
613	105
614	100
615	103
616	113
617	105
618	103
619	118
620	102
621	108
622	106
623	109
624	93
625	117
626	90
627	99
628	93
629	104
630	85
631	106
632	100
633	109
634	89
635	92
636	106
637	98
638	100
639	111
640	110
641	110
642	93
643	81
644	130
645	102
646	118
647	108
648	99
649	97
650	105
651	129
652	107
653	97
654	126
655	120
656	119
657	115
658	101
659	114
660	82
661	116
662	120
663	106
664	109
665	103
666	114
667	115
668	123
669	116
670	105
671	123
672	128
673	104
674	102
675	103
676	121
677	106
678	99
679	139
680	138
681	113
682	106
683	105
684	124
685	104
686	98
687	126
688	115
689	129
690	102
691	102
692	112
693	122
694	111
695	108
696	139
697	122
698	118
699	140
700	119
701	124
702	126
703	130
704	109
705	139
706	115
707	125
708	134
709	138
710	120
711	123
712	115
713	133
714	124
715	129
716	137
717	111
718	115
719	133
720	119
721	115
722	117
723	139
724	114
725	108
726	127
727	125
728	133
729	155
730	148
731	142
732	136
733	131
734	136
735	127
736	139
737	129
738	141
739	139
740	113
741	127
742	136
743	129
744	132
745	135
746	126
747	108
748	126
749	148
750	118
751	125
752	143
753	135
754	129
755	138
756	123
757	124
758	118
759	143
760	129
761	126
762	148
763	149
764	175
765	154
766	187
767	228
768	231
769	255
770	272
771	252
772	290
773	301
774	270
775	293
776	289
777	289
778	265
779	222
780	198
781	184
782	170
783	162
784	152
785	138
786	126
787	147
788	101
789	140
790	141
791	142
792	122
793	142
794	134
795	126
796	136
797	131
798	140
799	103
800	129
801	129
802	141
803	114
804	127
805	103
806	136
807	161
808	133
809	147
810	124
811	147
812	143
813	128
814	133
815	146
816	137
817	136
818	143
819	146
820	131
821	140
822	133
823	132
824	149
825	139
826	139
827	127
828	146
829	135
830	149
831	124
832	154
833	132
834	143
835	130
836	155
837	157
838	158
839	137
840	124
841	153
842	144
843	157
844	141
845	130
846	159
847	144
848	123
849	151
850	163
851	170
852	177
853	143
854	208
855	173
856	170
857	197
858	190
859	202
860	182
861	226
862	210
863	219
864	181
865	218
866	213
867	219
868	203
869	222
870	221
871	240
872	217
873	205
874	222
875	221
876	227
877	246
878	277
879	257
880	287
881	297
882	300
883	328
884	327
885	315
886	364
887	354
888	379
889	450
890	442
891	458
892	478
893	503
894	513
895	517
896	509
897	531
898	538
899	597
900	573
901	581
902	516
903	576
904	518
905	578
906	506
907	535
908	465
909	473
910	454
911	430
912	394
913	403
914	361
915	355
916	325
917	341
918	333
919	291
920	285
921	231
922	236
923	240
924	225
925	239
926	200
927	210
928	178
929	193
930	191
931	175
932	209
933	163
934	176
935	189
936	159
937	159
938	165
939	176
940	182
941	184
942	225
943	201
944	219
945	233
946	255
947	303
948	362
949	304
950	382
951	386
952	397
953	384
954	462
955	392
956	383
957	373
958	360
959	322
960	289
961	251
962	267
963	184
964	211
965	160
966	120
967	156
968	155
969	158
970	132
971	139
972	117
973	132
974	143
975	122
976	118
977	142
978	136
979	110
980	127
981	124
982	116
983	130
984	146
985	126
986	137
987	150
988	129
989	160
990	153
991	154
992	162
993	147
994	170
995	161
996	163
997	173
998	151
999	172
1000	185
1001	186
1002	182
1003	165
1004	175
1005	194
1006	184
1007	178
1008	186
1009	174
1010	154
1011	176
1012	167
1013	151
1014	138
1015	140
1016	158
1017	146
1018	138
1019	133
1020	134
1021	133
1022	127
1023	121
1024	106
