Date:	09/05/2018		Time:	13:02		Version no:	0.00		Project name:	55		Sample name:	222		Section name:	section		Position	348.200043	mm	E0	0.000000	keV	E1	1.000000	keV/channel	sample surface	6.135938	cm	Tube anode:	Mo		Tube voltage:	30	kV	Tube current:	50	mA	gain	10		std. database			resultfile	result		matrix element	11		sample thickness	1.000000		air passage	0.560000	cm	comments	in position		peaking_time	2.200000	m-sec	trigger_threshold	547.363281	V	mca_bin_width	22.090000	no:	number_mca_channels	1024.000000	no:	gap_time	0.150000	m-sec	trigger_peaking_time	0.200000	m-sec	GAINDAC	18610		HIGHGAIN	1		TAURC	1		RCTAU	1		RCTAUFRAC	1		livetime	9.432769	seconds	runtime	10.000490	seconds	input_count_rate	24288.414659	cps	output_count_rate	19880.126669	cps	triggers	229107	seconds	events_in_run	198811	seconds	channel	content		1	0
2	0
3	0
4	0
5	0
6	0
7	0
8	0
9	0
10	0
11	0
12	0
13	0
14	0
15	0
16	0
17	0
18	0
19	0
20	0
21	0
22	0
23	0
24	0
25	0
26	0
27	0
28	0
29	0
30	0
31	13
32	19
33	14
34	14
35	17
36	13
37	18
38	14
39	15
40	14
41	10
42	12
43	15
44	10
45	16
46	14
47	15
48	17
49	9
50	13
51	16
52	10
53	8
54	16
55	12
56	15
57	5
58	8
59	11
60	5
61	16
62	11
63	12
64	6
65	15
66	6
67	6
68	15
69	6
70	15
71	12
72	10
73	8
74	5
75	4
76	13
77	8
78	8
79	3
80	9
81	19
82	12
83	14
84	11
85	12
86	13
87	7
88	5
89	5
90	7
91	7
92	14
93	10
94	17
95	19
96	20
97	25
98	20
99	13
100	10
101	8
102	9
103	11
104	16
105	6
106	10
107	4
108	7
109	8
110	7
111	5
112	8
113	4
114	6
115	5
116	1
117	8
118	4
119	4
120	3
121	1
122	2
123	5
124	2
125	3
126	7
127	5
128	7
129	3
130	4
131	2
132	3
133	2
134	5
135	3
136	3
137	4
138	2
139	6
140	2
141	2
142	2
143	6
144	6
145	3
146	4
147	6
148	4
149	2
150	4
151	6
152	5
153	5
154	4
155	3
156	6
157	16
158	9
159	10
160	21
161	24
162	28
163	23
164	32
165	21
166	16
167	9
168	8
169	4
170	4
171	3
172	4
173	7
174	4
175	7
176	5
177	14
178	15
179	16
180	16
181	26
182	27
183	23
184	22
185	22
186	10
187	13
188	2
189	7
190	3
191	7
192	2
193	6
194	12
195	16
196	32
197	46
198	105
199	132
200	252
201	314
202	380
203	350
204	331
205	309
206	217
207	144
208	86
209	53
210	24
211	16
212	8
213	8
214	11
215	14
216	27
217	30
218	59
219	58
220	67
221	75
222	63
223	40
224	44
225	19
226	13
227	9
228	7
229	8
230	2
231	7
232	6
233	4
234	3
235	5
236	6
237	12
238	7
239	10
240	16
241	28
242	42
243	60
244	95
245	140
246	170
247	203
248	191
249	164
250	174
251	122
252	98
253	73
254	52
255	46
256	29
257	28
258	29
259	23
260	8
261	17
262	21
263	9
264	7
265	13
266	27
267	32
268	47
269	45
270	39
271	50
272	43
273	49
274	34
275	28
276	22
277	14
278	18
279	11
280	13
281	9
282	11
283	10
284	8
285	12
286	11
287	12
288	9
289	11
290	15
291	17
292	15
293	12
294	14
295	21
296	22
297	18
298	22
299	14
300	18
301	13
302	16
303	14
304	21
305	9
306	9
307	17
308	9
309	9
310	11
311	22
312	14
313	11
314	20
315	18
316	22
317	32
318	51
319	64
320	97
321	110
322	154
323	144
324	132
325	129
326	114
327	83
328	61
329	48
330	47
331	44
332	30
333	27
334	36
335	35
336	36
337	37
338	48
339	64
340	102
341	219
342	390
343	782
344	1258
345	2072
346	3066
347	4409
348	5722
349	7137
350	7992
351	8206
352	7898
353	6765
354	5528
355	4164
356	2804
357	1788
358	1023
359	597
360	313
361	171
362	95
363	42
364	51
365	35
366	41
367	32
368	43
369	39
370	37
371	44
372	46
373	66
374	60
375	72
376	103
377	108
378	139
379	219
380	295
381	424
382	659
383	848
384	1059
385	1307
386	1338
387	1446
388	1249
389	1064
390	921
391	715
392	512
393	337
394	226
395	129
396	72
397	40
398	37
399	30
400	33
401	31
402	26
403	29
404	39
405	43
406	29
407	39
408	36
409	42
410	40
411	38
412	39
413	37
414	27
415	36
416	32
417	31
418	37
419	35
420	36
421	36
422	26
423	37
424	33
425	25
426	38
427	40
428	35
429	30
430	43
431	41
432	34
433	47
434	33
435	53
436	55
437	41
438	64
439	69
440	60
441	61
442	69
443	70
444	66
445	62
446	51
447	65
448	62
449	47
450	68
451	52
452	57
453	63
454	68
455	73
456	69
457	75
458	76
459	82
460	87
461	87
462	71
463	70
464	82
465	69
466	55
467	47
468	57
469	52
470	75
471	64
472	65
473	73
474	77
475	53
476	71
477	57
478	56
479	57
480	70
481	48
482	47
483	58
484	46
485	57
486	54
487	45
488	64
489	75
490	56
491	59
492	61
493	58
494	66
495	51
496	68
497	71
498	62
499	60
500	69
501	59
502	66
503	71
504	90
505	79
506	72
507	98
508	71
509	76
510	81
511	77
512	79
513	76
514	90
515	78
516	78
517	66
518	88
519	68
520	85
521	89
522	110
523	83
524	112
525	78
526	90
527	98
528	110
529	87
530	92
531	84
532	83
533	89
534	79
535	60
536	92
537	93
538	76
539	74
540	80
541	68
542	81
543	75
544	91
545	75
546	71
547	98
548	78
549	81
550	72
551	94
552	67
553	77
554	68
555	78
556	67
557	71
558	70
559	75
560	77
561	74
562	82
563	60
564	82
565	79
566	88
567	82
568	64
569	73
570	77
571	60
572	76
573	86
574	91
575	73
576	95
577	80
578	87
579	90
580	77
581	85
582	84
583	99
584	93
585	94
586	99
587	90
588	89
589	82
590	79
591	87
592	97
593	88
594	90
595	75
596	95
597	90
598	114
599	110
600	83
601	101
602	106
603	96
604	80
605	90
606	90
607	97
608	84
609	101
610	96
611	106
612	88
613	121
614	97
615	108
616	113
617	102
618	92
619	112
620	106
621	98
622	96
623	91
624	113
625	90
626	105
627	85
628	97
629	109
630	112
631	92
632	97
633	91
634	98
635	101
636	100
637	79
638	105
639	110
640	89
641	119
642	101
643	109
644	92
645	89
646	107
647	106
648	78
649	95
650	91
651	131
652	124
653	110
654	98
655	105
656	98
657	107
658	119
659	113
660	78
661	98
662	135
663	91
664	97
665	95
666	102
667	102
668	127
669	102
670	100
671	117
672	110
673	117
674	116
675	120
676	118
677	108
678	117
679	95
680	112
681	114
682	111
683	110
684	107
685	103
686	106
687	123
688	104
689	114
690	118
691	114
692	124
693	125
694	110
695	107
696	111
697	161
698	139
699	131
700	124
701	122
702	126
703	123
704	128
705	129
706	148
707	113
708	111
709	104
710	113
711	118
712	112
713	98
714	120
715	102
716	127
717	111
718	112
719	116
720	112
721	135
722	103
723	124
724	145
725	115
726	113
727	133
728	127
729	135
730	143
731	130
732	114
733	99
734	115
735	113
736	121
737	135
738	135
739	125
740	152
741	103
742	123
743	125
744	121
745	128
746	113
747	111
748	142
749	114
750	132
751	129
752	130
753	129
754	138
755	121
756	151
757	135
758	143
759	136
760	136
761	149
762	135
763	144
764	152
765	183
766	171
767	210
768	200
769	269
770	283
771	278
772	302
773	270
774	296
775	313
776	271
777	253
778	255
779	211
780	214
781	155
782	176
783	165
784	161
785	155
786	141
787	136
788	145
789	122
790	115
791	145
792	128
793	131
794	119
795	112
796	151
797	131
798	172
799	143
800	135
801	132
802	144
803	138
804	147
805	158
806	138
807	131
808	150
809	122
810	145
811	143
812	156
813	127
814	138
815	148
816	145
817	119
818	152
819	143
820	149
821	146
822	143
823	134
824	147
825	155
826	128
827	144
828	142
829	130
830	147
831	134
832	146
833	133
834	144
835	124
836	149
837	153
838	126
839	125
840	151
841	156
842	150
843	155
844	151
845	158
846	159
847	158
848	138
849	154
850	167
851	191
852	157
853	169
854	190
855	145
856	153
857	171
858	167
859	188
860	189
861	206
862	214
863	191
864	216
865	224
866	232
867	211
868	205
869	212
870	188
871	205
872	215
873	197
874	192
875	210
876	248
877	212
878	236
879	272
880	270
881	263
882	312
883	307
884	322
885	331
886	340
887	378
888	388
889	393
890	438
891	464
892	445
893	486
894	497
895	516
896	521
897	507
898	540
899	575
900	527
901	527
902	564
903	560
904	562
905	535
906	541
907	497
908	447
909	453
910	466
911	378
912	406
913	343
914	390
915	360
916	343
917	334
918	298
919	288
920	276
921	247
922	238
923	220
924	228
925	230
926	196
927	206
928	164
929	160
930	212
931	170
932	152
933	175
934	168
935	161
936	153
937	153
938	167
939	159
940	161
941	180
942	192
943	201
944	205
945	239
946	233
947	272
948	285
949	351
950	325
951	381
952	424
953	420
954	400
955	417
956	381
957	371
958	339
959	331
960	308
961	239
962	217
963	181
964	201
965	132
966	146
967	155
968	142
969	133
970	119
971	126
972	116
973	120
974	133
975	109
976	123
977	125
978	114
979	126
980	146
981	111
982	127
983	130
984	146
985	119
986	131
987	124
988	164
989	148
990	149
991	165
992	162
993	142
994	158
995	172
996	165
997	162
998	163
999	156
1000	182
1001	193
1002	173
1003	163
1004	140
1005	172
1006	181
1007	171
1008	182
1009	181
1010	165
1011	191
1012	175
1013	157
1014	156
1015	151
1016	143
1017	148
1018	143
1019	134
1020	119
1021	136
1022	113
1023	127
1024	126
