Date:	09/05/2018		Time:	12:32		Version no:	0.00		Project name:	55		Sample name:	222		Section name:	section		Position	316.400024	mm	E0	0.000000	keV	E1	1.000000	keV/channel	sample surface	6.024234	cm	Tube anode:	Mo		Tube voltage:	30	kV	Tube current:	50	mA	gain	10		std. database			resultfile	result		matrix element	11		sample thickness	1.000000		air passage	0.560000	cm	comments	in position		peaking_time	2.200000	m-sec	trigger_threshold	547.363281	V	mca_bin_width	22.090000	no:	number_mca_channels	1024.000000	no:	gap_time	0.150000	m-sec	trigger_peaking_time	0.200000	m-sec	GAINDAC	18610		HIGHGAIN	1		TAURC	1		RCTAU	1		RCTAUFRAC	1		livetime	9.445980	seconds	runtime	10.000486	seconds	input_count_rate	23665.728702	cps	output_count_rate	19471.752894	cps	triggers	223546	seconds	events_in_run	194727	seconds	channel	content		1	0
2	0
3	0
4	0
5	0
6	0
7	0
8	0
9	0
10	0
11	0
12	0
13	0
14	0
15	0
16	0
17	0
18	0
19	0
20	0
21	0
22	0
23	0
24	0
25	0
26	0
27	0
28	0
29	0
30	0
31	7
32	16
33	25
34	19
35	16
36	12
37	13
38	12
39	8
40	13
41	13
42	15
43	14
44	13
45	16
46	14
47	16
48	10
49	23
50	15
51	7
52	13
53	17
54	13
55	12
56	7
57	12
58	12
59	11
60	13
61	8
62	16
63	7
64	5
65	13
66	10
67	10
68	7
69	12
70	6
71	6
72	8
73	5
74	5
75	6
76	4
77	9
78	4
79	8
80	4
81	14
82	21
83	9
84	11
85	13
86	6
87	13
88	5
89	3
90	11
91	6
92	9
93	8
94	14
95	14
96	25
97	14
98	12
99	9
100	5
101	6
102	4
103	5
104	9
105	13
106	6
107	15
108	8
109	3
110	10
111	3
112	6
113	6
114	2
115	6
116	4
117	5
118	5
119	5
120	0
121	4
122	7
123	6
124	3
125	7
126	11
127	3
128	8
129	5
130	7
131	4
132	3
133	5
134	1
135	2
136	4
137	3
138	5
139	6
140	7
141	2
142	2
143	3
144	3
145	5
146	4
147	5
148	4
149	2
150	4
151	6
152	4
153	4
154	1
155	4
156	2
157	6
158	10
159	13
160	11
161	19
162	25
163	40
164	28
165	27
166	17
167	17
168	7
169	9
170	6
171	4
172	6
173	6
174	5
175	9
176	9
177	12
178	15
179	14
180	23
181	21
182	18
183	23
184	10
185	18
186	6
187	7
188	9
189	6
190	3
191	5
192	7
193	4
194	8
195	21
196	17
197	54
198	89
199	161
200	176
201	277
202	346
203	357
204	344
205	257
206	217
207	122
208	80
209	46
210	19
211	11
212	9
213	9
214	13
215	12
216	30
217	34
218	38
219	45
220	43
221	68
222	64
223	40
224	28
225	26
226	15
227	9
228	7
229	0
230	4
231	8
232	5
233	6
234	8
235	3
236	6
237	2
238	4
239	4
240	10
241	23
242	35
243	48
244	95
245	113
246	142
247	168
248	155
249	168
250	138
251	90
252	74
253	53
254	56
255	46
256	47
257	27
258	29
259	32
260	24
261	16
262	13
263	11
264	12
265	19
266	19
267	22
268	24
269	29
270	39
271	32
272	49
273	35
274	24
275	32
276	19
277	14
278	18
279	9
280	10
281	10
282	9
283	7
284	13
285	9
286	8
287	15
288	25
289	13
290	19
291	16
292	8
293	16
294	15
295	12
296	11
297	17
298	23
299	13
300	16
301	19
302	17
303	23
304	15
305	14
306	12
307	10
308	15
309	11
310	12
311	13
312	13
313	18
314	14
315	21
316	35
317	39
318	59
319	99
320	108
321	151
322	160
323	173
324	177
325	152
326	141
327	119
328	94
329	43
330	50
331	34
332	22
333	38
334	23
335	29
336	33
337	33
338	48
339	70
340	103
341	221
342	346
343	674
344	1237
345	1989
346	3033
347	4300
348	5615
349	6920
350	7954
351	8104
352	7679
353	6861
354	5324
355	4001
356	2801
357	1714
358	1024
359	571
360	319
361	171
362	93
363	53
364	48
365	43
366	37
367	40
368	48
369	33
370	36
371	30
372	46
373	55
374	52
375	65
376	79
377	103
378	135
379	229
380	305
381	444
382	640
383	827
384	1044
385	1206
386	1295
387	1304
388	1298
389	1088
390	908
391	692
392	478
393	333
394	224
395	152
396	79
397	55
398	41
399	21
400	30
401	21
402	24
403	25
404	24
405	25
406	34
407	33
408	37
409	26
410	27
411	31
412	34
413	27
414	27
415	41
416	27
417	33
418	31
419	30
420	37
421	19
422	35
423	32
424	40
425	28
426	28
427	36
428	45
429	30
430	33
431	39
432	39
433	40
434	38
435	53
436	44
437	61
438	69
439	56
440	77
441	68
442	62
443	66
444	66
445	90
446	48
447	61
448	49
449	59
450	60
451	50
452	64
453	75
454	73
455	63
456	75
457	77
458	83
459	68
460	67
461	69
462	74
463	75
464	54
465	64
466	60
467	36
468	62
469	48
470	60
471	57
472	56
473	63
474	51
475	75
476	75
477	50
478	48
479	53
480	42
481	51
482	52
483	58
484	52
485	56
486	55
487	61
488	62
489	55
490	63
491	44
492	58
493	41
494	68
495	61
496	55
497	51
498	67
499	68
500	55
501	80
502	77
503	61
504	82
505	68
506	84
507	77
508	81
509	81
510	68
511	67
512	59
513	83
514	64
515	77
516	85
517	83
518	67
519	75
520	69
521	76
522	86
523	86
524	98
525	85
526	104
527	98
528	98
529	92
530	86
531	104
532	86
533	89
534	72
535	79
536	89
537	63
538	64
539	71
540	66
541	73
542	71
543	72
544	73
545	69
546	79
547	85
548	75
549	69
550	87
551	64
552	67
553	88
554	82
555	71
556	79
557	74
558	80
559	82
560	82
561	75
562	67
563	72
564	72
565	75
566	65
567	74
568	62
569	71
570	88
571	78
572	84
573	80
574	78
575	90
576	92
577	83
578	85
579	78
580	81
581	76
582	107
583	80
584	87
585	90
586	86
587	82
588	103
589	83
590	100
591	74
592	103
593	98
594	108
595	82
596	104
597	90
598	99
599	76
600	89
601	77
602	91
603	81
604	89
605	109
606	82
607	87
608	78
609	84
610	92
611	84
612	112
613	99
614	96
615	75
616	112
617	104
618	100
619	105
620	103
621	101
622	83
623	115
624	112
625	99
626	104
627	105
628	95
629	115
630	90
631	106
632	105
633	94
634	95
635	111
636	112
637	93
638	100
639	79
640	91
641	94
642	101
643	97
644	107
645	106
646	95
647	98
648	94
649	90
650	113
651	118
652	90
653	110
654	104
655	94
656	105
657	89
658	94
659	94
660	107
661	100
662	98
663	86
664	95
665	98
666	102
667	108
668	97
669	92
670	102
671	114
672	130
673	111
674	122
675	96
676	100
677	120
678	124
679	108
680	107
681	106
682	109
683	123
684	120
685	83
686	108
687	113
688	108
689	115
690	107
691	119
692	122
693	116
694	138
695	108
696	108
697	117
698	111
699	104
700	138
701	117
702	109
703	112
704	112
705	135
706	120
707	116
708	110
709	122
710	126
711	114
712	124
713	108
714	107
715	115
716	102
717	115
718	122
719	121
720	114
721	126
722	112
723	110
724	120
725	133
726	120
727	127
728	113
729	136
730	138
731	122
732	125
733	98
734	134
735	115
736	107
737	127
738	133
739	112
740	127
741	131
742	114
743	110
744	123
745	120
746	134
747	138
748	136
749	118
750	118
751	139
752	114
753	128
754	129
755	103
756	126
757	122
758	129
759	146
760	122
761	121
762	132
763	143
764	159
765	138
766	207
767	178
768	216
769	248
770	262
771	268
772	280
773	303
774	288
775	263
776	249
777	294
778	231
779	193
780	195
781	175
782	151
783	157
784	158
785	108
786	133
787	121
788	145
789	123
790	109
791	154
792	147
793	121
794	117
795	135
796	118
797	138
798	148
799	140
800	139
801	141
802	126
803	154
804	149
805	135
806	127
807	131
808	137
809	127
810	133
811	124
812	122
813	140
814	142
815	146
816	135
817	128
818	136
819	156
820	141
821	133
822	138
823	152
824	135
825	134
826	129
827	143
828	152
829	147
830	122
831	148
832	156
833	152
834	149
835	143
836	143
837	149
838	157
839	128
840	147
841	154
842	137
843	172
844	143
845	135
846	151
847	154
848	141
849	150
850	148
851	180
852	136
853	151
854	170
855	151
856	188
857	193
858	167
859	174
860	176
861	185
862	197
863	210
864	185
865	246
866	213
867	210
868	209
869	201
870	229
871	192
872	208
873	219
874	194
875	201
876	224
877	227
878	233
879	277
880	279
881	263
882	283
883	290
884	310
885	345
886	331
887	321
888	377
889	401
890	411
891	418
892	452
893	471
894	478
895	459
896	465
897	518
898	546
899	552
900	547
901	507
902	548
903	501
904	533
905	502
906	511
907	458
908	456
909	437
910	429
911	413
912	412
913	380
914	364
915	390
916	329
917	309
918	307
919	259
920	269
921	239
922	237
923	237
924	217
925	202
926	189
927	196
928	202
929	201
930	186
931	193
932	151
933	160
934	160
935	160
936	147
937	157
938	166
939	162
940	162
941	185
942	196
943	221
944	217
945	225
946	271
947	246
948	325
949	328
950	324
951	399
952	380
953	426
954	448
955	397
956	380
957	380
958	323
959	300
960	256
961	238
962	232
963	213
964	164
965	163
966	146
967	127
968	130
969	126
970	135
971	111
972	133
973	114
974	134
975	118
976	122
977	124
978	133
979	121
980	130
981	116
982	124
983	135
984	106
985	123
986	143
987	134
988	160
989	139
990	154
991	148
992	148
993	164
994	151
995	152
996	152
997	177
998	153
999	181
1000	162
1001	183
1002	168
1003	168
1004	194
1005	183
1006	173
1007	165
1008	195
1009	145
1010	151
1011	155
1012	159
1013	147
1014	167
1015	148
1016	157
1017	154
1018	142
1019	131
1020	110
1021	133
1022	110
1023	120
1024	104
