Date:	09/05/2018		Time:	12:37		Version no:	0.00		Project name:	55		Sample name:	222		Section name:	section		Position	321.800018	mm	E0	0.000000	keV	E1	1.000000	keV/channel	sample surface	6.055405	cm	Tube anode:	Mo		Tube voltage:	30	kV	Tube current:	50	mA	gain	10		std. database			resultfile	result		matrix element	11		sample thickness	1.000000		air passage	0.560000	cm	comments	in position		peaking_time	2.200000	m-sec	trigger_threshold	547.363281	V	mca_bin_width	22.090000	no:	number_mca_channels	1024.000000	no:	gap_time	0.150000	m-sec	trigger_peaking_time	0.200000	m-sec	GAINDAC	18610		HIGHGAIN	1		TAURC	1		RCTAU	1		RCTAUFRAC	1		livetime	9.450672	seconds	runtime	10.000491	seconds	input_count_rate	23153.803243	cps	output_count_rate	19095.862011	cps	triggers	218819	seconds	events_in_run	190968	seconds	channel	content		1	0
2	0
3	0
4	0
5	0
6	0
7	0
8	0
9	0
10	0
11	0
12	0
13	0
14	0
15	0
16	0
17	0
18	0
19	0
20	0
21	0
22	0
23	0
24	0
25	0
26	0
27	0
28	0
29	0
30	0
31	9
32	17
33	11
34	16
35	16
36	15
37	14
38	19
39	16
40	14
41	14
42	8
43	22
44	12
45	13
46	18
47	12
48	7
49	14
50	14
51	10
52	12
53	18
54	17
55	14
56	11
57	11
58	9
59	9
60	6
61	14
62	13
63	7
64	9
65	11
66	6
67	11
68	12
69	12
70	9
71	12
72	13
73	8
74	7
75	5
76	10
77	11
78	13
79	11
80	8
81	12
82	16
83	14
84	18
85	11
86	6
87	9
88	8
89	11
90	10
91	8
92	16
93	8
94	16
95	9
96	15
97	18
98	17
99	12
100	9
101	7
102	8
103	6
104	3
105	3
106	8
107	15
108	9
109	7
110	8
111	10
112	5
113	6
114	8
115	5
116	10
117	3
118	5
119	4
120	5
121	7
122	6
123	3
124	1
125	4
126	6
127	3
128	0
129	5
130	5
131	7
132	5
133	3
134	3
135	6
136	4
137	3
138	2
139	5
140	3
141	1
142	7
143	4
144	6
145	2
146	4
147	6
148	7
149	4
150	5
151	2
152	8
153	3
154	4
155	7
156	8
157	6
158	6
159	12
160	19
161	22
162	28
163	25
164	31
165	19
166	19
167	11
168	9
169	9
170	4
171	5
172	3
173	3
174	5
175	5
176	9
177	9
178	8
179	17
180	21
181	31
182	32
183	26
184	23
185	20
186	12
187	10
188	3
189	2
190	3
191	8
192	4
193	6
194	14
195	16
196	34
197	53
198	110
199	178
200	234
201	304
202	375
203	356
204	349
205	319
206	202
207	145
208	101
209	44
210	26
211	17
212	13
213	8
214	7
215	8
216	24
217	34
218	42
219	54
220	52
221	70
222	57
223	44
224	39
225	25
226	20
227	10
228	6
229	8
230	9
231	2
232	5
233	2
234	4
235	7
236	5
237	6
238	7
239	7
240	20
241	19
242	40
243	48
244	105
245	146
246	161
247	199
248	168
249	155
250	133
251	106
252	87
253	71
254	43
255	41
256	41
257	34
258	23
259	15
260	13
261	17
262	7
263	13
264	11
265	22
266	25
267	29
268	46
269	38
270	53
271	46
272	41
273	42
274	36
275	31
276	23
277	20
278	15
279	12
280	8
281	3
282	10
283	10
284	11
285	9
286	14
287	17
288	12
289	12
290	17
291	19
292	19
293	14
294	13
295	27
296	17
297	18
298	13
299	18
300	14
301	17
302	12
303	9
304	11
305	15
306	16
307	10
308	6
309	15
310	17
311	10
312	11
313	14
314	18
315	21
316	36
317	32
318	56
319	73
320	83
321	115
322	122
323	146
324	134
325	127
326	89
327	98
328	70
329	47
330	38
331	33
332	22
333	30
334	22
335	20
336	27
337	31
338	47
339	63
340	108
341	169
342	361
343	670
344	1141
345	1858
346	2832
347	4127
348	5233
349	6504
350	7358
351	7590
352	7163
353	6273
354	5016
355	3692
356	2656
357	1600
358	937
359	596
360	289
361	163
362	97
363	63
364	44
365	36
366	35
367	39
368	44
369	33
370	42
371	41
372	27
373	50
374	57
375	77
376	68
377	106
378	148
379	192
380	273
381	457
382	585
383	726
384	986
385	1083
386	1176
387	1228
388	1180
389	1000
390	848
391	630
392	443
393	268
394	180
395	97
396	80
397	41
398	48
399	47
400	34
401	31
402	31
403	29
404	29
405	28
406	36
407	37
408	41
409	51
410	45
411	41
412	37
413	35
414	40
415	22
416	34
417	29
418	30
419	27
420	34
421	30
422	36
423	27
424	30
425	37
426	35
427	29
428	33
429	35
430	33
431	29
432	42
433	36
434	33
435	46
436	59
437	54
438	66
439	70
440	79
441	81
442	74
443	72
444	64
445	52
446	66
447	60
448	47
449	62
450	59
451	65
452	66
453	63
454	70
455	81
456	81
457	87
458	71
459	77
460	95
461	66
462	64
463	85
464	51
465	50
466	59
467	60
468	50
469	51
470	79
471	57
472	69
473	71
474	76
475	61
476	69
477	58
478	47
479	51
480	54
481	67
482	57
483	47
484	51
485	54
486	47
487	60
488	69
489	54
490	67
491	53
492	52
493	44
494	64
495	66
496	81
497	64
498	55
499	61
500	50
501	71
502	68
503	67
504	67
505	73
506	74
507	58
508	67
509	78
510	69
511	68
512	86
513	61
514	78
515	79
516	85
517	69
518	76
519	80
520	68
521	84
522	89
523	82
524	98
525	95
526	90
527	87
528	93
529	98
530	105
531	105
532	97
533	89
534	84
535	88
536	81
537	77
538	84
539	84
540	98
541	81
542	84
543	78
544	92
545	65
546	81
547	73
548	64
549	82
550	80
551	71
552	58
553	77
554	80
555	73
556	81
557	78
558	83
559	64
560	78
561	86
562	84
563	92
564	76
565	96
566	80
567	74
568	77
569	64
570	69
571	74
572	86
573	98
574	88
575	73
576	72
577	80
578	98
579	88
580	99
581	71
582	65
583	81
584	69
585	99
586	77
587	82
588	87
589	102
590	91
591	92
592	100
593	87
594	87
595	84
596	95
597	91
598	81
599	112
600	90
601	97
602	110
603	106
604	87
605	92
606	80
607	114
608	86
609	97
610	104
611	103
612	114
613	98
614	90
615	86
616	97
617	98
618	80
619	120
620	95
621	102
622	86
623	102
624	104
625	106
626	115
627	95
628	101
629	76
630	84
631	96
632	111
633	111
634	113
635	103
636	94
637	112
638	104
639	84
640	93
641	105
642	100
643	106
644	103
645	94
646	106
647	113
648	107
649	120
650	108
651	112
652	109
653	103
654	89
655	92
656	121
657	89
658	107
659	111
660	94
661	116
662	105
663	92
664	116
665	118
666	103
667	88
668	103
669	102
670	107
671	109
672	120
673	96
674	110
675	105
676	119
677	101
678	102
679	123
680	122
681	99
682	107
683	98
684	103
685	104
686	108
687	119
688	128
689	102
690	131
691	116
692	101
693	118
694	114
695	128
696	115
697	104
698	125
699	112
700	121
701	114
702	144
703	125
704	114
705	145
706	121
707	105
708	140
709	123
710	129
711	114
712	114
713	103
714	112
715	116
716	133
717	120
718	143
719	114
720	128
721	130
722	145
723	119
724	130
725	125
726	113
727	107
728	123
729	134
730	140
731	112
732	138
733	129
734	115
735	129
736	135
737	118
738	115
739	140
740	123
741	124
742	103
743	133
744	130
745	134
746	113
747	133
748	132
749	135
750	146
751	123
752	134
753	138
754	137
755	127
756	151
757	120
758	139
759	120
760	155
761	122
762	134
763	139
764	141
765	181
766	179
767	204
768	218
769	260
770	233
771	298
772	291
773	281
774	271
775	282
776	289
777	245
778	229
779	212
780	192
781	170
782	164
783	158
784	149
785	142
786	144
787	122
788	127
789	132
790	116
791	140
792	140
793	122
794	117
795	114
796	116
797	133
798	115
799	153
800	119
801	114
802	130
803	115
804	157
805	131
806	143
807	127
808	165
809	131
810	152
811	153
812	115
813	134
814	155
815	144
816	135
817	153
818	162
819	144
820	119
821	125
822	155
823	149
824	125
825	145
826	142
827	145
828	128
829	148
830	141
831	159
832	161
833	172
834	134
835	138
836	146
837	147
838	145
839	129
840	162
841	146
842	131
843	161
844	144
845	153
846	158
847	141
848	143
849	154
850	163
851	155
852	164
853	177
854	159
855	180
856	160
857	172
858	209
859	190
860	184
861	216
862	192
863	184
864	211
865	203
866	198
867	215
868	193
869	206
870	206
871	210
872	211
873	213
874	224
875	226
876	213
877	225
878	266
879	243
880	274
881	260
882	287
883	290
884	309
885	333
886	361
887	385
888	356
889	398
890	422
891	459
892	486
893	511
894	455
895	529
896	497
897	527
898	531
899	536
900	546
901	547
902	508
903	522
904	532
905	487
906	529
907	505
908	496
909	434
910	426
911	420
912	423
913	415
914	367
915	377
916	270
917	343
918	311
919	262
920	252
921	300
922	238
923	229
924	214
925	211
926	212
927	192
928	197
929	168
930	173
931	184
932	164
933	159
934	164
935	155
936	135
937	154
938	165
939	160
940	167
941	175
942	166
943	213
944	238
945	221
946	278
947	299
948	300
949	358
950	390
951	380
952	356
953	417
954	392
955	395
956	400
957	389
958	315
959	325
960	271
961	283
962	230
963	202
964	178
965	172
966	151
967	147
968	137
969	149
970	129
971	118
972	111
973	111
974	108
975	103
976	115
977	120
978	128
979	113
980	130
981	127
982	124
983	146
984	141
985	164
986	123
987	136
988	138
989	142
990	148
991	152
992	161
993	146
994	162
995	157
996	154
997	160
998	168
999	175
1000	154
1001	172
1002	164
1003	164
1004	193
1005	204
1006	186
1007	173
1008	142
1009	180
1010	154
1011	159
1012	178
1013	154
1014	151
1015	131
1016	154
1017	158
1018	137
1019	146
1020	128
1021	121
1022	114
1023	139
1024	128
