Date:	09/05/2018		Time:	13:13		Version no:	0.00		Project name:	55		Sample name:	222		Section name:	section		Position	358.800018	mm	E0	0.000000	keV	E1	1.000000	keV/channel	sample surface	6.128283	cm	Tube anode:	Mo		Tube voltage:	30	kV	Tube current:	50	mA	gain	10		std. database			resultfile	result		matrix element	11		sample thickness	1.000000		air passage	0.560000	cm	comments	in position		peaking_time	2.200000	m-sec	trigger_threshold	547.363281	V	mca_bin_width	22.090000	no:	number_mca_channels	1024.000000	no:	gap_time	0.150000	m-sec	trigger_peaking_time	0.200000	m-sec	GAINDAC	18610		HIGHGAIN	1		TAURC	1		RCTAU	1		RCTAUFRAC	1		livetime	9.422866	seconds	runtime	10.000493	seconds	input_count_rate	25619.064332	cps	output_count_rate	20847.872617	cps	triggers	241405	seconds	events_in_run	208489	seconds	channel	content		1	0
2	0
3	0
4	0
5	0
6	0
7	0
8	0
9	0
10	0
11	0
12	0
13	0
14	0
15	0
16	0
17	0
18	0
19	0
20	0
21	0
22	0
23	0
24	0
25	0
26	0
27	0
28	0
29	0
30	0
31	12
32	6
33	9
34	7
35	19
36	18
37	16
38	12
39	14
40	12
41	9
42	17
43	12
44	8
45	11
46	12
47	16
48	8
49	11
50	24
51	18
52	6
53	6
54	10
55	14
56	14
57	10
58	11
59	12
60	8
61	10
62	13
63	8
64	12
65	10
66	5
67	2
68	7
69	6
70	10
71	10
72	11
73	7
74	6
75	9
76	3
77	7
78	7
79	10
80	12
81	8
82	7
83	7
84	9
85	11
86	6
87	10
88	5
89	5
90	6
91	7
92	9
93	11
94	13
95	16
96	28
97	22
98	24
99	16
100	10
101	13
102	9
103	15
104	7
105	6
106	10
107	4
108	9
109	5
110	15
111	8
112	7
113	6
114	6
115	4
116	7
117	4
118	6
119	4
120	5
121	6
122	6
123	1
124	6
125	7
126	1
127	4
128	4
129	6
130	5
131	4
132	4
133	2
134	0
135	4
136	4
137	4
138	5
139	4
140	5
141	7
142	3
143	2
144	4
145	2
146	3
147	7
148	1
149	4
150	5
151	4
152	4
153	4
154	6
155	5
156	5
157	9
158	9
159	17
160	21
161	20
162	32
163	32
164	21
165	28
166	14
167	11
168	7
169	8
170	3
171	6
172	6
173	7
174	6
175	4
176	8
177	6
178	13
179	11
180	23
181	38
182	29
183	24
184	24
185	19
186	11
187	10
188	11
189	7
190	4
191	6
192	4
193	5
194	6
195	14
196	27
197	46
198	95
199	145
200	234
201	315
202	361
203	382
204	348
205	271
206	198
207	150
208	81
209	47
210	33
211	15
212	9
213	11
214	5
215	18
216	30
217	28
218	34
219	58
220	68
221	51
222	60
223	58
224	34
225	23
226	23
227	15
228	5
229	9
230	5
231	5
232	5
233	1
234	5
235	6
236	2
237	2
238	8
239	14
240	16
241	25
242	39
243	76
244	118
245	119
246	176
247	160
248	202
249	204
250	144
251	137
252	91
253	69
254	70
255	47
256	39
257	41
258	27
259	28
260	14
261	22
262	10
263	18
264	16
265	16
266	26
267	33
268	38
269	36
270	50
271	51
272	47
273	50
274	32
275	30
276	27
277	21
278	16
279	12
280	9
281	16
282	4
283	10
284	12
285	14
286	12
287	15
288	10
289	10
290	19
291	17
292	13
293	19
294	25
295	26
296	16
297	19
298	15
299	20
300	17
301	20
302	18
303	8
304	16
305	14
306	14
307	13
308	15
309	17
310	13
311	12
312	8
313	22
314	21
315	22
316	27
317	37
318	53
319	74
320	115
321	106
322	135
323	129
324	154
325	149
326	101
327	116
328	69
329	63
330	38
331	35
332	28
333	29
334	30
335	30
336	40
337	55
338	62
339	74
340	139
341	236
342	464
343	823
344	1452
345	2449
346	3701
347	5243
348	7028
349	8464
350	9533
351	9841
352	9207
353	8031
354	6514
355	4799
356	3420
357	2132
358	1177
359	655
360	380
361	221
362	94
363	87
364	62
365	50
366	44
367	39
368	49
369	37
370	45
371	63
372	56
373	53
374	51
375	62
376	88
377	137
378	176
379	248
380	398
381	576
382	731
383	1028
384	1276
385	1469
386	1618
387	1609
388	1482
389	1312
390	1087
391	797
392	553
393	368
394	237
395	147
396	86
397	55
398	44
399	26
400	23
401	28
402	29
403	20
404	22
405	34
406	28
407	31
408	39
409	33
410	33
411	30
412	41
413	35
414	32
415	32
416	20
417	28
418	28
419	31
420	34
421	29
422	34
423	37
424	32
425	27
426	31
427	33
428	37
429	36
430	32
431	33
432	37
433	37
434	43
435	44
436	40
437	47
438	62
439	67
440	70
441	66
442	58
443	65
444	49
445	75
446	68
447	57
448	62
449	49
450	55
451	57
452	55
453	56
454	58
455	47
456	63
457	78
458	62
459	81
460	84
461	83
462	87
463	88
464	69
465	59
466	58
467	43
468	37
469	55
470	61
471	56
472	64
473	66
474	64
475	56
476	54
477	66
478	47
479	49
480	43
481	43
482	43
483	57
484	59
485	65
486	46
487	58
488	54
489	47
490	46
491	58
492	44
493	44
494	62
495	49
496	58
497	70
498	63
499	59
500	69
501	70
502	65
503	67
504	67
505	72
506	70
507	67
508	66
509	72
510	62
511	103
512	86
513	60
514	79
515	63
516	74
517	71
518	77
519	82
520	75
521	82
522	75
523	79
524	75
525	93
526	79
527	85
528	90
529	83
530	98
531	98
532	87
533	96
534	67
535	83
536	83
537	71
538	82
539	70
540	69
541	83
542	64
543	82
544	91
545	68
546	81
547	80
548	75
549	74
550	69
551	74
552	74
553	72
554	85
555	60
556	68
557	78
558	77
559	67
560	65
561	72
562	59
563	72
564	67
565	72
566	78
567	63
568	95
569	82
570	60
571	76
572	74
573	63
574	74
575	84
576	82
577	87
578	67
579	75
580	87
581	87
582	90
583	86
584	93
585	85
586	80
587	87
588	82
589	82
590	77
591	102
592	81
593	92
594	79
595	79
596	88
597	90
598	96
599	91
600	85
601	81
602	73
603	73
604	93
605	89
606	77
607	78
608	94
609	88
610	87
611	102
612	83
613	84
614	111
615	93
616	96
617	101
618	93
619	86
620	90
621	90
622	107
623	94
624	85
625	95
626	95
627	91
628	90
629	94
630	91
631	89
632	98
633	90
634	102
635	101
636	65
637	89
638	97
639	99
640	90
641	89
642	85
643	107
644	91
645	85
646	96
647	108
648	109
649	104
650	106
651	94
652	98
653	93
654	113
655	116
656	89
657	114
658	86
659	103
660	111
661	86
662	113
663	87
664	97
665	108
666	99
667	105
668	94
669	96
670	88
671	114
672	116
673	102
674	84
675	96
676	103
677	91
678	114
679	111
680	93
681	102
682	110
683	100
684	109
685	102
686	112
687	111
688	116
689	122
690	109
691	115
692	115
693	123
694	104
695	113
696	108
697	113
698	112
699	126
700	126
701	127
702	155
703	130
704	126
705	114
706	111
707	108
708	82
709	120
710	108
711	102
712	100
713	122
714	125
715	115
716	110
717	124
718	102
719	120
720	118
721	117
722	130
723	115
724	95
725	114
726	108
727	119
728	117
729	108
730	147
731	107
732	113
733	124
734	104
735	132
736	126
737	109
738	150
739	113
740	125
741	132
742	122
743	113
744	117
745	98
746	117
747	114
748	142
749	133
750	128
751	116
752	123
753	120
754	127
755	144
756	118
757	114
758	127
759	127
760	126
761	98
762	141
763	138
764	159
765	152
766	163
767	186
768	187
769	229
770	250
771	235
772	280
773	272
774	273
775	262
776	248
777	247
778	230
779	218
780	183
781	170
782	156
783	146
784	127
785	141
786	136
787	131
788	114
789	108
790	121
791	109
792	127
793	125
794	119
795	129
796	110
797	117
798	152
799	126
800	130
801	150
802	148
803	113
804	113
805	146
806	113
807	130
808	128
809	122
810	121
811	131
812	135
813	121
814	118
815	131
816	127
817	141
818	148
819	131
820	122
821	149
822	114
823	143
824	124
825	144
826	138
827	133
828	129
829	129
830	123
831	136
832	160
833	159
834	132
835	121
836	124
837	113
838	146
839	141
840	143
841	128
842	117
843	125
844	120
845	120
846	132
847	155
848	149
849	153
850	142
851	138
852	153
853	172
854	162
855	155
856	163
857	170
858	175
859	173
860	207
861	185
862	195
863	198
864	203
865	205
866	197
867	198
868	200
869	201
870	187
871	228
872	200
873	213
874	189
875	191
876	223
877	228
878	232
879	256
880	227
881	260
882	264
883	289
884	309
885	307
886	340
887	327
888	340
889	395
890	416
891	415
892	413
893	454
894	417
895	486
896	473
897	482
898	534
899	474
900	511
901	497
902	536
903	475
904	516
905	441
906	491
907	469
908	440
909	414
910	381
911	374
912	339
913	367
914	358
915	331
916	328
917	307
918	282
919	275
920	266
921	262
922	225
923	238
924	236
925	188
926	183
927	173
928	177
929	174
930	170
931	155
932	164
933	141
934	177
935	165
936	150
937	165
938	156
939	171
940	162
941	167
942	198
943	202
944	219
945	224
946	248
947	271
948	296
949	328
950	341
951	381
952	385
953	395
954	382
955	386
956	369
957	369
958	336
959	313
960	252
961	241
962	233
963	200
964	185
965	180
966	149
967	125
968	140
969	117
970	116
971	108
972	119
973	119
974	119
975	115
976	116
977	130
978	122
979	136
980	111
981	105
982	110
983	105
984	104
985	129
986	142
987	134
988	120
989	135
990	138
991	139
992	147
993	131
994	134
995	162
996	147
997	159
998	136
999	138
1000	141
1001	181
1002	159
1003	174
1004	158
1005	175
1006	151
1007	152
1008	177
1009	157
1010	134
1011	141
1012	171
1013	157
1014	135
1015	144
1016	137
1017	111
1018	134
1019	114
1020	112
1021	108
1022	103
1023	112
1024	96
