Date:	09/05/2018		Time:	13:34		Version no:	0.00		Project name:	55		Sample name:	222		Section name:	section		Position	381.800018	mm	E0	0.000000	keV	E1	1.000000	keV/channel	sample surface	5.961685	cm	Tube anode:	Mo		Tube voltage:	30	kV	Tube current:	50	mA	gain	10		std. database			resultfile	result		matrix element	11		sample thickness	1.000000		air passage	0.560000	cm	comments	in position		peaking_time	2.200000	m-sec	trigger_threshold	547.363281	V	mca_bin_width	22.090000	no:	number_mca_channels	1024.000000	no:	gap_time	0.150000	m-sec	trigger_peaking_time	0.200000	m-sec	GAINDAC	18610		HIGHGAIN	1		TAURC	1		RCTAU	1		RCTAUFRAC	1		livetime	9.391789	seconds	runtime	10.000007	seconds	input_count_rate	26001.330013	cps	output_count_rate	21025.384862	cps	triggers	244199	seconds	events_in_run	210254	seconds	channel	content		1	0
2	0
3	0
4	0
5	0
6	0
7	0
8	0
9	0
10	0
11	0
12	0
13	0
14	0
15	0
16	0
17	0
18	0
19	0
20	0
21	0
22	0
23	0
24	0
25	0
26	0
27	0
28	0
29	0
30	0
31	15
32	8
33	13
34	10
35	20
36	21
37	9
38	21
39	15
40	13
41	16
42	11
43	16
44	15
45	20
46	7
47	17
48	12
49	18
50	9
51	11
52	17
53	17
54	11
55	12
56	9
57	16
58	13
59	16
60	9
61	10
62	13
63	13
64	10
65	8
66	9
67	9
68	14
69	12
70	5
71	11
72	12
73	10
74	9
75	7
76	6
77	14
78	10
79	8
80	8
81	14
82	19
83	12
84	13
85	12
86	10
87	8
88	8
89	5
90	5
91	11
92	5
93	10
94	10
95	20
96	21
97	28
98	17
99	17
100	10
101	7
102	5
103	13
104	12
105	7
106	6
107	12
108	3
109	13
110	7
111	7
112	3
113	5
114	3
115	12
116	4
117	3
118	4
119	2
120	7
121	4
122	4
123	8
124	11
125	3
126	4
127	8
128	3
129	5
130	2
131	7
132	4
133	5
134	6
135	8
136	5
137	5
138	7
139	6
140	2
141	2
142	2
143	5
144	2
145	2
146	4
147	6
148	7
149	7
150	5
151	3
152	4
153	5
154	4
155	3
156	7
157	6
158	5
159	15
160	17
161	28
162	19
163	33
164	23
165	21
166	21
167	7
168	3
169	2
170	8
171	3
172	6
173	9
174	5
175	10
176	6
177	9
178	7
179	16
180	22
181	36
182	19
183	15
184	20
185	21
186	12
187	11
188	3
189	5
190	5
191	2
192	4
193	8
194	17
195	15
196	33
197	52
198	107
199	178
200	255
201	340
202	411
203	394
204	429
205	316
206	246
207	165
208	91
209	59
210	25
211	18
212	10
213	8
214	9
215	13
216	37
217	44
218	43
219	62
220	69
221	67
222	55
223	49
224	43
225	28
226	16
227	19
228	6
229	4
230	5
231	5
232	6
233	7
234	6
235	3
236	7
237	7
238	4
239	11
240	11
241	18
242	43
243	71
244	129
245	156
246	212
247	182
248	191
249	197
250	160
251	150
252	102
253	68
254	61
255	48
256	49
257	34
258	38
259	22
260	15
261	9
262	15
263	16
264	15
265	18
266	26
267	29
268	49
269	60
270	54
271	60
272	53
273	39
274	34
275	26
276	30
277	18
278	17
279	17
280	10
281	9
282	12
283	15
284	17
285	12
286	18
287	18
288	11
289	12
290	16
291	19
292	22
293	12
294	23
295	20
296	27
297	27
298	24
299	20
300	19
301	16
302	15
303	16
304	18
305	17
306	8
307	16
308	12
309	18
310	18
311	16
312	14
313	12
314	17
315	18
316	26
317	27
318	57
319	61
320	69
321	100
322	124
323	135
324	120
325	109
326	100
327	77
328	63
329	56
330	32
331	35
332	33
333	28
334	37
335	42
336	24
337	46
338	54
339	64
340	129
341	199
342	420
343	751
344	1367
345	2203
346	3453
347	4934
348	6590
349	8094
350	8873
351	9130
352	8604
353	7644
354	6035
355	4511
356	3199
357	1956
358	1223
359	680
360	334
361	224
362	104
363	71
364	49
365	41
366	39
367	40
368	41
369	54
370	64
371	49
372	62
373	53
374	60
375	56
376	93
377	84
378	172
379	208
380	373
381	521
382	646
383	976
384	1125
385	1428
386	1477
387	1556
388	1404
389	1255
390	915
391	781
392	517
393	353
394	211
395	129
396	77
397	54
398	48
399	36
400	31
401	31
402	31
403	25
404	24
405	33
406	33
407	37
408	33
409	45
410	32
411	26
412	38
413	43
414	30
415	24
416	25
417	18
418	19
419	35
420	28
421	26
422	30
423	26
424	25
425	37
426	25
427	34
428	40
429	37
430	32
431	25
432	38
433	34
434	49
435	48
436	49
437	46
438	65
439	54
440	57
441	56
442	74
443	65
444	55
445	63
446	53
447	69
448	56
449	58
450	61
451	54
452	53
453	56
454	59
455	62
456	71
457	77
458	65
459	71
460	82
461	88
462	80
463	64
464	59
465	65
466	51
467	58
468	57
469	51
470	48
471	58
472	67
473	53
474	52
475	51
476	57
477	58
478	51
479	53
480	40
481	50
482	50
483	59
484	51
485	50
486	50
487	51
488	56
489	58
490	41
491	47
492	34
493	53
494	59
495	52
496	65
497	62
498	68
499	64
500	61
501	70
502	65
503	74
504	62
505	62
506	85
507	59
508	81
509	79
510	81
511	54
512	66
513	75
514	75
515	84
516	60
517	69
518	73
519	65
520	58
521	84
522	95
523	90
524	76
525	96
526	76
527	80
528	92
529	88
530	80
531	85
532	96
533	87
534	83
535	81
536	70
537	76
538	74
539	78
540	77
541	89
542	65
543	74
544	76
545	65
546	93
547	60
548	70
549	70
550	79
551	77
552	83
553	78
554	69
555	76
556	79
557	65
558	80
559	79
560	71
561	61
562	56
563	63
564	68
565	62
566	76
567	75
568	72
569	58
570	70
571	87
572	70
573	69
574	69
575	96
576	78
577	96
578	87
579	81
580	89
581	98
582	74
583	76
584	81
585	75
586	72
587	77
588	84
589	74
590	91
591	88
592	73
593	81
594	84
595	89
596	107
597	82
598	73
599	87
600	86
601	87
602	88
603	79
604	80
605	82
606	98
607	105
608	91
609	86
610	86
611	83
612	93
613	92
614	95
615	101
616	91
617	84
618	98
619	86
620	92
621	97
622	102
623	93
624	97
625	91
626	94
627	89
628	85
629	91
630	95
631	102
632	96
633	96
634	92
635	101
636	96
637	96
638	103
639	96
640	85
641	85
642	91
643	92
644	85
645	100
646	97
647	112
648	111
649	106
650	95
651	110
652	97
653	99
654	117
655	102
656	93
657	98
658	99
659	106
660	104
661	128
662	102
663	91
664	90
665	107
666	101
667	86
668	89
669	82
670	122
671	101
672	118
673	112
674	103
675	109
676	85
677	101
678	105
679	114
680	103
681	115
682	94
683	106
684	108
685	105
686	106
687	118
688	120
689	118
690	113
691	107
692	114
693	117
694	131
695	124
696	123
697	89
698	138
699	125
700	128
701	137
702	110
703	127
704	125
705	138
706	118
707	119
708	95
709	120
710	124
711	91
712	116
713	115
714	110
715	106
716	140
717	125
718	104
719	104
720	131
721	122
722	114
723	117
724	126
725	121
726	145
727	128
728	126
729	116
730	121
731	116
732	129
733	136
734	121
735	144
736	117
737	136
738	114
739	114
740	123
741	120
742	121
743	117
744	126
745	113
746	130
747	119
748	106
749	109
750	137
751	123
752	115
753	127
754	133
755	134
756	106
757	133
758	137
759	129
760	128
761	155
762	117
763	151
764	127
765	152
766	184
767	191
768	228
769	236
770	226
771	242
772	250
773	286
774	277
775	297
776	260
777	209
778	220
779	212
780	188
781	146
782	154
783	153
784	148
785	146
786	111
787	118
788	129
789	131
790	125
791	123
792	147
793	127
794	125
795	135
796	118
797	134
798	120
799	140
800	122
801	128
802	120
803	115
804	128
805	138
806	129
807	154
808	129
809	142
810	159
811	147
812	153
813	140
814	117
815	146
816	126
817	132
818	131
819	141
820	146
821	172
822	127
823	128
824	133
825	140
826	141
827	146
828	131
829	159
830	134
831	137
832	139
833	137
834	154
835	141
836	136
837	136
838	163
839	159
840	143
841	149
842	127
843	136
844	167
845	142
846	136
847	127
848	138
849	138
850	149
851	152
852	152
853	152
854	168
855	176
856	163
857	171
858	184
859	188
860	194
861	227
862	213
863	221
864	218
865	190
866	230
867	218
868	254
869	228
870	223
871	222
872	199
873	210
874	220
875	202
876	255
877	243
878	242
879	258
880	259
881	272
882	309
883	287
884	311
885	347
886	334
887	398
888	375
889	421
890	455
891	481
892	450
893	499
894	495
895	508
896	562
897	560
898	563
899	564
900	621
901	615
902	560
903	530
904	498
905	569
906	525
907	478
908	506
909	478
910	442
911	435
912	446
913	410
914	393
915	335
916	339
917	315
918	304
919	305
920	255
921	275
922	239
923	239
924	219
925	240
926	218
927	197
928	222
929	192
930	168
931	179
932	164
933	179
934	172
935	180
936	142
937	162
938	174
939	167
940	158
941	171
942	199
943	212
944	254
945	254
946	285
947	287
948	329
949	374
950	388
951	428
952	416
953	432
954	429
955	407
956	434
957	406
958	376
959	337
960	322
961	240
962	238
963	234
964	170
965	179
966	160
967	120
968	111
969	131
970	145
971	134
972	120
973	148
974	126
975	140
976	126
977	132
978	140
979	133
980	132
981	137
982	135
983	134
984	138
985	158
986	154
987	160
988	156
989	149
990	155
991	156
992	179
993	167
994	192
995	165
996	187
997	178
998	150
999	175
1000	195
1001	176
1002	181
1003	164
1004	175
1005	184
1006	173
1007	155
1008	156
1009	179
1010	179
1011	142
1012	168
1013	155
1014	169
1015	149
1016	147
1017	159
1018	146
1019	144
1020	154
1021	146
1022	117
1023	126
1024	129
