Date:	09/05/2018		Time:	13:30		Version no:	0.00		Project name:	55		Sample name:	222		Section name:	section		Position	377.200043	mm	E0	0.000000	keV	E1	1.000000	keV/channel	sample surface	6.017857	cm	Tube anode:	Mo		Tube voltage:	30	kV	Tube current:	50	mA	gain	10		std. database			resultfile	result		matrix element	11		sample thickness	1.000000		air passage	0.560000	cm	comments	in position		peaking_time	2.200000	m-sec	trigger_threshold	547.363281	V	mca_bin_width	22.090000	no:	number_mca_channels	1024.000000	no:	gap_time	0.150000	m-sec	trigger_peaking_time	0.200000	m-sec	GAINDAC	18610		HIGHGAIN	1		TAURC	1		RCTAU	1		RCTAUFRAC	1		livetime	9.407128	seconds	runtime	10.000489	seconds	input_count_rate	25703.168916	cps	output_count_rate	20871.979778	cps	triggers	241793	seconds	events_in_run	208730	seconds	channel	content		1	0
2	0
3	0
4	0
5	0
6	0
7	0
8	0
9	0
10	0
11	0
12	0
13	0
14	0
15	0
16	0
17	0
18	0
19	0
20	0
21	0
22	0
23	0
24	0
25	0
26	0
27	0
28	0
29	0
30	0
31	16
32	15
33	14
34	14
35	10
36	12
37	14
38	11
39	15
40	14
41	16
42	17
43	11
44	11
45	12
46	17
47	10
48	15
49	15
50	9
51	13
52	6
53	14
54	15
55	10
56	15
57	13
58	20
59	7
60	18
61	14
62	12
63	11
64	7
65	5
66	7
67	8
68	7
69	18
70	15
71	8
72	13
73	8
74	8
75	4
76	5
77	10
78	11
79	12
80	14
81	9
82	6
83	13
84	8
85	5
86	12
87	6
88	4
89	5
90	9
91	4
92	3
93	7
94	13
95	8
96	10
97	14
98	10
99	10
100	18
101	9
102	9
103	11
104	6
105	5
106	10
107	7
108	10
109	5
110	11
111	9
112	1
113	8
114	9
115	5
116	9
117	5
118	8
119	6
120	4
121	2
122	7
123	6
124	1
125	4
126	7
127	4
128	3
129	4
130	6
131	4
132	0
133	9
134	1
135	8
136	3
137	3
138	3
139	6
140	6
141	3
142	5
143	3
144	6
145	3
146	4
147	4
148	7
149	5
150	2
151	4
152	5
153	1
154	3
155	7
156	1
157	7
158	12
159	20
160	15
161	13
162	24
163	33
164	25
165	25
166	14
167	9
168	6
169	2
170	5
171	4
172	2
173	5
174	10
175	2
176	8
177	11
178	9
179	22
180	12
181	21
182	18
183	19
184	21
185	8
186	13
187	10
188	9
189	3
190	3
191	3
192	5
193	8
194	4
195	15
196	34
197	63
198	71
199	127
200	215
201	293
202	326
203	344
204	321
205	271
206	174
207	116
208	80
209	49
210	32
211	10
212	9
213	11
214	13
215	12
216	17
217	23
218	36
219	54
220	43
221	53
222	53
223	39
224	42
225	17
226	21
227	10
228	6
229	11
230	8
231	3
232	3
233	5
234	2
235	3
236	4
237	3
238	11
239	9
240	14
241	26
242	52
243	70
244	82
245	143
246	201
247	201
248	192
249	164
250	155
251	119
252	101
253	70
254	76
255	64
256	41
257	33
258	31
259	33
260	12
261	24
262	13
263	8
264	16
265	24
266	26
267	36
268	45
269	33
270	43
271	46
272	45
273	43
274	45
275	25
276	15
277	18
278	8
279	4
280	6
281	16
282	9
283	11
284	9
285	11
286	12
287	12
288	15
289	14
290	15
291	13
292	22
293	17
294	22
295	17
296	15
297	22
298	16
299	13
300	11
301	17
302	18
303	7
304	18
305	18
306	9
307	14
308	9
309	19
310	8
311	12
312	17
313	11
314	11
315	12
316	25
317	42
318	47
319	68
320	88
321	91
322	126
323	124
324	123
325	120
326	119
327	88
328	62
329	50
330	33
331	42
332	35
333	26
334	26
335	40
336	50
337	39
338	53
339	63
340	111
341	208
342	385
343	747
344	1438
345	2264
346	3433
347	4878
348	6466
349	7843
350	8889
351	9020
352	8639
353	7413
354	6088
355	4483
356	3077
357	2048
358	1142
359	631
360	347
361	178
362	103
363	63
364	58
365	37
366	43
367	43
368	43
369	39
370	47
371	49
372	47
373	52
374	60
375	81
376	84
377	125
378	144
379	227
380	347
381	511
382	737
383	932
384	1199
385	1382
386	1568
387	1523
388	1385
389	1245
390	1023
391	718
392	503
393	372
394	213
395	129
396	83
397	45
398	42
399	26
400	17
401	20
402	21
403	24
404	33
405	22
406	27
407	31
408	36
409	42
410	33
411	33
412	35
413	33
414	30
415	27
416	37
417	30
418	32
419	36
420	37
421	24
422	26
423	44
424	31
425	38
426	38
427	32
428	34
429	38
430	32
431	33
432	33
433	36
434	36
435	50
436	59
437	48
438	65
439	51
440	65
441	55
442	68
443	63
444	63
445	65
446	52
447	58
448	59
449	51
450	52
451	51
452	53
453	63
454	70
455	58
456	71
457	72
458	64
459	77
460	75
461	78
462	64
463	68
464	72
465	57
466	65
467	73
468	59
469	56
470	53
471	58
472	55
473	64
474	68
475	60
476	51
477	53
478	47
479	51
480	59
481	52
482	43
483	54
484	42
485	53
486	62
487	59
488	65
489	56
490	49
491	51
492	52
493	51
494	57
495	58
496	57
497	59
498	58
499	54
500	61
501	58
502	65
503	70
504	66
505	69
506	83
507	73
508	66
509	75
510	75
511	83
512	85
513	63
514	65
515	63
516	76
517	74
518	64
519	91
520	90
521	87
522	79
523	82
524	71
525	110
526	93
527	101
528	85
529	97
530	96
531	115
532	104
533	91
534	89
535	81
536	80
537	75
538	86
539	80
540	88
541	89
542	75
543	103
544	95
545	79
546	89
547	93
548	87
549	89
550	67
551	79
552	74
553	67
554	66
555	67
556	79
557	63
558	67
559	62
560	76
561	74
562	81
563	80
564	80
565	62
566	67
567	65
568	71
569	73
570	87
571	74
572	66
573	81
574	78
575	106
576	77
577	78
578	79
579	83
580	72
581	96
582	71
583	95
584	89
585	86
586	88
587	86
588	89
589	69
590	79
591	86
592	78
593	90
594	100
595	83
596	109
597	80
598	75
599	80
600	82
601	80
602	94
603	83
604	72
605	94
606	98
607	85
608	101
609	86
610	81
611	97
612	91
613	93
614	84
615	94
616	101
617	98
618	99
619	103
620	92
621	89
622	100
623	111
624	111
625	92
626	91
627	90
628	92
629	105
630	96
631	106
632	92
633	95
634	91
635	105
636	92
637	94
638	101
639	116
640	88
641	95
642	99
643	104
644	100
645	82
646	109
647	105
648	105
649	111
650	106
651	125
652	114
653	106
654	120
655	111
656	119
657	109
658	93
659	108
660	109
661	118
662	115
663	128
664	110
665	104
666	130
667	100
668	118
669	106
670	105
671	109
672	131
673	111
674	111
675	122
676	119
677	105
678	111
679	105
680	107
681	106
682	121
683	104
684	139
685	94
686	121
687	132
688	120
689	99
690	98
691	115
692	114
693	115
694	137
695	126
696	118
697	105
698	147
699	127
700	95
701	133
702	131
703	155
704	123
705	98
706	129
707	132
708	125
709	128
710	129
711	125
712	125
713	121
714	107
715	114
716	123
717	122
718	117
719	109
720	118
721	141
722	116
723	111
724	110
725	139
726	133
727	127
728	143
729	132
730	141
731	136
732	138
733	116
734	127
735	135
736	127
737	144
738	131
739	110
740	116
741	137
742	121
743	123
744	123
745	142
746	143
747	129
748	148
749	110
750	113
751	170
752	119
753	134
754	139
755	157
756	117
757	128
758	150
759	112
760	121
761	148
762	154
763	151
764	158
765	183
766	168
767	182
768	193
769	219
770	223
771	263
772	252
773	246
774	259
775	259
776	242
777	237
778	242
779	227
780	227
781	215
782	154
783	150
784	146
785	170
786	135
787	142
788	143
789	128
790	149
791	147
792	125
793	156
794	144
795	133
796	131
797	126
798	133
799	161
800	158
801	134
802	123
803	140
804	142
805	139
806	134
807	141
808	147
809	140
810	137
811	127
812	131
813	148
814	141
815	150
816	147
817	161
818	167
819	152
820	160
821	121
822	136
823	127
824	127
825	134
826	149
827	150
828	117
829	147
830	134
831	134
832	120
833	155
834	148
835	116
836	149
837	154
838	133
839	158
840	149
841	161
842	129
843	156
844	158
845	149
846	154
847	149
848	155
849	163
850	132
851	178
852	167
853	174
854	169
855	160
856	169
857	195
858	175
859	185
860	178
861	206
862	231
863	212
864	217
865	215
866	218
867	223
868	226
869	233
870	219
871	203
872	222
873	231
874	209
875	228
876	235
877	243
878	237
879	268
880	299
881	299
882	270
883	321
884	339
885	355
886	362
887	403
888	377
889	452
890	446
891	490
892	477
893	488
894	530
895	547
896	529
897	523
898	546
899	533
900	563
901	584
902	603
903	588
904	524
905	522
906	534
907	553
908	507
909	443
910	452
911	443
912	459
913	376
914	370
915	375
916	351
917	352
918	336
919	306
920	266
921	275
922	234
923	267
924	224
925	204
926	237
927	196
928	204
929	195
930	168
931	186
932	168
933	165
934	171
935	179
936	136
937	175
938	164
939	183
940	175
941	183
942	175
943	222
944	257
945	236
946	298
947	299
948	324
949	342
950	388
951	433
952	428
953	404
954	418
955	397
956	399
957	343
958	402
959	300
960	285
961	255
962	233
963	239
964	198
965	167
966	166
967	136
968	149
969	125
970	133
971	125
972	115
973	129
974	120
975	132
976	119
977	125
978	152
979	141
980	119
981	144
982	130
983	137
984	129
985	138
986	117
987	147
988	142
989	164
990	154
991	163
992	154
993	150
994	137
995	157
996	169
997	192
998	168
999	191
1000	165
1001	199
1002	180
1003	158
1004	180
1005	194
1006	163
1007	170
1008	203
1009	168
1010	185
1011	164
1012	145
1013	162
1014	152
1015	160
1016	140
1017	150
1018	120
1019	141
1020	138
1021	136
1022	128
1023	116
1024	122
