Date:	09/05/2018		Time:	13:23		Version no:	0.00		Project name:	55		Sample name:	222		Section name:	section		Position	370.200043	mm	E0	0.000000	keV	E1	1.000000	keV/channel	sample surface	6.059525	cm	Tube anode:	Mo		Tube voltage:	30	kV	Tube current:	50	mA	gain	10		std. database			resultfile	result		matrix element	11		sample thickness	1.000000		air passage	0.560000	cm	comments	in position		peaking_time	2.200000	m-sec	trigger_threshold	547.363281	V	mca_bin_width	22.090000	no:	number_mca_channels	1024.000000	no:	gap_time	0.150000	m-sec	trigger_peaking_time	0.200000	m-sec	GAINDAC	18610		HIGHGAIN	1		TAURC	1		RCTAU	1		RCTAUFRAC	1		livetime	9.392983	seconds	runtime	10.000491	seconds	input_count_rate	26798.514874	cps	output_count_rate	21604.038810	cps	triggers	251718	seconds	events_in_run	216051	seconds	channel	content		1	0
2	0
3	0
4	0
5	0
6	0
7	0
8	0
9	0
10	0
11	0
12	0
13	0
14	0
15	0
16	0
17	0
18	0
19	0
20	0
21	0
22	0
23	0
24	0
25	0
26	0
27	0
28	0
29	0
30	0
31	15
32	20
33	12
34	13
35	10
36	16
37	16
38	20
39	12
40	12
41	17
42	14
43	16
44	14
45	13
46	12
47	21
48	11
49	7
50	15
51	9
52	8
53	16
54	7
55	15
56	14
57	12
58	15
59	12
60	10
61	7
62	6
63	9
64	10
65	5
66	5
67	6
68	5
69	10
70	6
71	4
72	7
73	8
74	7
75	9
76	6
77	9
78	5
79	9
80	14
81	15
82	14
83	5
84	8
85	7
86	6
87	3
88	6
89	7
90	5
91	5
92	7
93	6
94	14
95	13
96	21
97	15
98	20
99	14
100	7
101	9
102	5
103	12
104	8
105	6
106	14
107	12
108	8
109	7
110	9
111	6
112	7
113	8
114	7
115	9
116	3
117	4
118	2
119	7
120	8
121	5
122	3
123	6
124	4
125	7
126	3
127	2
128	5
129	8
130	7
131	5
132	4
133	6
134	5
135	3
136	7
137	8
138	4
139	2
140	3
141	2
142	5
143	3
144	6
145	2
146	6
147	3
148	4
149	5
150	2
151	4
152	6
153	0
154	4
155	5
156	3
157	8
158	14
159	15
160	12
161	20
162	35
163	21
164	21
165	21
166	19
167	11
168	7
169	6
170	10
171	5
172	5
173	8
174	2
175	9
176	5
177	13
178	16
179	18
180	16
181	23
182	23
183	22
184	25
185	21
186	7
187	8
188	3
189	3
190	10
191	7
192	7
193	12
194	9
195	18
196	40
197	46
198	106
199	186
200	219
201	327
202	393
203	390
204	349
205	335
206	242
207	156
208	106
209	50
210	20
211	11
212	11
213	15
214	11
215	14
216	25
217	29
218	44
219	66
220	56
221	59
222	49
223	50
224	29
225	31
226	17
227	12
228	8
229	4
230	2
231	4
232	6
233	2
234	4
235	7
236	5
237	2
238	11
239	6
240	17
241	19
242	51
243	75
244	126
245	138
246	181
247	216
248	215
249	194
250	195
251	131
252	99
253	73
254	54
255	49
256	56
257	33
258	39
259	21
260	23
261	13
262	19
263	13
264	15
265	22
266	23
267	41
268	36
269	43
270	56
271	50
272	59
273	54
274	39
275	37
276	22
277	18
278	13
279	9
280	10
281	8
282	6
283	17
284	16
285	16
286	16
287	21
288	15
289	15
290	20
291	19
292	21
293	24
294	12
295	17
296	19
297	23
298	21
299	25
300	13
301	17
302	17
303	14
304	18
305	16
306	11
307	17
308	8
309	14
310	15
311	9
312	17
313	16
314	17
315	20
316	21
317	33
318	58
319	90
320	95
321	134
322	149
323	166
324	165
325	158
326	112
327	102
328	88
329	59
330	47
331	40
332	36
333	38
334	30
335	30
336	41
337	35
338	61
339	83
340	149
341	220
342	428
343	841
344	1421
345	2445
346	3756
347	5412
348	7130
349	8671
350	9515
351	10032
352	9306
353	8276
354	6744
355	5063
356	3436
357	2205
358	1312
359	767
360	414
361	235
362	114
363	66
364	43
365	58
366	38
367	43
368	42
369	41
370	43
371	52
372	55
373	45
374	62
375	87
376	107
377	109
378	159
379	258
380	381
381	555
382	746
383	1070
384	1321
385	1475
386	1644
387	1656
388	1469
389	1353
390	1028
391	852
392	521
393	377
394	242
395	158
396	94
397	53
398	35
399	29
400	34
401	29
402	22
403	31
404	29
405	34
406	23
407	42
408	47
409	26
410	46
411	40
412	26
413	30
414	32
415	31
416	29
417	23
418	36
419	32
420	38
421	35
422	32
423	26
424	27
425	34
426	35
427	27
428	39
429	40
430	37
431	25
432	44
433	39
434	36
435	55
436	47
437	56
438	77
439	73
440	63
441	72
442	57
443	59
444	60
445	72
446	61
447	65
448	54
449	50
450	56
451	73
452	69
453	42
454	68
455	75
456	71
457	72
458	87
459	78
460	73
461	72
462	88
463	77
464	62
465	55
466	54
467	68
468	48
469	68
470	63
471	70
472	54
473	58
474	62
475	70
476	52
477	55
478	60
479	44
480	58
481	56
482	49
483	42
484	55
485	63
486	61
487	52
488	50
489	62
490	50
491	60
492	59
493	48
494	74
495	64
496	66
497	57
498	55
499	64
500	66
501	59
502	65
503	57
504	72
505	75
506	68
507	71
508	79
509	83
510	84
511	80
512	73
513	82
514	101
515	81
516	80
517	76
518	84
519	90
520	79
521	93
522	83
523	85
524	88
525	97
526	78
527	85
528	85
529	110
530	87
531	100
532	89
533	101
534	86
535	91
536	87
537	82
538	92
539	79
540	83
541	65
542	75
543	72
544	88
545	92
546	72
547	102
548	58
549	85
550	73
551	76
552	68
553	66
554	86
555	81
556	64
557	79
558	71
559	78
560	78
561	77
562	67
563	64
564	83
565	64
566	70
567	83
568	71
569	80
570	74
571	70
572	79
573	80
574	85
575	86
576	82
577	73
578	86
579	82
580	82
581	90
582	87
583	81
584	79
585	81
586	91
587	96
588	83
589	69
590	74
591	89
592	83
593	92
594	79
595	101
596	89
597	100
598	83
599	92
600	85
601	92
602	102
603	92
604	73
605	76
606	94
607	100
608	86
609	95
610	93
611	97
612	102
613	85
614	77
615	86
616	98
617	95
618	94
619	110
620	97
621	114
622	105
623	96
624	89
625	102
626	97
627	91
628	90
629	94
630	119
631	95
632	91
633	93
634	113
635	93
636	112
637	102
638	115
639	99
640	94
641	97
642	103
643	99
644	101
645	109
646	89
647	108
648	103
649	103
650	103
651	114
652	112
653	116
654	108
655	126
656	103
657	120
658	127
659	109
660	117
661	106
662	101
663	116
664	108
665	91
666	105
667	106
668	89
669	106
670	95
671	101
672	99
673	108
674	107
675	112
676	102
677	103
678	120
679	113
680	115
681	107
682	96
683	108
684	108
685	127
686	101
687	123
688	132
689	117
690	121
691	122
692	118
693	138
694	102
695	132
696	131
697	114
698	127
699	133
700	146
701	113
702	106
703	138
704	131
705	128
706	125
707	132
708	105
709	139
710	118
711	100
712	107
713	135
714	129
715	116
716	128
717	125
718	100
719	133
720	111
721	123
722	126
723	141
724	119
725	118
726	137
727	122
728	135
729	126
730	142
731	148
732	116
733	125
734	125
735	163
736	109
737	113
738	118
739	118
740	126
741	126
742	115
743	112
744	133
745	116
746	125
747	122
748	128
749	147
750	129
751	125
752	120
753	109
754	124
755	144
756	128
757	145
758	133
759	127
760	160
761	121
762	144
763	130
764	163
765	167
766	167
767	216
768	225
769	233
770	275
771	251
772	279
773	290
774	257
775	275
776	257
777	235
778	235
779	186
780	200
781	170
782	157
783	166
784	163
785	147
786	146
787	127
788	131
789	130
790	131
791	124
792	139
793	136
794	136
795	148
796	116
797	108
798	141
799	134
800	129
801	125
802	130
803	130
804	133
805	140
806	138
807	132
808	130
809	132
810	139
811	133
812	121
813	153
814	128
815	165
816	149
817	152
818	152
819	136
820	135
821	128
822	129
823	122
824	118
825	118
826	147
827	124
828	138
829	135
830	138
831	140
832	123
833	136
834	129
835	138
836	174
837	138
838	162
839	154
840	147
841	126
842	145
843	144
844	139
845	148
846	132
847	157
848	136
849	169
850	157
851	157
852	138
853	179
854	174
855	165
856	162
857	184
858	163
859	200
860	205
861	206
862	211
863	201
864	208
865	192
866	208
867	224
868	215
869	211
870	211
871	212
872	190
873	210
874	232
875	224
876	213
877	220
878	232
879	255
880	268
881	256
882	266
883	307
884	317
885	301
886	352
887	354
888	398
889	379
890	408
891	474
892	424
893	472
894	489
895	483
896	528
897	560
898	517
899	565
900	567
901	555
902	560
903	525
904	491
905	536
906	457
907	451
908	469
909	406
910	427
911	432
912	420
913	378
914	379
915	362
916	331
917	300
918	285
919	291
920	243
921	260
922	233
923	202
924	214
925	203
926	201
927	186
928	185
929	196
930	163
931	181
932	151
933	176
934	159
935	158
936	171
937	144
938	152
939	169
940	163
941	158
942	190
943	197
944	208
945	257
946	237
947	296
948	313
949	372
950	371
951	375
952	406
953	368
954	411
955	424
956	400
957	413
958	335
959	311
960	286
961	250
962	216
963	229
964	194
965	167
966	167
967	150
968	156
969	138
970	124
971	131
972	126
973	116
974	119
975	114
976	132
977	122
978	139
979	106
980	128
981	128
982	136
983	117
984	127
985	150
986	137
987	133
988	135
989	158
990	142
991	151
992	124
993	133
994	127
995	161
996	176
997	174
998	168
999	137
1000	178
1001	173
1002	149
1003	184
1004	185
1005	148
1006	155
1007	164
1008	175
1009	169
1010	146
1011	166
1012	164
1013	133
1014	159
1015	137
1016	125
1017	140
1018	143
1019	134
1020	117
1021	123
1022	118
1023	115
1024	103
