Date:	09/05/2018		Time:	13:10		Version no:	0.00		Project name:	55		Sample name:	222		Section name:	section		Position	356.000031	mm	E0	0.000000	keV	E1	1.000000	keV/channel	sample surface	6.132929	cm	Tube anode:	Mo		Tube voltage:	30	kV	Tube current:	50	mA	gain	10		std. database			resultfile	result		matrix element	11		sample thickness	1.000000		air passage	0.560000	cm	comments	in position		peaking_time	2.200000	m-sec	trigger_threshold	547.363281	V	mca_bin_width	22.090000	no:	number_mca_channels	1024.000000	no:	gap_time	0.150000	m-sec	trigger_peaking_time	0.200000	m-sec	GAINDAC	18610		HIGHGAIN	1		TAURC	1		RCTAU	1		RCTAUFRAC	1		livetime	9.423280	seconds	runtime	10.000486	seconds	input_count_rate	25486.242582	cps	output_count_rate	20770.889704	cps	triggers	240164	seconds	events_in_run	207719	seconds	channel	content		1	0
2	0
3	0
4	0
5	0
6	0
7	0
8	0
9	0
10	0
11	0
12	0
13	0
14	0
15	0
16	0
17	0
18	0
19	0
20	0
21	0
22	0
23	0
24	0
25	0
26	0
27	0
28	0
29	0
30	0
31	15
32	22
33	7
34	16
35	16
36	18
37	20
38	8
39	14
40	12
41	11
42	17
43	9
44	15
45	11
46	21
47	14
48	14
49	11
50	9
51	10
52	7
53	12
54	12
55	8
56	14
57	13
58	8
59	14
60	9
61	14
62	11
63	6
64	8
65	6
66	10
67	14
68	7
69	6
70	9
71	6
72	5
73	7
74	12
75	10
76	7
77	12
78	6
79	7
80	7
81	12
82	14
83	6
84	13
85	13
86	8
87	3
88	3
89	4
90	1
91	11
92	8
93	10
94	16
95	13
96	18
97	25
98	30
99	15
100	9
101	8
102	5
103	7
104	10
105	4
106	7
107	14
108	11
109	11
110	5
111	8
112	7
113	4
114	7
115	5
116	6
117	4
118	6
119	6
120	5
121	5
122	4
123	6
124	6
125	4
126	7
127	6
128	2
129	4
130	2
131	6
132	5
133	6
134	2
135	3
136	7
137	6
138	6
139	5
140	3
141	4
142	5
143	2
144	6
145	8
146	5
147	4
148	6
149	7
150	0
151	3
152	4
153	5
154	8
155	7
156	5
157	4
158	8
159	16
160	22
161	22
162	28
163	31
164	21
165	20
166	17
167	14
168	8
169	4
170	6
171	4
172	5
173	7
174	6
175	6
176	7
177	13
178	13
179	20
180	16
181	27
182	24
183	28
184	22
185	16
186	10
187	9
188	11
189	9
190	2
191	4
192	4
193	5
194	11
195	18
196	30
197	52
198	96
199	163
200	249
201	322
202	380
203	402
204	348
205	293
206	202
207	147
208	91
209	53
210	19
211	17
212	8
213	10
214	12
215	12
216	21
217	39
218	46
219	63
220	62
221	50
222	51
223	54
224	49
225	27
226	19
227	17
228	11
229	5
230	6
231	7
232	3
233	3
234	4
235	5
236	7
237	6
238	4
239	9
240	17
241	26
242	52
243	80
244	109
245	155
246	150
247	187
248	197
249	186
250	151
251	134
252	83
253	72
254	52
255	52
256	43
257	33
258	32
259	37
260	23
261	9
262	9
263	12
264	22
265	15
266	25
267	24
268	35
269	49
270	50
271	54
272	50
273	39
274	24
275	35
276	19
277	24
278	6
279	11
280	13
281	17
282	13
283	13
284	5
285	11
286	10
287	14
288	19
289	24
290	28
291	22
292	23
293	20
294	16
295	20
296	21
297	19
298	22
299	14
300	22
301	19
302	12
303	21
304	13
305	13
306	14
307	17
308	12
309	15
310	18
311	14
312	11
313	24
314	29
315	23
316	27
317	50
318	66
319	91
320	100
321	119
322	152
323	176
324	144
325	136
326	129
327	97
328	65
329	52
330	48
331	33
332	41
333	33
334	36
335	30
336	34
337	48
338	57
339	73
340	112
341	240
342	424
343	793
344	1455
345	2363
346	3694
347	5134
348	6862
349	8238
350	9177
351	9274
352	8788
353	7678
354	6172
355	4544
356	3250
357	1975
358	1289
359	673
360	368
361	179
362	117
363	76
364	58
365	53
366	34
367	41
368	35
369	51
370	51
371	38
372	48
373	53
374	65
375	74
376	95
377	130
378	180
379	215
380	383
381	499
382	715
383	973
384	1243
385	1465
386	1571
387	1498
388	1460
389	1301
390	1018
391	777
392	499
393	368
394	249
395	142
396	85
397	53
398	41
399	32
400	26
401	28
402	25
403	30
404	37
405	22
406	43
407	32
408	31
409	46
410	42
411	39
412	44
413	43
414	30
415	35
416	24
417	32
418	32
419	30
420	40
421	28
422	42
423	35
424	31
425	26
426	31
427	34
428	34
429	31
430	40
431	26
432	33
433	33
434	41
435	41
436	52
437	52
438	60
439	53
440	67
441	59
442	63
443	73
444	68
445	70
446	55
447	68
448	42
449	38
450	54
451	72
452	58
453	68
454	55
455	62
456	72
457	64
458	87
459	69
460	77
461	61
462	77
463	73
464	66
465	53
466	59
467	53
468	47
469	64
470	47
471	57
472	71
473	50
474	65
475	67
476	52
477	60
478	64
479	55
480	43
481	56
482	46
483	53
484	50
485	48
486	67
487	68
488	55
489	49
490	64
491	56
492	65
493	52
494	65
495	55
496	67
497	70
498	54
499	51
500	63
501	54
502	65
503	70
504	77
505	71
506	82
507	70
508	82
509	59
510	77
511	79
512	79
513	78
514	80
515	75
516	71
517	68
518	92
519	70
520	75
521	97
522	75
523	86
524	83
525	90
526	110
527	85
528	89
529	80
530	89
531	84
532	97
533	86
534	103
535	80
536	78
537	77
538	80
539	63
540	70
541	60
542	67
543	70
544	77
545	80
546	78
547	93
548	100
549	59
550	59
551	57
552	66
553	78
554	71
555	85
556	60
557	83
558	67
559	69
560	71
561	78
562	76
563	60
564	85
565	71
566	75
567	76
568	81
569	56
570	81
571	82
572	71
573	90
574	74
575	70
576	91
577	83
578	75
579	74
580	82
581	88
582	82
583	94
584	79
585	78
586	84
587	85
588	90
589	88
590	94
591	79
592	95
593	68
594	79
595	89
596	82
597	82
598	108
599	107
600	95
601	95
602	101
603	82
604	93
605	89
606	90
607	83
608	89
609	94
610	98
611	85
612	79
613	84
614	104
615	121
616	67
617	108
618	86
619	85
620	97
621	124
622	104
623	100
624	105
625	90
626	85
627	91
628	97
629	107
630	87
631	94
632	84
633	87
634	98
635	95
636	102
637	100
638	123
639	99
640	73
641	98
642	120
643	99
644	101
645	116
646	106
647	119
648	105
649	108
650	106
651	114
652	99
653	87
654	108
655	138
656	107
657	96
658	92
659	103
660	93
661	79
662	100
663	117
664	121
665	110
666	98
667	101
668	92
669	107
670	115
671	104
672	105
673	94
674	121
675	88
676	108
677	102
678	98
679	115
680	104
681	117
682	103
683	105
684	109
685	125
686	109
687	116
688	102
689	112
690	111
691	107
692	119
693	129
694	105
695	118
696	119
697	110
698	127
699	117
700	117
701	108
702	156
703	113
704	133
705	111
706	117
707	107
708	129
709	111
710	114
711	114
712	105
713	118
714	97
715	112
716	130
717	141
718	116
719	108
720	106
721	115
722	146
723	141
724	131
725	128
726	127
727	137
728	114
729	128
730	150
731	129
732	134
733	125
734	132
735	121
736	110
737	127
738	116
739	115
740	153
741	116
742	102
743	142
744	117
745	136
746	125
747	107
748	139
749	134
750	112
751	110
752	121
753	119
754	132
755	131
756	129
757	101
758	117
759	149
760	144
761	120
762	132
763	155
764	183
765	161
766	192
767	172
768	210
769	254
770	229
771	267
772	295
773	326
774	297
775	276
776	259
777	255
778	226
779	227
780	191
781	198
782	155
783	173
784	150
785	142
786	139
787	134
788	118
789	140
790	115
791	127
792	107
793	134
794	136
795	129
796	122
797	117
798	135
799	120
800	120
801	120
802	123
803	145
804	127
805	141
806	138
807	138
808	122
809	126
810	135
811	115
812	129
813	131
814	121
815	129
816	143
817	135
818	136
819	140
820	123
821	154
822	141
823	156
824	131
825	145
826	145
827	157
828	133
829	151
830	149
831	127
832	109
833	147
834	155
835	156
836	111
837	115
838	138
839	142
840	142
841	141
842	125
843	134
844	153
845	147
846	158
847	170
848	139
849	137
850	148
851	156
852	165
853	149
854	185
855	164
856	165
857	123
858	181
859	184
860	215
861	191
862	206
863	208
864	205
865	201
866	191
867	200
868	194
869	225
870	211
871	201
872	209
873	186
874	193
875	225
876	253
877	211
878	214
879	243
880	264
881	248
882	257
883	301
884	309
885	330
886	326
887	344
888	372
889	415
890	454
891	422
892	424
893	465
894	490
895	476
896	465
897	511
898	523
899	551
900	496
901	494
902	529
903	530
904	526
905	479
906	492
907	450
908	443
909	459
910	398
911	408
912	422
913	344
914	343
915	352
916	318
917	311
918	264
919	289
920	250
921	255
922	226
923	225
924	221
925	200
926	185
927	181
928	201
929	175
930	181
931	173
932	169
933	138
934	154
935	125
936	143
937	161
938	166
939	163
940	162
941	148
942	178
943	199
944	217
945	237
946	273
947	283
948	295
949	362
950	378
951	422
952	379
953	433
954	389
955	409
956	369
957	367
958	309
959	302
960	255
961	246
962	257
963	179
964	189
965	149
966	136
967	153
968	109
969	122
970	115
971	124
972	100
973	102
974	134
975	99
976	104
977	111
978	101
979	130
980	137
981	126
982	113
983	143
984	141
985	137
986	136
987	135
988	145
989	146
990	126
991	147
992	143
993	163
994	131
995	136
996	167
997	154
998	160
999	169
1000	167
1001	162
1002	168
1003	170
1004	156
1005	182
1006	166
1007	162
1008	158
1009	153
1010	147
1011	153
1012	146
1013	140
1014	157
1015	142
1016	136
1017	135
1018	148
1019	110
1020	135
1021	114
1022	129
1023	109
1024	102
