Date:	09/05/2018		Time:	12:30		Version no:	0.00		Project name:	55		Sample name:	222		Section name:	section		Position	314.000031	mm	E0	0.000000	keV	E1	1.000000	keV/channel	sample surface	6.013735	cm	Tube anode:	Mo		Tube voltage:	30	kV	Tube current:	50	mA	gain	10		std. database			resultfile	result		matrix element	11		sample thickness	1.000000		air passage	0.560000	cm	comments	in position		peaking_time	2.200000	m-sec	trigger_threshold	547.363281	V	mca_bin_width	22.090000	no:	number_mca_channels	1024.000000	no:	gap_time	0.150000	m-sec	trigger_peaking_time	0.200000	m-sec	GAINDAC	18610		HIGHGAIN	1		TAURC	1		RCTAU	1		RCTAUFRAC	1		livetime	9.461002	seconds	runtime	10.000494	seconds	input_count_rate	23152.834051	cps	output_count_rate	19091.457646	cps	triggers	219049	seconds	events_in_run	190924	seconds	channel	content		1	0
2	0
3	0
4	0
5	0
6	0
7	0
8	0
9	0
10	0
11	0
12	0
13	0
14	0
15	0
16	0
17	0
18	0
19	0
20	0
21	0
22	0
23	0
24	0
25	0
26	0
27	0
28	0
29	0
30	0
31	12
32	11
33	14
34	18
35	20
36	14
37	10
38	15
39	9
40	13
41	10
42	17
43	10
44	13
45	17
46	10
47	9
48	19
49	9
50	22
51	15
52	11
53	14
54	9
55	14
56	13
57	14
58	11
59	10
60	9
61	5
62	13
63	10
64	10
65	12
66	7
67	4
68	12
69	9
70	7
71	4
72	7
73	4
74	8
75	7
76	10
77	7
78	7
79	9
80	11
81	7
82	13
83	12
84	10
85	9
86	6
87	8
88	6
89	6
90	12
91	8
92	10
93	8
94	9
95	15
96	16
97	15
98	19
99	11
100	10
101	11
102	4
103	2
104	3
105	7
106	5
107	9
108	17
109	14
110	11
111	9
112	5
113	10
114	7
115	3
116	2
117	4
118	2
119	5
120	4
121	6
122	2
123	6
124	6
125	2
126	2
127	0
128	3
129	4
130	3
131	8
132	5
133	2
134	4
135	3
136	5
137	9
138	1
139	3
140	0
141	3
142	7
143	2
144	3
145	4
146	4
147	2
148	5
149	3
150	5
151	4
152	7
153	6
154	3
155	2
156	2
157	11
158	4
159	9
160	19
161	17
162	27
163	36
164	26
165	21
166	24
167	12
168	7
169	7
170	3
171	8
172	2
173	5
174	4
175	5
176	9
177	13
178	15
179	15
180	21
181	19
182	18
183	25
184	26
185	13
186	8
187	9
188	5
189	8
190	4
191	5
192	4
193	1
194	8
195	18
196	22
197	43
198	90
199	133
200	203
201	271
202	337
203	348
204	326
205	263
206	202
207	145
208	86
209	41
210	32
211	11
212	10
213	7
214	4
215	13
216	27
217	32
218	45
219	54
220	64
221	52
222	61
223	48
224	37
225	20
226	10
227	11
228	7
229	4
230	1
231	5
232	7
233	3
234	2
235	8
236	3
237	9
238	2
239	7
240	17
241	28
242	36
243	53
244	73
245	109
246	148
247	160
248	185
249	168
250	135
251	97
252	84
253	61
254	63
255	52
256	36
257	33
258	36
259	26
260	21
261	14
262	12
263	11
264	11
265	16
266	19
267	19
268	35
269	32
270	47
271	39
272	45
273	38
274	28
275	33
276	23
277	17
278	7
279	9
280	12
281	8
282	8
283	5
284	8
285	13
286	18
287	12
288	13
289	21
290	16
291	16
292	12
293	19
294	27
295	23
296	14
297	20
298	19
299	14
300	14
301	19
302	11
303	9
304	12
305	11
306	10
307	12
308	12
309	14
310	14
311	14
312	10
313	20
314	13
315	21
316	24
317	34
318	67
319	76
320	101
321	130
322	161
323	167
324	141
325	143
326	127
327	95
328	83
329	51
330	41
331	41
332	25
333	26
334	28
335	26
336	24
337	50
338	58
339	57
340	96
341	225
342	372
343	686
344	1138
345	2021
346	3033
347	4377
348	5730
349	7064
350	7725
351	8112
352	7613
353	6751
354	5412
355	4111
356	2911
357	1803
358	1006
359	583
360	336
361	156
362	91
363	59
364	54
365	41
366	39
367	37
368	52
369	40
370	46
371	39
372	56
373	55
374	62
375	64
376	76
377	90
378	155
379	232
380	338
381	445
382	620
383	875
384	1033
385	1241
386	1359
387	1320
388	1256
389	1094
390	921
391	671
392	490
393	297
394	206
395	122
396	61
397	43
398	23
399	24
400	26
401	23
402	28
403	33
404	28
405	39
406	31
407	26
408	38
409	35
410	23
411	34
412	34
413	24
414	37
415	35
416	39
417	35
418	34
419	30
420	42
421	36
422	27
423	26
424	33
425	27
426	31
427	42
428	20
429	22
430	33
431	26
432	35
433	36
434	42
435	56
436	45
437	36
438	62
439	47
440	58
441	67
442	78
443	69
444	60
445	54
446	57
447	66
448	69
449	63
450	57
451	49
452	59
453	48
454	56
455	62
456	69
457	72
458	82
459	67
460	97
461	74
462	68
463	80
464	63
465	72
466	57
467	55
468	58
469	54
470	59
471	64
472	50
473	81
474	54
475	74
476	52
477	44
478	63
479	37
480	45
481	52
482	51
483	54
484	55
485	51
486	35
487	50
488	69
489	43
490	53
491	59
492	61
493	44
494	37
495	54
496	49
497	60
498	47
499	55
500	53
501	64
502	59
503	83
504	77
505	81
506	61
507	57
508	72
509	75
510	83
511	64
512	83
513	80
514	75
515	68
516	75
517	45
518	62
519	61
520	82
521	73
522	80
523	85
524	87
525	91
526	96
527	84
528	77
529	76
530	80
531	86
532	97
533	78
534	66
535	98
536	51
537	69
538	69
539	68
540	66
541	56
542	61
543	68
544	85
545	69
546	70
547	92
548	68
549	70
550	66
551	60
552	63
553	58
554	69
555	64
556	86
557	69
558	60
559	64
560	72
561	60
562	73
563	69
564	85
565	69
566	74
567	78
568	58
569	70
570	81
571	95
572	71
573	73
574	75
575	72
576	83
577	84
578	77
579	91
580	67
581	79
582	91
583	68
584	80
585	77
586	71
587	70
588	77
589	89
590	80
591	80
592	78
593	82
594	87
595	94
596	91
597	78
598	73
599	92
600	67
601	98
602	78
603	99
604	84
605	81
606	83
607	82
608	91
609	86
610	85
611	99
612	79
613	87
614	92
615	95
616	106
617	91
618	82
619	74
620	92
621	100
622	115
623	83
624	84
625	104
626	86
627	99
628	91
629	91
630	94
631	79
632	87
633	92
634	85
635	94
636	83
637	91
638	97
639	89
640	118
641	101
642	86
643	89
644	93
645	96
646	85
647	112
648	100
649	103
650	111
651	114
652	84
653	106
654	84
655	100
656	128
657	89
658	97
659	81
660	109
661	107
662	110
663	102
664	107
665	111
666	98
667	102
668	83
669	101
670	91
671	100
672	93
673	101
674	92
675	109
676	86
677	68
678	88
679	98
680	95
681	91
682	97
683	89
684	96
685	109
686	128
687	107
688	99
689	101
690	104
691	121
692	112
693	117
694	103
695	125
696	131
697	119
698	117
699	115
700	124
701	133
702	94
703	123
704	116
705	103
706	117
707	133
708	133
709	104
710	127
711	103
712	115
713	99
714	106
715	118
716	123
717	109
718	121
719	105
720	108
721	105
722	97
723	107
724	118
725	124
726	118
727	121
728	109
729	125
730	121
731	132
732	125
733	135
734	120
735	123
736	120
737	132
738	118
739	135
740	131
741	103
742	135
743	134
744	116
745	132
746	95
747	102
748	102
749	133
750	127
751	110
752	121
753	134
754	117
755	126
756	114
757	135
758	129
759	133
760	131
761	146
762	134
763	152
764	147
765	140
766	215
767	212
768	213
769	235
770	264
771	263
772	268
773	304
774	320
775	309
776	269
777	245
778	232
779	216
780	200
781	188
782	170
783	149
784	140
785	135
786	126
787	120
788	142
789	135
790	111
791	119
792	97
793	122
794	127
795	133
796	118
797	126
798	134
799	149
800	126
801	116
802	113
803	135
804	135
805	115
806	119
807	129
808	129
809	128
810	135
811	131
812	143
813	134
814	125
815	124
816	122
817	125
818	125
819	111
820	122
821	146
822	126
823	124
824	127
825	125
826	147
827	118
828	143
829	131
830	148
831	159
832	115
833	119
834	133
835	135
836	156
837	138
838	126
839	110
840	144
841	132
842	129
843	147
844	111
845	156
846	144
847	132
848	126
849	132
850	144
851	165
852	160
853	164
854	167
855	133
856	173
857	166
858	172
859	171
860	191
861	184
862	189
863	205
864	234
865	190
866	210
867	233
868	191
869	204
870	193
871	204
872	211
873	205
874	214
875	227
876	235
877	220
878	218
879	236
880	241
881	269
882	248
883	269
884	289
885	349
886	349
887	354
888	374
889	366
890	411
891	471
892	443
893	468
894	470
895	495
896	495
897	476
898	464
899	522
900	563
901	492
902	499
903	488
904	499
905	506
906	513
907	472
908	458
909	425
910	416
911	398
912	372
913	347
914	309
915	303
916	300
917	303
918	298
919	273
920	235
921	250
922	214
923	186
924	196
925	220
926	193
927	199
928	157
929	189
930	179
931	148
932	167
933	152
934	158
935	149
936	142
937	140
938	150
939	154
940	159
941	182
942	184
943	188
944	209
945	225
946	245
947	253
948	298
949	344
950	311
951	356
952	379
953	365
954	398
955	391
956	370
957	371
958	341
959	282
960	262
961	265
962	228
963	184
964	172
965	172
966	149
967	120
968	144
969	132
970	115
971	139
972	114
973	119
974	113
975	116
976	113
977	106
978	112
979	127
980	123
981	134
982	129
983	124
984	132
985	108
986	128
987	125
988	161
989	159
990	140
991	156
992	147
993	143
994	137
995	129
996	167
997	148
998	158
999	154
1000	162
1001	171
1002	193
1003	176
1004	161
1005	157
1006	157
1007	159
1008	152
1009	143
1010	136
1011	151
1012	126
1013	141
1014	136
1015	146
1016	142
1017	154
1018	131
1019	129
1020	116
1021	118
1022	110
1023	122
1024	102
