Date:	09/05/2018		Time:	12:33		Version no:	0.00		Project name:	55		Sample name:	222		Section name:	section		Position	317.400024	mm	E0	0.000000	keV	E1	1.000000	keV/channel	sample surface	6.030075	cm	Tube anode:	Mo		Tube voltage:	30	kV	Tube current:	50	mA	gain	10		std. database			resultfile	result		matrix element	11		sample thickness	1.000000		air passage	0.560000	cm	comments	in position		peaking_time	2.200000	m-sec	trigger_threshold	547.363281	V	mca_bin_width	22.090000	no:	number_mca_channels	1024.000000	no:	gap_time	0.150000	m-sec	trigger_peaking_time	0.200000	m-sec	GAINDAC	18610		HIGHGAIN	1		TAURC	1		RCTAU	1		RCTAUFRAC	1		livetime	9.442084	seconds	runtime	10.000494	seconds	input_count_rate	24179.725578	cps	output_count_rate	19821.821595	cps	triggers	228307	seconds	events_in_run	198228	seconds	channel	content		1	0
2	0
3	0
4	0
5	0
6	0
7	0
8	0
9	0
10	0
11	0
12	0
13	0
14	0
15	0
16	0
17	0
18	0
19	0
20	0
21	0
22	0
23	0
24	0
25	0
26	0
27	0
28	0
29	0
30	0
31	12
32	17
33	19
34	20
35	16
36	12
37	11
38	18
39	13
40	13
41	19
42	11
43	16
44	13
45	13
46	16
47	20
48	12
49	5
50	14
51	11
52	12
53	9
54	14
55	13
56	15
57	17
58	10
59	12
60	7
61	8
62	12
63	7
64	14
65	15
66	14
67	16
68	13
69	6
70	11
71	6
72	4
73	9
74	7
75	4
76	7
77	9
78	11
79	4
80	6
81	13
82	11
83	12
84	11
85	12
86	11
87	8
88	7
89	6
90	6
91	7
92	12
93	13
94	22
95	15
96	19
97	21
98	24
99	9
100	7
101	4
102	9
103	10
104	9
105	3
106	7
107	11
108	9
109	6
110	5
111	4
112	4
113	4
114	5
115	3
116	3
117	6
118	4
119	4
120	8
121	3
122	2
123	5
124	3
125	3
126	7
127	3
128	3
129	5
130	3
131	5
132	2
133	4
134	1
135	3
136	6
137	3
138	4
139	6
140	3
141	1
142	2
143	5
144	1
145	2
146	2
147	4
148	7
149	2
150	4
151	7
152	5
153	6
154	6
155	6
156	3
157	5
158	5
159	16
160	12
161	24
162	22
163	22
164	21
165	28
166	15
167	13
168	12
169	5
170	4
171	5
172	4
173	7
174	9
175	6
176	9
177	7
178	14
179	11
180	20
181	18
182	20
183	23
184	28
185	14
186	10
187	5
188	6
189	5
190	7
191	5
192	5
193	4
194	10
195	14
196	32
197	45
198	85
199	155
200	224
201	278
202	318
203	382
204	335
205	254
206	209
207	123
208	89
209	44
210	30
211	17
212	12
213	12
214	9
215	10
216	26
217	36
218	42
219	54
220	69
221	65
222	51
223	43
224	31
225	18
226	18
227	11
228	7
229	3
230	5
231	1
232	3
233	4
234	7
235	6
236	5
237	5
238	6
239	16
240	15
241	22
242	36
243	57
244	84
245	126
246	139
247	183
248	154
249	150
250	117
251	117
252	78
253	56
254	47
255	46
256	36
257	41
258	31
259	17
260	17
261	15
262	14
263	9
264	10
265	16
266	19
267	27
268	32
269	36
270	47
271	44
272	35
273	37
274	32
275	23
276	19
277	19
278	11
279	14
280	10
281	9
282	12
283	13
284	9
285	15
286	11
287	16
288	16
289	13
290	16
291	13
292	14
293	17
294	15
295	18
296	16
297	15
298	22
299	12
300	11
301	16
302	19
303	16
304	16
305	13
306	14
307	19
308	16
309	18
310	12
311	11
312	12
313	14
314	13
315	32
316	31
317	51
318	67
319	96
320	117
321	175
322	191
323	228
324	222
325	201
326	140
327	120
328	117
329	75
330	47
331	41
332	34
333	37
334	24
335	29
336	24
337	36
338	56
339	74
340	110
341	215
342	347
343	684
344	1243
345	2015
346	3283
347	4626
348	5980
349	7265
350	8275
351	8407
352	8294
353	7022
354	5644
355	4105
356	2844
357	1825
358	1071
359	625
360	354
361	159
362	101
363	49
364	49
365	47
366	40
367	36
368	35
369	53
370	50
371	40
372	41
373	58
374	67
375	67
376	90
377	93
378	160
379	205
380	318
381	481
382	640
383	875
384	1128
385	1263
386	1395
387	1365
388	1336
389	1153
390	921
391	685
392	491
393	305
394	237
395	129
396	72
397	47
398	39
399	40
400	28
401	17
402	39
403	29
404	32
405	24
406	26
407	36
408	30
409	40
410	38
411	34
412	44
413	38
414	42
415	30
416	34
417	31
418	26
419	25
420	29
421	29
422	34
423	36
424	33
425	31
426	33
427	21
428	35
429	32
430	35
431	27
432	36
433	45
434	46
435	37
436	41
437	51
438	63
439	57
440	74
441	61
442	63
443	66
444	68
445	61
446	53
447	54
448	65
449	51
450	56
451	64
452	52
453	76
454	55
455	70
456	62
457	67
458	79
459	73
460	89
461	61
462	75
463	70
464	63
465	72
466	49
467	61
468	53
469	57
470	57
471	65
472	55
473	51
474	66
475	57
476	79
477	49
478	59
479	55
480	60
481	52
482	55
483	48
484	53
485	53
486	50
487	71
488	52
489	45
490	60
491	56
492	56
493	48
494	48
495	50
496	65
497	68
498	42
499	57
500	59
501	63
502	66
503	68
504	59
505	77
506	69
507	84
508	76
509	76
510	65
511	84
512	62
513	79
514	72
515	91
516	72
517	64
518	79
519	90
520	82
521	77
522	62
523	87
524	86
525	79
526	99
527	76
528	99
529	83
530	97
531	103
532	77
533	102
534	78
535	85
536	79
537	77
538	77
539	75
540	84
541	100
542	69
543	65
544	76
545	68
546	72
547	77
548	81
549	82
550	54
551	77
552	73
553	62
554	79
555	69
556	81
557	59
558	65
559	67
560	69
561	79
562	78
563	77
564	68
565	76
566	57
567	77
568	70
569	87
570	78
571	73
572	97
573	78
574	78
575	88
576	51
577	89
578	70
579	82
580	97
581	87
582	79
583	95
584	89
585	80
586	65
587	85
588	64
589	73
590	68
591	86
592	91
593	98
594	90
595	85
596	97
597	94
598	99
599	84
600	75
601	92
602	92
603	82
604	98
605	97
606	104
607	88
608	86
609	82
610	92
611	81
612	84
613	105
614	86
615	98
616	85
617	97
618	106
619	94
620	96
621	100
622	85
623	85
624	91
625	89
626	112
627	99
628	91
629	99
630	101
631	77
632	99
633	93
634	94
635	85
636	85
637	96
638	100
639	123
640	111
641	116
642	100
643	114
644	94
645	101
646	100
647	100
648	100
649	92
650	94
651	101
652	88
653	115
654	96
655	114
656	101
657	104
658	108
659	98
660	106
661	80
662	88
663	104
664	110
665	100
666	122
667	112
668	88
669	96
670	105
671	89
672	88
673	95
674	104
675	111
676	107
677	126
678	117
679	91
680	90
681	120
682	82
683	98
684	110
685	110
686	88
687	98
688	114
689	101
690	116
691	118
692	115
693	142
694	121
695	127
696	129
697	119
698	95
699	133
700	131
701	121
702	111
703	121
704	127
705	112
706	123
707	122
708	103
709	126
710	117
711	128
712	118
713	109
714	129
715	110
716	103
717	119
718	118
719	108
720	107
721	120
722	127
723	122
724	123
725	113
726	124
727	129
728	128
729	133
730	108
731	120
732	136
733	138
734	124
735	138
736	127
737	108
738	122
739	128
740	144
741	126
742	123
743	125
744	116
745	104
746	123
747	133
748	129
749	111
750	112
751	135
752	128
753	127
754	112
755	117
756	104
757	144
758	135
759	102
760	155
761	116
762	133
763	155
764	152
765	171
766	199
767	195
768	205
769	230
770	255
771	250
772	299
773	291
774	297
775	274
776	261
777	275
778	246
779	199
780	186
781	184
782	170
783	149
784	138
785	139
786	130
787	149
788	146
789	125
790	131
791	117
792	94
793	126
794	165
795	124
796	132
797	142
798	134
799	133
800	122
801	126
802	139
803	126
804	133
805	142
806	127
807	130
808	151
809	125
810	157
811	125
812	134
813	146
814	140
815	146
816	152
817	131
818	144
819	140
820	151
821	137
822	128
823	143
824	146
825	126
826	138
827	132
828	133
829	142
830	120
831	123
832	162
833	150
834	124
835	143
836	138
837	130
838	133
839	123
840	156
841	122
842	150
843	147
844	141
845	147
846	130
847	169
848	159
849	144
850	148
851	141
852	155
853	161
854	163
855	173
856	211
857	173
858	182
859	179
860	195
861	160
862	207
863	202
864	205
865	210
866	224
867	215
868	197
869	205
870	231
871	183
872	209
873	199
874	227
875	207
876	217
877	254
878	272
879	265
880	247
881	285
882	292
883	288
884	289
885	340
886	355
887	312
888	387
889	388
890	449
891	463
892	450
893	485
894	469
895	523
896	480
897	547
898	534
899	512
900	561
901	503
902	542
903	546
904	520
905	538
906	504
907	467
908	460
909	474
910	453
911	419
912	404
913	329
914	383
915	335
916	345
917	313
918	286
919	275
920	262
921	268
922	273
923	224
924	232
925	205
926	196
927	200
928	166
929	176
930	167
931	145
932	164
933	149
934	174
935	140
936	154
937	175
938	122
939	164
940	183
941	187
942	188
943	206
944	217
945	194
946	239
947	275
948	298
949	348
950	350
951	363
952	371
953	412
954	428
955	409
956	367
957	355
958	325
959	311
960	260
961	257
962	207
963	204
964	169
965	148
966	155
967	134
968	144
969	110
970	130
971	127
972	123
973	118
974	108
975	109
976	126
977	113
978	123
979	127
980	122
981	128
982	144
983	114
984	131
985	133
986	139
987	134
988	139
989	152
990	141
991	152
992	155
993	177
994	131
995	150
996	157
997	152
998	165
999	173
1000	165
1001	178
1002	168
1003	167
1004	197
1005	175
1006	176
1007	169
1008	162
1009	149
1010	166
1011	143
1012	144
1013	146
1014	146
1015	151
1016	127
1017	140
1018	147
1019	130
1020	136
1021	121
1022	117
1023	126
1024	121
