Date:	09/05/2018		Time:	12:38		Version no:	0.00		Project name:	55		Sample name:	222		Section name:	section		Position	322.600037	mm	E0	0.000000	keV	E1	1.000000	keV/channel	sample surface	6.060543	cm	Tube anode:	Mo		Tube voltage:	30	kV	Tube current:	50	mA	gain	10		std. database			resultfile	result		matrix element	11		sample thickness	1.000000		air passage	0.560000	cm	comments	in position		peaking_time	2.200000	m-sec	trigger_threshold	547.363281	V	mca_bin_width	22.090000	no:	number_mca_channels	1024.000000	no:	gap_time	0.150000	m-sec	trigger_peaking_time	0.200000	m-sec	GAINDAC	18610		HIGHGAIN	1		TAURC	1		RCTAU	1		RCTAUFRAC	1		livetime	9.433561	seconds	runtime	10.000489	seconds	input_count_rate	24178.144906	cps	output_count_rate	19773.533470	cps	triggers	228086	seconds	events_in_run	197745	seconds	channel	content		1	0
2	0
3	0
4	0
5	0
6	0
7	0
8	0
9	0
10	0
11	0
12	0
13	0
14	0
15	0
16	0
17	0
18	0
19	0
20	0
21	0
22	0
23	0
24	0
25	0
26	0
27	0
28	0
29	0
30	0
31	16
32	13
33	15
34	10
35	14
36	16
37	9
38	20
39	11
40	15
41	16
42	22
43	12
44	15
45	11
46	13
47	12
48	13
49	16
50	15
51	7
52	14
53	10
54	14
55	15
56	9
57	13
58	16
59	14
60	8
61	14
62	10
63	6
64	8
65	6
66	14
67	6
68	8
69	8
70	13
71	10
72	10
73	11
74	6
75	10
76	4
77	10
78	10
79	10
80	12
81	13
82	10
83	6
84	11
85	10
86	5
87	8
88	8
89	6
90	6
91	7
92	12
93	10
94	16
95	22
96	12
97	19
98	23
99	15
100	13
101	7
102	4
103	3
104	4
105	8
106	10
107	14
108	9
109	19
110	15
111	4
112	6
113	4
114	5
115	9
116	3
117	4
118	4
119	4
120	5
121	7
122	2
123	3
124	5
125	4
126	2
127	5
128	6
129	3
130	6
131	6
132	3
133	10
134	4
135	2
136	2
137	7
138	4
139	1
140	4
141	2
142	5
143	2
144	2
145	10
146	7
147	6
148	3
149	8
150	5
151	7
152	4
153	3
154	6
155	7
156	3
157	10
158	8
159	17
160	18
161	19
162	23
163	30
164	20
165	18
166	18
167	5
168	9
169	10
170	4
171	8
172	3
173	7
174	1
175	8
176	1
177	9
178	14
179	12
180	14
181	24
182	27
183	35
184	27
185	16
186	14
187	10
188	3
189	4
190	5
191	2
192	4
193	8
194	9
195	14
196	33
197	65
198	92
199	165
200	247
201	320
202	363
203	402
204	380
205	307
206	239
207	150
208	100
209	43
210	21
211	15
212	9
213	9
214	17
215	22
216	27
217	50
218	45
219	51
220	62
221	70
222	74
223	58
224	32
225	26
226	10
227	13
228	10
229	2
230	5
231	4
232	3
233	8
234	7
235	2
236	2
237	2
238	11
239	3
240	12
241	28
242	35
243	66
244	97
245	154
246	162
247	184
248	164
249	153
250	158
251	109
252	102
253	69
254	50
255	48
256	45
257	35
258	17
259	17
260	25
261	10
262	12
263	17
264	11
265	21
266	24
267	28
268	50
269	41
270	48
271	63
272	46
273	40
274	37
275	39
276	27
277	11
278	11
279	13
280	7
281	3
282	18
283	13
284	12
285	10
286	13
287	20
288	14
289	13
290	16
291	18
292	17
293	16
294	20
295	17
296	22
297	18
298	22
299	15
300	19
301	19
302	14
303	19
304	8
305	13
306	19
307	12
308	20
309	13
310	16
311	16
312	17
313	18
314	24
315	12
316	36
317	28
318	55
319	81
320	87
321	114
322	142
323	133
324	143
325	151
326	127
327	81
328	61
329	61
330	41
331	42
332	26
333	23
334	28
335	32
336	23
337	47
338	54
339	59
340	106
341	196
342	439
343	705
344	1263
345	2038
346	3082
347	4422
348	5842
349	6925
350	7763
351	7894
352	7607
353	6602
354	5481
355	4031
356	2770
357	1721
358	1064
359	589
360	343
361	169
362	105
363	67
364	50
365	50
366	44
367	41
368	43
369	37
370	34
371	44
372	57
373	46
374	61
375	67
376	88
377	95
378	152
379	227
380	313
381	448
382	609
383	878
384	1034
385	1167
386	1273
387	1308
388	1276
389	1053
390	902
391	655
392	495
393	314
394	209
395	124
396	75
397	44
398	36
399	17
400	33
401	18
402	21
403	30
404	33
405	40
406	37
407	30
408	44
409	42
410	39
411	29
412	36
413	34
414	44
415	33
416	34
417	36
418	43
419	31
420	36
421	28
422	35
423	36
424	26
425	37
426	37
427	37
428	33
429	36
430	25
431	31
432	47
433	42
434	32
435	46
436	55
437	59
438	63
439	81
440	60
441	72
442	74
443	81
444	69
445	66
446	70
447	49
448	57
449	59
450	57
451	42
452	62
453	47
454	73
455	81
456	82
457	72
458	87
459	89
460	80
461	81
462	71
463	79
464	61
465	64
466	75
467	54
468	61
469	77
470	72
471	55
472	66
473	78
474	49
475	58
476	70
477	65
478	58
479	56
480	58
481	55
482	36
483	56
484	54
485	70
486	53
487	50
488	58
489	64
490	65
491	43
492	56
493	68
494	61
495	62
496	53
497	61
498	65
499	70
500	62
501	52
502	88
503	72
504	68
505	63
506	61
507	64
508	60
509	86
510	87
511	90
512	78
513	78
514	83
515	95
516	75
517	85
518	81
519	89
520	77
521	88
522	84
523	92
524	89
525	103
526	80
527	83
528	116
529	105
530	107
531	88
532	90
533	72
534	110
535	96
536	84
537	74
538	66
539	80
540	89
541	84
542	78
543	91
544	80
545	86
546	76
547	97
548	97
549	68
550	78
551	73
552	71
553	65
554	66
555	89
556	72
557	76
558	64
559	74
560	81
561	70
562	79
563	86
564	70
565	67
566	85
567	73
568	82
569	87
570	87
571	92
572	93
573	91
574	67
575	76
576	87
577	81
578	82
579	83
580	84
581	78
582	91
583	58
584	88
585	86
586	80
587	97
588	89
589	69
590	62
591	90
592	99
593	85
594	95
595	91
596	78
597	87
598	88
599	95
600	98
601	92
602	82
603	85
604	92
605	76
606	87
607	99
608	111
609	87
610	87
611	107
612	101
613	96
614	91
615	96
616	107
617	108
618	88
619	107
620	117
621	96
622	100
623	93
624	106
625	112
626	107
627	109
628	92
629	102
630	109
631	91
632	103
633	102
634	114
635	98
636	92
637	98
638	99
639	97
640	105
641	112
642	114
643	86
644	111
645	112
646	116
647	97
648	100
649	99
650	116
651	108
652	107
653	95
654	110
655	94
656	127
657	119
658	113
659	111
660	103
661	106
662	93
663	102
664	96
665	93
666	89
667	98
668	105
669	106
670	125
671	113
672	107
673	108
674	95
675	114
676	117
677	119
678	103
679	100
680	100
681	107
682	88
683	90
684	109
685	97
686	110
687	119
688	127
689	98
690	106
691	108
692	126
693	120
694	132
695	124
696	111
697	105
698	115
699	126
700	122
701	123
702	133
703	119
704	120
705	129
706	107
707	121
708	112
709	130
710	121
711	142
712	123
713	131
714	123
715	117
716	122
717	127
718	133
719	127
720	122
721	107
722	126
723	121
724	120
725	105
726	124
727	144
728	131
729	126
730	128
731	121
732	130
733	129
734	133
735	130
736	133
737	148
738	155
739	135
740	122
741	153
742	121
743	136
744	134
745	122
746	115
747	131
748	129
749	144
750	132
751	124
752	138
753	123
754	130
755	128
756	151
757	126
758	142
759	153
760	143
761	130
762	141
763	141
764	143
765	186
766	218
767	210
768	221
769	246
770	251
771	268
772	286
773	281
774	290
775	286
776	305
777	259
778	221
779	204
780	177
781	165
782	185
783	160
784	147
785	146
786	137
787	151
788	148
789	124
790	151
791	143
792	158
793	128
794	138
795	108
796	143
797	141
798	122
799	143
800	126
801	142
802	153
803	138
804	111
805	134
806	130
807	151
808	146
809	134
810	139
811	134
812	140
813	157
814	146
815	151
816	125
817	124
818	157
819	162
820	144
821	141
822	146
823	122
824	119
825	150
826	139
827	118
828	129
829	158
830	127
831	137
832	130
833	134
834	162
835	147
836	128
837	149
838	154
839	138
840	150
841	129
842	157
843	160
844	140
845	142
846	129
847	148
848	139
849	157
850	148
851	180
852	130
853	168
854	179
855	155
856	160
857	194
858	196
859	190
860	217
861	188
862	180
863	188
864	203
865	214
866	209
867	216
868	224
869	231
870	209
871	215
872	221
873	251
874	219
875	223
876	239
877	238
878	240
879	251
880	260
881	282
882	320
883	323
884	312
885	375
886	355
887	371
888	410
889	415
890	416
891	424
892	461
893	458
894	545
895	505
896	520
897	539
898	536
899	560
900	542
901	516
902	535
903	566
904	520
905	513
906	496
907	508
908	467
909	487
910	448
911	413
912	388
913	378
914	388
915	366
916	348
917	311
918	244
919	289
920	269
921	261
922	247
923	236
924	245
925	226
926	219
927	192
928	203
929	197
930	183
931	198
932	184
933	152
934	143
935	144
936	164
937	176
938	160
939	178
940	191
941	181
942	193
943	191
944	220
945	243
946	269
947	306
948	292
949	325
950	367
951	366
952	389
953	417
954	419
955	412
956	396
957	359
958	396
959	319
960	281
961	256
962	251
963	207
964	188
965	157
966	131
967	141
968	135
969	133
970	123
971	141
972	136
973	118
974	143
975	116
976	124
977	138
978	122
979	139
980	136
981	133
982	122
983	134
984	115
985	118
986	144
987	131
988	147
989	138
990	144
991	161
992	166
993	127
994	140
995	151
996	148
997	167
998	157
999	175
1000	200
1001	185
1002	156
1003	185
1004	158
1005	169
1006	196
1007	182
1008	160
1009	158
1010	157
1011	158
1012	164
1013	160
1014	155
1015	178
1016	164
1017	157
1018	127
1019	134
1020	119
1021	118
1022	118
1023	106
1024	105
