Date:	09/05/2018		Time:	13:05		Version no:	0.00		Project name:	55		Sample name:	222		Section name:	section		Position	351.200043	mm	E0	0.000000	keV	E1	1.000000	keV/channel	sample surface	6.128990	cm	Tube anode:	Mo		Tube voltage:	30	kV	Tube current:	50	mA	gain	10		std. database			resultfile	result		matrix element	11		sample thickness	1.000000		air passage	0.560000	cm	comments	in position		peaking_time	2.200000	m-sec	trigger_threshold	547.363281	V	mca_bin_width	22.090000	no:	number_mca_channels	1024.000000	no:	gap_time	0.150000	m-sec	trigger_peaking_time	0.200000	m-sec	GAINDAC	18610		HIGHGAIN	1		TAURC	1		RCTAU	1		RCTAUFRAC	1		livetime	9.400702	seconds	runtime	10.000489	seconds	input_count_rate	26124.752221	cps	output_count_rate	21140.966630	cps	triggers	245591	seconds	events_in_run	211420	seconds	channel	content		1	0
2	0
3	0
4	0
5	0
6	0
7	0
8	0
9	0
10	0
11	0
12	0
13	0
14	0
15	0
16	0
17	0
18	0
19	0
20	0
21	0
22	0
23	0
24	0
25	0
26	0
27	0
28	0
29	0
30	0
31	9
32	13
33	24
34	17
35	14
36	17
37	15
38	18
39	18
40	19
41	24
42	18
43	19
44	17
45	19
46	20
47	9
48	11
49	8
50	12
51	9
52	14
53	18
54	13
55	13
56	9
57	12
58	11
59	9
60	16
61	12
62	8
63	8
64	8
65	9
66	14
67	14
68	10
69	11
70	7
71	9
72	6
73	5
74	7
75	15
76	6
77	11
78	8
79	9
80	9
81	7
82	12
83	9
84	7
85	8
86	10
87	4
88	4
89	5
90	6
91	6
92	9
93	9
94	19
95	16
96	24
97	23
98	16
99	14
100	16
101	6
102	12
103	8
104	14
105	12
106	13
107	12
108	11
109	12
110	6
111	4
112	5
113	6
114	3
115	7
116	5
117	8
118	5
119	6
120	4
121	5
122	3
123	4
124	7
125	5
126	8
127	4
128	5
129	5
130	7
131	8
132	7
133	4
134	4
135	3
136	5
137	3
138	3
139	1
140	3
141	6
142	5
143	4
144	4
145	5
146	4
147	1
148	6
149	4
150	2
151	5
152	3
153	4
154	7
155	3
156	9
157	2
158	12
159	10
160	17
161	25
162	34
163	25
164	28
165	21
166	17
167	16
168	12
169	9
170	3
171	7
172	5
173	5
174	6
175	10
176	14
177	8
178	17
179	12
180	29
181	23
182	26
183	33
184	21
185	23
186	11
187	11
188	3
189	4
190	7
191	4
192	4
193	4
194	11
195	19
196	37
197	46
198	100
199	158
200	259
201	367
202	392
203	416
204	401
205	315
206	256
207	156
208	74
209	53
210	23
211	6
212	7
213	7
214	18
215	9
216	32
217	35
218	46
219	64
220	72
221	79
222	62
223	43
224	38
225	37
226	13
227	15
228	9
229	10
230	5
231	3
232	5
233	2
234	2
235	1
236	4
237	3
238	5
239	11
240	17
241	26
242	42
243	86
244	108
245	129
246	194
247	214
248	219
249	193
250	142
251	127
252	95
253	73
254	50
255	55
256	46
257	34
258	25
259	32
260	22
261	11
262	7
263	15
264	10
265	24
266	18
267	35
268	33
269	46
270	60
271	45
272	58
273	51
274	39
275	20
276	26
277	9
278	11
279	11
280	9
281	14
282	8
283	15
284	12
285	14
286	15
287	7
288	10
289	14
290	21
291	18
292	15
293	22
294	20
295	17
296	22
297	24
298	13
299	16
300	22
301	18
302	29
303	14
304	12
305	10
306	17
307	10
308	18
309	8
310	13
311	18
312	17
313	13
314	18
315	21
316	23
317	38
318	45
319	74
320	109
321	132
322	157
323	153
324	173
325	156
326	136
327	116
328	83
329	50
330	37
331	31
332	35
333	28
334	43
335	39
336	47
337	37
338	55
339	70
340	141
341	232
342	455
343	747
344	1421
345	2215
346	3593
347	5080
348	6563
349	7920
350	8919
351	9054
352	8762
353	7615
354	6233
355	4625
356	3242
357	2000
358	1200
359	640
360	323
361	198
362	99
363	70
364	48
365	45
366	51
367	44
368	36
369	47
370	38
371	51
372	48
373	46
374	78
375	81
376	98
377	112
378	206
379	250
380	353
381	465
382	694
383	969
384	1214
385	1375
386	1473
387	1550
388	1413
389	1214
390	1051
391	757
392	537
393	332
394	218
395	142
396	73
397	55
398	34
399	37
400	26
401	35
402	33
403	35
404	30
405	38
406	45
407	32
408	49
409	37
410	38
411	38
412	45
413	36
414	34
415	27
416	37
417	33
418	26
419	27
420	32
421	33
422	27
423	30
424	27
425	38
426	36
427	37
428	38
429	31
430	30
431	46
432	42
433	36
434	57
435	39
436	48
437	48
438	64
439	86
440	64
441	79
442	83
443	84
444	73
445	79
446	76
447	48
448	67
449	71
450	51
451	64
452	61
453	74
454	55
455	64
456	66
457	77
458	89
459	81
460	74
461	73
462	58
463	60
464	78
465	53
466	66
467	63
468	51
469	71
470	76
471	78
472	73
473	68
474	52
475	70
476	66
477	54
478	55
479	49
480	46
481	57
482	36
483	65
484	48
485	48
486	43
487	62
488	68
489	51
490	63
491	57
492	64
493	64
494	63
495	51
496	80
497	60
498	58
499	56
500	55
501	68
502	65
503	55
504	76
505	77
506	69
507	72
508	82
509	61
510	88
511	74
512	90
513	57
514	85
515	62
516	85
517	80
518	84
519	78
520	95
521	80
522	94
523	85
524	101
525	90
526	75
527	113
528	96
529	81
530	108
531	94
532	108
533	98
534	102
535	74
536	91
537	90
538	82
539	77
540	90
541	103
542	91
543	83
544	88
545	78
546	80
547	80
548	72
549	81
550	89
551	87
552	83
553	70
554	72
555	78
556	91
557	76
558	70
559	77
560	94
561	87
562	74
563	77
564	79
565	88
566	72
567	77
568	79
569	81
570	70
571	70
572	79
573	77
574	80
575	81
576	79
577	81
578	90
579	89
580	91
581	104
582	97
583	88
584	104
585	107
586	98
587	80
588	97
589	79
590	85
591	79
592	97
593	94
594	91
595	83
596	104
597	110
598	116
599	83
600	74
601	112
602	101
603	103
604	99
605	100
606	100
607	95
608	84
609	95
610	87
611	86
612	93
613	95
614	107
615	91
616	110
617	84
618	107
619	102
620	86
621	104
622	83
623	103
624	93
625	103
626	103
627	81
628	101
629	113
630	92
631	95
632	93
633	80
634	118
635	99
636	97
637	82
638	112
639	117
640	110
641	94
642	129
643	77
644	89
645	114
646	92
647	109
648	109
649	106
650	118
651	102
652	103
653	126
654	121
655	106
656	114
657	105
658	105
659	106
660	100
661	109
662	117
663	89
664	110
665	103
666	133
667	111
668	98
669	96
670	93
671	118
672	100
673	95
674	112
675	116
676	85
677	119
678	107
679	112
680	114
681	118
682	111
683	104
684	115
685	92
686	120
687	110
688	90
689	120
690	112
691	112
692	120
693	133
694	95
695	134
696	124
697	121
698	114
699	147
700	133
701	107
702	140
703	120
704	121
705	123
706	144
707	117
708	126
709	137
710	130
711	116
712	110
713	127
714	136
715	123
716	133
717	115
718	107
719	112
720	121
721	133
722	135
723	114
724	122
725	131
726	123
727	102
728	135
729	133
730	139
731	132
732	148
733	131
734	149
735	122
736	156
737	132
738	150
739	143
740	143
741	139
742	134
743	124
744	117
745	130
746	127
747	135
748	121
749	135
750	124
751	138
752	125
753	141
754	125
755	123
756	143
757	123
758	160
759	137
760	152
761	132
762	125
763	172
764	166
765	156
766	209
767	211
768	232
769	228
770	268
771	277
772	279
773	300
774	263
775	287
776	278
777	242
778	220
779	212
780	197
781	191
782	166
783	160
784	149
785	150
786	135
787	136
788	118
789	144
790	144
791	137
792	134
793	123
794	127
795	130
796	117
797	139
798	140
799	131
800	155
801	135
802	127
803	149
804	150
805	157
806	127
807	131
808	121
809	132
810	122
811	139
812	152
813	142
814	142
815	150
816	150
817	148
818	163
819	150
820	145
821	154
822	138
823	157
824	141
825	152
826	148
827	118
828	141
829	141
830	168
831	148
832	138
833	146
834	156
835	142
836	146
837	158
838	137
839	123
840	170
841	148
842	142
843	134
844	154
845	148
846	150
847	150
848	138
849	147
850	155
851	151
852	163
853	176
854	157
855	185
856	173
857	169
858	167
859	196
860	202
861	200
862	195
863	195
864	233
865	204
866	194
867	206
868	208
869	198
870	229
871	217
872	235
873	206
874	224
875	255
876	212
877	237
878	257
879	260
880	276
881	264
882	301
883	285
884	318
885	354
886	364
887	361
888	441
889	389
890	456
891	454
892	495
893	472
894	489
895	526
896	565
897	554
898	554
899	540
900	574
901	564
902	566
903	565
904	536
905	538
906	524
907	484
908	516
909	454
910	435
911	423
912	415
913	388
914	353
915	380
916	323
917	308
918	293
919	306
920	256
921	281
922	243
923	261
924	223
925	198
926	203
927	204
928	201
929	186
930	178
931	163
932	177
933	184
934	175
935	169
936	151
937	137
938	192
939	165
940	171
941	158
942	169
943	232
944	233
945	263
946	289
947	326
948	308
949	343
950	385
951	403
952	367
953	417
954	417
955	399
956	387
957	379
958	386
959	321
960	270
961	256
962	229
963	222
964	165
965	148
966	163
967	159
968	143
969	128
970	108
971	127
972	123
973	124
974	130
975	121
976	135
977	132
978	123
979	141
980	136
981	133
982	137
983	152
984	155
985	158
986	123
987	148
988	136
989	160
990	139
991	153
992	152
993	160
994	153
995	151
996	149
997	163
998	149
999	189
1000	172
1001	159
1002	162
1003	167
1004	178
1005	142
1006	200
1007	165
1008	145
1009	169
1010	166
1011	158
1012	163
1013	171
1014	167
1015	142
1016	160
1017	142
1018	143
1019	142
1020	130
1021	127
1022	143
1023	116
1024	116
