Date:	09/05/2018		Time:	12:30		Version no:	0.00		Project name:	55		Sample name:	222		Section name:	section		Position	314.400024	mm	E0	0.000000	keV	E1	1.000000	keV/channel	sample surface	6.015972	cm	Tube anode:	Mo		Tube voltage:	30	kV	Tube current:	50	mA	gain	10		std. database			resultfile	result		matrix element	11		sample thickness	1.000000		air passage	0.560000	cm	comments	in position		peaking_time	2.200000	m-sec	trigger_threshold	547.363281	V	mca_bin_width	22.090000	no:	number_mca_channels	1024.000000	no:	gap_time	0.150000	m-sec	trigger_peaking_time	0.200000	m-sec	GAINDAC	18610		HIGHGAIN	1		TAURC	1		RCTAU	1		RCTAUFRAC	1		livetime	9.458079	seconds	runtime	10.000158	seconds	input_count_rate	23003.613672	cps	output_count_rate	18972.001001	cps	triggers	217570	seconds	events_in_run	189723	seconds	channel	content		1	0
2	0
3	0
4	0
5	0
6	0
7	0
8	0
9	0
10	0
11	0
12	0
13	0
14	0
15	0
16	0
17	0
18	0
19	0
20	0
21	0
22	0
23	0
24	0
25	0
26	0
27	0
28	0
29	0
30	0
31	13
32	18
33	13
34	17
35	18
36	7
37	16
38	13
39	16
40	20
41	14
42	11
43	18
44	9
45	18
46	20
47	14
48	9
49	17
50	15
51	11
52	17
53	8
54	19
55	5
56	15
57	12
58	7
59	7
60	11
61	10
62	5
63	11
64	17
65	11
66	5
67	12
68	7
69	16
70	8
71	9
72	1
73	8
74	5
75	6
76	14
77	6
78	7
79	7
80	7
81	15
82	11
83	9
84	2
85	11
86	6
87	10
88	5
89	5
90	4
91	2
92	10
93	8
94	13
95	16
96	19
97	14
98	15
99	12
100	10
101	11
102	7
103	10
104	9
105	5
106	7
107	15
108	11
109	6
110	9
111	9
112	5
113	6
114	8
115	10
116	4
117	2
118	6
119	2
120	5
121	6
122	3
123	3
124	7
125	6
126	3
127	4
128	4
129	5
130	4
131	2
132	3
133	5
134	5
135	1
136	2
137	4
138	2
139	5
140	4
141	7
142	4
143	4
144	9
145	3
146	7
147	4
148	2
149	1
150	5
151	6
152	6
153	4
154	5
155	3
156	5
157	7
158	3
159	12
160	21
161	20
162	31
163	31
164	27
165	19
166	9
167	10
168	7
169	6
170	3
171	2
172	6
173	4
174	6
175	12
176	8
177	6
178	11
179	24
180	23
181	14
182	23
183	28
184	29
185	22
186	13
187	14
188	8
189	6
190	4
191	2
192	3
193	11
194	9
195	17
196	36
197	54
198	91
199	143
200	206
201	306
202	344
203	378
204	378
205	282
206	234
207	147
208	88
209	47
210	22
211	10
212	11
213	10
214	5
215	23
216	25
217	28
218	42
219	59
220	59
221	75
222	45
223	46
224	46
225	28
226	17
227	10
228	15
229	2
230	3
231	4
232	4
233	3
234	4
235	4
236	7
237	2
238	7
239	10
240	17
241	25
242	42
243	59
244	94
245	127
246	148
247	144
248	169
249	143
250	158
251	117
252	86
253	58
254	61
255	33
256	35
257	33
258	32
259	20
260	9
261	15
262	7
263	9
264	11
265	8
266	22
267	30
268	37
269	29
270	39
271	41
272	44
273	33
274	21
275	24
276	19
277	17
278	16
279	14
280	11
281	9
282	10
283	9
284	18
285	12
286	12
287	14
288	9
289	21
290	13
291	15
292	19
293	17
294	14
295	11
296	14
297	18
298	19
299	18
300	17
301	13
302	19
303	13
304	7
305	13
306	6
307	8
308	12
309	9
310	14
311	16
312	13
313	15
314	14
315	22
316	29
317	37
318	59
319	64
320	117
321	124
322	124
323	175
324	154
325	141
326	119
327	98
328	74
329	51
330	46
331	29
332	38
333	35
334	34
335	31
336	33
337	29
338	53
339	77
340	94
341	187
342	342
343	698
344	1182
345	1843
346	2825
347	4069
348	5454
349	6677
350	7418
351	7638
352	7271
353	6309
354	5137
355	3876
356	2670
357	1692
358	1030
359	606
360	297
361	155
362	82
363	69
364	50
365	34
366	40
367	42
368	44
369	53
370	41
371	33
372	50
373	42
374	60
375	79
376	74
377	99
378	149
379	190
380	324
381	436
382	622
383	801
384	1025
385	1154
386	1273
387	1325
388	1252
389	1017
390	840
391	613
392	438
393	309
394	216
395	108
396	86
397	52
398	34
399	50
400	30
401	18
402	26
403	24
404	28
405	30
406	46
407	35
408	39
409	31
410	36
411	31
412	30
413	37
414	29
415	31
416	31
417	28
418	28
419	33
420	39
421	29
422	49
423	23
424	36
425	34
426	33
427	29
428	28
429	34
430	37
431	28
432	43
433	39
434	48
435	36
436	42
437	45
438	59
439	54
440	72
441	63
442	56
443	64
444	51
445	65
446	64
447	50
448	57
449	67
450	56
451	56
452	57
453	54
454	56
455	62
456	62
457	86
458	67
459	91
460	90
461	71
462	75
463	76
464	67
465	61
466	51
467	52
468	58
469	63
470	43
471	67
472	43
473	67
474	63
475	49
476	60
477	57
478	58
479	54
480	48
481	41
482	49
483	60
484	53
485	55
486	65
487	51
488	49
489	60
490	38
491	48
492	39
493	62
494	62
495	66
496	46
497	50
498	62
499	46
500	62
501	49
502	70
503	62
504	73
505	73
506	56
507	85
508	64
509	77
510	66
511	83
512	74
513	79
514	69
515	60
516	59
517	68
518	61
519	70
520	78
521	68
522	72
523	77
524	67
525	94
526	93
527	96
528	90
529	111
530	89
531	90
532	106
533	91
534	90
535	70
536	65
537	77
538	75
539	76
540	81
541	72
542	92
543	75
544	79
545	84
546	91
547	82
548	70
549	70
550	71
551	76
552	85
553	85
554	63
555	67
556	81
557	71
558	80
559	66
560	67
561	90
562	83
563	57
564	76
565	73
566	85
567	77
568	75
569	81
570	70
571	76
572	70
573	80
574	81
575	83
576	68
577	72
578	72
579	82
580	68
581	67
582	74
583	84
584	89
585	95
586	70
587	80
588	73
589	95
590	81
591	84
592	92
593	108
594	98
595	84
596	82
597	98
598	72
599	104
600	80
601	88
602	104
603	103
604	85
605	70
606	89
607	85
608	100
609	99
610	97
611	93
612	88
613	81
614	84
615	89
616	96
617	87
618	96
619	89
620	105
621	83
622	102
623	99
624	94
625	107
626	84
627	104
628	103
629	114
630	115
631	78
632	105
633	84
634	95
635	106
636	90
637	88
638	94
639	83
640	82
641	89
642	102
643	88
644	102
645	82
646	90
647	74
648	89
649	98
650	116
651	90
652	96
653	97
654	101
655	98
656	83
657	92
658	81
659	105
660	107
661	96
662	93
663	90
664	104
665	113
666	105
667	94
668	95
669	104
670	82
671	98
672	116
673	98
674	100
675	114
676	99
677	100
678	110
679	112
680	94
681	95
682	107
683	120
684	107
685	108
686	122
687	103
688	110
689	137
690	107
691	100
692	139
693	116
694	127
695	115
696	105
697	121
698	134
699	91
700	116
701	122
702	123
703	115
704	136
705	107
706	114
707	107
708	113
709	127
710	114
711	111
712	125
713	132
714	142
715	109
716	120
717	93
718	123
719	107
720	104
721	135
722	124
723	144
724	108
725	117
726	124
727	127
728	126
729	118
730	130
731	119
732	104
733	113
734	112
735	124
736	118
737	116
738	116
739	117
740	137
741	129
742	116
743	122
744	128
745	148
746	138
747	120
748	118
749	126
750	113
751	108
752	120
753	126
754	121
755	135
756	100
757	134
758	112
759	141
760	142
761	145
762	152
763	150
764	165
765	220
766	240
767	293
768	308
769	306
770	374
771	428
772	412
773	440
774	414
775	417
776	395
777	354
778	300
779	282
780	235
781	236
782	184
783	174
784	146
785	148
786	118
787	122
788	122
789	132
790	122
791	122
792	102
793	125
794	122
795	117
796	113
797	140
798	120
799	127
800	123
801	132
802	117
803	140
804	120
805	130
806	125
807	134
808	105
809	118
810	120
811	130
812	126
813	131
814	111
815	141
816	127
817	125
818	132
819	122
820	125
821	143
822	148
823	138
824	129
825	130
826	164
827	126
828	126
829	132
830	107
831	131
832	129
833	130
834	152
835	132
836	129
837	153
838	146
839	153
840	129
841	128
842	137
843	133
844	145
845	136
846	147
847	142
848	137
849	149
850	148
851	150
852	130
853	169
854	143
855	145
856	194
857	181
858	178
859	180
860	200
861	197
862	223
863	197
864	241
865	216
866	215
867	235
868	215
869	214
870	214
871	187
872	211
873	214
874	199
875	216
876	206
877	236
878	222
879	233
880	242
881	264
882	277
883	260
884	293
885	273
886	352
887	308
888	368
889	375
890	412
891	429
892	424
893	435
894	469
895	477
896	497
897	500
898	515
899	518
900	501
901	471
902	505
903	503
904	490
905	482
906	482
907	473
908	441
909	442
910	411
911	386
912	387
913	361
914	325
915	332
916	299
917	308
918	241
919	270
920	239
921	225
922	226
923	235
924	208
925	230
926	208
927	202
928	180
929	172
930	158
931	162
932	170
933	138
934	169
935	172
936	165
937	148
938	156
939	149
940	171
941	174
942	188
943	187
944	212
945	234
946	262
947	284
948	330
949	322
950	345
951	340
952	389
953	376
954	377
955	406
956	357
957	350
958	353
959	293
960	278
961	230
962	216
963	210
964	169
965	143
966	131
967	131
968	128
969	116
970	133
971	128
972	131
973	113
974	138
975	110
976	139
977	120
978	124
979	115
980	116
981	132
982	135
983	130
984	123
985	119
986	115
987	139
988	128
989	117
990	158
991	127
992	127
993	132
994	163
995	151
996	157
997	144
998	172
999	159
1000	163
1001	179
1002	172
1003	153
1004	164
1005	149
1006	175
1007	148
1008	167
1009	177
1010	178
1011	162
1012	154
1013	145
1014	151
1015	132
1016	154
1017	123
1018	139
1019	113
1020	140
1021	124
1022	116
1023	122
1024	114
