Date:	09/05/2018		Time:	13:28		Version no:	0.00		Project name:	55		Sample name:	222		Section name:	section		Position	375.200043	mm	E0	0.000000	keV	E1	1.000000	keV/channel	sample surface	6.031863	cm	Tube anode:	Mo		Tube voltage:	30	kV	Tube current:	50	mA	gain	10		std. database			resultfile	result		matrix element	11		sample thickness	1.000000		air passage	0.560000	cm	comments	in position		peaking_time	2.200000	m-sec	trigger_threshold	547.363281	V	mca_bin_width	22.090000	no:	number_mca_channels	1024.000000	no:	gap_time	0.150000	m-sec	trigger_peaking_time	0.200000	m-sec	GAINDAC	18610		HIGHGAIN	1		TAURC	1		RCTAU	1		RCTAUFRAC	1		livetime	9.376926	seconds	runtime	10.000496	seconds	input_count_rate	27527.463583	cps	output_count_rate	22084.604604	cps	triggers	258123	seconds	events_in_run	220857	seconds	channel	content		1	0
2	0
3	0
4	0
5	0
6	0
7	0
8	0
9	0
10	0
11	0
12	0
13	0
14	0
15	0
16	0
17	0
18	0
19	0
20	0
21	0
22	0
23	0
24	0
25	0
26	0
27	0
28	0
29	0
30	0
31	16
32	19
33	15
34	18
35	12
36	8
37	16
38	18
39	11
40	14
41	11
42	9
43	15
44	15
45	7
46	12
47	16
48	9
49	12
50	11
51	18
52	10
53	18
54	12
55	8
56	21
57	15
58	12
59	12
60	14
61	10
62	11
63	9
64	9
65	17
66	11
67	9
68	11
69	10
70	12
71	5
72	6
73	9
74	10
75	8
76	10
77	5
78	10
79	9
80	9
81	7
82	12
83	12
84	9
85	10
86	9
87	7
88	5
89	9
90	9
91	3
92	10
93	11
94	10
95	21
96	20
97	8
98	13
99	15
100	11
101	11
102	11
103	5
104	10
105	11
106	12
107	14
108	7
109	10
110	11
111	7
112	3
113	5
114	4
115	7
116	6
117	5
118	4
119	6
120	2
121	10
122	0
123	3
124	1
125	5
126	8
127	6
128	4
129	8
130	6
131	4
132	2
133	1
134	3
135	4
136	4
137	3
138	5
139	6
140	3
141	2
142	4
143	5
144	3
145	4
146	4
147	3
148	4
149	5
150	3
151	7
152	3
153	8
154	6
155	4
156	4
157	3
158	4
159	13
160	19
161	21
162	29
163	26
164	21
165	21
166	23
167	19
168	5
169	8
170	1
171	5
172	3
173	6
174	5
175	14
176	4
177	7
178	8
179	26
180	19
181	20
182	23
183	12
184	15
185	12
186	13
187	8
188	3
189	3
190	5
191	5
192	4
193	4
194	5
195	16
196	18
197	42
198	83
199	130
200	207
201	280
202	300
203	325
204	278
205	284
206	190
207	118
208	81
209	57
210	17
211	9
212	14
213	5
214	8
215	15
216	33
217	34
218	47
219	55
220	49
221	57
222	48
223	38
224	24
225	19
226	18
227	12
228	9
229	7
230	4
231	9
232	6
233	4
234	2
235	7
236	2
237	7
238	8
239	14
240	17
241	22
242	35
243	72
244	96
245	139
246	159
247	184
248	186
249	199
250	162
251	135
252	106
253	82
254	80
255	59
256	45
257	46
258	37
259	30
260	26
261	17
262	12
263	10
264	15
265	16
266	27
267	24
268	28
269	40
270	51
271	56
272	52
273	53
274	39
275	34
276	19
277	21
278	18
279	10
280	7
281	4
282	15
283	8
284	14
285	14
286	16
287	17
288	17
289	19
290	17
291	20
292	17
293	18
294	20
295	22
296	16
297	19
298	15
299	9
300	19
301	15
302	7
303	12
304	13
305	17
306	22
307	19
308	9
309	14
310	18
311	9
312	17
313	10
314	18
315	20
316	23
317	34
318	57
319	67
320	94
321	139
322	137
323	151
324	143
325	152
326	137
327	80
328	66
329	72
330	48
331	37
332	38
333	31
334	34
335	30
336	43
337	45
338	58
339	79
340	142
341	246
342	493
343	814
344	1560
345	2477
346	3829
347	5559
348	7426
349	9092
350	10003
351	10220
352	9713
353	8530
354	7023
355	5297
356	3490
357	2284
358	1400
359	723
360	408
361	218
362	101
363	73
364	61
365	43
366	49
367	39
368	41
369	45
370	44
371	46
372	53
373	56
374	55
375	80
376	98
377	128
378	174
379	277
380	380
381	546
382	839
383	1035
384	1314
385	1560
386	1688
387	1717
388	1610
389	1352
390	1117
391	899
392	580
393	400
394	232
395	143
396	88
397	55
398	32
399	31
400	28
401	31
402	18
403	29
404	34
405	32
406	26
407	43
408	36
409	26
410	30
411	33
412	28
413	26
414	33
415	34
416	36
417	25
418	37
419	30
420	30
421	27
422	36
423	29
424	37
425	33
426	29
427	37
428	27
429	30
430	37
431	39
432	39
433	37
434	49
435	52
436	51
437	50
438	56
439	51
440	55
441	65
442	72
443	50
444	71
445	62
446	71
447	57
448	51
449	52
450	65
451	48
452	51
453	70
454	72
455	69
456	78
457	74
458	81
459	62
460	83
461	97
462	67
463	85
464	51
465	48
466	58
467	59
468	67
469	45
470	46
471	57
472	59
473	58
474	64
475	62
476	62
477	64
478	65
479	43
480	61
481	42
482	45
483	43
484	60
485	57
486	31
487	70
488	55
489	45
490	57
491	46
492	53
493	42
494	64
495	64
496	54
497	52
498	47
499	65
500	67
501	49
502	65
503	72
504	66
505	59
506	63
507	81
508	57
509	71
510	77
511	70
512	68
513	78
514	67
515	76
516	101
517	66
518	68
519	72
520	82
521	74
522	92
523	83
524	96
525	85
526	94
527	90
528	93
529	93
530	106
531	104
532	80
533	103
534	82
535	78
536	73
537	72
538	56
539	85
540	92
541	74
542	81
543	74
544	74
545	82
546	74
547	66
548	70
549	75
550	75
551	81
552	75
553	60
554	78
555	81
556	72
557	67
558	73
559	77
560	94
561	77
562	83
563	68
564	83
565	81
566	78
567	90
568	80
569	77
570	87
571	72
572	76
573	61
574	75
575	75
576	104
577	105
578	84
579	87
580	69
581	82
582	82
583	80
584	86
585	84
586	86
587	105
588	78
589	72
590	98
591	77
592	76
593	93
594	70
595	94
596	94
597	86
598	87
599	85
600	94
601	92
602	71
603	99
604	77
605	89
606	86
607	89
608	89
609	81
610	92
611	98
612	99
613	93
614	106
615	101
616	107
617	92
618	104
619	104
620	90
621	99
622	108
623	99
624	90
625	82
626	88
627	89
628	88
629	93
630	97
631	91
632	106
633	93
634	94
635	90
636	119
637	96
638	110
639	115
640	89
641	100
642	87
643	93
644	109
645	104
646	103
647	96
648	105
649	109
650	105
651	131
652	130
653	113
654	116
655	104
656	95
657	104
658	99
659	109
660	101
661	93
662	120
663	104
664	109
665	99
666	93
667	113
668	118
669	103
670	110
671	110
672	125
673	96
674	114
675	114
676	116
677	113
678	111
679	114
680	113
681	121
682	106
683	125
684	117
685	122
686	112
687	113
688	113
689	111
690	111
691	141
692	124
693	113
694	115
695	130
696	137
697	120
698	121
699	125
700	127
701	119
702	130
703	133
704	109
705	130
706	136
707	122
708	131
709	123
710	109
711	113
712	127
713	122
714	128
715	118
716	156
717	133
718	117
719	129
720	101
721	137
722	136
723	115
724	129
725	103
726	124
727	116
728	127
729	140
730	123
731	140
732	131
733	139
734	130
735	138
736	126
737	137
738	123
739	124
740	131
741	146
742	111
743	131
744	140
745	152
746	134
747	131
748	148
749	125
750	136
751	129
752	108
753	126
754	146
755	128
756	130
757	121
758	124
759	120
760	137
761	134
762	142
763	156
764	157
765	161
766	195
767	200
768	213
769	202
770	275
771	253
772	295
773	282
774	279
775	277
776	266
777	205
778	237
779	188
780	187
781	176
782	150
783	148
784	140
785	132
786	135
787	132
788	147
789	134
790	117
791	142
792	134
793	126
794	127
795	140
796	141
797	131
798	124
799	147
800	119
801	141
802	138
803	122
804	143
805	118
806	132
807	139
808	140
809	148
810	141
811	122
812	153
813	137
814	140
815	180
816	132
817	137
818	128
819	136
820	164
821	145
822	149
823	147
824	133
825	124
826	142
827	143
828	147
829	130
830	142
831	143
832	134
833	156
834	147
835	144
836	139
837	138
838	150
839	160
840	146
841	156
842	149
843	131
844	135
845	143
846	170
847	171
848	173
849	140
850	134
851	175
852	154
853	165
854	168
855	188
856	155
857	177
858	195
859	172
860	181
861	204
862	228
863	225
864	193
865	197
866	204
867	202
868	207
869	224
870	237
871	216
872	238
873	210
874	197
875	216
876	230
877	297
878	258
879	238
880	266
881	273
882	298
883	323
884	328
885	345
886	362
887	374
888	404
889	404
890	475
891	436
892	482
893	511
894	462
895	522
896	531
897	547
898	506
899	545
900	555
901	524
902	567
903	533
904	575
905	536
906	560
907	524
908	490
909	418
910	460
911	367
912	397
913	394
914	369
915	372
916	335
917	324
918	331
919	274
920	282
921	283
922	260
923	254
924	219
925	212
926	213
927	194
928	173
929	190
930	175
931	171
932	187
933	178
934	177
935	156
936	152
937	159
938	135
939	165
940	179
941	192
942	202
943	193
944	202
945	255
946	307
947	305
948	325
949	396
950	367
951	390
952	414
953	414
954	449
955	379
956	410
957	364
958	369
959	310
960	297
961	266
962	228
963	214
964	174
965	154
966	141
967	154
968	140
969	145
970	128
971	139
972	113
973	121
974	136
975	149
976	150
977	128
978	108
979	129
980	112
981	118
982	130
983	140
984	149
985	159
986	144
987	129
988	159
989	138
990	138
991	144
992	129
993	168
994	139
995	157
996	152
997	155
998	169
999	176
1000	177
1001	182
1002	171
1003	157
1004	158
1005	181
1006	167
1007	159
1008	181
1009	198
1010	150
1011	144
1012	160
1013	164
1014	163
1015	147
1016	152
1017	144
1018	139
1019	129
1020	135
1021	129
1022	125
1023	109
1024	108
