Date:	09/05/2018		Time:	12:42		Version no:	0.00		Project name:	55		Sample name:	222		Section name:	section		Position	326.800018	mm	E0	0.000000	keV	E1	1.000000	keV/channel	sample surface	6.080044	cm	Tube anode:	Mo		Tube voltage:	30	kV	Tube current:	50	mA	gain	10		std. database			resultfile	result		matrix element	11		sample thickness	1.000000		air passage	0.560000	cm	comments	in position		peaking_time	2.200000	m-sec	trigger_threshold	547.363281	V	mca_bin_width	22.090000	no:	number_mca_channels	1024.000000	no:	gap_time	0.150000	m-sec	trigger_peaking_time	0.200000	m-sec	GAINDAC	18610		HIGHGAIN	1		TAURC	1		RCTAU	1		RCTAUFRAC	1		livetime	9.448562	seconds	runtime	10.000490	seconds	input_count_rate	23548.134565	cps	output_count_rate	19364.651907	cps	triggers	222496	seconds	events_in_run	193656	seconds	channel	content		1	0
2	0
3	0
4	0
5	0
6	0
7	0
8	0
9	0
10	0
11	0
12	0
13	0
14	0
15	0
16	0
17	0
18	0
19	0
20	0
21	0
22	0
23	0
24	0
25	0
26	0
27	0
28	0
29	0
30	0
31	15
32	14
33	10
34	17
35	20
36	14
37	6
38	13
39	17
40	17
41	13
42	11
43	13
44	15
45	6
46	17
47	6
48	15
49	21
50	16
51	8
52	13
53	11
54	17
55	13
56	16
57	8
58	9
59	10
60	11
61	12
62	4
63	14
64	10
65	12
66	10
67	8
68	11
69	8
70	9
71	7
72	4
73	6
74	9
75	3
76	12
77	6
78	9
79	9
80	10
81	15
82	12
83	12
84	13
85	12
86	9
87	6
88	5
89	7
90	2
91	6
92	10
93	12
94	24
95	22
96	25
97	28
98	16
99	18
100	10
101	6
102	5
103	6
104	6
105	4
106	8
107	13
108	9
109	7
110	10
111	7
112	10
113	4
114	6
115	4
116	3
117	4
118	5
119	7
120	10
121	5
122	5
123	4
124	5
125	7
126	8
127	2
128	3
129	6
130	4
131	1
132	4
133	3
134	7
135	8
136	3
137	3
138	4
139	4
140	3
141	4
142	2
143	3
144	1
145	3
146	2
147	1
148	4
149	2
150	4
151	2
152	4
153	0
154	7
155	3
156	1
157	5
158	5
159	17
160	15
161	18
162	35
163	38
164	21
165	29
166	16
167	5
168	6
169	6
170	6
171	4
172	6
173	5
174	9
175	7
176	5
177	7
178	14
179	14
180	19
181	27
182	27
183	25
184	16
185	17
186	15
187	9
188	6
189	2
190	6
191	4
192	5
193	7
194	6
195	20
196	26
197	53
198	108
199	155
200	234
201	294
202	329
203	387
204	351
205	298
206	215
207	116
208	81
209	53
210	12
211	12
212	12
213	14
214	11
215	17
216	30
217	43
218	44
219	62
220	59
221	64
222	48
223	45
224	38
225	16
226	15
227	13
228	7
229	5
230	5
231	3
232	4
233	8
234	3
235	2
236	2
237	9
238	8
239	8
240	14
241	20
242	52
243	78
244	98
245	147
246	173
247	196
248	172
249	175
250	165
251	124
252	80
253	74
254	64
255	51
256	42
257	38
258	15
259	15
260	18
261	12
262	10
263	8
264	8
265	12
266	22
267	28
268	36
269	23
270	47
271	59
272	38
273	41
274	38
275	33
276	23
277	12
278	14
279	13
280	14
281	14
282	11
283	7
284	13
285	13
286	12
287	9
288	12
289	25
290	7
291	13
292	14
293	10
294	22
295	24
296	23
297	22
298	34
299	23
300	18
301	23
302	14
303	18
304	11
305	16
306	8
307	17
308	10
309	10
310	14
311	12
312	12
313	15
314	11
315	21
316	24
317	42
318	64
319	68
320	132
321	133
322	156
323	164
324	161
325	155
326	111
327	100
328	63
329	59
330	39
331	29
332	35
333	24
334	22
335	26
336	54
337	33
338	45
339	67
340	129
341	213
342	366
343	636
344	1176
345	1994
346	2963
347	4208
348	5534
349	6734
350	7691
351	8005
352	7391
353	6651
354	5247
355	3879
356	2777
357	1738
358	1043
359	527
360	281
361	144
362	88
363	64
364	50
365	38
366	39
367	33
368	44
369	34
370	41
371	39
372	42
373	60
374	59
375	67
376	73
377	114
378	151
379	222
380	313
381	479
382	610
383	739
384	987
385	1151
386	1211
387	1383
388	1218
389	1073
390	832
391	702
392	460
393	295
394	178
395	118
396	76
397	45
398	36
399	34
400	25
401	29
402	31
403	25
404	25
405	42
406	22
407	37
408	37
409	38
410	37
411	31
412	38
413	23
414	45
415	42
416	29
417	37
418	24
419	31
420	24
421	32
422	41
423	40
424	21
425	32
426	26
427	22
428	34
429	40
430	30
431	29
432	28
433	37
434	54
435	47
436	61
437	63
438	58
439	58
440	74
441	68
442	73
443	70
444	64
445	63
446	56
447	67
448	62
449	67
450	53
451	55
452	62
453	59
454	62
455	62
456	79
457	75
458	84
459	83
460	79
461	84
462	61
463	66
464	71
465	61
466	56
467	44
468	69
469	58
470	58
471	70
472	64
473	64
474	56
475	58
476	52
477	69
478	53
479	65
480	48
481	56
482	62
483	47
484	66
485	55
486	51
487	47
488	47
489	53
490	62
491	55
492	62
493	62
494	67
495	71
496	61
497	39
498	69
499	63
500	59
501	71
502	74
503	62
504	57
505	70
506	86
507	77
508	66
509	66
510	70
511	64
512	59
513	92
514	76
515	76
516	81
517	83
518	70
519	87
520	78
521	82
522	89
523	89
524	97
525	82
526	81
527	115
528	102
529	94
530	91
531	96
532	91
533	82
534	82
535	76
536	81
537	79
538	72
539	90
540	84
541	71
542	85
543	76
544	73
545	84
546	86
547	80
548	79
549	73
550	73
551	72
552	58
553	92
554	63
555	75
556	71
557	73
558	76
559	80
560	52
561	72
562	72
563	79
564	78
565	62
566	73
567	73
568	81
569	76
570	68
571	89
572	76
573	81
574	70
575	75
576	79
577	78
578	80
579	78
580	90
581	92
582	71
583	78
584	79
585	73
586	89
587	88
588	72
589	80
590	86
591	88
592	81
593	98
594	98
595	111
596	78
597	105
598	77
599	77
600	116
601	95
602	103
603	91
604	91
605	100
606	79
607	96
608	75
609	98
610	82
611	92
612	93
613	91
614	110
615	89
616	106
617	118
618	103
619	99
620	95
621	95
622	94
623	77
624	101
625	97
626	94
627	80
628	84
629	101
630	97
631	99
632	123
633	83
634	105
635	118
636	97
637	97
638	111
639	102
640	99
641	121
642	85
643	81
644	109
645	112
646	93
647	94
648	108
649	108
650	97
651	91
652	100
653	104
654	91
655	105
656	104
657	102
658	103
659	117
660	96
661	107
662	119
663	103
664	108
665	102
666	89
667	107
668	126
669	113
670	105
671	92
672	103
673	108
674	125
675	112
676	110
677	102
678	98
679	108
680	110
681	113
682	127
683	123
684	115
685	129
686	105
687	123
688	107
689	115
690	123
691	109
692	107
693	107
694	131
695	113
696	120
697	127
698	124
699	127
700	118
701	125
702	111
703	124
704	132
705	148
706	116
707	131
708	108
709	118
710	117
711	113
712	122
713	120
714	127
715	112
716	138
717	132
718	117
719	126
720	108
721	107
722	133
723	108
724	123
725	138
726	127
727	117
728	135
729	157
730	107
731	128
732	124
733	129
734	121
735	128
736	127
737	111
738	138
739	117
740	126
741	124
742	116
743	128
744	118
745	110
746	112
747	140
748	122
749	141
750	131
751	123
752	120
753	122
754	124
755	134
756	130
757	126
758	144
759	124
760	142
761	136
762	147
763	143
764	145
765	152
766	196
767	192
768	223
769	251
770	269
771	285
772	268
773	298
774	271
775	270
776	278
777	246
778	250
779	215
780	205
781	182
782	190
783	159
784	135
785	140
786	141
787	134
788	121
789	141
790	123
791	140
792	138
793	130
794	122
795	144
796	129
797	134
798	124
799	143
800	128
801	130
802	147
803	135
804	120
805	163
806	142
807	129
808	137
809	114
810	138
811	138
812	134
813	131
814	115
815	140
816	131
817	123
818	118
819	153
820	136
821	142
822	126
823	134
824	145
825	155
826	124
827	144
828	163
829	128
830	140
831	119
832	133
833	131
834	127
835	149
836	133
837	156
838	140
839	148
840	145
841	152
842	138
843	153
844	158
845	159
846	147
847	148
848	152
849	149
850	156
851	151
852	164
853	156
854	161
855	182
856	174
857	170
858	166
859	197
860	198
861	203
862	185
863	188
864	186
865	189
866	222
867	219
868	204
869	211
870	214
871	216
872	181
873	215
874	221
875	254
876	224
877	221
878	229
879	252
880	274
881	274
882	268
883	299
884	336
885	336
886	322
887	393
888	385
889	401
890	419
891	470
892	449
893	497
894	471
895	501
896	540
897	512
898	544
899	544
900	531
901	575
902	547
903	532
904	486
905	487
906	487
907	499
908	436
909	427
910	451
911	421
912	401
913	401
914	359
915	360
916	309
917	323
918	292
919	277
920	280
921	266
922	203
923	227
924	237
925	209
926	194
927	186
928	162
929	184
930	167
931	170
932	153
933	171
934	182
935	158
936	151
937	139
938	165
939	169
940	160
941	187
942	182
943	200
944	232
945	241
946	265
947	301
948	314
949	374
950	360
951	372
952	423
953	391
954	395
955	400
956	410
957	337
958	332
959	292
960	295
961	250
962	221
963	226
964	174
965	151
966	158
967	142
968	124
969	132
970	127
971	118
972	122
973	121
974	135
975	106
976	127
977	113
978	103
979	115
980	123
981	132
982	127
983	118
984	134
985	151
986	121
987	130
988	117
989	127
990	153
991	149
992	138
993	126
994	172
995	180
996	155
997	158
998	179
999	161
1000	160
1001	175
1002	179
1003	162
1004	173
1005	173
1006	168
1007	174
1008	174
1009	166
1010	163
1011	160
1012	150
1013	152
1014	151
1015	141
1016	155
1017	149
1018	136
1019	129
1020	129
1021	118
1022	126
1023	136
1024	102
