Date:	09/05/2018		Time:	13:10		Version no:	0.00		Project name:	55		Sample name:	222		Section name:	section		Position	355.800018	mm	E0	0.000000	keV	E1	1.000000	keV/channel	sample surface	6.134174	cm	Tube anode:	Mo		Tube voltage:	30	kV	Tube current:	50	mA	gain	10		std. database			resultfile	result		matrix element	11		sample thickness	1.000000		air passage	0.560000	cm	comments	in position		peaking_time	2.200000	m-sec	trigger_threshold	547.363281	V	mca_bin_width	22.090000	no:	number_mca_channels	1024.000000	no:	gap_time	0.150000	m-sec	trigger_peaking_time	0.200000	m-sec	GAINDAC	18610		HIGHGAIN	1		TAURC	1		RCTAU	1		RCTAUFRAC	1		livetime	9.420671	seconds	runtime	10.000155	seconds	input_count_rate	25459.332452	cps	output_count_rate	20681.979016	cps	triggers	239844	seconds	events_in_run	206823	seconds	channel	content		1	0
2	0
3	0
4	0
5	0
6	0
7	0
8	0
9	0
10	0
11	0
12	0
13	0
14	0
15	0
16	0
17	0
18	0
19	0
20	0
21	0
22	0
23	0
24	0
25	0
26	0
27	0
28	0
29	0
30	0
31	15
32	10
33	13
34	14
35	17
36	11
37	15
38	15
39	12
40	19
41	9
42	9
43	22
44	10
45	11
46	15
47	15
48	11
49	8
50	11
51	11
52	12
53	9
54	12
55	8
56	7
57	12
58	12
59	12
60	11
61	12
62	10
63	9
64	11
65	11
66	9
67	6
68	9
69	13
70	8
71	4
72	4
73	4
74	6
75	10
76	6
77	4
78	10
79	10
80	7
81	9
82	10
83	17
84	12
85	11
86	10
87	5
88	6
89	5
90	9
91	9
92	10
93	7
94	12
95	24
96	17
97	20
98	21
99	17
100	10
101	15
102	4
103	11
104	7
105	8
106	3
107	8
108	8
109	8
110	7
111	7
112	5
113	9
114	8
115	0
116	6
117	6
118	6
119	4
120	8
121	2
122	5
123	2
124	7
125	6
126	6
127	5
128	6
129	1
130	5
131	8
132	6
133	3
134	3
135	3
136	3
137	1
138	3
139	3
140	3
141	5
142	5
143	6
144	4
145	6
146	4
147	5
148	4
149	6
150	5
151	5
152	2
153	7
154	4
155	8
156	5
157	8
158	10
159	11
160	17
161	29
162	24
163	29
164	14
165	24
166	13
167	11
168	9
169	3
170	6
171	6
172	3
173	6
174	5
175	13
176	11
177	9
178	15
179	16
180	26
181	19
182	28
183	21
184	31
185	18
186	10
187	7
188	9
189	10
190	5
191	6
192	7
193	6
194	11
195	17
196	30
197	49
198	79
199	138
200	216
201	320
202	330
203	349
204	375
205	291
206	202
207	141
208	85
209	58
210	24
211	10
212	4
213	10
214	12
215	15
216	29
217	41
218	45
219	52
220	62
221	62
222	63
223	51
224	32
225	31
226	15
227	8
228	8
229	7
230	4
231	5
232	6
233	9
234	2
235	1
236	4
237	8
238	6
239	12
240	15
241	22
242	42
243	67
244	99
245	117
246	179
247	192
248	201
249	176
250	155
251	113
252	108
253	72
254	63
255	65
256	39
257	35
258	42
259	23
260	14
261	19
262	12
263	13
264	16
265	12
266	17
267	21
268	24
269	45
270	49
271	50
272	46
273	40
274	27
275	35
276	29
277	20
278	16
279	11
280	12
281	18
282	18
283	13
284	9
285	7
286	11
287	14
288	13
289	14
290	10
291	20
292	19
293	27
294	15
295	26
296	21
297	19
298	15
299	22
300	17
301	10
302	20
303	17
304	9
305	15
306	15
307	16
308	8
309	15
310	11
311	16
312	13
313	12
314	16
315	25
316	23
317	33
318	52
319	98
320	110
321	127
322	181
323	173
324	161
325	144
326	148
327	116
328	83
329	64
330	45
331	38
332	36
333	28
334	34
335	31
336	35
337	45
338	58
339	88
340	126
341	220
342	439
343	790
344	1478
345	2271
346	3477
347	5117
348	6694
349	8039
350	9298
351	9572
352	8863
353	7743
354	6325
355	4728
356	3241
357	2064
358	1263
359	688
360	403
361	222
362	110
363	67
364	34
365	50
366	44
367	30
368	33
369	41
370	57
371	41
372	53
373	55
374	55
375	73
376	96
377	111
378	172
379	282
380	362
381	493
382	760
383	877
384	1236
385	1461
386	1510
387	1511
388	1465
389	1254
390	1034
391	766
392	550
393	351
394	223
395	128
396	95
397	56
398	27
399	36
400	29
401	27
402	22
403	29
404	28
405	34
406	34
407	30
408	32
409	39
410	26
411	31
412	34
413	33
414	43
415	25
416	31
417	30
418	21
419	31
420	40
421	24
422	28
423	31
424	33
425	26
426	35
427	37
428	35
429	33
430	32
431	35
432	44
433	34
434	34
435	54
436	55
437	50
438	59
439	75
440	68
441	85
442	68
443	84
444	55
445	84
446	74
447	50
448	58
449	58
450	62
451	48
452	55
453	55
454	65
455	85
456	62
457	81
458	80
459	72
460	78
461	61
462	53
463	68
464	67
465	53
466	56
467	64
468	55
469	52
470	65
471	64
472	60
473	57
474	53
475	63
476	50
477	61
478	56
479	61
480	49
481	50
482	46
483	50
484	60
485	48
486	50
487	44
488	50
489	48
490	62
491	46
492	59
493	55
494	59
495	53
496	60
497	55
498	68
499	53
500	68
501	77
502	64
503	60
504	66
505	60
506	66
507	81
508	82
509	74
510	68
511	76
512	69
513	84
514	72
515	77
516	65
517	69
518	92
519	67
520	71
521	79
522	73
523	99
524	79
525	104
526	96
527	93
528	96
529	91
530	98
531	78
532	104
533	71
534	84
535	70
536	86
537	67
538	64
539	76
540	68
541	80
542	78
543	89
544	72
545	84
546	79
547	78
548	81
549	70
550	80
551	76
552	85
553	68
554	71
555	72
556	64
557	72
558	77
559	70
560	62
561	73
562	75
563	78
564	65
565	75
566	66
567	86
568	81
569	87
570	80
571	63
572	91
573	75
574	70
575	92
576	80
577	99
578	68
579	69
580	73
581	94
582	75
583	77
584	74
585	88
586	85
587	90
588	67
589	88
590	101
591	92
592	76
593	81
594	84
595	67
596	94
597	78
598	95
599	81
600	106
601	114
602	71
603	97
604	83
605	84
606	87
607	84
608	116
609	98
610	86
611	100
612	93
613	90
614	84
615	98
616	96
617	96
618	83
619	83
620	91
621	84
622	90
623	76
624	109
625	96
626	101
627	93
628	102
629	91
630	94
631	93
632	92
633	92
634	98
635	96
636	86
637	89
638	101
639	102
640	94
641	94
642	91
643	98
644	106
645	86
646	108
647	108
648	101
649	98
650	103
651	121
652	83
653	104
654	111
655	99
656	118
657	106
658	97
659	104
660	111
661	98
662	93
663	94
664	99
665	114
666	93
667	79
668	99
669	93
670	111
671	89
672	94
673	109
674	82
675	100
676	103
677	104
678	93
679	113
680	107
681	104
682	95
683	120
684	115
685	94
686	120
687	115
688	128
689	114
690	142
691	103
692	110
693	92
694	128
695	110
696	124
697	120
698	127
699	103
700	139
701	98
702	120
703	105
704	125
705	115
706	117
707	104
708	104
709	128
710	110
711	117
712	108
713	106
714	118
715	123
716	105
717	130
718	125
719	117
720	110
721	118
722	123
723	121
724	112
725	109
726	112
727	104
728	126
729	122
730	113
731	106
732	116
733	108
734	130
735	118
736	125
737	108
738	140
739	125
740	123
741	136
742	112
743	112
744	125
745	118
746	116
747	114
748	121
749	118
750	134
751	131
752	116
753	110
754	120
755	134
756	114
757	127
758	123
759	132
760	134
761	148
762	137
763	118
764	149
765	191
766	190
767	200
768	198
769	213
770	258
771	295
772	279
773	292
774	273
775	273
776	233
777	241
778	214
779	250
780	195
781	189
782	168
783	168
784	141
785	130
786	140
787	148
788	116
789	132
790	145
791	123
792	121
793	119
794	119
795	120
796	117
797	144
798	138
799	150
800	133
801	135
802	138
803	137
804	127
805	120
806	133
807	148
808	125
809	132
810	125
811	140
812	150
813	121
814	129
815	122
816	139
817	137
818	144
819	119
820	135
821	154
822	144
823	143
824	164
825	137
826	141
827	144
828	128
829	137
830	127
831	135
832	143
833	132
834	126
835	157
836	133
837	140
838	139
839	134
840	152
841	138
842	140
843	149
844	142
845	155
846	129
847	140
848	126
849	141
850	152
851	147
852	147
853	143
854	162
855	155
856	161
857	185
858	175
859	176
860	186
861	181
862	173
863	183
864	186
865	221
866	198
867	191
868	211
869	208
870	191
871	209
872	213
873	181
874	217
875	199
876	192
877	220
878	254
879	254
880	275
881	265
882	296
883	273
884	327
885	286
886	349
887	355
888	350
889	390
890	388
891	399
892	436
893	448
894	449
895	467
896	512
897	529
898	501
899	523
900	498
901	508
902	527
903	515
904	483
905	489
906	479
907	478
908	450
909	477
910	402
911	408
912	363
913	375
914	367
915	303
916	337
917	336
918	292
919	286
920	255
921	224
922	220
923	231
924	206
925	219
926	199
927	192
928	185
929	175
930	146
931	160
932	168
933	178
934	148
935	143
936	162
937	134
938	154
939	175
940	162
941	164
942	185
943	193
944	217
945	244
946	267
947	276
948	338
949	361
950	318
951	367
952	403
953	412
954	413
955	393
956	398
957	356
958	341
959	298
960	254
961	227
962	217
963	204
964	167
965	184
966	135
967	124
968	124
969	140
970	106
971	122
972	126
973	124
974	121
975	92
976	111
977	100
978	124
979	116
980	107
981	120
982	147
983	127
984	121
985	130
986	122
987	151
988	135
989	137
990	135
991	130
992	121
993	138
994	150
995	147
996	159
997	161
998	156
999	158
1000	161
1001	174
1002	132
1003	177
1004	165
1005	154
1006	162
1007	165
1008	160
1009	163
1010	176
1011	146
1012	142
1013	143
1014	126
1015	153
1016	153
1017	135
1018	119
1019	144
1020	95
1021	91
1022	118
1023	107
1024	110
