Date:	09/05/2018		Time:	13:12		Version no:	0.00		Project name:	55		Sample name:	222		Section name:	section		Position	358.600037	mm	E0	0.000000	keV	E1	1.000000	keV/channel	sample surface	6.128447	cm	Tube anode:	Mo		Tube voltage:	30	kV	Tube current:	50	mA	gain	10		std. database			resultfile	result		matrix element	11		sample thickness	1.000000		air passage	0.560000	cm	comments	in position		peaking_time	2.200000	m-sec	trigger_threshold	547.363281	V	mca_bin_width	22.090000	no:	number_mca_channels	1024.000000	no:	gap_time	0.150000	m-sec	trigger_peaking_time	0.200000	m-sec	GAINDAC	18610		HIGHGAIN	1		TAURC	1		RCTAU	1		RCTAUFRAC	1		livetime	9.425101	seconds	runtime	10.000493	seconds	input_count_rate	25349.437112	cps	output_count_rate	20637.482985	cps	triggers	238921	seconds	events_in_run	206385	seconds	channel	content		1	0
2	0
3	0
4	0
5	0
6	0
7	0
8	0
9	0
10	0
11	0
12	0
13	0
14	0
15	0
16	0
17	0
18	0
19	0
20	0
21	0
22	0
23	0
24	0
25	0
26	0
27	0
28	0
29	0
30	0
31	9
32	18
33	11
34	13
35	13
36	15
37	8
38	15
39	13
40	14
41	15
42	14
43	10
44	10
45	9
46	13
47	14
48	15
49	14
50	14
51	7
52	8
53	7
54	9
55	16
56	14
57	16
58	11
59	11
60	7
61	6
62	13
63	15
64	12
65	4
66	9
67	8
68	11
69	11
70	5
71	11
72	3
73	5
74	9
75	9
76	7
77	11
78	9
79	8
80	13
81	13
82	8
83	10
84	7
85	13
86	4
87	6
88	5
89	4
90	7
91	8
92	8
93	7
94	18
95	17
96	23
97	18
98	13
99	14
100	8
101	8
102	8
103	3
104	11
105	5
106	10
107	9
108	11
109	7
110	5
111	10
112	6
113	9
114	10
115	5
116	4
117	5
118	5
119	3
120	8
121	9
122	5
123	5
124	4
125	5
126	5
127	7
128	3
129	5
130	4
131	4
132	5
133	6
134	5
135	2
136	4
137	4
138	7
139	8
140	3
141	6
142	3
143	5
144	2
145	6
146	4
147	2
148	5
149	3
150	2
151	4
152	6
153	4
154	3
155	7
156	2
157	6
158	8
159	9
160	18
161	33
162	33
163	36
164	30
165	32
166	16
167	8
168	8
169	8
170	9
171	8
172	4
173	4
174	2
175	6
176	6
177	10
178	13
179	14
180	15
181	16
182	37
183	42
184	25
185	9
186	11
187	9
188	6
189	8
190	3
191	5
192	8
193	7
194	7
195	17
196	29
197	54
198	90
199	146
200	212
201	334
202	403
203	398
204	337
205	357
206	197
207	148
208	85
209	46
210	24
211	17
212	7
213	9
214	16
215	17
216	21
217	52
218	40
219	56
220	81
221	54
222	61
223	56
224	36
225	26
226	14
227	9
228	8
229	4
230	5
231	7
232	7
233	5
234	5
235	5
236	7
237	4
238	6
239	12
240	19
241	31
242	53
243	62
244	110
245	120
246	180
247	201
248	173
249	203
250	161
251	112
252	88
253	72
254	60
255	53
256	52
257	39
258	48
259	27
260	19
261	18
262	18
263	19
264	16
265	19
266	18
267	37
268	39
269	37
270	36
271	51
272	50
273	49
274	35
275	21
276	15
277	21
278	10
279	11
280	12
281	12
282	16
283	10
284	10
285	11
286	8
287	13
288	22
289	19
290	13
291	15
292	15
293	19
294	15
295	18
296	16
297	14
298	13
299	14
300	14
301	10
302	14
303	13
304	22
305	17
306	9
307	20
308	18
309	9
310	13
311	9
312	10
313	11
314	16
315	27
316	21
317	45
318	41
319	66
320	90
321	119
322	122
323	135
324	134
325	126
326	103
327	95
328	64
329	52
330	42
331	30
332	34
333	25
334	37
335	34
336	32
337	52
338	41
339	76
340	133
341	245
342	407
343	779
344	1420
345	2379
346	3680
347	5172
348	6804
349	8236
350	9074
351	9707
352	9094
353	7803
354	6276
355	4710
356	3212
357	2085
358	1185
359	629
360	384
361	167
362	95
363	80
364	53
365	46
366	40
367	39
368	30
369	37
370	46
371	45
372	59
373	57
374	74
375	68
376	89
377	120
378	155
379	259
380	373
381	514
382	752
383	934
384	1239
385	1433
386	1641
387	1580
388	1461
389	1307
390	994
391	815
392	559
393	366
394	242
395	169
396	93
397	49
398	36
399	25
400	26
401	19
402	20
403	26
404	19
405	36
406	47
407	38
408	29
409	40
410	31
411	42
412	33
413	26
414	31
415	26
416	32
417	26
418	35
419	32
420	34
421	32
422	29
423	45
424	37
425	22
426	24
427	23
428	31
429	25
430	35
431	28
432	39
433	33
434	48
435	36
436	47
437	44
438	56
439	44
440	73
441	85
442	62
443	73
444	66
445	58
446	58
447	61
448	66
449	45
450	48
451	44
452	63
453	69
454	69
455	52
456	70
457	94
458	72
459	96
460	57
461	72
462	80
463	68
464	47
465	68
466	64
467	67
468	56
469	49
470	52
471	67
472	48
473	61
474	73
475	57
476	53
477	58
478	51
479	53
480	39
481	56
482	43
483	48
484	40
485	60
486	56
487	57
488	51
489	56
490	47
491	56
492	56
493	67
494	50
495	49
496	52
497	54
498	69
499	51
500	53
501	59
502	49
503	65
504	76
505	83
506	80
507	72
508	78
509	75
510	57
511	80
512	69
513	90
514	84
515	64
516	80
517	87
518	75
519	86
520	75
521	75
522	79
523	92
524	88
525	91
526	84
527	67
528	98
529	88
530	102
531	90
532	72
533	91
534	89
535	86
536	80
537	70
538	79
539	68
540	83
541	76
542	67
543	83
544	71
545	81
546	87
547	76
548	74
549	80
550	62
551	75
552	81
553	59
554	68
555	79
556	81
557	58
558	62
559	69
560	71
561	77
562	85
563	56
564	77
565	90
566	69
567	59
568	80
569	72
570	73
571	77
572	72
573	67
574	80
575	70
576	80
577	73
578	87
579	89
580	78
581	73
582	94
583	77
584	81
585	77
586	95
587	91
588	76
589	79
590	83
591	93
592	95
593	79
594	92
595	84
596	74
597	90
598	82
599	76
600	85
601	86
602	66
603	83
604	90
605	76
606	81
607	97
608	90
609	89
610	100
611	91
612	108
613	95
614	66
615	99
616	78
617	105
618	86
619	76
620	87
621	113
622	96
623	81
624	96
625	101
626	111
627	78
628	87
629	104
630	100
631	93
632	106
633	79
634	109
635	99
636	87
637	86
638	78
639	99
640	108
641	93
642	92
643	105
644	107
645	127
646	90
647	93
648	103
649	110
650	107
651	99
652	100
653	92
654	118
655	94
656	110
657	112
658	98
659	110
660	93
661	109
662	114
663	95
664	108
665	120
666	106
667	86
668	90
669	109
670	90
671	110
672	97
673	109
674	115
675	115
676	118
677	104
678	97
679	116
680	92
681	119
682	95
683	91
684	107
685	102
686	124
687	113
688	122
689	131
690	127
691	115
692	96
693	106
694	115
695	111
696	109
697	123
698	129
699	110
700	126
701	101
702	120
703	132
704	118
705	111
706	121
707	128
708	113
709	122
710	120
711	101
712	118
713	111
714	117
715	126
716	122
717	130
718	128
719	99
720	120
721	115
722	119
723	112
724	134
725	131
726	129
727	120
728	107
729	138
730	131
731	122
732	130
733	111
734	126
735	105
736	134
737	122
738	124
739	137
740	105
741	119
742	111
743	134
744	110
745	117
746	115
747	118
748	130
749	110
750	123
751	114
752	119
753	123
754	137
755	123
756	110
757	104
758	127
759	128
760	127
761	144
762	113
763	132
764	125
765	193
766	187
767	185
768	206
769	263
770	253
771	256
772	296
773	257
774	267
775	248
776	253
777	225
778	230
779	207
780	175
781	166
782	144
783	146
784	122
785	116
786	118
787	110
788	132
789	137
790	146
791	138
792	110
793	105
794	120
795	132
796	119
797	122
798	129
799	126
800	142
801	109
802	134
803	122
804	114
805	114
806	143
807	131
808	174
809	123
810	132
811	129
812	131
813	112
814	118
815	174
816	155
817	135
818	133
819	139
820	146
821	147
822	122
823	110
824	134
825	134
826	140
827	133
828	137
829	123
830	134
831	145
832	116
833	135
834	122
835	137
836	140
837	128
838	128
839	141
840	139
841	133
842	152
843	130
844	143
845	142
846	135
847	147
848	147
849	167
850	144
851	148
852	137
853	156
854	139
855	151
856	165
857	157
858	152
859	163
860	199
861	228
862	204
863	221
864	206
865	230
866	236
867	198
868	208
869	205
870	182
871	200
872	212
873	193
874	228
875	206
876	198
877	239
878	241
879	237
880	242
881	258
882	272
883	321
884	248
885	330
886	344
887	351
888	359
889	373
890	399
891	420
892	422
893	415
894	505
895	467
896	498
897	519
898	457
899	515
900	512
901	473
902	513
903	492
904	494
905	484
906	519
907	453
908	442
909	403
910	410
911	393
912	393
913	361
914	355
915	313
916	349
917	277
918	261
919	262
920	260
921	247
922	208
923	196
924	211
925	200
926	173
927	186
928	178
929	198
930	173
931	162
932	145
933	141
934	174
935	151
936	161
937	148
938	150
939	164
940	178
941	159
942	186
943	169
944	189
945	233
946	247
947	301
948	279
949	325
950	333
951	359
952	415
953	381
954	365
955	395
956	354
957	393
958	333
959	316
960	254
961	272
962	215
963	209
964	181
965	157
966	137
967	145
968	119
969	129
970	115
971	118
972	110
973	101
974	116
975	124
976	121
977	126
978	120
979	114
980	138
981	113
982	128
983	115
984	128
985	106
986	135
987	153
988	125
989	140
990	134
991	149
992	154
993	164
994	124
995	145
996	136
997	165
998	142
999	162
1000	151
1001	156
1002	172
1003	153
1004	151
1005	175
1006	153
1007	169
1008	163
1009	153
1010	146
1011	148
1012	138
1013	131
1014	132
1015	158
1016	131
1017	122
1018	140
1019	132
1020	129
1021	99
1022	123
1023	116
1024	94
