Date:	09/05/2018		Time:	13:31		Version no:	0.00		Project name:	55		Sample name:	222		Section name:	section		Position	378.400024	mm	E0	0.000000	keV	E1	1.000000	keV/channel	sample surface	6.009007	cm	Tube anode:	Mo		Tube voltage:	30	kV	Tube current:	50	mA	gain	10		std. database			resultfile	result		matrix element	11		sample thickness	1.000000		air passage	0.560000	cm	comments	in position		peaking_time	2.200000	m-sec	trigger_threshold	547.363281	V	mca_bin_width	22.090000	no:	number_mca_channels	1024.000000	no:	gap_time	0.150000	m-sec	trigger_peaking_time	0.200000	m-sec	GAINDAC	18610		HIGHGAIN	1		TAURC	1		RCTAU	1		RCTAUFRAC	1		livetime	9.389086	seconds	runtime	10.000492	seconds	input_count_rate	26401.929798	cps	output_count_rate	21259.754020	cps	triggers	247890	seconds	events_in_run	212608	seconds	channel	content		1	0
2	0
3	0
4	0
5	0
6	0
7	0
8	0
9	0
10	0
11	0
12	0
13	0
14	0
15	0
16	0
17	0
18	0
19	0
20	0
21	0
22	0
23	0
24	0
25	0
26	0
27	0
28	0
29	0
30	0
31	18
32	17
33	15
34	10
35	11
36	10
37	11
38	14
39	14
40	10
41	13
42	14
43	17
44	10
45	14
46	14
47	16
48	20
49	20
50	15
51	11
52	14
53	15
54	14
55	17
56	17
57	13
58	12
59	11
60	4
61	15
62	9
63	18
64	14
65	10
66	13
67	5
68	8
69	15
70	6
71	8
72	8
73	7
74	7
75	4
76	3
77	5
78	9
79	12
80	10
81	10
82	11
83	11
84	12
85	10
86	6
87	8
88	7
89	0
90	9
91	9
92	6
93	10
94	17
95	25
96	32
97	20
98	20
99	15
100	12
101	5
102	8
103	6
104	7
105	3
106	5
107	6
108	6
109	8
110	12
111	3
112	11
113	5
114	8
115	3
116	0
117	3
118	8
119	5
120	4
121	10
122	4
123	4
124	2
125	2
126	5
127	6
128	3
129	3
130	4
131	6
132	5
133	3
134	3
135	8
136	7
137	1
138	3
139	4
140	1
141	7
142	3
143	9
144	7
145	6
146	5
147	9
148	0
149	4
150	6
151	6
152	3
153	7
154	4
155	3
156	2
157	9
158	5
159	10
160	17
161	20
162	21
163	21
164	20
165	27
166	14
167	15
168	4
169	6
170	5
171	2
172	6
173	2
174	4
175	5
176	12
177	7
178	18
179	15
180	18
181	20
182	31
183	23
184	15
185	19
186	9
187	6
188	8
189	8
190	3
191	6
192	4
193	6
194	11
195	19
196	35
197	50
198	87
199	156
200	223
201	299
202	354
203	381
204	345
205	253
206	244
207	157
208	85
209	42
210	27
211	9
212	10
213	10
214	11
215	14
216	25
217	39
218	43
219	54
220	49
221	69
222	50
223	41
224	40
225	20
226	16
227	10
228	10
229	12
230	5
231	3
232	4
233	10
234	8
235	5
236	4
237	5
238	6
239	8
240	21
241	26
242	46
243	80
244	91
245	165
246	173
247	225
248	211
249	195
250	160
251	144
252	102
253	87
254	61
255	56
256	45
257	30
258	28
259	31
260	16
261	9
262	15
263	21
264	15
265	17
266	31
267	29
268	29
269	51
270	54
271	47
272	53
273	34
274	37
275	28
276	30
277	20
278	12
279	13
280	13
281	14
282	8
283	9
284	6
285	14
286	17
287	11
288	16
289	11
290	13
291	19
292	18
293	19
294	18
295	13
296	22
297	24
298	17
299	21
300	16
301	12
302	7
303	7
304	15
305	12
306	11
307	11
308	16
309	17
310	9
311	22
312	15
313	16
314	14
315	22
316	29
317	33
318	36
319	74
320	92
321	85
322	142
323	126
324	137
325	119
326	97
327	86
328	68
329	51
330	37
331	27
332	29
333	39
334	31
335	39
336	35
337	40
338	66
339	76
340	116
341	228
342	417
343	801
344	1365
345	2234
346	3454
347	4928
348	6533
349	7921
350	9122
351	9145
352	8824
353	7621
354	6158
355	4582
356	3229
357	2068
358	1221
359	719
360	372
361	189
362	105
363	63
364	43
365	55
366	41
367	34
368	44
369	49
370	45
371	36
372	45
373	61
374	61
375	72
376	92
377	95
378	167
379	213
380	339
381	527
382	705
383	934
384	1171
385	1454
386	1592
387	1571
388	1410
389	1275
390	1050
391	762
392	522
393	377
394	213
395	129
396	83
397	56
398	38
399	30
400	31
401	33
402	30
403	22
404	36
405	30
406	30
407	35
408	32
409	41
410	29
411	42
412	35
413	28
414	37
415	27
416	33
417	33
418	29
419	42
420	37
421	40
422	33
423	31
424	24
425	32
426	29
427	34
428	33
429	30
430	43
431	34
432	32
433	50
434	39
435	45
436	45
437	40
438	59
439	69
440	83
441	61
442	80
443	75
444	59
445	73
446	74
447	55
448	68
449	76
450	64
451	66
452	48
453	68
454	62
455	68
456	68
457	90
458	62
459	94
460	78
461	85
462	80
463	76
464	57
465	66
466	58
467	54
468	50
469	57
470	43
471	58
472	77
473	62
474	80
475	58
476	49
477	64
478	66
479	45
480	54
481	56
482	53
483	58
484	53
485	58
486	63
487	53
488	64
489	61
490	64
491	71
492	60
493	74
494	43
495	61
496	59
497	45
498	50
499	78
500	63
501	67
502	62
503	59
504	66
505	80
506	76
507	68
508	83
509	62
510	80
511	85
512	71
513	97
514	75
515	74
516	92
517	75
518	85
519	57
520	76
521	72
522	95
523	105
524	75
525	91
526	108
527	106
528	97
529	95
530	97
531	108
532	85
533	111
534	83
535	80
536	89
537	90
538	63
539	72
540	79
541	72
542	90
543	89
544	95
545	74
546	85
547	85
548	87
549	77
550	75
551	94
552	78
553	74
554	82
555	78
556	82
557	81
558	78
559	95
560	66
561	70
562	89
563	84
564	87
565	80
566	72
567	104
568	84
569	80
570	80
571	76
572	94
573	91
574	70
575	83
576	74
577	77
578	66
579	93
580	79
581	67
582	82
583	96
584	94
585	83
586	89
587	83
588	82
589	92
590	110
591	101
592	83
593	88
594	88
595	83
596	97
597	91
598	85
599	106
600	96
601	94
602	118
603	113
604	94
605	95
606	109
607	92
608	99
609	90
610	104
611	102
612	107
613	98
614	105
615	101
616	106
617	117
618	79
619	104
620	99
621	107
622	97
623	107
624	116
625	97
626	104
627	108
628	118
629	107
630	118
631	118
632	94
633	93
634	90
635	122
636	103
637	105
638	99
639	101
640	105
641	102
642	93
643	112
644	124
645	111
646	127
647	104
648	127
649	110
650	117
651	103
652	118
653	104
654	127
655	106
656	111
657	120
658	118
659	113
660	108
661	119
662	128
663	93
664	111
665	120
666	109
667	115
668	112
669	104
670	104
671	124
672	104
673	102
674	109
675	116
676	92
677	114
678	110
679	111
680	110
681	119
682	100
683	113
684	107
685	106
686	120
687	106
688	119
689	114
690	100
691	127
692	106
693	114
694	122
695	108
696	122
697	137
698	137
699	139
700	138
701	135
702	111
703	138
704	108
705	133
706	125
707	124
708	122
709	130
710	103
711	111
712	115
713	113
714	117
715	108
716	141
717	116
718	112
719	146
720	117
721	124
722	112
723	123
724	133
725	120
726	126
727	121
728	141
729	134
730	133
731	129
732	136
733	129
734	135
735	131
736	128
737	145
738	141
739	134
740	126
741	140
742	141
743	139
744	123
745	145
746	151
747	120
748	121
749	130
750	143
751	132
752	121
753	145
754	144
755	134
756	113
757	136
758	128
759	134
760	132
761	151
762	123
763	144
764	173
765	174
766	185
767	209
768	247
769	212
770	263
771	275
772	239
773	280
774	303
775	273
776	258
777	304
778	216
779	203
780	194
781	186
782	157
783	157
784	155
785	129
786	144
787	144
788	135
789	141
790	135
791	160
792	139
793	123
794	114
795	136
796	121
797	132
798	126
799	129
800	133
801	138
802	133
803	130
804	141
805	157
806	154
807	142
808	136
809	138
810	118
811	150
812	175
813	162
814	176
815	163
816	142
817	157
818	151
819	123
820	156
821	150
822	149
823	149
824	161
825	134
826	139
827	140
828	123
829	123
830	125
831	130
832	137
833	143
834	154
835	150
836	150
837	143
838	165
839	151
840	134
841	139
842	129
843	161
844	145
845	155
846	142
847	176
848	155
849	149
850	139
851	159
852	144
853	208
854	162
855	155
856	184
857	189
858	192
859	190
860	214
861	244
862	194
863	228
864	238
865	211
866	220
867	213
868	215
869	225
870	209
871	223
872	244
873	228
874	238
875	241
876	240
877	279
878	248
879	231
880	284
881	296
882	291
883	263
884	352
885	349
886	382
887	407
888	471
889	426
890	447
891	489
892	486
893	551
894	511
895	519
896	558
897	562
898	581
899	578
900	581
901	558
902	555
903	555
904	553
905	595
906	513
907	488
908	515
909	505
910	500
911	411
912	418
913	409
914	395
915	363
916	346
917	371
918	325
919	300
920	277
921	258
922	277
923	230
924	239
925	220
926	221
927	203
928	196
929	165
930	188
931	202
932	177
933	162
934	176
935	183
936	156
937	173
938	169
939	190
940	161
941	192
942	194
943	186
944	242
945	269
946	262
947	301
948	331
949	356
950	368
951	397
952	396
953	444
954	397
955	398
956	408
957	394
958	356
959	333
960	321
961	258
962	218
963	212
964	193
965	181
966	140
967	143
968	122
969	126
970	131
971	140
972	134
973	109
974	129
975	115
976	134
977	106
978	114
979	130
980	138
981	129
982	113
983	138
984	132
985	149
986	149
987	145
988	144
989	149
990	149
991	148
992	159
993	153
994	151
995	189
996	147
997	157
998	186
999	170
1000	180
1001	171
1002	198
1003	163
1004	162
1005	185
1006	181
1007	168
1008	178
1009	166
1010	167
1011	168
1012	152
1013	159
1014	166
1015	139
1016	139
1017	160
1018	140
1019	151
1020	137
1021	118
1022	131
1023	106
1024	115
