Date:	09/05/2018		Time:	12:31		Version no:	0.00		Project name:	55		Sample name:	222		Section name:	section		Position	314.800018	mm	E0	0.000000	keV	E1	1.000000	keV/channel	sample surface	6.017300	cm	Tube anode:	Mo		Tube voltage:	30	kV	Tube current:	50	mA	gain	10		std. database			resultfile	result		matrix element	11		sample thickness	1.000000		air passage	0.560000	cm	comments	in position		peaking_time	2.200000	m-sec	trigger_threshold	547.363281	V	mca_bin_width	22.090000	no:	number_mca_channels	1024.000000	no:	gap_time	0.150000	m-sec	trigger_peaking_time	0.200000	m-sec	GAINDAC	18610		HIGHGAIN	1		TAURC	1		RCTAU	1		RCTAUFRAC	1		livetime	9.461473	seconds	runtime	10.000490	seconds	input_count_rate	23051.907944	cps	output_count_rate	19032.566643	cps	triggers	218105	seconds	events_in_run	190335	seconds	channel	content		1	0
2	0
3	0
4	0
5	0
6	0
7	0
8	0
9	0
10	0
11	0
12	0
13	0
14	0
15	0
16	0
17	0
18	0
19	0
20	0
21	0
22	0
23	0
24	0
25	0
26	0
27	0
28	0
29	0
30	0
31	9
32	19
33	9
34	14
35	13
36	17
37	15
38	19
39	14
40	15
41	14
42	16
43	12
44	7
45	7
46	13
47	11
48	9
49	8
50	12
51	11
52	14
53	10
54	15
55	13
56	14
57	7
58	11
59	6
60	11
61	16
62	6
63	9
64	13
65	12
66	4
67	6
68	7
69	12
70	10
71	4
72	9
73	5
74	6
75	5
76	6
77	12
78	10
79	3
80	12
81	8
82	10
83	15
84	16
85	9
86	7
87	14
88	5
89	7
90	8
91	8
92	11
93	7
94	23
95	10
96	28
97	14
98	18
99	11
100	12
101	9
102	9
103	5
104	4
105	7
106	9
107	7
108	11
109	10
110	6
111	6
112	5
113	9
114	4
115	5
116	6
117	7
118	6
119	4
120	3
121	5
122	6
123	7
124	6
125	3
126	6
127	7
128	5
129	6
130	1
131	4
132	4
133	2
134	6
135	3
136	3
137	6
138	6
139	1
140	4
141	3
142	5
143	2
144	2
145	3
146	7
147	2
148	4
149	6
150	1
151	7
152	6
153	6
154	7
155	3
156	4
157	5
158	13
159	11
160	12
161	20
162	32
163	23
164	30
165	21
166	16
167	7
168	7
169	6
170	7
171	1
172	9
173	8
174	2
175	6
176	7
177	10
178	13
179	11
180	13
181	18
182	14
183	27
184	11
185	19
186	12
187	13
188	7
189	5
190	5
191	1
192	3
193	3
194	3
195	16
196	21
197	62
198	88
199	157
200	209
201	246
202	331
203	355
204	327
205	290
206	233
207	135
208	80
209	31
210	20
211	14
212	11
213	7
214	11
215	17
216	25
217	30
218	45
219	53
220	78
221	56
222	57
223	37
224	40
225	29
226	8
227	9
228	7
229	8
230	5
231	3
232	4
233	5
234	10
235	8
236	3
237	4
238	7
239	13
240	13
241	20
242	31
243	54
244	75
245	102
246	130
247	176
248	158
249	164
250	137
251	114
252	76
253	51
254	51
255	32
256	34
257	35
258	26
259	20
260	15
261	8
262	15
263	9
264	12
265	19
266	24
267	39
268	37
269	37
270	43
271	50
272	43
273	49
274	43
275	30
276	21
277	18
278	12
279	7
280	19
281	11
282	9
283	9
284	10
285	8
286	15
287	13
288	11
289	17
290	21
291	23
292	15
293	14
294	23
295	19
296	26
297	23
298	22
299	21
300	17
301	15
302	17
303	15
304	17
305	10
306	9
307	12
308	10
309	16
310	12
311	16
312	18
313	14
314	25
315	22
316	28
317	37
318	59
319	88
320	109
321	118
322	143
323	166
324	154
325	134
326	131
327	98
328	80
329	49
330	37
331	42
332	25
333	24
334	20
335	36
336	27
337	33
338	47
339	57
340	113
341	206
342	357
343	654
344	1191
345	1984
346	3043
347	4307
348	5502
349	6807
350	7582
351	7915
352	7353
353	6552
354	5252
355	3948
356	2732
357	1794
358	1004
359	560
360	322
361	143
362	83
363	54
364	51
365	42
366	41
367	45
368	42
369	47
370	29
371	41
372	56
373	56
374	54
375	49
376	92
377	121
378	148
379	241
380	314
381	406
382	625
383	852
384	1065
385	1212
386	1235
387	1354
388	1244
389	1000
390	829
391	696
392	452
393	307
394	183
395	144
396	81
397	44
398	32
399	27
400	28
401	26
402	30
403	27
404	28
405	31
406	31
407	33
408	32
409	38
410	29
411	37
412	30
413	23
414	27
415	20
416	35
417	34
418	20
419	20
420	36
421	33
422	23
423	27
424	29
425	34
426	29
427	28
428	36
429	44
430	31
431	32
432	31
433	43
434	32
435	35
436	50
437	73
438	60
439	45
440	70
441	65
442	59
443	60
444	76
445	64
446	57
447	69
448	47
449	59
450	57
451	52
452	72
453	65
454	54
455	59
456	71
457	71
458	71
459	90
460	64
461	82
462	77
463	82
464	62
465	71
466	52
467	54
468	50
469	45
470	47
471	63
472	62
473	60
474	63
475	57
476	74
477	71
478	52
479	56
480	54
481	45
482	45
483	43
484	60
485	54
486	56
487	71
488	66
489	46
490	49
491	44
492	62
493	41
494	50
495	61
496	53
497	37
498	62
499	60
500	45
501	62
502	55
503	76
504	55
505	62
506	60
507	64
508	67
509	91
510	64
511	81
512	77
513	78
514	60
515	68
516	72
517	71
518	69
519	80
520	83
521	88
522	94
523	78
524	83
525	94
526	86
527	82
528	106
529	90
530	81
531	99
532	90
533	85
534	76
535	68
536	62
537	68
538	74
539	73
540	77
541	85
542	74
543	85
544	90
545	83
546	88
547	89
548	87
549	87
550	58
551	80
552	68
553	58
554	64
555	64
556	73
557	71
558	85
559	67
560	79
561	85
562	82
563	66
564	77
565	74
566	75
567	74
568	66
569	89
570	71
571	80
572	82
573	82
574	68
575	79
576	74
577	90
578	73
579	83
580	66
581	80
582	81
583	77
584	84
585	79
586	76
587	99
588	82
589	78
590	62
591	78
592	82
593	89
594	85
595	89
596	82
597	82
598	103
599	87
600	87
601	86
602	93
603	81
604	89
605	90
606	87
607	96
608	92
609	95
610	74
611	83
612	93
613	86
614	75
615	105
616	100
617	71
618	108
619	110
620	100
621	95
622	89
623	100
624	110
625	95
626	80
627	90
628	87
629	89
630	116
631	80
632	91
633	110
634	91
635	103
636	101
637	86
638	109
639	96
640	107
641	117
642	98
643	101
644	102
645	89
646	92
647	98
648	102
649	83
650	102
651	104
652	104
653	96
654	125
655	103
656	112
657	106
658	84
659	69
660	95
661	100
662	109
663	100
664	104
665	103
666	94
667	98
668	99
669	88
670	111
671	114
672	98
673	102
674	96
675	109
676	100
677	94
678	104
679	113
680	104
681	96
682	101
683	100
684	127
685	103
686	124
687	94
688	101
689	92
690	98
691	106
692	95
693	121
694	94
695	135
696	112
697	120
698	121
699	119
700	123
701	135
702	119
703	120
704	100
705	118
706	116
707	111
708	123
709	104
710	105
711	102
712	114
713	119
714	113
715	100
716	132
717	118
718	118
719	135
720	112
721	130
722	108
723	118
724	124
725	100
726	128
727	148
728	92
729	118
730	130
731	117
732	119
733	110
734	130
735	121
736	115
737	110
738	136
739	134
740	119
741	112
742	136
743	117
744	121
745	130
746	109
747	108
748	121
749	131
750	122
751	127
752	138
753	134
754	116
755	122
756	150
757	152
758	139
759	134
760	141
761	124
762	154
763	149
764	154
765	154
766	166
767	206
768	187
769	223
770	284
771	284
772	266
773	297
774	297
775	268
776	282
777	272
778	269
779	210
780	206
781	171
782	146
783	153
784	135
785	154
786	124
787	126
788	125
789	117
790	104
791	116
792	135
793	122
794	121
795	108
796	134
797	126
798	101
799	106
800	115
801	126
802	119
803	110
804	122
805	116
806	110
807	138
808	119
809	132
810	131
811	152
812	132
813	146
814	128
815	125
816	124
817	111
818	145
819	132
820	129
821	116
822	157
823	168
824	130
825	143
826	126
827	134
828	154
829	135
830	117
831	139
832	130
833	134
834	137
835	132
836	137
837	158
838	134
839	140
840	130
841	149
842	131
843	149
844	116
845	144
846	128
847	130
848	144
849	146
850	165
851	153
852	146
853	152
854	137
855	150
856	155
857	149
858	191
859	170
860	187
861	184
862	199
863	171
864	205
865	183
866	209
867	217
868	206
869	201
870	204
871	197
872	191
873	204
874	231
875	232
876	200
877	219
878	241
879	257
880	243
881	274
882	274
883	291
884	309
885	277
886	364
887	362
888	352
889	370
890	422
891	450
892	449
893	486
894	481
895	482
896	474
897	507
898	536
899	496
900	510
901	539
902	533
903	488
904	482
905	462
906	473
907	456
908	484
909	461
910	450
911	405
912	365
913	358
914	373
915	337
916	330
917	317
918	324
919	264
920	250
921	228
922	236
923	239
924	228
925	220
926	191
927	180
928	169
929	172
930	177
931	173
932	155
933	148
934	183
935	149
936	158
937	179
938	156
939	153
940	199
941	165
942	195
943	207
944	194
945	217
946	271
947	284
948	285
949	319
950	376
951	378
952	372
953	365
954	375
955	397
956	414
957	343
958	326
959	281
960	258
961	264
962	212
963	188
964	181
965	160
966	142
967	120
968	121
969	136
970	122
971	121
972	119
973	93
974	123
975	107
976	115
977	119
978	116
979	117
980	113
981	122
982	123
983	111
984	136
985	139
986	123
987	131
988	151
989	161
990	153
991	153
992	144
993	130
994	151
995	166
996	162
997	175
998	143
999	158
1000	165
1001	155
1002	167
1003	156
1004	148
1005	171
1006	136
1007	175
1008	170
1009	168
1010	168
1011	164
1012	148
1013	166
1014	165
1015	140
1016	149
1017	134
1018	134
1019	142
1020	131
1021	114
1022	121
1023	102
1024	119
