Date:	09/05/2018		Time:	12:55		Version no:	0.00		Project name:	55		Sample name:	222		Section name:	section		Position	340.000031	mm	E0	0.000000	keV	E1	1.000000	keV/channel	sample surface	6.113919	cm	Tube anode:	Mo		Tube voltage:	30	kV	Tube current:	50	mA	gain	10		std. database			resultfile	result		matrix element	11		sample thickness	1.000000		air passage	0.560000	cm	comments	in position		peaking_time	2.200000	m-sec	trigger_threshold	547.363281	V	mca_bin_width	22.090000	no:	number_mca_channels	1024.000000	no:	gap_time	0.150000	m-sec	trigger_peaking_time	0.200000	m-sec	GAINDAC	18610		HIGHGAIN	1		TAURC	1		RCTAU	1		RCTAUFRAC	1		livetime	9.440757	seconds	runtime	10.000190	seconds	input_count_rate	23204.283792	cps	output_count_rate	19091.438026	cps	triggers	219066	seconds	events_in_run	190918	seconds	channel	content		1	0
2	0
3	0
4	0
5	0
6	0
7	0
8	0
9	0
10	0
11	0
12	0
13	0
14	0
15	0
16	0
17	0
18	0
19	0
20	0
21	0
22	0
23	0
24	0
25	0
26	0
27	0
28	0
29	0
30	0
31	14
32	13
33	11
34	21
35	17
36	11
37	9
38	18
39	17
40	12
41	15
42	19
43	11
44	13
45	11
46	15
47	15
48	10
49	18
50	8
51	17
52	9
53	5
54	18
55	16
56	8
57	10
58	14
59	10
60	14
61	10
62	10
63	14
64	11
65	10
66	8
67	8
68	11
69	15
70	9
71	11
72	6
73	7
74	13
75	8
76	8
77	10
78	6
79	7
80	13
81	14
82	10
83	18
84	10
85	14
86	7
87	8
88	11
89	9
90	5
91	7
92	8
93	16
94	14
95	21
96	29
97	22
98	12
99	12
100	10
101	9
102	7
103	5
104	7
105	10
106	8
107	10
108	16
109	10
110	5
111	6
112	9
113	6
114	3
115	7
116	5
117	4
118	0
119	5
120	2
121	5
122	5
123	4
124	1
125	7
126	5
127	5
128	5
129	1
130	1
131	2
132	3
133	2
134	2
135	2
136	8
137	1
138	4
139	4
140	5
141	3
142	4
143	2
144	2
145	5
146	5
147	6
148	6
149	6
150	2
151	6
152	5
153	6
154	5
155	8
156	6
157	6
158	11
159	15
160	14
161	30
162	42
163	35
164	24
165	35
166	17
167	8
168	6
169	4
170	1
171	7
172	4
173	2
174	3
175	11
176	5
177	11
178	18
179	24
180	21
181	29
182	27
183	31
184	20
185	14
186	16
187	9
188	10
189	1
190	3
191	1
192	3
193	4
194	11
195	11
196	31
197	45
198	104
199	171
200	274
201	329
202	381
203	405
204	348
205	308
206	224
207	135
208	79
209	50
210	19
211	15
212	12
213	9
214	13
215	13
216	24
217	46
218	31
219	47
220	66
221	70
222	66
223	58
224	38
225	25
226	22
227	11
228	9
229	7
230	6
231	2
232	4
233	1
234	2
235	4
236	2
237	3
238	6
239	11
240	11
241	20
242	41
243	74
244	101
245	133
246	195
247	189
248	218
249	180
250	145
251	114
252	104
253	82
254	48
255	36
256	39
257	23
258	30
259	23
260	15
261	17
262	14
263	10
264	15
265	14
266	20
267	26
268	41
269	45
270	51
271	36
272	57
273	37
274	30
275	26
276	17
277	21
278	17
279	9
280	8
281	6
282	14
283	10
284	9
285	7
286	13
287	16
288	10
289	19
290	18
291	17
292	17
293	11
294	16
295	19
296	21
297	20
298	22
299	19
300	15
301	19
302	23
303	13
304	11
305	14
306	9
307	10
308	10
309	7
310	10
311	14
312	11
313	16
314	18
315	23
316	32
317	45
318	37
319	68
320	92
321	106
322	126
323	134
324	133
325	110
326	91
327	81
328	67
329	71
330	31
331	26
332	32
333	22
334	27
335	30
336	31
337	45
338	39
339	50
340	106
341	183
342	352
343	628
344	1123
345	1770
346	2828
347	3955
348	5088
349	6026
350	6859
351	7200
352	6673
353	5883
354	4673
355	3413
356	2257
357	1484
358	858
359	524
360	260
361	157
362	107
363	37
364	51
365	35
366	42
367	52
368	36
369	38
370	42
371	37
372	55
373	44
374	61
375	54
376	71
377	89
378	141
379	233
380	250
381	387
382	538
383	740
384	879
385	1062
386	1135
387	1209
388	1060
389	925
390	752
391	607
392	396
393	274
394	178
395	85
396	54
397	60
398	30
399	33
400	34
401	26
402	29
403	32
404	36
405	32
406	41
407	38
408	40
409	40
410	41
411	45
412	47
413	39
414	35
415	25
416	36
417	24
418	28
419	30
420	39
421	38
422	26
423	32
424	31
425	36
426	35
427	30
428	27
429	35
430	42
431	44
432	42
433	32
434	50
435	38
436	48
437	74
438	78
439	68
440	57
441	63
442	77
443	72
444	78
445	66
446	76
447	71
448	60
449	71
450	61
451	59
452	62
453	64
454	58
455	73
456	83
457	76
458	73
459	83
460	80
461	76
462	79
463	72
464	86
465	55
466	78
467	48
468	65
469	45
470	64
471	73
472	58
473	54
474	67
475	72
476	64
477	65
478	53
479	64
480	69
481	43
482	63
483	46
484	41
485	62
486	65
487	75
488	63
489	50
490	54
491	64
492	67
493	70
494	66
495	63
496	65
497	57
498	64
499	55
500	65
501	82
502	56
503	69
504	74
505	93
506	69
507	81
508	69
509	77
510	96
511	69
512	88
513	87
514	72
515	85
516	81
517	98
518	78
519	90
520	88
521	80
522	88
523	100
524	98
525	93
526	127
527	98
528	128
529	99
530	87
531	91
532	79
533	73
534	93
535	95
536	88
537	76
538	81
539	89
540	69
541	97
542	83
543	83
544	77
545	96
546	79
547	69
548	84
549	82
550	82
551	106
552	93
553	76
554	75
555	80
556	97
557	70
558	86
559	76
560	92
561	75
562	70
563	78
564	75
565	88
566	79
567	72
568	75
569	70
570	67
571	71
572	76
573	77
574	78
575	95
576	81
577	105
578	86
579	72
580	88
581	95
582	81
583	96
584	94
585	89
586	101
587	97
588	78
589	105
590	87
591	89
592	86
593	81
594	93
595	81
596	97
597	80
598	110
599	88
600	97
601	98
602	92
603	97
604	98
605	94
606	81
607	84
608	122
609	98
610	92
611	95
612	91
613	100
614	109
615	115
616	92
617	111
618	98
619	125
620	107
621	108
622	103
623	103
624	97
625	82
626	95
627	98
628	102
629	105
630	118
631	97
632	101
633	100
634	126
635	106
636	98
637	120
638	109
639	113
640	89
641	109
642	92
643	107
644	94
645	109
646	125
647	131
648	114
649	114
650	108
651	115
652	118
653	127
654	102
655	113
656	120
657	120
658	111
659	108
660	124
661	133
662	95
663	122
664	113
665	107
666	102
667	111
668	107
669	106
670	95
671	117
672	99
673	107
674	97
675	95
676	99
677	102
678	111
679	110
680	96
681	133
682	104
683	118
684	105
685	122
686	110
687	125
688	108
689	123
690	113
691	101
692	118
693	110
694	115
695	112
696	111
697	160
698	120
699	124
700	110
701	137
702	124
703	136
704	94
705	119
706	135
707	126
708	122
709	146
710	128
711	131
712	133
713	121
714	123
715	115
716	116
717	120
718	137
719	127
720	119
721	146
722	133
723	117
724	110
725	119
726	123
727	131
728	121
729	112
730	137
731	126
732	125
733	158
734	126
735	121
736	121
737	138
738	128
739	111
740	119
741	151
742	125
743	126
744	132
745	145
746	117
747	112
748	133
749	122
750	125
751	140
752	136
753	111
754	130
755	130
756	149
757	145
758	144
759	137
760	140
761	145
762	154
763	174
764	166
765	186
766	204
767	208
768	240
769	261
770	255
771	308
772	306
773	326
774	299
775	294
776	264
777	261
778	221
779	243
780	201
781	182
782	175
783	165
784	164
785	145
786	138
787	141
788	135
789	149
790	144
791	129
792	135
793	147
794	149
795	145
796	116
797	144
798	118
799	148
800	132
801	149
802	127
803	114
804	124
805	141
806	139
807	148
808	158
809	156
810	162
811	156
812	151
813	122
814	150
815	160
816	154
817	143
818	146
819	133
820	126
821	150
822	134
823	148
824	151
825	151
826	177
827	142
828	153
829	137
830	151
831	134
832	141
833	184
834	137
835	152
836	143
837	139
838	179
839	142
840	181
841	165
842	175
843	158
844	148
845	157
846	157
847	158
848	155
849	160
850	165
851	146
852	174
853	159
854	180
855	178
856	180
857	163
858	183
859	182
860	210
861	197
862	201
863	201
864	237
865	226
866	242
867	208
868	230
869	240
870	244
871	240
872	214
873	224
874	223
875	226
876	242
877	252
878	249
879	258
880	262
881	281
882	313
883	335
884	319
885	382
886	336
887	383
888	408
889	469
890	428
891	449
892	460
893	485
894	500
895	507
896	573
897	582
898	549
899	546
900	570
901	573
902	551
903	585
904	561
905	548
906	520
907	514
908	489
909	492
910	466
911	478
912	467
913	407
914	383
915	372
916	335
917	346
918	304
919	261
920	252
921	271
922	256
923	237
924	255
925	232
926	233
927	226
928	209
929	180
930	190
931	168
932	179
933	166
934	186
935	179
936	163
937	158
938	168
939	160
940	173
941	193
942	177
943	205
944	230
945	247
946	310
947	334
948	329
949	337
950	355
951	418
952	394
953	425
954	424
955	407
956	380
957	382
958	396
959	314
960	292
961	256
962	267
963	217
964	174
965	203
966	168
967	169
968	122
969	137
970	132
971	153
972	109
973	114
974	132
975	145
976	149
977	133
978	126
979	133
980	150
981	137
982	131
983	140
984	119
985	127
986	147
987	144
988	150
989	151
990	156
991	148
992	171
993	176
994	177
995	191
996	170
997	184
998	153
999	173
1000	215
1001	190
1002	188
1003	178
1004	156
1005	216
1006	177
1007	174
1008	164
1009	191
1010	147
1011	168
1012	168
1013	170
1014	131
1015	173
1016	136
1017	144
1018	135
1019	167
1020	137
1021	123
1022	121
1023	112
1024	122
