Date:	09/05/2018		Time:	12:43		Version no:	0.00		Project name:	55		Sample name:	222		Section name:	section		Position	328.200043	mm	E0	0.000000	keV	E1	1.000000	keV/channel	sample surface	6.082519	cm	Tube anode:	Mo		Tube voltage:	30	kV	Tube current:	50	mA	gain	10		std. database			resultfile	result		matrix element	11		sample thickness	1.000000		air passage	0.560000	cm	comments	in position		peaking_time	2.200000	m-sec	trigger_threshold	547.363281	V	mca_bin_width	22.090000	no:	number_mca_channels	1024.000000	no:	gap_time	0.150000	m-sec	trigger_peaking_time	0.200000	m-sec	GAINDAC	18610		HIGHGAIN	1		TAURC	1		RCTAU	1		RCTAUFRAC	1		livetime	9.455218	seconds	runtime	10.000146	seconds	input_count_rate	23128.076925	cps	output_count_rate	19049.522639	cps	triggers	218681	seconds	events_in_run	190498	seconds	channel	content		1	0
2	0
3	0
4	0
5	0
6	0
7	0
8	0
9	0
10	0
11	0
12	0
13	0
14	0
15	0
16	0
17	0
18	0
19	0
20	0
21	0
22	0
23	0
24	0
25	0
26	0
27	0
28	0
29	0
30	0
31	9
32	13
33	7
34	14
35	14
36	11
37	4
38	14
39	19
40	8
41	9
42	12
43	16
44	14
45	15
46	9
47	11
48	14
49	22
50	11
51	20
52	10
53	9
54	8
55	17
56	18
57	9
58	10
59	13
60	10
61	15
62	5
63	9
64	11
65	5
66	7
67	9
68	5
69	14
70	1
71	7
72	7
73	7
74	6
75	5
76	8
77	9
78	10
79	5
80	7
81	10
82	14
83	8
84	12
85	7
86	11
87	7
88	7
89	6
90	9
91	5
92	6
93	2
94	15
95	27
96	24
97	14
98	17
99	21
100	3
101	10
102	4
103	4
104	5
105	6
106	8
107	7
108	9
109	11
110	6
111	6
112	10
113	4
114	3
115	5
116	0
117	7
118	3
119	6
120	4
121	4
122	5
123	3
124	3
125	3
126	6
127	4
128	3
129	6
130	9
131	6
132	1
133	3
134	7
135	4
136	4
137	2
138	3
139	1
140	2
141	4
142	5
143	3
144	5
145	5
146	3
147	2
148	4
149	3
150	6
151	6
152	6
153	3
154	7
155	7
156	0
157	3
158	10
159	22
160	14
161	25
162	33
163	23
164	31
165	17
166	20
167	17
168	8
169	8
170	3
171	2
172	6
173	7
174	4
175	10
176	7
177	11
178	18
179	13
180	20
181	26
182	27
183	28
184	18
185	21
186	11
187	6
188	6
189	4
190	6
191	4
192	2
193	6
194	6
195	17
196	30
197	60
198	107
199	177
200	224
201	315
202	367
203	367
204	404
205	301
206	203
207	180
208	93
209	56
210	20
211	13
212	10
213	7
214	17
215	17
216	30
217	29
218	45
219	54
220	68
221	68
222	59
223	56
224	33
225	26
226	18
227	13
228	8
229	10
230	4
231	4
232	6
233	5
234	7
235	3
236	3
237	5
238	5
239	10
240	8
241	26
242	36
243	67
244	117
245	167
246	164
247	223
248	188
249	210
250	138
251	136
252	103
253	51
254	44
255	39
256	40
257	38
258	21
259	20
260	23
261	12
262	11
263	16
264	20
265	18
266	21
267	27
268	37
269	47
270	63
271	47
272	57
273	50
274	30
275	23
276	24
277	16
278	12
279	13
280	11
281	9
282	13
283	6
284	12
285	15
286	9
287	12
288	13
289	15
290	14
291	25
292	13
293	24
294	14
295	22
296	19
297	15
298	15
299	15
300	19
301	22
302	14
303	14
304	12
305	20
306	7
307	16
308	14
309	9
310	9
311	10
312	16
313	16
314	18
315	28
316	32
317	46
318	55
319	89
320	107
321	155
322	147
323	181
324	145
325	147
326	123
327	106
328	78
329	50
330	40
331	39
332	31
333	18
334	31
335	26
336	44
337	29
338	48
339	55
340	116
341	202
342	337
343	640
344	1089
345	1865
346	2820
347	3934
348	5372
349	6458
350	7099
351	7444
352	6859
353	6104
354	4889
355	3680
356	2498
357	1609
358	976
359	545
360	302
361	160
362	93
363	82
364	44
365	39
366	39
367	36
368	35
369	41
370	50
371	54
372	50
373	49
374	70
375	61
376	73
377	106
378	164
379	214
380	314
381	411
382	583
383	731
384	942
385	1152
386	1187
387	1221
388	1158
389	1000
390	838
391	568
392	418
393	302
394	187
395	114
396	67
397	46
398	37
399	27
400	37
401	29
402	28
403	29
404	32
405	34
406	36
407	29
408	36
409	48
410	43
411	33
412	28
413	40
414	33
415	34
416	35
417	49
418	34
419	30
420	36
421	30
422	31
423	29
424	36
425	31
426	35
427	37
428	40
429	38
430	37
431	41
432	28
433	52
434	42
435	68
436	57
437	56
438	71
439	64
440	76
441	65
442	78
443	64
444	64
445	63
446	61
447	61
448	58
449	61
450	66
451	64
452	72
453	60
454	72
455	75
456	85
457	77
458	90
459	94
460	93
461	80
462	82
463	70
464	63
465	57
466	67
467	53
468	58
469	63
470	59
471	71
472	70
473	64
474	63
475	64
476	60
477	63
478	55
479	66
480	45
481	65
482	52
483	39
484	60
485	65
486	66
487	64
488	48
489	55
490	58
491	59
492	76
493	57
494	66
495	81
496	58
497	68
498	64
499	59
500	62
501	84
502	79
503	71
504	84
505	67
506	74
507	84
508	77
509	75
510	103
511	80
512	92
513	75
514	90
515	83
516	79
517	79
518	85
519	70
520	66
521	89
522	70
523	77
524	84
525	82
526	95
527	112
528	101
529	92
530	102
531	78
532	89
533	102
534	90
535	83
536	77
537	85
538	81
539	88
540	101
541	81
542	83
543	90
544	90
545	85
546	89
547	79
548	65
549	85
550	84
551	87
552	68
553	70
554	74
555	90
556	84
557	88
558	89
559	76
560	90
561	80
562	83
563	75
564	94
565	101
566	75
567	68
568	95
569	89
570	90
571	78
572	84
573	94
574	89
575	86
576	72
577	93
578	81
579	87
580	86
581	94
582	92
583	75
584	91
585	95
586	92
587	77
588	73
589	94
590	94
591	84
592	103
593	100
594	83
595	116
596	91
597	91
598	99
599	77
600	98
601	98
602	86
603	94
604	98
605	106
606	95
607	79
608	102
609	109
610	97
611	87
612	113
613	103
614	115
615	104
616	109
617	97
618	99
619	102
620	101
621	91
622	110
623	98
624	92
625	101
626	98
627	98
628	78
629	97
630	102
631	87
632	95
633	110
634	102
635	111
636	90
637	105
638	130
639	82
640	102
641	100
642	102
643	112
644	112
645	112
646	102
647	120
648	119
649	115
650	117
651	131
652	120
653	120
654	101
655	106
656	92
657	107
658	100
659	105
660	110
661	121
662	99
663	98
664	93
665	103
666	112
667	120
668	107
669	117
670	110
671	90
672	113
673	126
674	111
675	112
676	103
677	121
678	119
679	91
680	109
681	125
682	110
683	120
684	117
685	103
686	125
687	110
688	124
689	125
690	103
691	136
692	128
693	122
694	141
695	114
696	116
697	121
698	127
699	122
700	131
701	113
702	107
703	123
704	142
705	114
706	119
707	115
708	119
709	99
710	133
711	111
712	137
713	104
714	132
715	114
716	122
717	109
718	144
719	107
720	132
721	132
722	132
723	139
724	124
725	127
726	115
727	120
728	127
729	116
730	124
731	136
732	131
733	143
734	122
735	133
736	126
737	118
738	132
739	138
740	136
741	113
742	140
743	129
744	129
745	115
746	116
747	100
748	125
749	134
750	128
751	112
752	107
753	140
754	130
755	133
756	130
757	109
758	112
759	118
760	115
761	116
762	148
763	158
764	156
765	171
766	192
767	222
768	229
769	204
770	289
771	264
772	284
773	275
774	304
775	289
776	275
777	262
778	235
779	211
780	187
781	187
782	160
783	142
784	160
785	143
786	128
787	127
788	130
789	135
790	130
791	121
792	128
793	145
794	113
795	136
796	131
797	120
798	127
799	134
800	142
801	147
802	135
803	134
804	148
805	135
806	126
807	140
808	125
809	136
810	144
811	139
812	133
813	158
814	143
815	137
816	135
817	149
818	142
819	152
820	128
821	147
822	160
823	136
824	127
825	131
826	129
827	138
828	126
829	151
830	140
831	144
832	127
833	154
834	148
835	145
836	154
837	155
838	159
839	122
840	138
841	142
842	141
843	147
844	140
845	147
846	139
847	135
848	166
849	164
850	147
851	164
852	162
853	177
854	168
855	175
856	163
857	171
858	169
859	184
860	181
861	184
862	186
863	202
864	198
865	217
866	221
867	205
868	189
869	192
870	204
871	224
872	211
873	215
874	195
875	195
876	233
877	232
878	227
879	250
880	262
881	276
882	311
883	296
884	332
885	328
886	343
887	395
888	369
889	410
890	421
891	445
892	507
893	491
894	493
895	511
896	573
897	499
898	549
899	571
900	514
901	530
902	557
903	533
904	534
905	498
906	512
907	510
908	480
909	455
910	429
911	428
912	398
913	390
914	339
915	359
916	338
917	322
918	299
919	319
920	274
921	229
922	216
923	230
924	187
925	223
926	209
927	195
928	188
929	192
930	198
931	177
932	197
933	167
934	173
935	158
936	164
937	135
938	157
939	150
940	172
941	167
942	191
943	214
944	219
945	254
946	278
947	296
948	280
949	330
950	344
951	342
952	413
953	429
954	422
955	409
956	391
957	384
958	313
959	321
960	286
961	255
962	242
963	193
964	186
965	151
966	136
967	134
968	133
969	136
970	125
971	124
972	142
973	113
974	131
975	126
976	125
977	120
978	119
979	137
980	120
981	120
982	120
983	116
984	141
985	120
986	127
987	133
988	126
989	134
990	151
991	139
992	140
993	159
994	169
995	159
996	164
997	166
998	167
999	159
1000	173
1001	168
1002	183
1003	164
1004	154
1005	173
1006	177
1007	136
1008	172
1009	173
1010	169
1011	184
1012	155
1013	157
1014	154
1015	152
1016	134
1017	135
1018	132
1019	119
1020	106
1021	110
1022	137
1023	116
1024	100
