Date:	09/05/2018		Time:	12:40		Version no:	0.00		Project name:	55		Sample name:	222		Section name:	section		Position	324.200043	mm	E0	0.000000	keV	E1	1.000000	keV/channel	sample surface	6.071016	cm	Tube anode:	Mo		Tube voltage:	30	kV	Tube current:	50	mA	gain	10		std. database			resultfile	result		matrix element	11		sample thickness	1.000000		air passage	0.560000	cm	comments	in position		peaking_time	2.200000	m-sec	trigger_threshold	547.363281	V	mca_bin_width	22.090000	no:	number_mca_channels	1024.000000	no:	gap_time	0.150000	m-sec	trigger_peaking_time	0.200000	m-sec	GAINDAC	18610		HIGHGAIN	1		TAURC	1		RCTAU	1		RCTAUFRAC	1		livetime	9.438357	seconds	runtime	10.000492	seconds	input_count_rate	24005.131910	cps	output_count_rate	19721.329711	cps	triggers	226569	seconds	events_in_run	197223	seconds	channel	content		1	0
2	0
3	0
4	0
5	0
6	0
7	0
8	0
9	0
10	0
11	0
12	0
13	0
14	0
15	0
16	0
17	0
18	0
19	0
20	0
21	0
22	0
23	0
24	0
25	0
26	0
27	0
28	0
29	0
30	0
31	15
32	19
33	11
34	11
35	19
36	14
37	17
38	9
39	12
40	15
41	18
42	20
43	16
44	12
45	11
46	14
47	11
48	11
49	12
50	9
51	16
52	16
53	9
54	15
55	16
56	17
57	10
58	12
59	14
60	12
61	8
62	10
63	12
64	8
65	9
66	13
67	9
68	7
69	6
70	4
71	4
72	5
73	5
74	10
75	7
76	10
77	8
78	7
79	5
80	8
81	8
82	7
83	17
84	7
85	11
86	9
87	6
88	11
89	5
90	5
91	6
92	9
93	9
94	15
95	10
96	18
97	19
98	18
99	15
100	11
101	13
102	9
103	4
104	7
105	7
106	7
107	7
108	6
109	12
110	11
111	5
112	5
113	4
114	4
115	5
116	3
117	6
118	5
119	3
120	2
121	3
122	6
123	7
124	5
125	2
126	9
127	3
128	4
129	7
130	4
131	4
132	5
133	4
134	5
135	5
136	4
137	4
138	5
139	5
140	1
141	3
142	6
143	4
144	0
145	3
146	0
147	5
148	7
149	2
150	5
151	5
152	2
153	3
154	10
155	2
156	6
157	6
158	8
159	19
160	24
161	26
162	18
163	21
164	21
165	20
166	17
167	12
168	10
169	5
170	5
171	5
172	4
173	4
174	5
175	7
176	12
177	15
178	13
179	17
180	22
181	29
182	22
183	24
184	18
185	20
186	20
187	3
188	8
189	5
190	5
191	8
192	4
193	10
194	10
195	11
196	35
197	62
198	103
199	135
200	243
201	317
202	339
203	390
204	367
205	307
206	191
207	154
208	82
209	40
210	33
211	16
212	13
213	9
214	10
215	19
216	27
217	34
218	62
219	76
220	66
221	49
222	68
223	55
224	40
225	32
226	15
227	7
228	10
229	7
230	4
231	6
232	3
233	4
234	3
235	9
236	5
237	5
238	8
239	13
240	17
241	29
242	35
243	68
244	92
245	129
246	159
247	218
248	202
249	192
250	149
251	113
252	85
253	68
254	61
255	46
256	45
257	40
258	23
259	30
260	26
261	14
262	13
263	13
264	12
265	21
266	20
267	34
268	33
269	45
270	54
271	56
272	41
273	46
274	37
275	29
276	22
277	12
278	18
279	9
280	13
281	10
282	16
283	8
284	9
285	12
286	9
287	11
288	19
289	17
290	15
291	17
292	13
293	11
294	21
295	20
296	12
297	19
298	15
299	21
300	22
301	11
302	20
303	11
304	10
305	17
306	11
307	8
308	6
309	13
310	18
311	12
312	8
313	17
314	21
315	29
316	30
317	36
318	62
319	67
320	109
321	121
322	157
323	146
324	153
325	132
326	116
327	97
328	73
329	60
330	33
331	38
332	29
333	29
334	32
335	31
336	43
337	43
338	61
339	60
340	107
341	198
342	358
343	645
344	1078
345	1919
346	2986
347	4275
348	5644
349	6821
350	7681
351	7828
352	7452
353	6571
354	5357
355	4027
356	2757
357	1788
358	1073
359	591
360	329
361	160
362	107
363	62
364	40
365	38
366	48
367	39
368	46
369	38
370	43
371	47
372	50
373	63
374	55
375	66
376	82
377	101
378	135
379	216
380	308
381	454
382	621
383	891
384	992
385	1258
386	1332
387	1288
388	1247
389	1073
390	877
391	689
392	473
393	303
394	195
395	124
396	69
397	50
398	44
399	40
400	32
401	29
402	18
403	28
404	34
405	35
406	36
407	45
408	24
409	47
410	29
411	32
412	39
413	41
414	33
415	26
416	37
417	37
418	39
419	28
420	26
421	28
422	40
423	28
424	42
425	24
426	37
427	27
428	34
429	31
430	41
431	30
432	53
433	46
434	38
435	39
436	51
437	56
438	68
439	75
440	86
441	66
442	71
443	81
444	88
445	58
446	89
447	62
448	56
449	61
450	63
451	80
452	66
453	74
454	67
455	71
456	72
457	67
458	61
459	77
460	87
461	78
462	73
463	67
464	54
465	56
466	75
467	56
468	59
469	63
470	62
471	65
472	70
473	63
474	81
475	71
476	67
477	56
478	61
479	55
480	56
481	61
482	66
483	59
484	66
485	59
486	44
487	60
488	47
489	61
490	75
491	64
492	56
493	60
494	53
495	63
496	58
497	55
498	58
499	62
500	65
501	86
502	72
503	82
504	84
505	66
506	83
507	77
508	75
509	83
510	89
511	68
512	77
513	80
514	78
515	67
516	82
517	76
518	83
519	68
520	83
521	77
522	101
523	98
524	96
525	101
526	96
527	92
528	96
529	104
530	104
531	83
532	109
533	89
534	86
535	105
536	83
537	72
538	79
539	78
540	71
541	62
542	65
543	85
544	80
545	84
546	88
547	88
548	69
549	86
550	80
551	81
552	66
553	101
554	74
555	68
556	85
557	68
558	81
559	70
560	81
561	94
562	68
563	69
564	84
565	75
566	87
567	72
568	75
569	85
570	88
571	79
572	69
573	84
574	87
575	91
576	95
577	84
578	88
579	92
580	98
581	81
582	66
583	78
584	74
585	86
586	77
587	109
588	91
589	96
590	99
591	107
592	93
593	71
594	87
595	82
596	100
597	85
598	89
599	93
600	86
601	88
602	105
603	99
604	101
605	102
606	82
607	103
608	89
609	82
610	86
611	88
612	90
613	85
614	88
615	103
616	97
617	88
618	95
619	95
620	101
621	97
622	108
623	96
624	109
625	83
626	97
627	96
628	98
629	116
630	99
631	96
632	106
633	103
634	101
635	113
636	86
637	101
638	105
639	99
640	110
641	84
642	107
643	113
644	98
645	118
646	110
647	93
648	119
649	131
650	110
651	119
652	121
653	110
654	96
655	111
656	116
657	110
658	89
659	117
660	95
661	122
662	95
663	92
664	115
665	111
666	97
667	99
668	123
669	107
670	92
671	114
672	106
673	126
674	125
675	111
676	95
677	107
678	113
679	111
680	94
681	105
682	116
683	106
684	109
685	104
686	122
687	119
688	120
689	125
690	109
691	120
692	128
693	116
694	110
695	106
696	102
697	123
698	122
699	111
700	149
701	127
702	119
703	115
704	131
705	117
706	120
707	112
708	127
709	124
710	122
711	130
712	114
713	114
714	111
715	127
716	136
717	132
718	112
719	121
720	105
721	103
722	119
723	119
724	122
725	144
726	127
727	122
728	114
729	105
730	139
731	138
732	134
733	128
734	105
735	139
736	137
737	132
738	120
739	127
740	130
741	107
742	127
743	151
744	164
745	120
746	129
747	133
748	121
749	141
750	130
751	124
752	138
753	137
754	140
755	141
756	149
757	113
758	117
759	170
760	130
761	161
762	147
763	160
764	210
765	179
766	183
767	203
768	244
769	243
770	237
771	299
772	313
773	308
774	315
775	296
776	307
777	255
778	233
779	198
780	232
781	176
782	160
783	155
784	144
785	130
786	133
787	123
788	128
789	111
790	105
791	140
792	134
793	122
794	135
795	134
796	141
797	151
798	100
799	135
800	142
801	145
802	140
803	144
804	126
805	147
806	127
807	132
808	146
809	134
810	144
811	126
812	142
813	145
814	121
815	158
816	128
817	156
818	146
819	129
820	134
821	145
822	128
823	143
824	129
825	138
826	159
827	147
828	147
829	149
830	130
831	127
832	140
833	162
834	154
835	145
836	148
837	139
838	158
839	126
840	146
841	146
842	156
843	157
844	157
845	142
846	149
847	139
848	164
849	171
850	161
851	151
852	154
853	155
854	174
855	169
856	175
857	183
858	214
859	185
860	198
861	229
862	215
863	224
864	222
865	226
866	183
867	249
868	213
869	206
870	212
871	253
872	205
873	195
874	237
875	227
876	203
877	247
878	261
879	249
880	274
881	270
882	310
883	329
884	314
885	352
886	369
887	371
888	398
889	413
890	402
891	437
892	483
893	490
894	525
895	490
896	540
897	524
898	560
899	562
900	540
901	560
902	576
903	561
904	516
905	528
906	511
907	487
908	503
909	477
910	444
911	449
912	403
913	408
914	369
915	340
916	350
917	301
918	292
919	275
920	247
921	270
922	265
923	231
924	247
925	215
926	208
927	192
928	190
929	191
930	178
931	210
932	158
933	157
934	187
935	163
936	157
937	164
938	152
939	186
940	181
941	166
942	216
943	225
944	208
945	250
946	255
947	276
948	352
949	357
950	391
951	369
952	401
953	408
954	412
955	412
956	439
957	373
958	354
959	301
960	278
961	277
962	237
963	211
964	215
965	175
966	155
967	149
968	119
969	130
970	127
971	117
972	127
973	145
974	133
975	126
976	129
977	117
978	119
979	135
980	134
981	106
982	124
983	145
984	157
985	128
986	136
987	151
988	145
989	142
990	148
991	162
992	164
993	170
994	132
995	156
996	171
997	159
998	161
999	176
1000	171
1001	173
1002	175
1003	177
1004	176
1005	163
1006	156
1007	164
1008	158
1009	173
1010	155
1011	176
1012	139
1013	163
1014	154
1015	162
1016	161
1017	144
1018	148
1019	145
1020	125
1021	114
1022	119
1023	115
1024	119
