Date:	09/05/2018		Time:	13:09		Version no:	0.00		Project name:	55		Sample name:	222		Section name:	section		Position	354.600037	mm	E0	0.000000	keV	E1	1.000000	keV/channel	sample surface	6.133054	cm	Tube anode:	Mo		Tube voltage:	30	kV	Tube current:	50	mA	gain	10		std. database			resultfile	result		matrix element	11		sample thickness	1.000000		air passage	0.560000	cm	comments	in position		peaking_time	2.200000	m-sec	trigger_threshold	547.363281	V	mca_bin_width	22.090000	no:	number_mca_channels	1024.000000	no:	gap_time	0.150000	m-sec	trigger_peaking_time	0.200000	m-sec	GAINDAC	18610		HIGHGAIN	1		TAURC	1		RCTAU	1		RCTAUFRAC	1		livetime	9.440231	seconds	runtime	10.000179	seconds	input_count_rate	24498.976254	cps	output_count_rate	20062.440481	cps	triggers	231276	seconds	events_in_run	200628	seconds	channel	content		1	0
2	0
3	0
4	0
5	0
6	0
7	0
8	0
9	0
10	0
11	0
12	0
13	0
14	0
15	0
16	0
17	0
18	0
19	0
20	0
21	0
22	0
23	0
24	0
25	0
26	0
27	0
28	0
29	0
30	0
31	7
32	13
33	15
34	15
35	11
36	10
37	13
38	9
39	9
40	10
41	11
42	10
43	8
44	14
45	4
46	12
47	13
48	11
49	12
50	12
51	7
52	12
53	9
54	11
55	12
56	12
57	14
58	11
59	9
60	12
61	14
62	8
63	5
64	9
65	14
66	12
67	9
68	8
69	11
70	4
71	9
72	3
73	8
74	9
75	8
76	3
77	11
78	6
79	9
80	9
81	14
82	9
83	16
84	5
85	9
86	11
87	5
88	5
89	7
90	3
91	8
92	8
93	11
94	21
95	22
96	21
97	23
98	22
99	12
100	9
101	8
102	11
103	6
104	6
105	15
106	6
107	6
108	14
109	13
110	10
111	9
112	5
113	3
114	5
115	1
116	5
117	8
118	5
119	5
120	3
121	5
122	4
123	9
124	3
125	6
126	3
127	3
128	7
129	4
130	3
131	3
132	4
133	4
134	5
135	4
136	2
137	4
138	6
139	3
140	3
141	4
142	1
143	4
144	2
145	2
146	3
147	4
148	6
149	2
150	4
151	8
152	5
153	5
154	4
155	4
156	5
157	11
158	9
159	10
160	13
161	30
162	30
163	26
164	33
165	20
166	21
167	15
168	5
169	2
170	7
171	2
172	5
173	7
174	8
175	5
176	5
177	6
178	13
179	18
180	22
181	18
182	28
183	16
184	17
185	23
186	17
187	9
188	7
189	10
190	4
191	3
192	3
193	7
194	13
195	19
196	29
197	48
198	94
199	167
200	219
201	293
202	330
203	406
204	363
205	312
206	196
207	161
208	88
209	45
210	27
211	12
212	9
213	8
214	8
215	12
216	22
217	37
218	48
219	60
220	54
221	69
222	58
223	37
224	36
225	25
226	12
227	13
228	11
229	7
230	7
231	5
232	8
233	6
234	2
235	4
236	5
237	9
238	7
239	8
240	13
241	28
242	42
243	71
244	70
245	123
246	145
247	179
248	202
249	166
250	183
251	124
252	85
253	68
254	63
255	39
256	41
257	35
258	20
259	20
260	17
261	12
262	14
263	9
264	7
265	18
266	29
267	27
268	44
269	53
270	58
271	47
272	44
273	35
274	37
275	23
276	23
277	22
278	9
279	14
280	14
281	12
282	17
283	13
284	13
285	15
286	11
287	9
288	15
289	17
290	23
291	24
292	17
293	15
294	17
295	14
296	20
297	17
298	22
299	15
300	16
301	18
302	22
303	16
304	11
305	13
306	13
307	14
308	14
309	12
310	16
311	11
312	11
313	13
314	14
315	18
316	34
317	40
318	75
319	88
320	110
321	142
322	185
323	200
324	204
325	168
326	141
327	96
328	81
329	73
330	58
331	44
332	29
333	35
334	23
335	32
336	36
337	39
338	63
339	66
340	126
341	171
342	378
343	777
344	1282
345	2145
346	3350
347	4790
348	6436
349	7681
350	8571
351	8835
352	8574
353	7564
354	5912
355	4579
356	3089
357	2003
358	1182
359	650
360	373
361	166
362	104
363	69
364	66
365	41
366	46
367	38
368	41
369	36
370	44
371	52
372	55
373	52
374	62
375	70
376	82
377	101
378	190
379	230
380	369
381	500
382	745
383	929
384	1134
385	1359
386	1470
387	1483
388	1318
389	1171
390	958
391	720
392	523
393	357
394	227
395	148
396	58
397	60
398	33
399	31
400	34
401	26
402	15
403	41
404	26
405	40
406	44
407	22
408	40
409	46
410	37
411	39
412	37
413	37
414	36
415	27
416	32
417	30
418	31
419	36
420	16
421	40
422	36
423	34
424	35
425	25
426	26
427	34
428	28
429	24
430	35
431	34
432	41
433	25
434	42
435	47
436	44
437	44
438	59
439	67
440	65
441	55
442	71
443	67
444	79
445	56
446	61
447	76
448	62
449	54
450	52
451	54
452	56
453	60
454	82
455	63
456	67
457	65
458	80
459	66
460	89
461	82
462	78
463	71
464	54
465	46
466	42
467	65
468	49
469	61
470	56
471	62
472	47
473	73
474	67
475	66
476	52
477	54
478	45
479	45
480	45
481	48
482	51
483	52
484	52
485	57
486	52
487	47
488	52
489	37
490	55
491	43
492	64
493	43
494	50
495	63
496	46
497	52
498	60
499	53
500	56
501	60
502	70
503	80
504	73
505	79
506	79
507	95
508	64
509	86
510	79
511	72
512	61
513	84
514	78
515	48
516	79
517	70
518	62
519	77
520	79
521	86
522	76
523	81
524	81
525	84
526	80
527	86
528	69
529	91
530	85
531	86
532	74
533	74
534	96
535	78
536	72
537	71
538	93
539	72
540	71
541	84
542	71
543	65
544	88
545	77
546	58
547	74
548	73
549	60
550	74
551	75
552	76
553	67
554	63
555	77
556	75
557	79
558	76
559	75
560	74
561	72
562	82
563	86
564	77
565	75
566	71
567	78
568	66
569	80
570	65
571	69
572	71
573	85
574	76
575	73
576	78
577	91
578	76
579	76
580	72
581	65
582	82
583	71
584	67
585	81
586	71
587	80
588	83
589	85
590	97
591	74
592	82
593	82
594	84
595	92
596	98
597	84
598	81
599	99
600	99
601	87
602	78
603	72
604	96
605	91
606	87
607	105
608	88
609	87
610	88
611	94
612	94
613	87
614	115
615	75
616	107
617	75
618	93
619	107
620	104
621	94
622	100
623	105
624	93
625	101
626	97
627	89
628	104
629	81
630	84
631	79
632	82
633	107
634	97
635	91
636	80
637	84
638	93
639	95
640	88
641	96
642	92
643	90
644	92
645	102
646	104
647	103
648	103
649	94
650	105
651	103
652	115
653	104
654	92
655	117
656	94
657	93
658	92
659	105
660	92
661	114
662	91
663	110
664	93
665	106
666	92
667	104
668	97
669	109
670	102
671	103
672	98
673	93
674	99
675	108
676	117
677	101
678	120
679	100
680	104
681	85
682	134
683	96
684	87
685	116
686	113
687	91
688	98
689	103
690	102
691	107
692	98
693	102
694	116
695	113
696	122
697	119
698	112
699	88
700	108
701	107
702	116
703	125
704	121
705	114
706	115
707	120
708	107
709	115
710	101
711	115
712	130
713	125
714	109
715	118
716	107
717	101
718	119
719	125
720	118
721	120
722	117
723	122
724	118
725	116
726	98
727	111
728	141
729	134
730	107
731	113
732	111
733	107
734	117
735	108
736	123
737	128
738	125
739	130
740	111
741	141
742	133
743	118
744	108
745	112
746	112
747	118
748	106
749	112
750	142
751	109
752	119
753	114
754	127
755	138
756	140
757	114
758	110
759	121
760	134
761	121
762	135
763	135
764	165
765	166
766	190
767	176
768	231
769	204
770	254
771	268
772	288
773	296
774	279
775	252
776	286
777	241
778	233
779	229
780	189
781	160
782	150
783	155
784	140
785	136
786	130
787	106
788	120
789	123
790	146
791	131
792	124
793	133
794	103
795	117
796	113
797	127
798	115
799	142
800	129
801	112
802	117
803	129
804	118
805	117
806	125
807	115
808	136
809	139
810	131
811	132
812	136
813	155
814	144
815	132
816	150
817	134
818	161
819	131
820	133
821	144
822	138
823	152
824	137
825	132
826	145
827	135
828	118
829	129
830	104
831	138
832	124
833	114
834	134
835	118
836	114
837	142
838	143
839	125
840	122
841	127
842	159
843	143
844	137
845	133
846	129
847	149
848	151
849	125
850	150
851	142
852	145
853	161
854	178
855	154
856	184
857	173
858	186
859	162
860	194
861	195
862	212
863	189
864	188
865	196
866	183
867	227
868	185
869	213
870	203
871	177
872	222
873	229
874	203
875	198
876	259
877	249
878	251
879	260
880	256
881	268
882	244
883	273
884	290
885	304
886	319
887	350
888	371
889	375
890	424
891	402
892	425
893	440
894	430
895	430
896	554
897	528
898	538
899	484
900	470
901	534
902	524
903	484
904	521
905	511
906	415
907	452
908	464
909	386
910	415
911	380
912	400
913	392
914	339
915	334
916	300
917	267
918	286
919	243
920	230
921	224
922	203
923	220
924	222
925	201
926	193
927	170
928	167
929	166
930	168
931	152
932	167
933	170
934	166
935	158
936	156
937	132
938	152
939	170
940	152
941	170
942	189
943	193
944	213
945	226
946	248
947	280
948	323
949	339
950	342
951	395
952	403
953	387
954	406
955	422
956	379
957	327
958	342
959	293
960	250
961	242
962	206
963	202
964	181
965	151
966	142
967	136
968	134
969	128
970	111
971	123
972	127
973	110
974	124
975	130
976	104
977	123
978	135
979	117
980	127
981	114
982	134
983	133
984	139
985	116
986	153
987	121
988	130
989	151
990	133
991	141
992	141
993	167
994	147
995	141
996	161
997	155
998	187
999	139
1000	149
1001	178
1002	151
1003	152
1004	149
1005	158
1006	135
1007	160
1008	178
1009	165
1010	159
1011	135
1012	145
1013	140
1014	142
1015	133
1016	133
1017	133
1018	144
1019	116
1020	123
1021	111
1022	110
1023	89
1024	116
