Date:	09/05/2018		Time:	13:19		Version no:	0.00		Project name:	55		Sample name:	222		Section name:	section		Position	365.800018	mm	E0	0.000000	keV	E1	1.000000	keV/channel	sample surface	6.083333	cm	Tube anode:	Mo		Tube voltage:	30	kV	Tube current:	50	mA	gain	10		std. database			resultfile	result		matrix element	11		sample thickness	1.000000		air passage	0.560000	cm	comments	in position		peaking_time	2.200000	m-sec	trigger_threshold	547.363281	V	mca_bin_width	22.090000	no:	number_mca_channels	1024.000000	no:	gap_time	0.150000	m-sec	trigger_peaking_time	0.200000	m-sec	GAINDAC	18610		HIGHGAIN	1		TAURC	1		RCTAU	1		RCTAUFRAC	1		livetime	9.414498	seconds	runtime	10.000492	seconds	input_count_rate	25978.760589	cps	output_count_rate	21049.064386	cps	triggers	244577	seconds	events_in_run	210501	seconds	channel	content		1	0
2	0
3	0
4	0
5	0
6	0
7	0
8	0
9	0
10	0
11	0
12	0
13	0
14	0
15	0
16	0
17	0
18	0
19	0
20	0
21	0
22	0
23	0
24	0
25	0
26	0
27	0
28	0
29	0
30	0
31	16
32	7
33	15
34	20
35	14
36	14
37	13
38	13
39	10
40	10
41	15
42	16
43	12
44	14
45	10
46	19
47	13
48	14
49	11
50	19
51	13
52	13
53	16
54	10
55	11
56	11
57	11
58	8
59	14
60	12
61	7
62	5
63	13
64	12
65	8
66	6
67	11
68	11
69	9
70	5
71	4
72	5
73	13
74	3
75	6
76	8
77	6
78	4
79	10
80	8
81	9
82	15
83	10
84	10
85	8
86	4
87	7
88	5
89	9
90	4
91	3
92	10
93	14
94	11
95	23
96	20
97	14
98	19
99	7
100	10
101	13
102	8
103	7
104	8
105	12
106	10
107	10
108	10
109	12
110	10
111	6
112	4
113	6
114	6
115	5
116	2
117	4
118	5
119	3
120	3
121	4
122	2
123	5
124	7
125	7
126	8
127	1
128	4
129	7
130	4
131	4
132	7
133	4
134	4
135	7
136	4
137	7
138	4
139	3
140	5
141	4
142	1
143	4
144	6
145	4
146	2
147	0
148	3
149	7
150	6
151	8
152	1
153	9
154	9
155	7
156	1
157	7
158	11
159	14
160	29
161	25
162	20
163	31
164	26
165	20
166	18
167	14
168	10
169	6
170	3
171	3
172	1
173	5
174	4
175	8
176	11
177	12
178	12
179	19
180	24
181	20
182	30
183	26
184	19
185	14
186	16
187	2
188	6
189	2
190	4
191	3
192	5
193	3
194	8
195	18
196	30
197	54
198	113
199	142
200	226
201	302
202	295
203	364
204	321
205	274
206	197
207	144
208	98
209	35
210	27
211	12
212	8
213	13
214	9
215	17
216	22
217	44
218	42
219	52
220	74
221	67
222	57
223	30
224	29
225	21
226	13
227	13
228	6
229	5
230	8
231	4
232	2
233	2
234	4
235	3
236	5
237	4
238	6
239	6
240	12
241	25
242	42
243	67
244	92
245	124
246	161
247	215
248	194
249	169
250	150
251	123
252	98
253	70
254	56
255	52
256	52
257	36
258	35
259	19
260	29
261	16
262	10
263	14
264	12
265	17
266	17
267	32
268	42
269	42
270	46
271	60
272	58
273	68
274	46
275	21
276	23
277	21
278	24
279	10
280	9
281	10
282	8
283	17
284	10
285	9
286	18
287	17
288	10
289	13
290	22
291	17
292	22
293	18
294	23
295	25
296	22
297	19
298	18
299	16
300	20
301	17
302	14
303	6
304	21
305	11
306	12
307	17
308	9
309	18
310	19
311	15
312	13
313	23
314	23
315	21
316	34
317	47
318	62
319	90
320	83
321	118
322	138
323	170
324	184
325	141
326	111
327	103
328	88
329	57
330	44
331	32
332	39
333	29
334	30
335	41
336	33
337	43
338	63
339	70
340	141
341	251
342	434
343	865
344	1442
345	2430
346	3799
347	5375
348	6996
349	8644
350	9695
351	9966
352	9321
353	8358
354	6786
355	5105
356	3363
357	2158
358	1313
359	717
360	427
361	188
362	110
363	77
364	64
365	38
366	50
367	44
368	30
369	45
370	49
371	38
372	53
373	55
374	66
375	75
376	82
377	117
378	176
379	254
380	363
381	548
382	807
383	978
384	1271
385	1437
386	1642
387	1654
388	1604
389	1389
390	1111
391	853
392	595
393	361
394	252
395	152
396	93
397	72
398	45
399	42
400	27
401	33
402	20
403	30
404	30
405	30
406	28
407	30
408	42
409	34
410	37
411	32
412	31
413	39
414	28
415	27
416	27
417	30
418	25
419	25
420	23
421	41
422	30
423	28
424	25
425	29
426	41
427	38
428	31
429	31
430	31
431	35
432	38
433	45
434	40
435	43
436	49
437	56
438	59
439	65
440	59
441	85
442	82
443	66
444	68
445	57
446	64
447	47
448	46
449	52
450	65
451	52
452	65
453	48
454	54
455	58
456	65
457	74
458	75
459	82
460	93
461	87
462	66
463	73
464	66
465	56
466	48
467	47
468	48
469	46
470	49
471	49
472	66
473	53
474	65
475	48
476	55
477	66
478	49
479	49
480	39
481	49
482	45
483	45
484	53
485	49
486	57
487	52
488	62
489	49
490	58
491	37
492	50
493	58
494	36
495	56
496	50
497	61
498	58
499	75
500	50
501	62
502	59
503	63
504	71
505	63
506	68
507	73
508	65
509	82
510	78
511	68
512	77
513	65
514	76
515	61
516	73
517	81
518	72
519	69
520	83
521	74
522	66
523	87
524	74
525	78
526	93
527	89
528	95
529	81
530	98
531	97
532	89
533	66
534	85
535	88
536	77
537	56
538	77
539	83
540	57
541	76
542	82
543	62
544	74
545	86
546	85
547	87
548	71
549	79
550	79
551	63
552	73
553	96
554	72
555	70
556	65
557	63
558	69
559	75
560	61
561	67
562	65
563	86
564	68
565	67
566	67
567	78
568	81
569	69
570	70
571	76
572	88
573	73
574	78
575	92
576	87
577	79
578	88
579	85
580	63
581	73
582	76
583	83
584	52
585	69
586	74
587	85
588	73
589	91
590	67
591	85
592	77
593	87
594	90
595	68
596	84
597	91
598	78
599	96
600	83
601	80
602	88
603	80
604	78
605	82
606	79
607	87
608	94
609	76
610	77
611	114
612	94
613	88
614	94
615	97
616	90
617	86
618	93
619	94
620	87
621	95
622	90
623	75
624	95
625	82
626	102
627	96
628	89
629	99
630	70
631	102
632	88
633	89
634	94
635	89
636	101
637	67
638	97
639	100
640	96
641	100
642	98
643	100
644	83
645	103
646	92
647	86
648	94
649	116
650	112
651	99
652	112
653	125
654	118
655	107
656	93
657	101
658	119
659	107
660	82
661	87
662	117
663	102
664	105
665	112
666	84
667	97
668	102
669	114
670	97
671	100
672	100
673	129
674	110
675	101
676	118
677	94
678	112
679	83
680	98
681	86
682	115
683	107
684	119
685	98
686	127
687	107
688	127
689	123
690	120
691	100
692	98
693	115
694	105
695	101
696	117
697	113
698	120
699	110
700	110
701	111
702	105
703	149
704	112
705	117
706	114
707	125
708	98
709	124
710	123
711	127
712	124
713	114
714	106
715	121
716	116
717	105
718	124
719	101
720	111
721	119
722	101
723	115
724	135
725	123
726	115
727	113
728	116
729	110
730	114
731	115
732	116
733	110
734	129
735	110
736	129
737	122
738	127
739	131
740	128
741	100
742	118
743	131
744	119
745	124
746	123
747	125
748	130
749	99
750	101
751	127
752	130
753	121
754	104
755	126
756	109
757	115
758	108
759	124
760	146
761	120
762	143
763	147
764	158
765	152
766	181
767	172
768	192
769	227
770	186
771	257
772	241
773	256
774	238
775	248
776	254
777	236
778	220
779	209
780	146
781	176
782	151
783	145
784	126
785	136
786	139
787	122
788	118
789	118
790	124
791	126
792	128
793	132
794	136
795	140
796	138
797	106
798	122
799	117
800	117
801	125
802	120
803	126
804	126
805	124
806	125
807	136
808	128
809	117
810	108
811	133
812	128
813	130
814	128
815	144
816	123
817	145
818	147
819	125
820	153
821	130
822	135
823	137
824	120
825	121
826	156
827	137
828	132
829	130
830	127
831	144
832	130
833	160
834	126
835	142
836	146
837	134
838	128
839	133
840	121
841	140
842	136
843	126
844	100
845	126
846	149
847	156
848	146
849	145
850	145
851	136
852	150
853	182
854	150
855	149
856	143
857	152
858	173
859	191
860	198
861	200
862	167
863	189
864	199
865	215
866	216
867	216
868	224
869	208
870	186
871	193
872	197
873	195
874	185
875	224
876	218
877	208
878	212
879	247
880	249
881	246
882	250
883	294
884	296
885	308
886	310
887	325
888	367
889	372
890	377
891	378
892	423
893	444
894	467
895	450
896	521
897	491
898	477
899	525
900	514
901	539
902	484
903	488
904	510
905	472
906	500
907	477
908	452
909	409
910	425
911	378
912	351
913	339
914	319
915	312
916	329
917	282
918	291
919	243
920	246
921	228
922	230
923	206
924	197
925	196
926	180
927	175
928	169
929	160
930	169
931	165
932	130
933	181
934	161
935	158
936	156
937	149
938	146
939	158
940	164
941	169
942	195
943	196
944	207
945	273
946	267
947	294
948	293
949	355
950	398
951	370
952	414
953	445
954	432
955	405
956	387
957	362
958	323
959	296
960	251
961	286
962	218
963	209
964	173
965	165
966	158
967	135
968	119
969	130
970	129
971	116
972	116
973	118
974	122
975	130
976	135
977	121
978	97
979	95
980	111
981	144
982	133
983	120
984	133
985	117
986	126
987	118
988	159
989	119
990	146
991	122
992	121
993	158
994	167
995	147
996	172
997	151
998	143
999	165
1000	160
1001	169
1002	154
1003	160
1004	177
1005	161
1006	168
1007	162
1008	166
1009	173
1010	173
1011	155
1012	156
1013	130
1014	136
1015	128
1016	139
1017	140
1018	133
1019	125
1020	112
1021	126
1022	94
1023	93
1024	102
