Date:	09/05/2018		Time:	12:35		Version no:	0.00		Project name:	55		Sample name:	222		Section name:	section		Position	319.000031	mm	E0	0.000000	keV	E1	1.000000	keV/channel	sample surface	6.038779	cm	Tube anode:	Mo		Tube voltage:	30	kV	Tube current:	50	mA	gain	10		std. database			resultfile	result		matrix element	11		sample thickness	1.000000		air passage	0.560000	cm	comments	in position		peaking_time	2.200000	m-sec	trigger_threshold	547.363281	V	mca_bin_width	22.090000	no:	number_mca_channels	1024.000000	no:	gap_time	0.150000	m-sec	trigger_peaking_time	0.200000	m-sec	GAINDAC	18610		HIGHGAIN	1		TAURC	1		RCTAU	1		RCTAUFRAC	1		livetime	9.465010	seconds	runtime	10.000492	seconds	input_count_rate	22935.423119	cps	output_count_rate	18942.568026	cps	triggers	217084	seconds	events_in_run	189435	seconds	channel	content		1	0
2	0
3	0
4	0
5	0
6	0
7	0
8	0
9	0
10	0
11	0
12	0
13	0
14	0
15	0
16	0
17	0
18	0
19	0
20	0
21	0
22	0
23	0
24	0
25	0
26	0
27	0
28	0
29	0
30	0
31	7
32	15
33	21
34	10
35	18
36	15
37	15
38	14
39	17
40	6
41	10
42	11
43	11
44	10
45	15
46	16
47	16
48	9
49	18
50	16
51	15
52	8
53	11
54	8
55	10
56	7
57	9
58	7
59	11
60	5
61	15
62	13
63	7
64	4
65	15
66	8
67	12
68	8
69	12
70	7
71	10
72	3
73	5
74	7
75	10
76	13
77	5
78	3
79	7
80	5
81	6
82	12
83	15
84	8
85	6
86	9
87	5
88	6
89	3
90	4
91	7
92	2
93	11
94	14
95	11
96	25
97	16
98	17
99	19
100	10
101	12
102	4
103	5
104	7
105	5
106	9
107	8
108	10
109	8
110	8
111	3
112	7
113	7
114	4
115	4
116	4
117	6
118	4
119	4
120	5
121	6
122	13
123	7
124	6
125	2
126	2
127	5
128	5
129	3
130	4
131	5
132	5
133	1
134	5
135	6
136	3
137	3
138	3
139	2
140	4
141	5
142	6
143	1
144	2
145	2
146	8
147	5
148	1
149	5
150	4
151	8
152	3
153	6
154	5
155	4
156	3
157	4
158	8
159	9
160	17
161	22
162	38
163	23
164	27
165	23
166	16
167	7
168	7
169	8
170	7
171	3
172	5
173	4
174	6
175	10
176	6
177	9
178	12
179	16
180	28
181	23
182	19
183	18
184	13
185	23
186	12
187	9
188	4
189	5
190	2
191	9
192	5
193	5
194	5
195	20
196	26
197	50
198	96
199	149
200	203
201	269
202	350
203	316
204	328
205	285
206	225
207	131
208	75
209	52
210	28
211	14
212	4
213	10
214	12
215	24
216	31
217	38
218	40
219	51
220	56
221	51
222	37
223	32
224	23
225	16
226	17
227	12
228	4
229	2
230	4
231	4
232	3
233	2
234	6
235	5
236	5
237	8
238	5
239	11
240	14
241	19
242	33
243	66
244	81
245	120
246	141
247	134
248	159
249	153
250	131
251	87
252	74
253	61
254	52
255	67
256	37
257	29
258	32
259	18
260	15
261	20
262	10
263	18
264	9
265	17
266	14
267	33
268	32
269	33
270	42
271	47
272	46
273	38
274	25
275	12
276	24
277	15
278	7
279	10
280	7
281	7
282	7
283	6
284	16
285	12
286	16
287	17
288	16
289	19
290	11
291	14
292	21
293	12
294	21
295	16
296	12
297	18
298	14
299	14
300	14
301	11
302	12
303	24
304	6
305	17
306	17
307	12
308	17
309	14
310	17
311	12
312	13
313	16
314	13
315	25
316	25
317	27
318	51
319	75
320	107
321	135
322	144
323	171
324	152
325	142
326	121
327	118
328	81
329	58
330	47
331	36
332	21
333	27
334	40
335	26
336	27
337	35
338	56
339	53
340	105
341	190
342	402
343	690
344	1192
345	1935
346	2975
347	4191
348	5613
349	6701
350	7453
351	7827
352	7367
353	6520
354	5260
355	3914
356	2693
357	1711
358	1049
359	581
360	334
361	166
362	99
363	58
364	50
365	40
366	42
367	34
368	45
369	43
370	32
371	42
372	36
373	61
374	63
375	58
376	69
377	98
378	116
379	193
380	290
381	412
382	621
383	796
384	1056
385	1233
386	1289
387	1292
388	1222
389	1079
390	887
391	670
392	445
393	347
394	188
395	110
396	65
397	44
398	37
399	36
400	24
401	27
402	32
403	32
404	40
405	37
406	31
407	37
408	35
409	39
410	36
411	24
412	36
413	36
414	37
415	29
416	43
417	33
418	30
419	21
420	35
421	30
422	26
423	39
424	27
425	38
426	30
427	23
428	27
429	38
430	31
431	32
432	25
433	42
434	37
435	37
436	58
437	59
438	50
439	73
440	75
441	63
442	64
443	51
444	53
445	67
446	56
447	36
448	52
449	52
450	54
451	44
452	42
453	66
454	50
455	71
456	78
457	79
458	68
459	68
460	80
461	75
462	76
463	74
464	63
465	61
466	74
467	62
468	55
469	55
470	49
471	71
472	58
473	57
474	50
475	50
476	82
477	60
478	55
479	53
480	53
481	49
482	43
483	52
484	55
485	46
486	49
487	55
488	59
489	54
490	65
491	65
492	60
493	65
494	60
495	51
496	62
497	44
498	52
499	60
500	73
501	66
502	55
503	57
504	86
505	74
506	71
507	87
508	86
509	70
510	68
511	70
512	68
513	74
514	72
515	80
516	81
517	85
518	76
519	79
520	91
521	87
522	68
523	82
524	70
525	103
526	105
527	102
528	114
529	94
530	73
531	91
532	81
533	89
534	92
535	75
536	84
537	62
538	61
539	71
540	81
541	72
542	69
543	71
544	75
545	103
546	76
547	79
548	71
549	72
550	66
551	70
552	71
553	81
554	80
555	66
556	86
557	78
558	66
559	73
560	62
561	64
562	75
563	71
564	71
565	70
566	72
567	69
568	79
569	84
570	70
571	78
572	76
573	68
574	84
575	81
576	75
577	89
578	81
579	88
580	74
581	74
582	79
583	86
584	67
585	88
586	72
587	99
588	90
589	107
590	95
591	76
592	88
593	83
594	88
595	87
596	86
597	79
598	102
599	75
600	80
601	62
602	88
603	101
604	82
605	84
606	104
607	104
608	91
609	97
610	78
611	82
612	80
613	92
614	104
615	85
616	94
617	116
618	96
619	108
620	87
621	87
622	99
623	94
624	75
625	102
626	99
627	87
628	94
629	99
630	92
631	96
632	93
633	89
634	101
635	103
636	91
637	84
638	92
639	111
640	93
641	95
642	106
643	95
644	88
645	110
646	93
647	99
648	98
649	112
650	97
651	112
652	100
653	108
654	99
655	120
656	122
657	92
658	107
659	92
660	102
661	82
662	111
663	81
664	80
665	95
666	109
667	110
668	101
669	107
670	92
671	103
672	100
673	106
674	107
675	110
676	76
677	101
678	122
679	99
680	114
681	108
682	104
683	123
684	109
685	113
686	99
687	110
688	95
689	97
690	109
691	123
692	101
693	108
694	113
695	130
696	127
697	113
698	114
699	104
700	110
701	95
702	131
703	120
704	126
705	120
706	106
707	125
708	119
709	107
710	101
711	103
712	116
713	99
714	93
715	119
716	110
717	131
718	127
719	111
720	97
721	102
722	102
723	117
724	103
725	123
726	117
727	109
728	139
729	142
730	116
731	143
732	127
733	124
734	96
735	133
736	127
737	130
738	121
739	114
740	117
741	120
742	126
743	137
744	131
745	125
746	116
747	116
748	139
749	97
750	120
751	125
752	115
753	117
754	138
755	114
756	113
757	118
758	118
759	116
760	139
761	126
762	157
763	171
764	140
765	151
766	173
767	187
768	192
769	203
770	246
771	260
772	275
773	292
774	313
775	264
776	255
777	256
778	221
779	207
780	174
781	177
782	165
783	178
784	145
785	136
786	144
787	123
788	122
789	143
790	137
791	132
792	112
793	129
794	141
795	117
796	123
797	116
798	138
799	118
800	165
801	155
802	130
803	123
804	129
805	127
806	125
807	135
808	145
809	117
810	136
811	128
812	139
813	124
814	123
815	111
816	118
817	125
818	147
819	145
820	138
821	145
822	118
823	129
824	128
825	131
826	145
827	116
828	120
829	137
830	148
831	144
832	155
833	136
834	110
835	131
836	152
837	135
838	159
839	155
840	124
841	145
842	143
843	144
844	150
845	132
846	131
847	134
848	143
849	137
850	134
851	156
852	146
853	163
854	146
855	153
856	153
857	149
858	196
859	171
860	200
861	220
862	206
863	186
864	196
865	225
866	205
867	218
868	192
869	201
870	206
871	194
872	190
873	200
874	189
875	222
876	229
877	222
878	216
879	226
880	248
881	251
882	271
883	280
884	307
885	325
886	313
887	323
888	360
889	404
890	398
891	441
892	466
893	457
894	451
895	490
896	513
897	519
898	480
899	564
900	551
901	533
902	533
903	519
904	491
905	499
906	499
907	456
908	454
909	501
910	417
911	411
912	395
913	385
914	350
915	335
916	321
917	301
918	257
919	265
920	231
921	231
922	235
923	218
924	209
925	210
926	199
927	184
928	177
929	194
930	164
931	143
932	166
933	148
934	166
935	155
936	152
937	136
938	146
939	151
940	168
941	175
942	181
943	182
944	230
945	243
946	233
947	300
948	330
949	330
950	343
951	365
952	394
953	387
954	426
955	398
956	391
957	373
958	326
959	281
960	267
961	241
962	226
963	183
964	173
965	160
966	155
967	133
968	119
969	115
970	130
971	127
972	143
973	124
974	123
975	125
976	105
977	102
978	112
979	121
980	114
981	105
982	121
983	137
984	113
985	132
986	148
987	120
988	118
989	145
990	141
991	148
992	146
993	150
994	148
995	159
996	164
997	150
998	146
999	154
1000	146
1001	161
1002	195
1003	134
1004	158
1005	180
1006	171
1007	148
1008	170
1009	139
1010	164
1011	142
1012	142
1013	154
1014	137
1015	141
1016	134
1017	150
1018	128
1019	122
1020	126
1021	122
1022	118
1023	99
1024	100
