Date:	09/05/2018		Time:	12:34		Version no:	0.00		Project name:	55		Sample name:	222		Section name:	section		Position	318.000031	mm	E0	0.000000	keV	E1	1.000000	keV/channel	sample surface	6.032559	cm	Tube anode:	Mo		Tube voltage:	30	kV	Tube current:	50	mA	gain	10		std. database			resultfile	result		matrix element	11		sample thickness	1.000000		air passage	0.560000	cm	comments	in position		peaking_time	2.200000	m-sec	trigger_threshold	547.363281	V	mca_bin_width	22.090000	no:	number_mca_channels	1024.000000	no:	gap_time	0.150000	m-sec	trigger_peaking_time	0.200000	m-sec	GAINDAC	18610		HIGHGAIN	1		TAURC	1		RCTAU	1		RCTAUFRAC	1		livetime	9.447714	seconds	runtime	10.000495	seconds	input_count_rate	23759.187620	cps	output_count_rate	19500.434338	cps	triggers	224470	seconds	events_in_run	195014	seconds	channel	content		1	0
2	0
3	0
4	0
5	0
6	0
7	0
8	0
9	0
10	0
11	0
12	0
13	0
14	0
15	0
16	0
17	0
18	0
19	0
20	0
21	0
22	0
23	0
24	0
25	0
26	0
27	0
28	0
29	0
30	0
31	11
32	18
33	15
34	10
35	20
36	7
37	16
38	15
39	15
40	22
41	15
42	11
43	11
44	13
45	20
46	19
47	8
48	8
49	13
50	13
51	18
52	12
53	22
54	14
55	8
56	6
57	13
58	9
59	12
60	5
61	10
62	14
63	9
64	13
65	7
66	10
67	9
68	7
69	5
70	7
71	9
72	9
73	8
74	7
75	8
76	7
77	14
78	5
79	10
80	11
81	12
82	11
83	6
84	13
85	6
86	6
87	5
88	7
89	6
90	8
91	7
92	10
93	12
94	17
95	26
96	19
97	21
98	16
99	18
100	5
101	8
102	11
103	8
104	9
105	11
106	7
107	6
108	17
109	8
110	5
111	5
112	10
113	8
114	7
115	6
116	2
117	8
118	2
119	3
120	5
121	6
122	4
123	3
124	4
125	7
126	5
127	2
128	5
129	1
130	4
131	4
132	5
133	4
134	3
135	5
136	2
137	3
138	6
139	1
140	2
141	3
142	6
143	4
144	5
145	5
146	6
147	4
148	5
149	4
150	5
151	4
152	5
153	7
154	5
155	10
156	5
157	9
158	10
159	7
160	16
161	16
162	24
163	29
164	17
165	24
166	9
167	17
168	15
169	5
170	4
171	3
172	7
173	5
174	2
175	6
176	7
177	5
178	13
179	17
180	19
181	32
182	27
183	19
184	15
185	19
186	12
187	13
188	5
189	6
190	2
191	8
192	5
193	6
194	9
195	17
196	27
197	56
198	110
199	163
200	254
201	293
202	339
203	378
204	359
205	287
206	207
207	145
208	88
209	58
210	21
211	19
212	6
213	5
214	8
215	15
216	21
217	24
218	40
219	49
220	64
221	69
222	62
223	59
224	26
225	26
226	19
227	9
228	4
229	6
230	5
231	5
232	4
233	1
234	2
235	3
236	4
237	4
238	6
239	3
240	20
241	22
242	33
243	58
244	101
245	145
246	168
247	152
248	174
249	154
250	125
251	97
252	95
253	80
254	55
255	44
256	41
257	29
258	21
259	19
260	16
261	17
262	10
263	11
264	8
265	22
266	32
267	26
268	34
269	36
270	49
271	54
272	46
273	40
274	28
275	27
276	18
277	17
278	8
279	9
280	4
281	9
282	10
283	9
284	10
285	12
286	11
287	18
288	18
289	11
290	14
291	14
292	12
293	23
294	23
295	17
296	21
297	23
298	15
299	13
300	22
301	14
302	17
303	14
304	16
305	15
306	16
307	15
308	11
309	10
310	15
311	13
312	16
313	15
314	18
315	19
316	27
317	51
318	65
319	85
320	108
321	121
322	188
323	168
324	174
325	149
326	152
327	101
328	90
329	56
330	40
331	32
332	29
333	30
334	25
335	26
336	18
337	32
338	50
339	62
340	128
341	214
342	389
343	655
344	1172
345	2005
346	3217
347	4418
348	5892
349	7129
350	7875
351	8023
352	7642
353	6805
354	5545
355	4115
356	2748
357	1826
358	1025
359	564
360	307
361	182
362	106
363	50
364	49
365	47
366	42
367	33
368	41
369	41
370	37
371	49
372	57
373	59
374	55
375	77
376	80
377	123
378	145
379	192
380	308
381	444
382	648
383	859
384	1113
385	1251
386	1343
387	1338
388	1230
389	1062
390	902
391	665
392	506
393	282
394	231
395	134
396	87
397	48
398	45
399	33
400	23
401	22
402	30
403	24
404	22
405	32
406	26
407	33
408	38
409	43
410	35
411	47
412	43
413	29
414	37
415	40
416	38
417	22
418	30
419	33
420	28
421	21
422	30
423	30
424	36
425	37
426	38
427	35
428	28
429	38
430	46
431	35
432	42
433	34
434	48
435	48
436	43
437	49
438	63
439	55
440	55
441	67
442	79
443	55
444	66
445	62
446	55
447	58
448	54
449	56
450	51
451	49
452	65
453	62
454	65
455	76
456	80
457	72
458	84
459	74
460	83
461	85
462	73
463	51
464	61
465	53
466	71
467	54
468	66
469	50
470	67
471	47
472	44
473	60
474	71
475	69
476	61
477	64
478	57
479	59
480	48
481	62
482	49
483	53
484	53
485	56
486	55
487	60
488	57
489	64
490	53
491	62
492	58
493	53
494	54
495	58
496	62
497	63
498	44
499	54
500	58
501	71
502	78
503	67
504	64
505	76
506	61
507	63
508	55
509	72
510	73
511	69
512	72
513	84
514	80
515	75
516	69
517	65
518	82
519	65
520	91
521	73
522	72
523	75
524	102
525	79
526	87
527	99
528	98
529	80
530	73
531	89
532	76
533	66
534	89
535	71
536	89
537	70
538	73
539	78
540	72
541	79
542	74
543	71
544	84
545	87
546	79
547	72
548	58
549	91
550	83
551	54
552	61
553	78
554	75
555	70
556	83
557	76
558	63
559	72
560	68
561	93
562	56
563	74
564	58
565	74
566	78
567	93
568	73
569	75
570	81
571	74
572	78
573	80
574	70
575	70
576	62
577	73
578	79
579	105
580	65
581	81
582	71
583	91
584	91
585	77
586	110
587	103
588	85
589	94
590	87
591	79
592	77
593	81
594	91
595	83
596	82
597	83
598	97
599	85
600	86
601	94
602	99
603	82
604	94
605	73
606	96
607	94
608	84
609	89
610	80
611	68
612	99
613	87
614	93
615	84
616	105
617	113
618	104
619	99
620	114
621	93
622	107
623	87
624	94
625	88
626	80
627	97
628	92
629	92
630	122
631	100
632	81
633	102
634	101
635	96
636	97
637	86
638	91
639	109
640	120
641	99
642	101
643	105
644	116
645	92
646	112
647	104
648	98
649	109
650	102
651	97
652	100
653	111
654	102
655	108
656	96
657	93
658	99
659	90
660	104
661	96
662	119
663	103
664	104
665	116
666	119
667	95
668	117
669	117
670	105
671	99
672	103
673	97
674	120
675	105
676	112
677	104
678	115
679	116
680	115
681	103
682	105
683	97
684	101
685	92
686	110
687	102
688	107
689	122
690	121
691	121
692	106
693	113
694	108
695	107
696	120
697	105
698	104
699	112
700	129
701	127
702	109
703	133
704	120
705	116
706	108
707	125
708	131
709	118
710	121
711	116
712	126
713	104
714	137
715	107
716	117
717	129
718	132
719	122
720	107
721	121
722	124
723	109
724	92
725	113
726	128
727	111
728	122
729	107
730	128
731	140
732	135
733	119
734	134
735	133
736	115
737	134
738	145
739	115
740	118
741	125
742	141
743	110
744	126
745	125
746	117
747	130
748	125
749	130
750	126
751	125
752	118
753	112
754	137
755	151
756	138
757	129
758	119
759	150
760	124
761	126
762	129
763	182
764	172
765	175
766	167
767	215
768	257
769	266
770	247
771	288
772	260
773	281
774	259
775	285
776	282
777	259
778	256
779	214
780	200
781	165
782	160
783	142
784	148
785	124
786	130
787	126
788	131
789	116
790	146
791	121
792	129
793	125
794	122
795	120
796	141
797	114
798	121
799	135
800	129
801	132
802	136
803	138
804	134
805	145
806	146
807	155
808	123
809	152
810	131
811	144
812	137
813	115
814	151
815	116
816	155
817	161
818	156
819	139
820	130
821	112
822	150
823	140
824	149
825	137
826	130
827	124
828	128
829	123
830	142
831	128
832	141
833	138
834	132
835	138
836	120
837	157
838	149
839	150
840	149
841	125
842	133
843	136
844	157
845	114
846	132
847	145
848	137
849	158
850	146
851	145
852	171
853	172
854	171
855	164
856	162
857	180
858	181
859	188
860	189
861	177
862	184
863	178
864	181
865	203
866	215
867	204
868	190
869	202
870	214
871	181
872	212
873	202
874	230
875	197
876	187
877	225
878	206
879	228
880	273
881	284
882	281
883	318
884	298
885	324
886	321
887	371
888	342
889	429
890	414
891	378
892	466
893	480
894	453
895	450
896	487
897	543
898	597
899	514
900	537
901	516
902	574
903	555
904	511
905	525
906	519
907	431
908	528
909	417
910	429
911	402
912	396
913	381
914	349
915	326
916	320
917	299
918	302
919	269
920	291
921	252
922	223
923	241
924	220
925	214
926	183
927	202
928	177
929	167
930	193
931	167
932	140
933	157
934	154
935	157
936	152
937	147
938	165
939	179
940	181
941	180
942	181
943	191
944	197
945	243
946	229
947	304
948	307
949	314
950	339
951	380
952	367
953	403
954	408
955	413
956	384
957	362
958	313
959	308
960	274
961	211
962	193
963	202
964	195
965	159
966	142
967	128
968	113
969	125
970	123
971	109
972	120
973	114
974	112
975	125
976	133
977	116
978	129
979	122
980	131
981	128
982	110
983	117
984	118
985	127
986	138
987	152
988	147
989	143
990	162
991	152
992	129
993	162
994	171
995	167
996	181
997	164
998	138
999	167
1000	169
1001	166
1002	166
1003	168
1004	164
1005	177
1006	178
1007	171
1008	169
1009	143
1010	164
1011	159
1012	160
1013	139
1014	139
1015	142
1016	124
1017	122
1018	123
1019	126
1020	135
1021	112
1022	127
1023	107
1024	94
