Date:	09/05/2018		Time:	13:06		Version no:	0.00		Project name:	55		Sample name:	222		Section name:	section		Position	352.400024	mm	E0	0.000000	keV	E1	1.000000	keV/channel	sample surface	6.129946	cm	Tube anode:	Mo		Tube voltage:	30	kV	Tube current:	50	mA	gain	10		std. database			resultfile	result		matrix element	11		sample thickness	1.000000		air passage	0.560000	cm	comments	in position		peaking_time	2.200000	m-sec	trigger_threshold	547.363281	V	mca_bin_width	22.090000	no:	number_mca_channels	1024.000000	no:	gap_time	0.150000	m-sec	trigger_peaking_time	0.200000	m-sec	GAINDAC	18610		HIGHGAIN	1		TAURC	1		RCTAU	1		RCTAUFRAC	1		livetime	9.410310	seconds	runtime	10.000493	seconds	input_count_rate	25764.508322	cps	output_count_rate	20907.669670	cps	triggers	242452	seconds	events_in_run	209087	seconds	channel	content		1	0
2	0
3	0
4	0
5	0
6	0
7	0
8	0
9	0
10	0
11	0
12	0
13	0
14	0
15	0
16	0
17	0
18	0
19	0
20	0
21	0
22	0
23	0
24	0
25	0
26	0
27	0
28	0
29	0
30	0
31	17
32	16
33	14
34	9
35	13
36	18
37	15
38	9
39	13
40	11
41	12
42	11
43	11
44	16
45	13
46	14
47	18
48	18
49	11
50	9
51	14
52	10
53	11
54	11
55	12
56	16
57	14
58	12
59	16
60	12
61	17
62	7
63	12
64	15
65	15
66	12
67	4
68	11
69	5
70	8
71	10
72	17
73	9
74	6
75	5
76	6
77	10
78	6
79	10
80	13
81	8
82	15
83	18
84	17
85	12
86	10
87	5
88	5
89	6
90	9
91	9
92	10
93	14
94	15
95	27
96	19
97	18
98	22
99	14
100	12
101	7
102	10
103	10
104	7
105	11
106	7
107	10
108	11
109	6
110	6
111	6
112	7
113	4
114	5
115	6
116	5
117	11
118	5
119	3
120	5
121	5
122	5
123	9
124	2
125	5
126	1
127	2
128	4
129	6
130	4
131	8
132	1
133	1
134	3
135	3
136	3
137	3
138	3
139	1
140	4
141	1
142	5
143	2
144	4
145	7
146	3
147	9
148	2
149	4
150	1
151	3
152	7
153	2
154	4
155	9
156	6
157	6
158	10
159	11
160	16
161	22
162	26
163	39
164	33
165	30
166	18
167	12
168	13
169	3
170	4
171	8
172	8
173	6
174	4
175	9
176	7
177	15
178	15
179	35
180	26
181	30
182	21
183	41
184	32
185	24
186	15
187	17
188	4
189	6
190	1
191	5
192	8
193	6
194	7
195	25
196	25
197	70
198	102
199	181
200	257
201	347
202	372
203	392
204	396
205	329
206	249
207	151
208	86
209	47
210	30
211	14
212	12
213	8
214	17
215	20
216	30
217	39
218	40
219	53
220	76
221	77
222	65
223	46
224	37
225	28
226	20
227	13
228	12
229	11
230	8
231	1
232	4
233	4
234	2
235	5
236	5
237	5
238	9
239	7
240	20
241	28
242	53
243	60
244	103
245	149
246	181
247	215
248	213
249	179
250	173
251	144
252	96
253	87
254	66
255	51
256	40
257	49
258	38
259	25
260	18
261	12
262	20
263	8
264	17
265	15
266	22
267	28
268	29
269	44
270	54
271	59
272	64
273	41
274	43
275	31
276	19
277	14
278	13
279	10
280	11
281	8
282	12
283	12
284	12
285	13
286	14
287	10
288	13
289	13
290	21
291	15
292	19
293	18
294	12
295	13
296	22
297	15
298	15
299	26
300	15
301	12
302	10
303	19
304	10
305	15
306	18
307	16
308	12
309	17
310	14
311	6
312	17
313	14
314	20
315	26
316	39
317	31
318	56
319	85
320	97
321	120
322	162
323	158
324	138
325	124
326	90
327	101
328	73
329	55
330	34
331	29
332	24
333	30
334	30
335	32
336	39
337	44
338	44
339	71
340	111
341	239
342	439
343	787
344	1364
345	2263
346	3637
347	5010
348	6670
349	8004
350	9119
351	9250
352	8758
353	7601
354	6083
355	4668
356	3036
357	1990
358	1179
359	699
360	345
361	178
362	108
363	66
364	49
365	35
366	36
367	43
368	39
369	42
370	40
371	55
372	59
373	48
374	60
375	69
376	101
377	129
378	142
379	241
380	382
381	518
382	755
383	948
384	1231
385	1447
386	1543
387	1528
388	1402
389	1217
390	1009
391	772
392	572
393	365
394	219
395	133
396	73
397	48
398	39
399	33
400	43
401	24
402	25
403	25
404	38
405	46
406	34
407	22
408	38
409	43
410	37
411	44
412	34
413	36
414	39
415	30
416	33
417	36
418	34
419	38
420	33
421	27
422	34
423	34
424	38
425	43
426	37
427	30
428	31
429	40
430	48
431	28
432	44
433	33
434	40
435	54
436	46
437	78
438	68
439	66
440	73
441	69
442	78
443	74
444	54
445	65
446	74
447	65
448	73
449	58
450	50
451	63
452	57
453	70
454	63
455	74
456	70
457	74
458	87
459	80
460	79
461	78
462	60
463	95
464	80
465	69
466	56
467	54
468	59
469	58
470	57
471	70
472	63
473	73
474	79
475	62
476	59
477	68
478	61
479	54
480	58
481	65
482	51
483	51
484	50
485	62
486	63
487	61
488	59
489	66
490	53
491	55
492	63
493	36
494	70
495	68
496	49
497	63
498	64
499	53
500	70
501	65
502	64
503	70
504	64
505	68
506	81
507	73
508	76
509	67
510	72
511	72
512	68
513	58
514	82
515	86
516	86
517	91
518	72
519	71
520	79
521	76
522	70
523	77
524	84
525	93
526	84
527	85
528	103
529	96
530	81
531	89
532	93
533	92
534	90
535	90
536	92
537	79
538	77
539	101
540	87
541	76
542	79
543	81
544	71
545	75
546	76
547	93
548	90
549	73
550	89
551	79
552	61
553	70
554	79
555	83
556	80
557	76
558	71
559	70
560	71
561	75
562	90
563	75
564	85
565	60
566	87
567	73
568	100
569	59
570	81
571	76
572	63
573	74
574	83
575	70
576	90
577	85
578	103
579	96
580	94
581	87
582	85
583	83
584	77
585	80
586	74
587	79
588	93
589	74
590	95
591	96
592	93
593	89
594	96
595	82
596	89
597	88
598	89
599	90
600	88
601	91
602	92
603	90
604	89
605	83
606	88
607	75
608	104
609	81
610	86
611	104
612	96
613	90
614	96
615	83
616	100
617	113
618	104
619	113
620	100
621	95
622	87
623	86
624	110
625	99
626	105
627	90
628	95
629	92
630	106
631	118
632	85
633	108
634	76
635	103
636	101
637	93
638	83
639	98
640	100
641	99
642	102
643	122
644	109
645	109
646	93
647	109
648	105
649	117
650	98
651	109
652	117
653	112
654	115
655	95
656	100
657	113
658	109
659	110
660	100
661	122
662	102
663	112
664	102
665	109
666	95
667	103
668	105
669	99
670	123
671	83
672	103
673	121
674	89
675	101
676	108
677	113
678	113
679	108
680	105
681	108
682	113
683	119
684	113
685	118
686	111
687	106
688	125
689	115
690	128
691	136
692	113
693	118
694	123
695	124
696	108
697	126
698	120
699	151
700	145
701	126
702	107
703	140
704	138
705	112
706	118
707	117
708	117
709	108
710	122
711	124
712	99
713	140
714	116
715	115
716	120
717	115
718	128
719	112
720	138
721	121
722	106
723	121
724	121
725	139
726	127
727	124
728	138
729	131
730	114
731	121
732	134
733	141
734	130
735	120
736	143
737	137
738	142
739	120
740	137
741	127
742	119
743	120
744	129
745	112
746	115
747	141
748	124
749	110
750	127
751	110
752	125
753	113
754	115
755	138
756	121
757	128
758	135
759	137
760	122
761	141
762	116
763	136
764	162
765	169
766	172
767	194
768	220
769	239
770	252
771	260
772	281
773	266
774	278
775	253
776	260
777	242
778	229
779	225
780	192
781	192
782	190
783	164
784	144
785	123
786	134
787	134
788	127
789	133
790	107
791	125
792	138
793	134
794	128
795	112
796	118
797	138
798	130
799	132
800	128
801	120
802	143
803	134
804	140
805	142
806	142
807	148
808	134
809	118
810	146
811	154
812	141
813	143
814	133
815	144
816	135
817	129
818	132
819	157
820	131
821	142
822	119
823	138
824	112
825	124
826	146
827	120
828	125
829	170
830	135
831	125
832	134
833	165
834	143
835	133
836	149
837	139
838	142
839	131
840	144
841	141
842	138
843	138
844	147
845	148
846	153
847	157
848	140
849	181
850	155
851	168
852	163
853	150
854	156
855	169
856	164
857	189
858	173
859	203
860	202
861	204
862	188
863	208
864	207
865	217
866	221
867	217
868	203
869	232
870	198
871	229
872	198
873	209
874	199
875	214
876	199
877	213
878	251
879	223
880	271
881	283
882	298
883	302
884	292
885	335
886	359
887	367
888	366
889	426
890	425
891	438
892	449
893	443
894	489
895	533
896	536
897	492
898	515
899	538
900	547
901	530
902	574
903	509
904	496
905	502
906	534
907	496
908	498
909	489
910	437
911	449
912	426
913	415
914	357
915	371
916	346
917	304
918	291
919	271
920	216
921	241
922	232
923	214
924	216
925	195
926	208
927	190
928	185
929	178
930	158
931	176
932	167
933	166
934	161
935	152
936	142
937	135
938	157
939	162
940	193
941	178
942	185
943	199
944	244
945	241
946	241
947	283
948	325
949	349
950	353
951	389
952	377
953	457
954	400
955	413
956	373
957	393
958	355
959	313
960	274
961	245
962	218
963	247
964	180
965	149
966	156
967	147
968	156
969	136
970	108
971	107
972	153
973	129
974	110
975	129
976	115
977	121
978	114
979	147
980	110
981	111
982	92
983	118
984	137
985	137
986	133
987	122
988	134
989	136
990	152
991	129
992	154
993	145
994	138
995	146
996	170
997	145
998	158
999	147
1000	170
1001	171
1002	161
1003	184
1004	182
1005	177
1006	149
1007	174
1008	182
1009	156
1010	164
1011	166
1012	149
1013	155
1014	137
1015	154
1016	160
1017	138
1018	134
1019	109
1020	141
1021	118
1022	119
1023	103
1024	99
