Date:	09/05/2018		Time:	12:54		Version no:	0.00		Project name:	55		Sample name:	222		Section name:	section		Position	339.000031	mm	E0	0.000000	keV	E1	1.000000	keV/channel	sample surface	6.106100	cm	Tube anode:	Mo		Tube voltage:	30	kV	Tube current:	50	mA	gain	10		std. database			resultfile	result		matrix element	11		sample thickness	1.000000		air passage	0.560000	cm	comments	in position		peaking_time	2.200000	m-sec	trigger_threshold	547.363281	V	mca_bin_width	22.090000	no:	number_mca_channels	1024.000000	no:	gap_time	0.150000	m-sec	trigger_peaking_time	0.200000	m-sec	GAINDAC	18610		HIGHGAIN	1		TAURC	1		RCTAU	1		RCTAUFRAC	1		livetime	9.434474	seconds	runtime	10.000172	seconds	input_count_rate	23878.809730	cps	output_count_rate	19583.763159	cps	triggers	225284	seconds	events_in_run	195841	seconds	channel	content		1	0
2	0
3	0
4	0
5	0
6	0
7	0
8	0
9	0
10	0
11	0
12	0
13	0
14	0
15	0
16	0
17	0
18	0
19	0
20	0
21	0
22	0
23	0
24	0
25	0
26	0
27	0
28	0
29	0
30	0
31	15
32	15
33	14
34	21
35	11
36	15
37	19
38	12
39	10
40	8
41	17
42	17
43	15
44	9
45	7
46	12
47	12
48	17
49	8
50	11
51	18
52	11
53	19
54	17
55	13
56	17
57	10
58	13
59	12
60	12
61	17
62	6
63	17
64	16
65	6
66	13
67	11
68	10
69	7
70	8
71	6
72	7
73	11
74	5
75	10
76	6
77	13
78	4
79	13
80	10
81	9
82	14
83	13
84	10
85	11
86	10
87	5
88	7
89	4
90	8
91	7
92	9
93	23
94	13
95	24
96	28
97	13
98	19
99	17
100	9
101	6
102	3
103	7
104	8
105	12
106	8
107	8
108	7
109	9
110	9
111	4
112	8
113	10
114	6
115	5
116	5
117	7
118	8
119	7
120	3
121	6
122	7
123	7
124	3
125	3
126	3
127	4
128	1
129	7
130	6
131	7
132	4
133	1
134	7
135	7
136	7
137	4
138	2
139	3
140	2
141	4
142	4
143	3
144	6
145	6
146	6
147	7
148	4
149	4
150	4
151	0
152	7
153	7
154	3
155	4
156	1
157	6
158	8
159	10
160	18
161	12
162	27
163	28
164	27
165	17
166	9
167	6
168	12
169	7
170	2
171	4
172	5
173	6
174	6
175	6
176	4
177	6
178	17
179	15
180	15
181	27
182	27
183	37
184	27
185	21
186	14
187	12
188	12
189	9
190	6
191	3
192	6
193	4
194	9
195	19
196	27
197	52
198	101
199	165
200	233
201	314
202	345
203	412
204	401
205	310
206	243
207	142
208	78
209	37
210	24
211	15
212	8
213	11
214	10
215	18
216	30
217	42
218	60
219	51
220	58
221	81
222	70
223	45
224	33
225	39
226	21
227	14
228	12
229	7
230	1
231	3
232	7
233	3
234	6
235	6
236	7
237	7
238	8
239	10
240	15
241	27
242	58
243	69
244	96
245	129
246	174
247	205
248	208
249	206
250	149
251	119
252	101
253	73
254	62
255	54
256	44
257	33
258	27
259	14
260	12
261	22
262	14
263	11
264	13
265	31
266	26
267	27
268	29
269	38
270	47
271	52
272	49
273	47
274	35
275	22
276	20
277	14
278	10
279	10
280	10
281	12
282	7
283	14
284	16
285	17
286	7
287	14
288	14
289	11
290	18
291	21
292	16
293	17
294	20
295	19
296	19
297	18
298	17
299	22
300	17
301	19
302	19
303	14
304	21
305	12
306	20
307	8
308	16
309	12
310	19
311	13
312	19
313	14
314	14
315	22
316	18
317	38
318	51
319	58
320	66
321	95
322	98
323	112
324	108
325	106
326	85
327	83
328	51
329	36
330	28
331	30
332	20
333	32
334	38
335	39
336	25
337	45
338	47
339	69
340	104
341	220
342	382
343	679
344	1141
345	1958
346	2907
347	4177
348	5383
349	6712
350	7280
351	7376
352	6992
353	6276
354	5108
355	3782
356	2563
357	1604
358	996
359	530
360	280
361	171
362	95
363	62
364	45
365	40
366	40
367	52
368	32
369	46
370	44
371	34
372	49
373	59
374	59
375	90
376	85
377	100
378	146
379	203
380	321
381	436
382	606
383	828
384	992
385	1154
386	1253
387	1229
388	1124
389	1084
390	806
391	611
392	480
393	298
394	173
395	105
396	85
397	66
398	36
399	40
400	25
401	31
402	34
403	34
404	36
405	31
406	37
407	36
408	33
409	48
410	45
411	42
412	38
413	37
414	39
415	44
416	38
417	35
418	31
419	22
420	23
421	27
422	32
423	50
424	40
425	31
426	33
427	44
428	39
429	28
430	40
431	34
432	38
433	53
434	49
435	61
436	64
437	60
438	60
439	60
440	90
441	94
442	69
443	77
444	72
445	69
446	67
447	81
448	78
449	62
450	65
451	67
452	79
453	77
454	65
455	65
456	82
457	95
458	83
459	88
460	94
461	75
462	82
463	75
464	68
465	54
466	59
467	39
468	74
469	81
470	63
471	76
472	74
473	58
474	56
475	68
476	76
477	58
478	60
479	43
480	67
481	45
482	52
483	62
484	50
485	49
486	69
487	51
488	72
489	60
490	70
491	65
492	64
493	71
494	55
495	67
496	63
497	69
498	61
499	70
500	67
501	75
502	76
503	74
504	75
505	72
506	85
507	92
508	97
509	81
510	82
511	92
512	90
513	95
514	78
515	81
516	70
517	74
518	87
519	100
520	71
521	87
522	95
523	103
524	91
525	90
526	110
527	109
528	103
529	97
530	100
531	112
532	95
533	111
534	108
535	107
536	108
537	86
538	98
539	93
540	76
541	93
542	81
543	62
544	83
545	78
546	88
547	84
548	78
549	72
550	101
551	89
552	82
553	70
554	86
555	91
556	74
557	73
558	86
559	69
560	74
561	84
562	83
563	77
564	76
565	77
566	84
567	81
568	95
569	92
570	88
571	82
572	90
573	90
574	78
575	93
576	79
577	80
578	85
579	92
580	68
581	94
582	96
583	84
584	86
585	110
586	90
587	109
588	88
589	85
590	86
591	91
592	93
593	80
594	95
595	94
596	92
597	99
598	93
599	107
600	112
601	83
602	88
603	93
604	104
605	100
606	96
607	101
608	96
609	117
610	111
611	83
612	102
613	95
614	109
615	95
616	97
617	119
618	94
619	125
620	99
621	112
622	100
623	104
624	92
625	99
626	93
627	101
628	88
629	109
630	109
631	102
632	97
633	97
634	91
635	122
636	112
637	81
638	93
639	115
640	139
641	91
642	105
643	108
644	96
645	124
646	102
647	108
648	105
649	126
650	129
651	100
652	110
653	126
654	119
655	96
656	130
657	105
658	113
659	111
660	112
661	111
662	93
663	109
664	99
665	110
666	101
667	116
668	125
669	106
670	111
671	129
672	113
673	108
674	94
675	105
676	118
677	98
678	117
679	103
680	117
681	108
682	135
683	98
684	104
685	118
686	114
687	118
688	122
689	103
690	142
691	138
692	133
693	111
694	118
695	135
696	141
697	123
698	131
699	132
700	145
701	122
702	110
703	139
704	124
705	111
706	120
707	123
708	131
709	126
710	113
711	120
712	117
713	124
714	122
715	145
716	113
717	123
718	128
719	135
720	128
721	130
722	129
723	112
724	136
725	117
726	125
727	128
728	128
729	141
730	136
731	131
732	120
733	134
734	119
735	132
736	119
737	134
738	128
739	132
740	132
741	120
742	145
743	141
744	140
745	153
746	103
747	139
748	124
749	117
750	131
751	127
752	127
753	133
754	123
755	120
756	128
757	123
758	151
759	140
760	136
761	137
762	130
763	178
764	167
765	180
766	179
767	196
768	226
769	288
770	263
771	282
772	297
773	307
774	314
775	305
776	288
777	296
778	284
779	246
780	222
781	214
782	169
783	151
784	143
785	146
786	124
787	145
788	134
789	124
790	129
791	145
792	139
793	151
794	131
795	141
796	131
797	126
798	137
799	132
800	137
801	121
802	116
803	134
804	136
805	140
806	134
807	140
808	124
809	127
810	140
811	132
812	131
813	161
814	153
815	132
816	143
817	147
818	127
819	126
820	134
821	157
822	155
823	120
824	132
825	130
826	139
827	134
828	151
829	152
830	151
831	141
832	152
833	135
834	148
835	134
836	132
837	131
838	157
839	137
840	132
841	153
842	133
843	148
844	115
845	142
846	132
847	142
848	149
849	171
850	176
851	167
852	157
853	167
854	221
855	157
856	176
857	182
858	180
859	197
860	216
861	209
862	209
863	202
864	195
865	239
866	218
867	220
868	248
869	203
870	238
871	207
872	223
873	229
874	210
875	223
876	242
877	190
878	270
879	250
880	274
881	308
882	299
883	301
884	313
885	357
886	368
887	421
888	403
889	421
890	452
891	480
892	446
893	534
894	486
895	532
896	523
897	544
898	587
899	505
900	549
901	531
902	576
903	588
904	560
905	554
906	515
907	501
908	498
909	510
910	497
911	418
912	420
913	364
914	373
915	350
916	324
917	353
918	335
919	303
920	264
921	269
922	219
923	246
924	232
925	222
926	222
927	212
928	187
929	166
930	171
931	180
932	183
933	188
934	156
935	170
936	174
937	176
938	180
939	169
940	155
941	171
942	194
943	215
944	230
945	281
946	263
947	287
948	327
949	314
950	362
951	392
952	425
953	423
954	432
955	418
956	438
957	372
958	370
959	325
960	304
961	258
962	242
963	203
964	166
965	174
966	156
967	155
968	131
969	116
970	110
971	124
972	121
973	140
974	124
975	135
976	120
977	124
978	129
979	134
980	143
981	138
982	135
983	145
984	132
985	146
986	129
987	146
988	150
989	142
990	157
991	157
992	160
993	167
994	175
995	155
996	166
997	174
998	177
999	162
1000	184
1001	174
1002	140
1003	176
1004	192
1005	176
1006	165
1007	163
1008	174
1009	172
1010	170
1011	171
1012	153
1013	168
1014	140
1015	158
1016	165
1017	124
1018	141
1019	146
1020	116
1021	135
1022	113
1023	124
1024	115
