Date:	09/05/2018		Time:	13:06		Version no:	0.00		Project name:	55		Sample name:	222		Section name:	section		Position	351.600037	mm	E0	0.000000	keV	E1	1.000000	keV/channel	sample surface	6.127980	cm	Tube anode:	Mo		Tube voltage:	30	kV	Tube current:	50	mA	gain	10		std. database			resultfile	result		matrix element	11		sample thickness	1.000000		air passage	0.560000	cm	comments	in position		peaking_time	2.200000	m-sec	trigger_threshold	547.363281	V	mca_bin_width	22.090000	no:	number_mca_channels	1024.000000	no:	gap_time	0.150000	m-sec	trigger_peaking_time	0.200000	m-sec	GAINDAC	18610		HIGHGAIN	1		TAURC	1		RCTAU	1		RCTAUFRAC	1		livetime	9.408609	seconds	runtime	10.000186	seconds	input_count_rate	25761.938364	cps	output_count_rate	20889.210625	cps	triggers	242384	seconds	events_in_run	208896	seconds	channel	content		1	0
2	0
3	0
4	0
5	0
6	0
7	0
8	0
9	0
10	0
11	0
12	0
13	0
14	0
15	0
16	0
17	0
18	0
19	0
20	0
21	0
22	0
23	0
24	0
25	0
26	0
27	0
28	0
29	0
30	0
31	14
32	15
33	12
34	17
35	20
36	10
37	15
38	11
39	14
40	7
41	13
42	12
43	20
44	13
45	10
46	10
47	14
48	16
49	17
50	15
51	15
52	11
53	9
54	12
55	6
56	7
57	10
58	6
59	10
60	16
61	10
62	14
63	10
64	4
65	9
66	9
67	10
68	14
69	16
70	11
71	11
72	4
73	10
74	6
75	6
76	6
77	9
78	7
79	6
80	8
81	5
82	14
83	10
84	8
85	9
86	7
87	6
88	3
89	6
90	7
91	11
92	6
93	8
94	16
95	14
96	20
97	23
98	12
99	11
100	8
101	7
102	7
103	8
104	5
105	10
106	7
107	3
108	10
109	7
110	6
111	5
112	3
113	2
114	5
115	9
116	13
117	11
118	7
119	6
120	11
121	2
122	6
123	5
124	5
125	8
126	2
127	8
128	7
129	2
130	6
131	8
132	5
133	3
134	4
135	3
136	7
137	4
138	6
139	2
140	2
141	3
142	5
143	1
144	2
145	3
146	5
147	1
148	7
149	2
150	5
151	4
152	8
153	4
154	2
155	2
156	1
157	2
158	10
159	21
160	22
161	18
162	27
163	36
164	26
165	12
166	13
167	8
168	10
169	11
170	5
171	3
172	4
173	5
174	5
175	6
176	5
177	11
178	9
179	18
180	21
181	23
182	23
183	29
184	24
185	16
186	15
187	10
188	9
189	3
190	8
191	3
192	4
193	1
194	9
195	16
196	35
197	55
198	111
199	172
200	213
201	310
202	385
203	374
204	346
205	312
206	244
207	174
208	97
209	56
210	29
211	15
212	5
213	6
214	13
215	17
216	28
217	38
218	48
219	49
220	69
221	63
222	60
223	51
224	48
225	22
226	18
227	6
228	17
229	6
230	4
231	7
232	6
233	5
234	4
235	4
236	6
237	5
238	5
239	11
240	9
241	26
242	49
243	71
244	98
245	145
246	172
247	204
248	207
249	193
250	159
251	128
252	111
253	97
254	58
255	64
256	47
257	31
258	32
259	30
260	21
261	17
262	16
263	9
264	18
265	15
266	22
267	28
268	37
269	52
270	49
271	64
272	61
273	49
274	45
275	22
276	31
277	23
278	14
279	7
280	11
281	7
282	11
283	13
284	14
285	15
286	11
287	16
288	15
289	15
290	15
291	13
292	22
293	20
294	24
295	14
296	19
297	18
298	20
299	25
300	18
301	16
302	18
303	18
304	15
305	9
306	7
307	7
308	19
309	14
310	10
311	12
312	12
313	15
314	11
315	24
316	22
317	38
318	58
319	96
320	105
321	131
322	147
323	147
324	145
325	151
326	139
327	123
328	70
329	54
330	41
331	30
332	40
333	25
334	28
335	29
336	40
337	47
338	68
339	66
340	131
341	230
342	432
343	751
344	1392
345	2108
346	3404
347	4978
348	6616
349	7889
350	8865
351	9010
352	8788
353	7530
354	6123
355	4587
356	3130
357	2133
358	1148
359	687
360	344
361	197
362	98
363	56
364	39
365	43
366	30
367	36
368	47
369	48
370	44
371	66
372	43
373	62
374	66
375	84
376	87
377	117
378	158
379	212
380	346
381	494
382	699
383	961
384	1144
385	1358
386	1463
387	1539
388	1407
389	1231
390	1007
391	754
392	524
393	356
394	244
395	139
396	77
397	60
398	40
399	31
400	32
401	28
402	23
403	28
404	27
405	29
406	25
407	32
408	39
409	32
410	30
411	25
412	45
413	26
414	42
415	30
416	33
417	36
418	37
419	32
420	23
421	37
422	34
423	28
424	24
425	27
426	31
427	33
428	32
429	42
430	35
431	42
432	39
433	35
434	51
435	59
436	50
437	57
438	54
439	80
440	58
441	71
442	83
443	68
444	79
445	68
446	55
447	61
448	76
449	54
450	49
451	62
452	63
453	70
454	86
455	71
456	73
457	87
458	90
459	98
460	70
461	79
462	82
463	78
464	70
465	50
466	54
467	70
468	52
469	41
470	78
471	68
472	64
473	61
474	61
475	67
476	70
477	62
478	65
479	66
480	51
481	50
482	59
483	53
484	55
485	47
486	54
487	49
488	49
489	68
490	65
491	72
492	53
493	58
494	60
495	53
496	55
497	64
498	51
499	49
500	70
501	62
502	70
503	64
504	82
505	83
506	90
507	68
508	76
509	75
510	77
511	83
512	71
513	101
514	74
515	72
516	92
517	86
518	62
519	73
520	101
521	82
522	92
523	99
524	98
525	87
526	90
527	96
528	92
529	93
530	88
531	78
532	95
533	104
534	93
535	88
536	89
537	82
538	74
539	92
540	104
541	85
542	88
543	88
544	83
545	91
546	64
547	72
548	82
549	95
550	80
551	83
552	63
553	76
554	82
555	70
556	65
557	77
558	64
559	68
560	71
561	90
562	95
563	75
564	69
565	84
566	105
567	79
568	91
569	76
570	64
571	90
572	78
573	78
574	78
575	84
576	76
577	85
578	80
579	87
580	68
581	67
582	92
583	107
584	89
585	84
586	67
587	86
588	78
589	102
590	85
591	85
592	100
593	82
594	97
595	86
596	77
597	100
598	114
599	75
600	88
601	97
602	105
603	84
604	101
605	107
606	87
607	96
608	99
609	98
610	109
611	96
612	92
613	95
614	85
615	98
616	117
617	116
618	115
619	95
620	97
621	80
622	109
623	95
624	110
625	104
626	107
627	135
628	103
629	114
630	104
631	108
632	93
633	103
634	108
635	109
636	96
637	76
638	98
639	124
640	97
641	113
642	106
643	111
644	96
645	92
646	105
647	116
648	107
649	105
650	100
651	116
652	115
653	117
654	88
655	105
656	105
657	90
658	93
659	116
660	115
661	79
662	106
663	89
664	105
665	106
666	108
667	92
668	92
669	111
670	105
671	89
672	117
673	106
674	106
675	132
676	95
677	110
678	110
679	118
680	115
681	112
682	121
683	101
684	110
685	120
686	110
687	114
688	109
689	110
690	116
691	129
692	127
693	111
694	108
695	117
696	116
697	123
698	135
699	104
700	114
701	108
702	131
703	133
704	118
705	133
706	119
707	124
708	120
709	122
710	129
711	98
712	139
713	104
714	109
715	136
716	119
717	113
718	116
719	116
720	134
721	124
722	130
723	127
724	126
725	129
726	134
727	149
728	142
729	114
730	140
731	130
732	128
733	127
734	135
735	140
736	131
737	130
738	110
739	139
740	121
741	123
742	133
743	133
744	127
745	133
746	127
747	148
748	129
749	121
750	144
751	134
752	133
753	113
754	139
755	130
756	119
757	140
758	116
759	155
760	133
761	142
762	153
763	155
764	141
765	184
766	165
767	208
768	250
769	262
770	258
771	279
772	286
773	311
774	301
775	272
776	262
777	234
778	244
779	192
780	208
781	185
782	165
783	131
784	151
785	149
786	121
787	137
788	119
789	141
790	144
791	109
792	117
793	143
794	129
795	150
796	135
797	141
798	125
799	135
800	112
801	129
802	132
803	151
804	103
805	114
806	154
807	139
808	129
809	129
810	154
811	145
812	144
813	151
814	127
815	143
816	134
817	150
818	142
819	139
820	153
821	144
822	159
823	157
824	154
825	143
826	143
827	138
828	141
829	126
830	150
831	163
832	142
833	155
834	140
835	139
836	158
837	151
838	131
839	140
840	143
841	139
842	148
843	165
844	155
845	124
846	145
847	130
848	158
849	158
850	152
851	162
852	139
853	161
854	167
855	176
856	173
857	170
858	181
859	173
860	173
861	197
862	217
863	230
864	225
865	231
866	177
867	244
868	210
869	202
870	230
871	249
872	221
873	191
874	215
875	222
876	239
877	223
878	224
879	244
880	269
881	293
882	255
883	332
884	322
885	346
886	341
887	363
888	400
889	394
890	398
891	416
892	465
893	465
894	476
895	515
896	536
897	526
898	528
899	559
900	562
901	521
902	551
903	532
904	515
905	534
906	531
907	525
908	448
909	411
910	446
911	423
912	450
913	382
914	359
915	336
916	334
917	351
918	295
919	268
920	287
921	251
922	235
923	242
924	216
925	215
926	210
927	199
928	225
929	166
930	180
931	179
932	164
933	157
934	152
935	180
936	173
937	149
938	173
939	187
940	167
941	193
942	177
943	211
944	222
945	211
946	267
947	310
948	341
949	350
950	350
951	390
952	392
953	381
954	401
955	446
956	408
957	351
958	322
959	291
960	271
961	260
962	232
963	197
964	187
965	137
966	154
967	138
968	150
969	127
970	142
971	124
972	123
973	112
974	141
975	111
976	119
977	124
978	119
979	129
980	129
981	141
982	153
983	143
984	139
985	132
986	153
987	137
988	139
989	136
990	140
991	128
992	131
993	151
994	176
995	163
996	152
997	178
998	159
999	163
1000	147
1001	161
1002	165
1003	166
1004	156
1005	155
1006	168
1007	189
1008	149
1009	169
1010	162
1011	176
1012	157
1013	149
1014	173
1015	153
1016	140
1017	150
1018	149
1019	141
1020	146
1021	113
1022	129
1023	99
1024	96
