Date:	09/05/2018		Time:	12:41		Version no:	0.00		Project name:	55		Sample name:	222		Section name:	section		Position	326.000031	mm	E0	0.000000	keV	E1	1.000000	keV/channel	sample surface	6.075567	cm	Tube anode:	Mo		Tube voltage:	30	kV	Tube current:	50	mA	gain	10		std. database			resultfile	result		matrix element	11		sample thickness	1.000000		air passage	0.560000	cm	comments	in position		peaking_time	2.200000	m-sec	trigger_threshold	547.363281	V	mca_bin_width	22.090000	no:	number_mca_channels	1024.000000	no:	gap_time	0.150000	m-sec	trigger_peaking_time	0.200000	m-sec	GAINDAC	18610		HIGHGAIN	1		TAURC	1		RCTAU	1		RCTAUFRAC	1		livetime	9.442355	seconds	runtime	10.000493	seconds	input_count_rate	23826.258940	cps	output_count_rate	19567.835697	cps	triggers	224976	seconds	events_in_run	195688	seconds	channel	content		1	0
2	0
3	0
4	0
5	0
6	0
7	0
8	0
9	0
10	0
11	0
12	0
13	0
14	0
15	0
16	0
17	0
18	0
19	0
20	0
21	0
22	0
23	0
24	0
25	0
26	0
27	0
28	0
29	0
30	0
31	9
32	15
33	8
34	15
35	17
36	11
37	14
38	13
39	14
40	12
41	7
42	17
43	15
44	8
45	17
46	16
47	16
48	10
49	12
50	19
51	12
52	10
53	16
54	21
55	11
56	11
57	8
58	12
59	9
60	14
61	11
62	14
63	9
64	10
65	9
66	9
67	8
68	13
69	11
70	8
71	9
72	7
73	12
74	7
75	12
76	9
77	6
78	9
79	14
80	7
81	11
82	11
83	5
84	6
85	11
86	3
87	6
88	6
89	5
90	6
91	13
92	6
93	8
94	10
95	22
96	20
97	18
98	16
99	16
100	10
101	9
102	11
103	11
104	11
105	17
106	11
107	6
108	8
109	10
110	15
111	7
112	2
113	5
114	4
115	4
116	10
117	7
118	4
119	5
120	4
121	8
122	2
123	3
124	3
125	3
126	4
127	3
128	6
129	4
130	1
131	2
132	3
133	4
134	3
135	3
136	6
137	2
138	7
139	9
140	4
141	6
142	4
143	2
144	5
145	5
146	2
147	3
148	5
149	5
150	5
151	8
152	4
153	4
154	8
155	3
156	6
157	5
158	6
159	18
160	11
161	22
162	26
163	30
164	28
165	27
166	10
167	14
168	10
169	4
170	7
171	6
172	2
173	5
174	9
175	8
176	6
177	15
178	11
179	19
180	25
181	28
182	23
183	27
184	27
185	16
186	16
187	7
188	6
189	4
190	12
191	2
192	4
193	6
194	10
195	12
196	30
197	68
198	77
199	153
200	268
201	288
202	355
203	411
204	371
205	290
206	226
207	178
208	108
209	48
210	25
211	13
212	11
213	8
214	9
215	20
216	30
217	31
218	48
219	52
220	57
221	78
222	56
223	41
224	29
225	25
226	16
227	10
228	13
229	6
230	6
231	6
232	1
233	2
234	6
235	2
236	8
237	4
238	8
239	12
240	13
241	18
242	39
243	59
244	95
245	130
246	197
247	189
248	210
249	175
250	160
251	129
252	86
253	55
254	54
255	40
256	31
257	36
258	30
259	27
260	14
261	18
262	9
263	16
264	11
265	16
266	24
267	28
268	28
269	37
270	47
271	49
272	40
273	46
274	31
275	21
276	19
277	17
278	13
279	14
280	12
281	10
282	15
283	12
284	18
285	11
286	14
287	15
288	13
289	11
290	20
291	22
292	15
293	22
294	17
295	18
296	20
297	19
298	14
299	17
300	18
301	16
302	19
303	12
304	15
305	9
306	15
307	11
308	17
309	14
310	7
311	14
312	9
313	8
314	13
315	24
316	39
317	32
318	59
319	76
320	92
321	131
322	138
323	139
324	141
325	149
326	117
327	78
328	76
329	52
330	42
331	32
332	34
333	29
334	34
335	34
336	39
337	42
338	63
339	65
340	131
341	203
342	354
343	698
344	1212
345	1930
346	3019
347	4374
348	5679
349	6971
350	7748
351	7815
352	7474
353	6659
354	5291
355	3960
356	2697
357	1762
358	1092
359	564
360	305
361	165
362	95
363	56
364	44
365	43
366	37
367	29
368	40
369	47
370	30
371	47
372	45
373	59
374	56
375	70
376	81
377	119
378	147
379	240
380	285
381	484
382	558
383	791
384	1042
385	1181
386	1242
387	1274
388	1235
389	1059
390	909
391	658
392	468
393	296
394	227
395	124
396	80
397	51
398	38
399	34
400	38
401	28
402	45
403	28
404	29
405	39
406	37
407	35
408	37
409	33
410	36
411	40
412	40
413	30
414	32
415	30
416	33
417	35
418	39
419	29
420	29
421	40
422	31
423	24
424	41
425	32
426	33
427	36
428	34
429	30
430	35
431	34
432	30
433	39
434	45
435	54
436	45
437	45
438	69
439	61
440	62
441	67
442	72
443	66
444	73
445	76
446	67
447	61
448	70
449	56
450	49
451	54
452	41
453	67
454	70
455	75
456	60
457	87
458	95
459	87
460	84
461	88
462	79
463	67
464	74
465	66
466	56
467	62
468	57
469	65
470	57
471	57
472	67
473	56
474	62
475	60
476	54
477	54
478	57
479	64
480	63
481	59
482	59
483	59
484	48
485	48
486	49
487	59
488	56
489	56
490	58
491	67
492	48
493	60
494	60
495	56
496	67
497	62
498	52
499	62
500	71
501	69
502	65
503	69
504	60
505	77
506	77
507	64
508	55
509	76
510	70
511	83
512	67
513	80
514	83
515	69
516	79
517	83
518	82
519	98
520	80
521	73
522	97
523	93
524	101
525	80
526	91
527	89
528	91
529	81
530	88
531	90
532	108
533	87
534	82
535	100
536	83
537	94
538	93
539	77
540	74
541	85
542	85
543	104
544	100
545	68
546	78
547	63
548	84
549	61
550	75
551	92
552	80
553	69
554	75
555	66
556	80
557	77
558	66
559	98
560	82
561	82
562	93
563	81
564	75
565	80
566	97
567	82
568	72
569	78
570	72
571	71
572	86
573	65
574	68
575	88
576	105
577	84
578	76
579	89
580	75
581	73
582	78
583	82
584	69
585	85
586	78
587	64
588	83
589	71
590	77
591	103
592	78
593	100
594	79
595	90
596	90
597	97
598	91
599	84
600	95
601	112
602	86
603	102
604	77
605	104
606	108
607	89
608	84
609	97
610	97
611	92
612	101
613	93
614	85
615	89
616	92
617	106
618	91
619	104
620	113
621	113
622	106
623	98
624	100
625	101
626	106
627	114
628	99
629	92
630	104
631	102
632	83
633	106
634	105
635	113
636	92
637	94
638	109
639	101
640	115
641	94
642	100
643	104
644	119
645	103
646	98
647	97
648	114
649	115
650	115
651	115
652	103
653	114
654	115
655	108
656	126
657	107
658	98
659	97
660	96
661	132
662	110
663	85
664	104
665	107
666	110
667	104
668	110
669	109
670	112
671	122
672	104
673	107
674	114
675	125
676	93
677	108
678	106
679	124
680	121
681	97
682	109
683	97
684	111
685	114
686	120
687	114
688	107
689	114
690	116
691	106
692	103
693	132
694	131
695	120
696	106
697	114
698	137
699	123
700	100
701	134
702	122
703	137
704	125
705	101
706	112
707	118
708	124
709	130
710	120
711	139
712	124
713	113
714	116
715	116
716	108
717	127
718	127
719	131
720	114
721	136
722	125
723	116
724	128
725	120
726	132
727	124
728	122
729	120
730	135
731	109
732	120
733	121
734	137
735	132
736	115
737	139
738	128
739	122
740	143
741	144
742	130
743	130
744	131
745	112
746	125
747	127
748	131
749	120
750	118
751	119
752	135
753	125
754	132
755	139
756	117
757	140
758	134
759	131
760	122
761	141
762	158
763	140
764	172
765	179
766	183
767	205
768	241
769	260
770	254
771	296
772	289
773	322
774	281
775	289
776	284
777	254
778	244
779	195
780	216
781	178
782	183
783	144
784	169
785	146
786	130
787	138
788	119
789	124
790	127
791	150
792	136
793	137
794	128
795	130
796	151
797	136
798	109
799	139
800	97
801	135
802	129
803	121
804	139
805	133
806	150
807	139
808	119
809	133
810	130
811	153
812	150
813	137
814	138
815	130
816	149
817	137
818	155
819	124
820	125
821	137
822	123
823	148
824	132
825	134
826	143
827	119
828	131
829	142
830	152
831	148
832	144
833	111
834	151
835	130
836	132
837	140
838	152
839	147
840	150
841	125
842	150
843	137
844	163
845	143
846	161
847	155
848	135
849	152
850	155
851	185
852	162
853	155
854	136
855	186
856	155
857	181
858	186
859	191
860	212
861	203
862	206
863	215
864	233
865	196
866	202
867	205
868	220
869	196
870	237
871	245
872	236
873	204
874	210
875	235
876	260
877	238
878	241
879	286
880	310
881	308
882	270
883	298
884	299
885	347
886	327
887	366
888	394
889	395
890	467
891	447
892	465
893	447
894	489
895	491
896	488
897	532
898	519
899	545
900	512
901	538
902	580
903	589
904	535
905	536
906	529
907	506
908	481
909	426
910	464
911	423
912	378
913	365
914	324
915	351
916	300
917	279
918	267
919	240
920	271
921	258
922	242
923	233
924	218
925	199
926	208
927	210
928	173
929	201
930	166
931	162
932	180
933	156
934	169
935	142
936	151
937	158
938	161
939	174
940	165
941	185
942	188
943	208
944	211
945	243
946	265
947	299
948	304
949	336
950	383
951	395
952	407
953	417
954	398
955	379
956	388
957	324
958	348
959	314
960	279
961	267
962	193
963	210
964	174
965	171
966	149
967	131
968	157
969	133
970	121
971	120
972	116
973	125
974	126
975	142
976	129
977	124
978	128
979	136
980	130
981	118
982	135
983	112
984	126
985	126
986	145
987	140
988	144
989	151
990	130
991	149
992	159
993	153
994	171
995	172
996	143
997	159
998	175
999	157
1000	180
1001	159
1002	176
1003	185
1004	185
1005	164
1006	178
1007	151
1008	160
1009	162
1010	146
1011	181
1012	144
1013	162
1014	144
1015	135
1016	154
1017	120
1018	140
1019	125
1020	129
1021	118
1022	122
1023	106
1024	98
