Date:	09/05/2018		Time:	12:53		Version no:	0.00		Project name:	55		Sample name:	222		Section name:	section		Position	338.200043	mm	E0	0.000000	keV	E1	1.000000	keV/channel	sample surface	6.110842	cm	Tube anode:	Mo		Tube voltage:	30	kV	Tube current:	50	mA	gain	10		std. database			resultfile	result		matrix element	11		sample thickness	1.000000		air passage	0.560000	cm	comments	in position		peaking_time	2.200000	m-sec	trigger_threshold	547.363281	V	mca_bin_width	22.090000	no:	number_mca_channels	1024.000000	no:	gap_time	0.150000	m-sec	trigger_peaking_time	0.200000	m-sec	GAINDAC	18610		HIGHGAIN	1		TAURC	1		RCTAU	1		RCTAUFRAC	1		livetime	9.424379	seconds	runtime	10.000490	seconds	input_count_rate	24677.487510	cps	output_count_rate	20113.913614	cps	triggers	232570	seconds	events_in_run	201149	seconds	channel	content		1	0
2	0
3	0
4	0
5	0
6	0
7	0
8	0
9	0
10	0
11	0
12	0
13	0
14	0
15	0
16	0
17	0
18	0
19	0
20	0
21	0
22	0
23	0
24	0
25	0
26	0
27	0
28	0
29	0
30	0
31	19
32	10
33	14
34	16
35	13
36	13
37	17
38	13
39	15
40	17
41	16
42	19
43	19
44	14
45	17
46	22
47	10
48	9
49	17
50	14
51	11
52	12
53	16
54	13
55	15
56	15
57	9
58	13
59	10
60	8
61	13
62	16
63	6
64	5
65	19
66	8
67	10
68	3
69	11
70	10
71	9
72	5
73	8
74	8
75	10
76	8
77	4
78	6
79	8
80	11
81	6
82	23
83	13
84	17
85	12
86	7
87	8
88	7
89	9
90	6
91	7
92	6
93	13
94	14
95	21
96	16
97	24
98	21
99	16
100	9
101	8
102	8
103	12
104	6
105	14
106	5
107	11
108	3
109	8
110	5
111	7
112	2
113	9
114	6
115	5
116	6
117	6
118	9
119	6
120	5
121	0
122	3
123	4
124	4
125	4
126	4
127	4
128	2
129	4
130	6
131	8
132	2
133	6
134	3
135	7
136	6
137	1
138	7
139	3
140	0
141	3
142	1
143	5
144	1
145	3
146	2
147	6
148	6
149	6
150	6
151	4
152	4
153	5
154	5
155	11
156	5
157	2
158	8
159	10
160	26
161	27
162	24
163	28
164	32
165	19
166	13
167	9
168	8
169	8
170	6
171	2
172	4
173	6
174	5
175	6
176	12
177	9
178	14
179	18
180	19
181	30
182	24
183	33
184	22
185	15
186	15
187	11
188	10
189	5
190	7
191	6
192	8
193	6
194	17
195	19
196	30
197	51
198	96
199	171
200	268
201	373
202	415
203	469
204	411
205	359
206	249
207	165
208	101
209	53
210	39
211	11
212	9
213	8
214	13
215	22
216	37
217	47
218	67
219	62
220	77
221	59
222	64
223	60
224	38
225	27
226	21
227	12
228	9
229	2
230	5
231	8
232	6
233	6
234	5
235	2
236	7
237	2
238	7
239	19
240	20
241	24
242	57
243	80
244	108
245	173
246	217
247	217
248	235
249	194
250	168
251	152
252	99
253	80
254	57
255	39
256	51
257	30
258	23
259	23
260	18
261	19
262	10
263	11
264	19
265	11
266	22
267	24
268	35
269	52
270	65
271	55
272	58
273	55
274	49
275	34
276	17
277	15
278	17
279	13
280	12
281	9
282	13
283	14
284	14
285	16
286	9
287	11
288	18
289	11
290	14
291	15
292	13
293	23
294	18
295	19
296	22
297	22
298	16
299	20
300	9
301	18
302	21
303	18
304	16
305	16
306	6
307	13
308	14
309	11
310	9
311	19
312	17
313	14
314	13
315	23
316	21
317	36
318	40
319	61
320	104
321	108
322	97
323	142
324	102
325	117
326	87
327	81
328	72
329	38
330	37
331	34
332	38
333	29
334	36
335	26
336	22
337	33
338	49
339	66
340	116
341	214
342	373
343	695
344	1232
345	2065
346	3174
347	4562
348	5964
349	7152
350	7916
351	8408
352	7788
353	6884
354	5496
355	4051
356	2789
357	1802
358	1037
359	600
360	286
361	165
362	98
363	51
364	51
365	33
366	35
367	43
368	48
369	43
370	43
371	33
372	53
373	57
374	49
375	59
376	71
377	112
378	165
379	238
380	299
381	458
382	673
383	841
384	1050
385	1305
386	1301
387	1389
388	1265
389	1079
390	871
391	707
392	491
393	345
394	204
395	107
396	67
397	54
398	49
399	38
400	27
401	26
402	30
403	22
404	28
405	39
406	44
407	36
408	35
409	38
410	46
411	43
412	51
413	36
414	34
415	32
416	33
417	27
418	32
419	35
420	30
421	35
422	34
423	31
424	34
425	34
426	35
427	34
428	40
429	38
430	46
431	35
432	39
433	49
434	36
435	45
436	57
437	65
438	61
439	71
440	66
441	72
442	75
443	82
444	83
445	70
446	61
447	50
448	53
449	59
450	64
451	47
452	79
453	84
454	67
455	76
456	82
457	91
458	80
459	74
460	85
461	72
462	85
463	87
464	78
465	54
466	74
467	64
468	53
469	67
470	63
471	63
472	68
473	57
474	88
475	68
476	51
477	54
478	53
479	52
480	66
481	63
482	49
483	37
484	50
485	62
486	48
487	46
488	79
489	64
490	56
491	60
492	62
493	61
494	62
495	60
496	53
497	70
498	64
499	56
500	63
501	74
502	66
503	68
504	72
505	70
506	70
507	79
508	74
509	73
510	81
511	83
512	89
513	85
514	69
515	71
516	87
517	74
518	82
519	101
520	90
521	76
522	89
523	69
524	77
525	104
526	98
527	91
528	101
529	103
530	101
531	107
532	110
533	91
534	91
535	73
536	86
537	85
538	79
539	80
540	93
541	106
542	71
543	93
544	92
545	89
546	79
547	74
548	79
549	76
550	91
551	80
552	69
553	87
554	75
555	61
556	78
557	86
558	74
559	72
560	101
561	71
562	68
563	74
564	58
565	88
566	79
567	78
568	83
569	79
570	75
571	91
572	64
573	86
574	85
575	86
576	67
577	80
578	98
579	79
580	82
581	87
582	87
583	85
584	93
585	93
586	86
587	101
588	87
589	96
590	73
591	74
592	90
593	87
594	86
595	97
596	90
597	101
598	99
599	87
600	102
601	110
602	83
603	82
604	85
605	108
606	101
607	79
608	90
609	90
610	85
611	93
612	99
613	109
614	126
615	86
616	87
617	95
618	97
619	90
620	104
621	92
622	87
623	90
624	111
625	84
626	106
627	102
628	96
629	84
630	97
631	91
632	95
633	91
634	103
635	101
636	86
637	102
638	109
639	98
640	98
641	110
642	103
643	118
644	106
645	92
646	117
647	115
648	126
649	115
650	108
651	101
652	106
653	93
654	108
655	111
656	118
657	121
658	126
659	118
660	108
661	91
662	107
663	91
664	99
665	98
666	124
667	128
668	122
669	110
670	115
671	122
672	102
673	114
674	128
675	114
676	99
677	100
678	110
679	109
680	91
681	106
682	109
683	116
684	114
685	117
686	126
687	121
688	119
689	113
690	120
691	116
692	121
693	140
694	103
695	120
696	124
697	134
698	126
699	114
700	122
701	125
702	117
703	126
704	121
705	118
706	111
707	138
708	128
709	120
710	106
711	128
712	120
713	125
714	121
715	110
716	112
717	139
718	129
719	136
720	123
721	128
722	127
723	133
724	130
725	122
726	97
727	128
728	128
729	124
730	133
731	125
732	144
733	129
734	127
735	123
736	112
737	142
738	131
739	131
740	130
741	128
742	119
743	134
744	130
745	152
746	125
747	143
748	126
749	133
750	120
751	140
752	131
753	124
754	127
755	116
756	128
757	124
758	149
759	126
760	139
761	128
762	160
763	155
764	166
765	167
766	196
767	222
768	261
769	269
770	269
771	299
772	337
773	298
774	340
775	340
776	282
777	260
778	265
779	233
780	224
781	185
782	167
783	161
784	140
785	163
786	134
787	138
788	133
789	124
790	126
791	141
792	124
793	131
794	141
795	127
796	131
797	141
798	145
799	131
800	117
801	145
802	147
803	140
804	162
805	146
806	122
807	129
808	142
809	148
810	139
811	137
812	148
813	137
814	135
815	135
816	155
817	133
818	127
819	145
820	139
821	137
822	140
823	140
824	131
825	127
826	149
827	148
828	143
829	153
830	151
831	143
832	137
833	138
834	147
835	144
836	153
837	142
838	151
839	146
840	137
841	139
842	165
843	149
844	123
845	153
846	148
847	153
848	148
849	161
850	153
851	158
852	157
853	158
854	174
855	150
856	158
857	209
858	188
859	195
860	204
861	222
862	191
863	192
864	214
865	211
866	221
867	250
868	225
869	214
870	207
871	242
872	224
873	229
874	234
875	212
876	215
877	250
878	225
879	256
880	263
881	269
882	288
883	280
884	325
885	325
886	335
887	395
888	378
889	432
890	425
891	459
892	466
893	473
894	511
895	508
896	530
897	550
898	545
899	512
900	571
901	566
902	546
903	553
904	552
905	527
906	512
907	479
908	474
909	472
910	424
911	432
912	427
913	368
914	364
915	303
916	287
917	338
918	282
919	276
920	260
921	258
922	244
923	202
924	242
925	217
926	185
927	189
928	201
929	202
930	169
931	172
932	184
933	209
934	168
935	162
936	176
937	167
938	162
939	195
940	155
941	164
942	200
943	206
944	251
945	243
946	286
947	283
948	316
949	368
950	376
951	411
952	408
953	417
954	399
955	409
956	386
957	353
958	334
959	324
960	266
961	264
962	232
963	198
964	197
965	164
966	163
967	132
968	143
969	116
970	130
971	109
972	128
973	115
974	110
975	127
976	117
977	122
978	141
979	131
980	132
981	146
982	129
983	133
984	131
985	142
986	127
987	143
988	162
989	119
990	131
991	142
992	150
993	140
994	144
995	146
996	164
997	164
998	149
999	163
1000	176
1001	172
1002	167
1003	186
1004	163
1005	146
1006	176
1007	198
1008	165
1009	153
1010	159
1011	167
1012	170
1013	158
1014	143
1015	144
1016	145
1017	128
1018	118
1019	115
1020	122
1021	138
1022	122
1023	120
1024	120
