Date:	08/05/2018		Time:	19:09		Version no:	0.00		Project name:	55		Sample name:	222		Section name:	section		Position	158.915024	mm	E0	0.000000	keV	E1	1.000000	keV/channel	sample surface	5.889088	cm	Tube anode:	Mo		Tube voltage:	30	kV	Tube current:	50	mA	gain	10		std. database			resultfile	result		matrix element	11		sample thickness	1.000000		air passage	0.560000	cm	comments	in position		peaking_time	2.200000	m-sec	trigger_threshold	547.363281	V	mca_bin_width	22.090000	no:	number_mca_channels	1024.000000	no:	gap_time	0.150000	m-sec	trigger_peaking_time	0.200000	m-sec	GAINDAC	18610		HIGHGAIN	1		TAURC	1		RCTAU	1		RCTAUFRAC	1		livetime	9.457810	seconds	runtime	10.000494	seconds	input_count_rate	22868.295182	cps	output_count_rate	18875.566792	cps	triggers	216284	seconds	events_in_run	188765	seconds	channel	content		1	0
2	0
3	0
4	0
5	0
6	0
7	0
8	0
9	0
10	0
11	0
12	0
13	0
14	0
15	0
16	0
17	0
18	0
19	0
20	0
21	0
22	0
23	0
24	0
25	0
26	0
27	0
28	0
29	0
30	0
31	12
32	12
33	12
34	17
35	11
36	10
37	17
38	13
39	20
40	14
41	13
42	8
43	10
44	13
45	11
46	16
47	12
48	10
49	20
50	9
51	13
52	10
53	13
54	13
55	11
56	14
57	7
58	5
59	17
60	9
61	7
62	8
63	12
64	10
65	5
66	10
67	12
68	9
69	9
70	10
71	12
72	9
73	13
74	9
75	6
76	9
77	3
78	6
79	12
80	9
81	10
82	15
83	6
84	8
85	15
86	11
87	2
88	5
89	8
90	5
91	7
92	6
93	4
94	12
95	13
96	12
97	16
98	15
99	9
100	8
101	7
102	5
103	2
104	9
105	9
106	8
107	11
108	6
109	2
110	4
111	5
112	4
113	7
114	7
115	8
116	4
117	2
118	0
119	0
120	4
121	7
122	2
123	5
124	7
125	5
126	5
127	5
128	6
129	3
130	5
131	5
132	2
133	5
134	3
135	3
136	2
137	3
138	0
139	3
140	1
141	4
142	3
143	3
144	8
145	3
146	3
147	7
148	4
149	1
150	3
151	7
152	1
153	6
154	5
155	5
156	6
157	6
158	7
159	12
160	17
161	21
162	25
163	20
164	28
165	35
166	21
167	17
168	7
169	6
170	7
171	7
172	5
173	3
174	9
175	8
176	5
177	11
178	13
179	8
180	16
181	16
182	14
183	11
184	20
185	13
186	8
187	7
188	4
189	5
190	3
191	3
192	4
193	9
194	5
195	9
196	25
197	46
198	89
199	112
200	170
201	222
202	299
203	317
204	286
205	210
206	161
207	118
208	87
209	40
210	15
211	5
212	3
213	6
214	8
215	19
216	22
217	33
218	37
219	45
220	48
221	49
222	57
223	45
224	29
225	11
226	11
227	14
228	6
229	2
230	10
231	2
232	7
233	5
234	5
235	5
236	4
237	2
238	9
239	5
240	13
241	14
242	33
243	53
244	80
245	105
246	128
247	160
248	166
249	129
250	146
251	77
252	66
253	62
254	41
255	37
256	35
257	38
258	37
259	20
260	16
261	17
262	8
263	12
264	8
265	7
266	17
267	19
268	42
269	33
270	49
271	35
272	46
273	31
274	25
275	29
276	14
277	19
278	9
279	8
280	7
281	9
282	8
283	8
284	7
285	7
286	13
287	18
288	13
289	17
290	14
291	21
292	12
293	20
294	18
295	17
296	12
297	13
298	17
299	22
300	10
301	13
302	7
303	11
304	11
305	14
306	18
307	12
308	20
309	15
310	10
311	9
312	13
313	10
314	15
315	23
316	28
317	46
318	63
319	123
320	150
321	189
322	224
323	231
324	227
325	197
326	193
327	150
328	108
329	71
330	57
331	35
332	34
333	29
334	20
335	28
336	26
337	37
338	50
339	53
340	100
341	182
342	348
343	659
344	1130
345	1823
346	2878
347	4095
348	5321
349	6246
350	7314
351	7415
352	7088
353	6117
354	5151
355	3767
356	2634
357	1669
358	982
359	570
360	274
361	143
362	83
363	62
364	48
365	42
366	37
367	43
368	34
369	35
370	43
371	43
372	50
373	49
374	59
375	61
376	77
377	107
378	147
379	211
380	283
381	434
382	558
383	826
384	926
385	1098
386	1166
387	1263
388	1136
389	1064
390	822
391	657
392	470
393	297
394	177
395	117
396	67
397	36
398	24
399	22
400	26
401	26
402	23
403	27
404	27
405	23
406	31
407	36
408	33
409	25
410	33
411	25
412	34
413	33
414	37
415	25
416	27
417	36
418	35
419	31
420	24
421	30
422	17
423	24
424	39
425	27
426	24
427	35
428	32
429	37
430	37
431	38
432	42
433	49
434	40
435	47
436	54
437	50
438	56
439	58
440	61
441	75
442	72
443	64
444	60
445	49
446	51
447	66
448	53
449	54
450	49
451	59
452	54
453	55
454	53
455	49
456	64
457	68
458	65
459	67
460	68
461	79
462	67
463	68
464	64
465	55
466	63
467	51
468	43
469	46
470	46
471	49
472	53
473	60
474	57
475	52
476	54
477	55
478	41
479	50
480	46
481	42
482	45
483	51
484	55
485	60
486	59
487	40
488	50
489	47
490	52
491	43
492	45
493	42
494	40
495	46
496	52
497	42
498	54
499	70
500	56
501	63
502	47
503	58
504	58
505	45
506	83
507	73
508	72
509	60
510	67
511	80
512	64
513	81
514	72
515	56
516	65
517	83
518	84
519	68
520	72
521	63
522	80
523	85
524	81
525	84
526	80
527	103
528	94
529	95
530	101
531	96
532	96
533	96
534	68
535	80
536	81
537	81
538	83
539	86
540	75
541	71
542	61
543	78
544	71
545	90
546	80
547	78
548	70
549	68
550	88
551	81
552	59
553	63
554	75
555	76
556	79
557	79
558	64
559	83
560	79
561	61
562	53
563	88
564	67
565	86
566	75
567	63
568	69
569	76
570	73
571	73
572	84
573	77
574	70
575	72
576	59
577	90
578	62
579	89
580	87
581	72
582	87
583	92
584	93
585	86
586	66
587	73
588	89
589	73
590	76
591	74
592	72
593	100
594	86
595	87
596	83
597	95
598	105
599	71
600	97
601	82
602	105
603	92
604	76
605	91
606	78
607	100
608	96
609	85
610	95
611	88
612	81
613	82
614	87
615	93
616	79
617	96
618	101
619	84
620	102
621	98
622	95
623	89
624	97
625	98
626	75
627	94
628	101
629	88
630	105
631	91
632	94
633	95
634	87
635	101
636	94
637	101
638	113
639	104
640	82
641	86
642	114
643	100
644	109
645	107
646	110
647	85
648	99
649	119
650	97
651	115
652	128
653	116
654	102
655	110
656	106
657	111
658	111
659	93
660	100
661	93
662	108
663	102
664	90
665	103
666	114
667	75
668	118
669	95
670	100
671	129
672	104
673	85
674	103
675	121
676	90
677	93
678	104
679	98
680	111
681	113
682	126
683	110
684	95
685	95
686	92
687	121
688	103
689	117
690	124
691	117
692	103
693	116
694	126
695	117
696	116
697	120
698	122
699	133
700	123
701	118
702	103
703	105
704	127
705	146
706	127
707	120
708	107
709	145
710	138
711	134
712	116
713	131
714	98
715	116
716	132
717	133
718	100
719	115
720	118
721	125
722	111
723	120
724	119
725	119
726	101
727	114
728	128
729	132
730	144
731	131
732	135
733	123
734	133
735	130
736	142
737	138
738	118
739	129
740	114
741	122
742	123
743	139
744	112
745	119
746	122
747	121
748	119
749	135
750	122
751	124
752	114
753	112
754	110
755	119
756	134
757	111
758	135
759	119
760	130
761	167
762	143
763	141
764	147
765	164
766	182
767	233
768	230
769	237
770	260
771	262
772	298
773	306
774	284
775	290
776	263
777	263
778	245
779	233
780	209
781	176
782	182
783	161
784	155
785	138
786	107
787	107
788	115
789	130
790	143
791	142
792	140
793	119
794	144
795	115
796	133
797	127
798	124
799	156
800	135
801	113
802	119
803	146
804	122
805	122
806	123
807	131
808	134
809	123
810	150
811	127
812	150
813	144
814	145
815	164
816	128
817	154
818	146
819	153
820	140
821	128
822	125
823	141
824	150
825	142
826	135
827	146
828	153
829	121
830	145
831	136
832	122
833	145
834	140
835	143
836	143
837	130
838	169
839	140
840	142
841	142
842	133
843	139
844	154
845	148
846	147
847	132
848	170
849	152
850	139
851	130
852	165
853	147
854	169
855	164
856	168
857	174
858	152
859	197
860	181
861	194
862	200
863	222
864	227
865	194
866	204
867	225
868	219
869	202
870	219
871	219
872	198
873	211
874	212
875	218
876	226
877	221
878	239
879	226
880	277
881	266
882	296
883	301
884	327
885	346
886	358
887	410
888	423
889	423
890	417
891	453
892	473
893	469
894	519
895	557
896	524
897	565
898	503
899	553
900	554
901	591
902	534
903	537
904	517
905	525
906	506
907	455
908	514
909	479
910	450
911	398
912	404
913	376
914	380
915	370
916	322
917	299
918	290
919	264
920	291
921	241
922	243
923	251
924	213
925	223
926	231
927	215
928	178
929	180
930	146
931	162
932	154
933	147
934	158
935	174
936	183
937	153
938	126
939	163
940	170
941	189
942	178
943	226
944	201
945	220
946	256
947	289
948	350
949	334
950	374
951	395
952	431
953	390
954	405
955	407
956	389
957	369
958	364
959	315
960	278
961	275
962	213
963	194
964	170
965	175
966	181
967	135
968	135
969	112
970	124
971	129
972	119
973	139
974	128
975	102
976	115
977	124
978	132
979	130
980	138
981	132
982	115
983	135
984	155
985	131
986	149
987	154
988	150
989	131
990	133
991	164
992	142
993	155
994	172
995	151
996	149
997	177
998	162
999	165
1000	163
1001	146
1002	175
1003	169
1004	168
1005	185
1006	178
1007	165
1008	166
1009	157
1010	158
1011	157
1012	166
1013	151
1014	156
1015	150
1016	142
1017	147
1018	146
1019	114
1020	131
1021	121
1022	128
1023	132
1024	106
