Date:	08/05/2018		Time:	17:40		Version no:	0.00		Project name:	55		Sample name:	222		Section name:	section		Position	65.315033	mm	E0	0.000000	keV	E1	1.000000	keV/channel	sample surface	5.926516	cm	Tube anode:	Mo		Tube voltage:	30	kV	Tube current:	50	mA	gain	10		std. database			resultfile	result		matrix element	11		sample thickness	1.000000		air passage	0.560000	cm	comments	in position		peaking_time	2.200000	m-sec	trigger_threshold	547.363281	V	mca_bin_width	22.090000	no:	number_mca_channels	1024.000000	no:	gap_time	0.150000	m-sec	trigger_peaking_time	0.200000	m-sec	GAINDAC	18610		HIGHGAIN	1		TAURC	1		RCTAU	1		RCTAUFRAC	1		livetime	9.431776	seconds	runtime	10.000489	seconds	input_count_rate	25167.370387	cps	output_count_rate	20517.197119	cps	triggers	237373	seconds	events_in_run	205182	seconds	channel	content		1	0
2	0
3	0
4	0
5	0
6	0
7	0
8	0
9	0
10	0
11	0
12	0
13	0
14	0
15	0
16	0
17	0
18	0
19	0
20	0
21	0
22	0
23	0
24	0
25	0
26	0
27	0
28	0
29	0
30	0
31	15
32	18
33	15
34	20
35	12
36	10
37	20
38	11
39	12
40	13
41	11
42	14
43	10
44	19
45	13
46	12
47	9
48	25
49	11
50	20
51	9
52	8
53	14
54	9
55	16
56	8
57	11
58	6
59	10
60	6
61	11
62	3
63	7
64	7
65	6
66	12
67	7
68	10
69	6
70	9
71	10
72	8
73	6
74	6
75	9
76	12
77	7
78	8
79	9
80	10
81	12
82	16
83	7
84	7
85	5
86	4
87	7
88	5
89	4
90	7
91	11
92	6
93	9
94	7
95	14
96	15
97	21
98	12
99	8
100	12
101	7
102	7
103	9
104	3
105	8
106	8
107	14
108	10
109	9
110	8
111	7
112	9
113	0
114	6
115	4
116	4
117	4
118	6
119	9
120	4
121	3
122	3
123	7
124	0
125	5
126	2
127	4
128	7
129	5
130	1
131	4
132	4
133	3
134	5
135	1
136	3
137	4
138	4
139	3
140	2
141	3
142	1
143	2
144	4
145	3
146	7
147	3
148	8
149	4
150	4
151	3
152	1
153	9
154	5
155	9
156	1
157	6
158	6
159	12
160	14
161	24
162	29
163	25
164	25
165	23
166	20
167	15
168	8
169	6
170	5
171	4
172	10
173	8
174	3
175	7
176	10
177	13
178	12
179	19
180	26
181	22
182	25
183	18
184	15
185	15
186	5
187	7
188	5
189	8
190	7
191	7
192	4
193	9
194	9
195	16
196	35
197	63
198	105
199	199
200	260
201	376
202	441
203	449
204	413
205	331
206	262
207	182
208	112
209	76
210	29
211	19
212	8
213	14
214	18
215	16
216	27
217	54
218	53
219	70
220	75
221	87
222	60
223	64
224	51
225	21
226	22
227	9
228	10
229	7
230	4
231	6
232	4
233	6
234	3
235	5
236	7
237	6
238	12
239	11
240	23
241	36
242	62
243	91
244	135
245	190
246	230
247	246
248	272
249	225
250	186
251	155
252	130
253	87
254	62
255	63
256	55
257	46
258	21
259	29
260	23
261	14
262	20
263	17
264	18
265	19
266	29
267	56
268	44
269	50
270	64
271	49
272	54
273	51
274	44
275	42
276	36
277	22
278	8
279	15
280	13
281	14
282	9
283	16
284	14
285	10
286	13
287	11
288	17
289	17
290	18
291	15
292	10
293	22
294	21
295	13
296	23
297	18
298	24
299	22
300	18
301	18
302	17
303	13
304	11
305	13
306	15
307	12
308	14
309	17
310	16
311	13
312	16
313	15
314	17
315	20
316	35
317	56
318	82
319	115
320	140
321	175
322	186
323	213
324	215
325	212
326	186
327	145
328	94
329	73
330	57
331	42
332	30
333	40
334	36
335	36
336	43
337	47
338	52
339	78
340	106
341	229
342	420
343	808
344	1331
345	2224
346	3591
347	4997
348	6532
349	7909
350	9005
351	9381
352	9168
353	7920
354	6282
355	4797
356	3360
357	2131
358	1259
359	690
360	390
361	198
362	103
363	60
364	41
365	52
366	51
367	50
368	52
369	30
370	44
371	61
372	58
373	59
374	63
375	82
376	81
377	132
378	170
379	248
380	345
381	551
382	702
383	930
384	1251
385	1448
386	1526
387	1514
388	1461
389	1250
390	1029
391	777
392	538
393	372
394	228
395	144
396	85
397	44
398	39
399	31
400	28
401	23
402	31
403	40
404	30
405	37
406	23
407	33
408	27
409	41
410	41
411	39
412	30
413	38
414	32
415	31
416	26
417	38
418	29
419	16
420	24
421	30
422	20
423	26
424	29
425	22
426	31
427	26
428	43
429	33
430	31
431	35
432	29
433	33
434	43
435	56
436	43
437	47
438	64
439	58
440	63
441	58
442	66
443	62
444	72
445	66
446	66
447	43
448	57
449	49
450	61
451	61
452	49
453	56
454	70
455	65
456	74
457	82
458	81
459	77
460	81
461	83
462	80
463	76
464	62
465	59
466	50
467	55
468	62
469	64
470	76
471	71
472	66
473	85
474	55
475	63
476	66
477	60
478	66
479	49
480	54
481	54
482	52
483	46
484	54
485	72
486	51
487	46
488	61
489	52
490	65
491	65
492	48
493	49
494	53
495	45
496	52
497	69
498	52
499	58
500	73
501	61
502	75
503	79
504	60
505	61
506	63
507	72
508	76
509	82
510	63
511	80
512	60
513	73
514	61
515	77
516	84
517	81
518	61
519	85
520	77
521	62
522	92
523	72
524	85
525	91
526	86
527	98
528	96
529	86
530	89
531	82
532	88
533	76
534	88
535	98
536	72
537	65
538	99
539	76
540	80
541	84
542	70
543	71
544	67
545	71
546	92
547	81
548	58
549	72
550	79
551	68
552	58
553	72
554	76
555	82
556	70
557	77
558	67
559	80
560	64
561	70
562	73
563	74
564	69
565	95
566	80
567	77
568	68
569	74
570	83
571	84
572	74
573	76
574	87
575	89
576	85
577	85
578	71
579	89
580	72
581	84
582	74
583	88
584	69
585	61
586	67
587	80
588	74
589	78
590	87
591	87
592	103
593	95
594	66
595	95
596	84
597	78
598	84
599	75
600	85
601	77
602	61
603	83
604	86
605	80
606	98
607	84
608	89
609	85
610	99
611	94
612	86
613	90
614	74
615	85
616	89
617	99
618	101
619	82
620	107
621	89
622	94
623	85
624	93
625	99
626	79
627	91
628	84
629	112
630	96
631	82
632	91
633	80
634	96
635	95
636	119
637	100
638	98
639	82
640	93
641	106
642	122
643	95
644	78
645	99
646	86
647	101
648	105
649	99
650	112
651	96
652	103
653	125
654	103
655	101
656	94
657	101
658	103
659	86
660	76
661	78
662	94
663	93
664	102
665	100
666	95
667	101
668	95
669	87
670	111
671	89
672	107
673	92
674	110
675	101
676	99
677	106
678	108
679	91
680	96
681	104
682	104
683	114
684	110
685	113
686	126
687	102
688	90
689	114
690	110
691	117
692	102
693	95
694	98
695	131
696	117
697	112
698	118
699	119
700	115
701	125
702	113
703	106
704	122
705	121
706	123
707	111
708	102
709	97
710	114
711	117
712	110
713	121
714	96
715	121
716	107
717	126
718	112
719	124
720	115
721	100
722	128
723	95
724	102
725	128
726	111
727	111
728	103
729	111
730	111
731	128
732	120
733	145
734	102
735	105
736	138
737	118
738	112
739	129
740	110
741	123
742	119
743	95
744	131
745	118
746	113
747	146
748	117
749	107
750	112
751	123
752	121
753	135
754	101
755	115
756	116
757	113
758	131
759	138
760	131
761	110
762	113
763	143
764	124
765	149
766	199
767	166
768	202
769	215
770	224
771	254
772	252
773	249
774	258
775	257
776	256
777	235
778	216
779	200
780	150
781	179
782	152
783	156
784	140
785	134
786	106
787	144
788	117
789	117
790	107
791	121
792	127
793	123
794	100
795	126
796	132
797	93
798	103
799	115
800	120
801	118
802	131
803	125
804	118
805	130
806	96
807	144
808	107
809	114
810	127
811	103
812	124
813	138
814	115
815	120
816	121
817	136
818	136
819	124
820	136
821	150
822	154
823	124
824	137
825	109
826	160
827	117
828	128
829	123
830	132
831	118
832	144
833	149
834	133
835	122
836	127
837	130
838	135
839	140
840	120
841	151
842	131
843	117
844	139
845	157
846	132
847	115
848	147
849	131
850	143
851	170
852	170
853	137
854	155
855	156
856	183
857	160
858	165
859	161
860	178
861	206
862	187
863	229
864	215
865	191
866	196
867	193
868	177
869	188
870	179
871	192
872	190
873	200
874	206
875	180
876	211
877	218
878	234
879	220
880	239
881	253
882	249
883	257
884	280
885	303
886	320
887	313
888	302
889	370
890	370
891	417
892	419
893	432
894	382
895	449
896	490
897	485
898	525
899	478
900	459
901	461
902	499
903	475
904	467
905	469
906	425
907	409
908	421
909	450
910	403
911	374
912	370
913	348
914	326
915	322
916	319
917	301
918	268
919	279
920	245
921	202
922	248
923	218
924	200
925	197
926	172
927	201
928	162
929	173
930	170
931	147
932	149
933	138
934	149
935	141
936	129
937	150
938	140
939	148
940	139
941	160
942	149
943	185
944	227
945	237
946	263
947	277
948	330
949	338
950	363
951	375
952	377
953	382
954	398
955	380
956	390
957	339
958	329
959	287
960	273
961	255
962	212
963	208
964	177
965	172
966	127
967	149
968	121
969	115
970	115
971	111
972	109
973	120
974	107
975	130
976	87
977	114
978	116
979	98
980	110
981	126
982	109
983	140
984	122
985	115
986	109
987	141
988	126
989	145
990	138
991	147
992	138
993	170
994	176
995	141
996	139
997	138
998	162
999	157
1000	160
1001	149
1002	147
1003	154
1004	162
1005	169
1006	145
1007	146
1008	165
1009	145
1010	156
1011	149
1012	140
1013	126
1014	136
1015	117
1016	154
1017	123
1018	126
1019	129
1020	111
1021	99
1022	118
1023	104
1024	109
