Date:	08/05/2018		Time:	19:38		Version no:	0.00		Project name:	55		Sample name:	222		Section name:	section		Position	189.115036	mm	E0	0.000000	keV	E1	1.000000	keV/channel	sample surface	5.907552	cm	Tube anode:	Mo		Tube voltage:	30	kV	Tube current:	50	mA	gain	10		std. database			resultfile	result		matrix element	11		sample thickness	1.000000		air passage	0.560000	cm	comments	in position		peaking_time	2.200000	m-sec	trigger_threshold	547.363281	V	mca_bin_width	22.090000	no:	number_mca_channels	1024.000000	no:	gap_time	0.150000	m-sec	trigger_peaking_time	0.200000	m-sec	GAINDAC	18610		HIGHGAIN	1		TAURC	1		RCTAU	1		RCTAUFRAC	1		livetime	9.469760	seconds	runtime	10.000494	seconds	input_count_rate	22373.323083	cps	output_count_rate	18550.982839	cps	triggers	211870	seconds	events_in_run	185519	seconds	channel	content		1	0
2	0
3	0
4	0
5	0
6	0
7	0
8	0
9	0
10	0
11	0
12	0
13	0
14	0
15	0
16	0
17	0
18	0
19	0
20	0
21	0
22	0
23	0
24	0
25	0
26	0
27	0
28	0
29	0
30	0
31	8
32	23
33	12
34	17
35	15
36	9
37	13
38	17
39	21
40	16
41	13
42	12
43	16
44	18
45	13
46	15
47	16
48	18
49	10
50	16
51	16
52	8
53	10
54	20
55	12
56	13
57	12
58	15
59	10
60	9
61	8
62	14
63	7
64	8
65	9
66	10
67	6
68	13
69	7
70	10
71	9
72	9
73	3
74	5
75	2
76	7
77	8
78	11
79	5
80	12
81	17
82	8
83	7
84	15
85	7
86	8
87	8
88	4
89	9
90	6
91	4
92	4
93	10
94	17
95	13
96	19
97	13
98	12
99	9
100	6
101	6
102	3
103	8
104	8
105	6
106	9
107	7
108	9
109	7
110	8
111	6
112	4
113	4
114	2
115	7
116	6
117	5
118	3
119	10
120	7
121	5
122	3
123	1
124	3
125	3
126	3
127	6
128	4
129	4
130	9
131	4
132	3
133	3
134	3
135	7
136	5
137	2
138	4
139	4
140	5
141	6
142	5
143	3
144	2
145	4
146	4
147	7
148	2
149	6
150	4
151	4
152	3
153	5
154	4
155	6
156	10
157	4
158	9
159	16
160	19
161	27
162	29
163	27
164	36
165	34
166	30
167	13
168	7
169	4
170	3
171	5
172	5
173	6
174	9
175	6
176	11
177	7
178	5
179	13
180	14
181	17
182	11
183	14
184	15
185	11
186	14
187	7
188	3
189	8
190	10
191	0
192	3
193	4
194	11
195	9
196	30
197	49
198	86
199	114
200	160
201	220
202	315
203	316
204	308
205	240
206	174
207	141
208	84
209	49
210	15
211	15
212	14
213	5
214	6
215	23
216	17
217	32
218	23
219	56
220	59
221	48
222	56
223	32
224	32
225	25
226	9
227	9
228	8
229	7
230	7
231	6
232	3
233	4
234	4
235	6
236	5
237	7
238	8
239	8
240	13
241	19
242	41
243	63
244	77
245	104
246	150
247	168
248	148
249	130
250	142
251	92
252	85
253	56
254	58
255	42
256	30
257	41
258	30
259	12
260	14
261	12
262	5
263	17
264	16
265	13
266	24
267	29
268	25
269	30
270	40
271	48
272	41
273	52
274	29
275	26
276	17
277	16
278	10
279	6
280	10
281	10
282	11
283	9
284	9
285	11
286	14
287	12
288	13
289	9
290	9
291	20
292	14
293	14
294	20
295	14
296	21
297	16
298	24
299	19
300	19
301	14
302	13
303	9
304	16
305	11
306	14
307	12
308	12
309	17
310	13
311	15
312	11
313	10
314	16
315	19
316	23
317	28
318	56
319	72
320	69
321	96
322	134
323	119
324	136
325	130
326	86
327	90
328	44
329	49
330	35
331	23
332	25
333	21
334	18
335	28
336	28
337	32
338	39
339	64
340	123
341	185
342	355
343	641
344	1161
345	1887
346	2883
347	3990
348	5371
349	6378
350	7187
351	7377
352	6872
353	6263
354	5020
355	3804
356	2614
357	1646
358	1039
359	518
360	299
361	179
362	98
363	65
364	45
365	31
366	41
367	36
368	33
369	35
370	36
371	40
372	41
373	50
374	58
375	64
376	67
377	104
378	138
379	220
380	303
381	400
382	622
383	782
384	969
385	1149
386	1253
387	1305
388	1239
389	987
390	821
391	651
392	426
393	280
394	200
395	111
396	64
397	52
398	30
399	27
400	29
401	28
402	22
403	20
404	27
405	16
406	44
407	28
408	22
409	33
410	39
411	40
412	27
413	39
414	27
415	32
416	17
417	24
418	20
419	23
420	28
421	42
422	24
423	32
424	33
425	38
426	36
427	31
428	28
429	25
430	37
431	36
432	33
433	34
434	44
435	28
436	38
437	44
438	60
439	60
440	62
441	63
442	63
443	55
444	53
445	48
446	58
447	55
448	44
449	51
450	42
451	49
452	45
453	47
454	69
455	48
456	64
457	77
458	63
459	73
460	78
461	85
462	76
463	47
464	71
465	54
466	48
467	56
468	48
469	44
470	41
471	59
472	62
473	64
474	56
475	44
476	48
477	58
478	48
479	48
480	58
481	44
482	52
483	44
484	35
485	55
486	50
487	57
488	43
489	68
490	68
491	47
492	44
493	58
494	52
495	60
496	50
497	47
498	62
499	71
500	51
501	58
502	64
503	64
504	43
505	62
506	50
507	65
508	58
509	66
510	68
511	64
512	74
513	68
514	75
515	70
516	52
517	87
518	51
519	56
520	80
521	86
522	62
523	64
524	85
525	66
526	101
527	76
528	89
529	75
530	78
531	78
532	67
533	74
534	71
535	73
536	59
537	67
538	77
539	86
540	66
541	88
542	76
543	64
544	68
545	67
546	79
547	75
548	56
549	64
550	83
551	70
552	70
553	60
554	71
555	72
556	64
557	56
558	75
559	87
560	67
561	64
562	72
563	67
564	75
565	68
566	62
567	75
568	78
569	68
570	62
571	69
572	67
573	78
574	78
575	54
576	71
577	67
578	91
579	78
580	86
581	77
582	72
583	79
584	90
585	76
586	91
587	93
588	91
589	71
590	98
591	78
592	85
593	81
594	73
595	80
596	89
597	84
598	86
599	76
600	66
601	73
602	85
603	78
604	75
605	88
606	90
607	86
608	65
609	85
610	97
611	92
612	84
613	89
614	86
615	88
616	98
617	97
618	93
619	97
620	92
621	93
622	87
623	98
624	99
625	90
626	102
627	86
628	88
629	105
630	104
631	85
632	87
633	84
634	104
635	79
636	93
637	75
638	86
639	92
640	97
641	83
642	98
643	87
644	99
645	78
646	98
647	113
648	108
649	85
650	103
651	101
652	95
653	102
654	102
655	112
656	84
657	104
658	111
659	88
660	104
661	94
662	93
663	99
664	92
665	98
666	105
667	107
668	99
669	119
670	96
671	107
672	102
673	123
674	110
675	94
676	108
677	99
678	90
679	104
680	105
681	94
682	94
683	88
684	87
685	109
686	114
687	97
688	97
689	101
690	115
691	103
692	119
693	116
694	115
695	131
696	118
697	116
698	117
699	111
700	123
701	115
702	139
703	121
704	108
705	114
706	110
707	122
708	120
709	125
710	93
711	127
712	106
713	120
714	111
715	110
716	132
717	107
718	116
719	116
720	94
721	96
722	114
723	114
724	103
725	108
726	142
727	119
728	131
729	115
730	102
731	114
732	113
733	98
734	124
735	120
736	95
737	137
738	127
739	125
740	133
741	137
742	120
743	138
744	146
745	113
746	142
747	110
748	121
749	133
750	117
751	123
752	134
753	126
754	125
755	121
756	126
757	122
758	144
759	120
760	108
761	123
762	125
763	140
764	156
765	161
766	172
767	205
768	220
769	258
770	277
771	268
772	260
773	308
774	290
775	276
776	285
777	240
778	224
779	215
780	205
781	176
782	155
783	128
784	151
785	148
786	127
787	128
788	151
789	139
790	116
791	144
792	121
793	138
794	131
795	133
796	143
797	141
798	114
799	128
800	131
801	100
802	113
803	139
804	143
805	134
806	133
807	115
808	141
809	151
810	136
811	125
812	147
813	134
814	132
815	145
816	142
817	138
818	153
819	153
820	155
821	121
822	126
823	137
824	132
825	133
826	123
827	145
828	126
829	126
830	148
831	119
832	146
833	136
834	144
835	139
836	134
837	121
838	155
839	146
840	123
841	147
842	132
843	165
844	151
845	129
846	144
847	165
848	166
849	151
850	156
851	141
852	159
853	158
854	164
855	160
856	170
857	191
858	161
859	204
860	203
861	194
862	199
863	201
864	202
865	214
866	220
867	229
868	202
869	236
870	210
871	207
872	211
873	195
874	212
875	183
876	227
877	224
878	241
879	246
880	253
881	236
882	273
883	270
884	291
885	320
886	329
887	367
888	379
889	369
890	385
891	433
892	449
893	488
894	497
895	495
896	501
897	518
898	524
899	523
900	537
901	542
902	448
903	497
904	543
905	512
906	459
907	454
908	476
909	408
910	399
911	399
912	433
913	367
914	340
915	332
916	330
917	315
918	319
919	291
920	279
921	262
922	269
923	207
924	224
925	183
926	204
927	192
928	194
929	194
930	162
931	171
932	171
933	163
934	180
935	155
936	163
937	150
938	149
939	159
940	139
941	176
942	220
943	174
944	199
945	257
946	264
947	303
948	329
949	340
950	377
951	399
952	363
953	428
954	402
955	418
956	422
957	369
958	348
959	337
960	302
961	272
962	218
963	211
964	174
965	160
966	162
967	149
968	117
969	126
970	111
971	118
972	146
973	120
974	115
975	103
976	133
977	111
978	132
979	115
980	140
981	143
982	122
983	125
984	119
985	130
986	122
987	143
988	143
989	140
990	126
991	151
992	142
993	140
994	158
995	148
996	168
997	145
998	156
999	179
1000	152
1001	151
1002	184
1003	164
1004	198
1005	151
1006	162
1007	166
1008	163
1009	171
1010	192
1011	154
1012	161
1013	159
1014	139
1015	157
1016	138
1017	151
1018	138
1019	129
1020	120
1021	115
1022	106
1023	120
1024	102
