Date:	08/05/2018		Time:	20:23		Version no:	0.00		Project name:	55		Sample name:	222		Section name:	section		Position	235.915024	mm	E0	0.000000	keV	E1	1.000000	keV/channel	sample surface	5.950752	cm	Tube anode:	Mo		Tube voltage:	30	kV	Tube current:	50	mA	gain	10		std. database			resultfile	result		matrix element	11		sample thickness	1.000000		air passage	0.560000	cm	comments	in position		peaking_time	2.200000	m-sec	trigger_threshold	547.363281	V	mca_bin_width	22.090000	no:	number_mca_channels	1024.000000	no:	gap_time	0.150000	m-sec	trigger_peaking_time	0.200000	m-sec	GAINDAC	18610		HIGHGAIN	1		TAURC	1		RCTAU	1		RCTAUFRAC	1		livetime	9.465353	seconds	runtime	10.000493	seconds	input_count_rate	22571.372089	cps	output_count_rate	18676.679613	cps	triggers	213646	seconds	events_in_run	186776	seconds	channel	content		1	0
2	0
3	0
4	0
5	0
6	0
7	0
8	0
9	0
10	0
11	0
12	0
13	0
14	0
15	0
16	0
17	0
18	0
19	0
20	0
21	0
22	0
23	0
24	0
25	0
26	0
27	0
28	0
29	0
30	0
31	9
32	10
33	13
34	11
35	10
36	15
37	10
38	19
39	12
40	14
41	16
42	13
43	11
44	13
45	14
46	4
47	20
48	14
49	15
50	16
51	15
52	14
53	6
54	8
55	18
56	14
57	13
58	14
59	15
60	19
61	9
62	8
63	11
64	8
65	15
66	8
67	12
68	5
69	15
70	8
71	11
72	12
73	5
74	7
75	5
76	14
77	5
78	7
79	7
80	11
81	15
82	13
83	7
84	9
85	8
86	8
87	4
88	8
89	5
90	6
91	5
92	12
93	8
94	4
95	14
96	14
97	9
98	15
99	14
100	6
101	7
102	4
103	9
104	8
105	5
106	8
107	5
108	7
109	5
110	9
111	6
112	3
113	6
114	6
115	4
116	5
117	8
118	4
119	3
120	6
121	3
122	7
123	2
124	7
125	6
126	4
127	4
128	4
129	2
130	4
131	3
132	3
133	2
134	5
135	0
136	2
137	5
138	3
139	5
140	5
141	6
142	6
143	7
144	3
145	4
146	2
147	5
148	0
149	6
150	4
151	4
152	3
153	5
154	3
155	6
156	3
157	7
158	7
159	13
160	19
161	23
162	31
163	26
164	26
165	25
166	18
167	13
168	8
169	1
170	6
171	7
172	5
173	7
174	7
175	9
176	7
177	4
178	12
179	15
180	11
181	13
182	15
183	22
184	16
185	18
186	14
187	5
188	4
189	3
190	2
191	3
192	4
193	6
194	3
195	21
196	32
197	60
198	91
199	118
200	208
201	292
202	363
203	360
204	349
205	307
206	222
207	149
208	76
209	50
210	27
211	12
212	4
213	13
214	20
215	19
216	23
217	40
218	42
219	62
220	64
221	73
222	66
223	56
224	37
225	31
226	6
227	16
228	11
229	8
230	4
231	6
232	1
233	4
234	5
235	3
236	2
237	7
238	7
239	9
240	16
241	30
242	35
243	72
244	80
245	136
246	169
247	186
248	200
249	192
250	135
251	122
252	92
253	67
254	62
255	35
256	32
257	32
258	27
259	19
260	15
261	10
262	11
263	8
264	15
265	13
266	25
267	21
268	37
269	38
270	56
271	48
272	45
273	29
274	26
275	18
276	14
277	16
278	17
279	4
280	14
281	4
282	9
283	5
284	8
285	4
286	15
287	17
288	13
289	10
290	17
291	15
292	16
293	11
294	10
295	11
296	20
297	13
298	12
299	10
300	14
301	13
302	21
303	16
304	15
305	8
306	13
307	12
308	12
309	11
310	13
311	10
312	6
313	17
314	10
315	20
316	22
317	36
318	63
319	103
320	126
321	157
322	187
323	187
324	194
325	193
326	152
327	108
328	98
329	81
330	45
331	32
332	48
333	28
334	25
335	26
336	34
337	43
338	52
339	55
340	101
341	160
342	356
343	617
344	1038
345	1748
346	2746
347	3995
348	5018
349	6252
350	6792
351	7142
352	6901
353	6107
354	5037
355	3648
356	2507
357	1651
358	965
359	512
360	283
361	172
362	104
363	49
364	41
365	46
366	33
367	43
368	33
369	36
370	45
371	61
372	39
373	46
374	50
375	59
376	80
377	88
378	131
379	169
380	248
381	394
382	587
383	771
384	877
385	1198
386	1159
387	1151
388	1092
389	1008
390	849
391	672
392	475
393	313
394	201
395	117
396	59
397	37
398	24
399	19
400	29
401	34
402	27
403	25
404	28
405	28
406	26
407	40
408	41
409	40
410	36
411	24
412	46
413	22
414	41
415	40
416	27
417	36
418	36
419	25
420	21
421	31
422	26
423	21
424	29
425	28
426	27
427	32
428	35
429	38
430	35
431	35
432	43
433	35
434	53
435	46
436	56
437	47
438	37
439	42
440	65
441	65
442	68
443	71
444	64
445	73
446	52
447	48
448	55
449	51
450	56
451	56
452	66
453	49
454	60
455	61
456	84
457	71
458	95
459	66
460	77
461	83
462	73
463	63
464	71
465	57
466	60
467	62
468	60
469	54
470	51
471	53
472	56
473	54
474	61
475	51
476	71
477	67
478	46
479	56
480	51
481	51
482	46
483	47
484	43
485	50
486	53
487	42
488	57
489	44
490	59
491	58
492	45
493	51
494	61
495	59
496	54
497	50
498	60
499	58
500	69
501	56
502	57
503	56
504	68
505	66
506	68
507	61
508	71
509	64
510	68
511	83
512	81
513	74
514	73
515	80
516	68
517	77
518	60
519	75
520	74
521	64
522	80
523	93
524	77
525	76
526	78
527	66
528	90
529	86
530	85
531	96
532	90
533	93
534	97
535	86
536	77
537	59
538	81
539	80
540	69
541	69
542	81
543	72
544	68
545	81
546	72
547	93
548	71
549	70
550	63
551	81
552	98
553	82
554	72
555	85
556	65
557	69
558	72
559	73
560	79
561	74
562	75
563	71
564	69
565	59
566	70
567	78
568	58
569	91
570	69
571	90
572	73
573	85
574	90
575	68
576	77
577	68
578	69
579	66
580	74
581	87
582	79
583	84
584	87
585	75
586	75
587	80
588	87
589	86
590	98
591	86
592	86
593	95
594	96
595	85
596	84
597	77
598	92
599	102
600	89
601	93
602	91
603	80
604	69
605	72
606	90
607	88
608	75
609	74
610	101
611	86
612	78
613	89
614	104
615	102
616	77
617	100
618	108
619	94
620	87
621	89
622	93
623	86
624	89
625	95
626	109
627	104
628	92
629	93
630	87
631	89
632	109
633	105
634	94
635	93
636	83
637	65
638	91
639	99
640	86
641	118
642	98
643	97
644	89
645	109
646	94
647	84
648	89
649	106
650	103
651	101
652	107
653	116
654	130
655	121
656	133
657	115
658	79
659	118
660	96
661	86
662	102
663	115
664	107
665	113
666	102
667	102
668	113
669	110
670	108
671	113
672	102
673	110
674	96
675	103
676	95
677	108
678	95
679	97
680	101
681	120
682	102
683	98
684	116
685	116
686	111
687	106
688	116
689	114
690	106
691	110
692	119
693	105
694	108
695	112
696	117
697	110
698	129
699	128
700	117
701	114
702	132
703	136
704	128
705	122
706	118
707	127
708	106
709	113
710	130
711	111
712	121
713	105
714	122
715	110
716	127
717	141
718	121
719	109
720	123
721	130
722	122
723	107
724	147
725	122
726	116
727	124
728	144
729	129
730	124
731	141
732	108
733	132
734	136
735	117
736	119
737	116
738	119
739	132
740	128
741	127
742	145
743	124
744	132
745	123
746	130
747	111
748	122
749	138
750	127
751	107
752	140
753	126
754	137
755	125
756	104
757	113
758	151
759	131
760	129
761	138
762	131
763	142
764	142
765	164
766	176
767	212
768	201
769	254
770	280
771	297
772	294
773	311
774	306
775	289
776	267
777	250
778	256
779	187
780	217
781	180
782	158
783	145
784	174
785	140
786	121
787	135
788	130
789	133
790	131
791	154
792	142
793	139
794	143
795	115
796	138
797	124
798	128
799	137
800	126
801	142
802	125
803	139
804	123
805	143
806	121
807	122
808	130
809	115
810	161
811	129
812	151
813	148
814	142
815	133
816	144
817	124
818	147
819	152
820	138
821	141
822	147
823	146
824	157
825	136
826	139
827	149
828	165
829	126
830	139
831	137
832	135
833	142
834	124
835	135
836	139
837	147
838	135
839	134
840	128
841	147
842	152
843	134
844	148
845	161
846	163
847	138
848	161
849	136
850	148
851	163
852	172
853	154
854	170
855	166
856	180
857	189
858	167
859	207
860	180
861	214
862	213
863	211
864	198
865	199
866	189
867	210
868	222
869	184
870	224
871	225
872	212
873	214
874	216
875	219
876	242
877	236
878	246
879	244
880	265
881	257
882	300
883	260
884	292
885	300
886	327
887	390
888	399
889	391
890	426
891	458
892	442
893	475
894	509
895	525
896	517
897	496
898	505
899	487
900	511
901	546
902	543
903	483
904	553
905	505
906	510
907	485
908	503
909	438
910	430
911	391
912	348
913	418
914	341
915	338
916	328
917	303
918	280
919	306
920	251
921	236
922	220
923	223
924	204
925	221
926	204
927	203
928	199
929	168
930	181
931	173
932	156
933	180
934	161
935	153
936	165
937	184
938	176
939	156
940	169
941	183
942	196
943	205
944	214
945	270
946	245
947	302
948	303
949	348
950	361
951	388
952	412
953	440
954	407
955	390
956	404
957	337
958	333
959	335
960	285
961	286
962	235
963	189
964	178
965	181
966	153
967	166
968	140
969	135
970	112
971	130
972	121
973	104
974	132
975	113
976	117
977	117
978	117
979	115
980	105
981	144
982	140
983	134
984	135
985	163
986	152
987	151
988	149
989	145
990	150
991	134
992	149
993	170
994	153
995	149
996	161
997	155
998	162
999	164
1000	171
1001	197
1002	157
1003	168
1004	152
1005	179
1006	164
1007	158
1008	162
1009	166
1010	150
1011	178
1012	159
1013	163
1014	152
1015	148
1016	149
1017	150
1018	130
1019	129
1020	148
1021	122
1022	119
1023	121
1024	101
