Date:	08/05/2018		Time:	18:29		Version no:	0.00		Project name:	55		Sample name:	222		Section name:	section		Position	116.115028	mm	E0	0.000000	keV	E1	1.000000	keV/channel	sample surface	5.905115	cm	Tube anode:	Mo		Tube voltage:	30	kV	Tube current:	50	mA	gain	10		std. database			resultfile	result		matrix element	11		sample thickness	1.000000		air passage	0.560000	cm	comments	in position		peaking_time	2.200000	m-sec	trigger_threshold	547.363281	V	mca_bin_width	22.090000	no:	number_mca_channels	1024.000000	no:	gap_time	0.150000	m-sec	trigger_peaking_time	0.200000	m-sec	GAINDAC	18610		HIGHGAIN	1		TAURC	1		RCTAU	1		RCTAUFRAC	1		livetime	9.437868	seconds	runtime	10.000491	seconds	input_count_rate	22914.709127	cps	output_count_rate	18870.173097	cps	triggers	216266	seconds	events_in_run	188711	seconds	channel	content		1	0
2	0
3	0
4	0
5	0
6	0
7	0
8	0
9	0
10	0
11	0
12	0
13	0
14	0
15	0
16	0
17	0
18	0
19	0
20	0
21	0
22	0
23	0
24	0
25	0
26	0
27	0
28	0
29	0
30	0
31	11
32	24
33	16
34	8
35	14
36	9
37	12
38	15
39	19
40	8
41	13
42	12
43	14
44	17
45	22
46	18
47	12
48	23
49	13
50	13
51	13
52	18
53	15
54	18
55	10
56	14
57	17
58	9
59	4
60	7
61	10
62	9
63	6
64	19
65	15
66	12
67	8
68	17
69	7
70	9
71	13
72	10
73	7
74	5
75	7
76	6
77	4
78	4
79	8
80	9
81	6
82	5
83	7
84	7
85	4
86	8
87	11
88	3
89	6
90	9
91	0
92	10
93	8
94	12
95	12
96	13
97	17
98	18
99	9
100	10
101	12
102	10
103	7
104	4
105	13
106	7
107	3
108	8
109	16
110	3
111	10
112	5
113	7
114	6
115	3
116	2
117	4
118	0
119	6
120	2
121	7
122	2
123	3
124	5
125	7
126	6
127	1
128	1
129	4
130	2
131	4
132	5
133	3
134	3
135	7
136	5
137	1
138	2
139	4
140	6
141	4
142	1
143	3
144	5
145	1
146	0
147	5
148	5
149	1
150	7
151	5
152	5
153	4
154	3
155	5
156	4
157	5
158	9
159	15
160	20
161	22
162	23
163	30
164	28
165	19
166	17
167	9
168	13
169	3
170	4
171	4
172	6
173	3
174	4
175	3
176	7
177	9
178	8
179	11
180	9
181	15
182	12
183	18
184	15
185	15
186	4
187	7
188	12
189	5
190	1
191	6
192	5
193	4
194	6
195	15
196	23
197	30
198	81
199	99
200	166
201	193
202	204
203	262
204	280
205	195
206	166
207	106
208	68
209	31
210	15
211	12
212	11
213	4
214	11
215	19
216	23
217	26
218	37
219	39
220	36
221	37
222	55
223	39
224	20
225	14
226	8
227	10
228	2
229	4
230	2
231	5
232	3
233	1
234	3
235	2
236	6
237	4
238	4
239	8
240	9
241	25
242	34
243	51
244	94
245	99
246	135
247	147
248	139
249	133
250	113
251	92
252	77
253	44
254	58
255	35
256	30
257	21
258	25
259	20
260	17
261	14
262	10
263	12
264	6
265	21
266	18
267	16
268	23
269	41
270	23
271	34
272	51
273	41
274	28
275	23
276	21
277	10
278	14
279	13
280	10
281	13
282	10
283	13
284	10
285	8
286	12
287	9
288	14
289	9
290	13
291	15
292	18
293	21
294	18
295	16
296	14
297	13
298	11
299	17
300	8
301	15
302	15
303	12
304	11
305	5
306	15
307	11
308	6
309	13
310	15
311	7
312	9
313	11
314	10
315	18
316	21
317	31
318	50
319	55
320	70
321	98
322	125
323	131
324	117
325	95
326	101
327	91
328	71
329	50
330	35
331	29
332	28
333	25
334	19
335	28
336	30
337	40
338	39
339	54
340	96
341	166
342	322
343	534
344	943
345	1597
346	2506
347	3348
348	4601
349	5522
350	6154
351	6443
352	6232
353	5342
354	4427
355	3324
356	2351
357	1516
358	888
359	459
360	267
361	148
362	72
363	57
364	45
365	40
366	41
367	31
368	40
369	47
370	39
371	49
372	46
373	36
374	53
375	70
376	80
377	87
378	123
379	154
380	253
381	382
382	597
383	728
384	840
385	1013
386	1085
387	1170
388	1078
389	927
390	787
391	543
392	426
393	302
394	211
395	102
396	70
397	49
398	33
399	25
400	27
401	27
402	28
403	21
404	20
405	37
406	36
407	33
408	39
409	42
410	29
411	35
412	30
413	31
414	35
415	30
416	27
417	46
418	28
419	33
420	33
421	40
422	33
423	28
424	26
425	22
426	35
427	39
428	44
429	31
430	38
431	39
432	32
433	32
434	37
435	21
436	45
437	67
438	55
439	72
440	59
441	65
442	60
443	66
444	75
445	74
446	63
447	72
448	62
449	53
450	48
451	49
452	58
453	67
454	76
455	75
456	69
457	66
458	90
459	84
460	71
461	69
462	67
463	69
464	69
465	67
466	45
467	61
468	57
469	60
470	61
471	59
472	59
473	65
474	71
475	66
476	60
477	53
478	62
479	47
480	58
481	62
482	44
483	55
484	45
485	65
486	43
487	53
488	50
489	59
490	63
491	60
492	59
493	60
494	57
495	65
496	69
497	71
498	74
499	59
500	71
501	63
502	72
503	70
504	82
505	79
506	89
507	90
508	98
509	83
510	73
511	91
512	66
513	82
514	83
515	68
516	86
517	80
518	93
519	88
520	80
521	64
522	80
523	83
524	97
525	100
526	110
527	101
528	104
529	100
530	98
531	99
532	110
533	77
534	100
535	82
536	84
537	76
538	103
539	87
540	82
541	90
542	86
543	87
544	72
545	92
546	85
547	85
548	86
549	81
550	76
551	82
552	89
553	58
554	77
555	77
556	85
557	92
558	78
559	76
560	84
561	73
562	94
563	86
564	72
565	86
566	72
567	87
568	66
569	87
570	80
571	94
572	80
573	66
574	75
575	70
576	82
577	74
578	93
579	89
580	81
581	90
582	94
583	70
584	101
585	103
586	91
587	59
588	82
589	82
590	93
591	108
592	90
593	105
594	92
595	102
596	104
597	88
598	103
599	118
600	111
601	95
602	94
603	97
604	93
605	97
606	93
607	78
608	92
609	87
610	107
611	110
612	97
613	102
614	94
615	108
616	119
617	101
618	116
619	127
620	109
621	110
622	129
623	101
624	120
625	103
626	129
627	89
628	131
629	116
630	88
631	95
632	97
633	98
634	106
635	102
636	119
637	114
638	117
639	111
640	102
641	115
642	91
643	120
644	100
645	110
646	101
647	108
648	125
649	120
650	122
651	107
652	99
653	103
654	98
655	136
656	129
657	132
658	114
659	120
660	123
661	121
662	108
663	107
664	105
665	107
666	109
667	108
668	123
669	127
670	104
671	118
672	117
673	112
674	112
675	117
676	123
677	158
678	103
679	125
680	114
681	122
682	108
683	132
684	135
685	138
686	114
687	114
688	148
689	113
690	134
691	137
692	129
693	120
694	116
695	125
696	125
697	129
698	129
699	148
700	135
701	102
702	131
703	132
704	138
705	145
706	123
707	104
708	127
709	125
710	111
711	144
712	141
713	116
714	142
715	139
716	127
717	121
718	133
719	145
720	153
721	134
722	135
723	148
724	141
725	133
726	139
727	142
728	128
729	145
730	144
731	141
732	132
733	124
734	124
735	140
736	145
737	134
738	135
739	120
740	138
741	135
742	140
743	145
744	147
745	121
746	145
747	128
748	142
749	103
750	125
751	147
752	154
753	147
754	157
755	111
756	121
757	137
758	130
759	157
760	141
761	161
762	150
763	150
764	176
765	174
766	206
767	196
768	226
769	269
770	257
771	256
772	289
773	277
774	281
775	284
776	301
777	227
778	231
779	257
780	242
781	187
782	171
783	182
784	136
785	177
786	152
787	160
788	144
789	140
790	146
791	136
792	138
793	142
794	151
795	152
796	145
797	146
798	142
799	145
800	157
801	152
802	138
803	162
804	140
805	150
806	147
807	166
808	133
809	147
810	149
811	153
812	133
813	158
814	152
815	159
816	154
817	148
818	168
819	166
820	150
821	149
822	156
823	155
824	152
825	147
826	156
827	167
828	154
829	146
830	156
831	174
832	146
833	154
834	160
835	159
836	162
837	143
838	159
839	171
840	169
841	151
842	181
843	167
844	151
845	157
846	175
847	144
848	155
849	159
850	159
851	182
852	192
853	179
854	181
855	204
856	189
857	193
858	208
859	201
860	206
861	211
862	194
863	257
864	217
865	221
866	232
867	234
868	246
869	242
870	232
871	211
872	220
873	227
874	257
875	252
876	232
877	263
878	256
879	250
880	331
881	318
882	346
883	324
884	370
885	428
886	371
887	415
888	457
889	455
890	460
891	570
892	507
893	544
894	522
895	592
896	609
897	590
898	629
899	603
900	670
901	627
902	593
903	603
904	595
905	609
906	565
907	542
908	558
909	544
910	485
911	486
912	451
913	420
914	416
915	401
916	410
917	375
918	327
919	316
920	329
921	276
922	282
923	269
924	272
925	240
926	219
927	229
928	230
929	179
930	221
931	210
932	192
933	181
934	185
935	191
936	179
937	178
938	164
939	169
940	188
941	180
942	199
943	240
944	253
945	260
946	279
947	318
948	372
949	343
950	350
951	377
952	454
953	444
954	437
955	444
956	400
957	376
958	365
959	343
960	309
961	276
962	257
963	212
964	203
965	175
966	178
967	174
968	159
969	128
970	128
971	143
972	129
973	138
974	126
975	138
976	149
977	128
978	142
979	163
980	152
981	138
982	147
983	156
984	149
985	164
986	134
987	168
988	162
989	151
990	153
991	171
992	158
993	177
994	179
995	154
996	172
997	199
998	176
999	217
1000	180
1001	193
1002	180
1003	212
1004	203
1005	200
1006	206
1007	195
1008	197
1009	191
1010	167
1011	170
1012	186
1013	175
1014	177
1015	169
1016	172
1017	181
1018	161
1019	138
1020	149
1021	123
1022	129
1023	129
1024	136
