Date:	08/05/2018		Time:	20:13		Version no:	0.00		Project name:	55		Sample name:	222		Section name:	section		Position	225.715027	mm	E0	0.000000	keV	E1	1.000000	keV/channel	sample surface	5.934644	cm	Tube anode:	Mo		Tube voltage:	30	kV	Tube current:	50	mA	gain	10		std. database			resultfile	result		matrix element	11		sample thickness	1.000000		air passage	0.560000	cm	comments	in position		peaking_time	2.200000	m-sec	trigger_threshold	547.363281	V	mca_bin_width	22.090000	no:	number_mca_channels	1024.000000	no:	gap_time	0.150000	m-sec	trigger_peaking_time	0.200000	m-sec	GAINDAC	18610		HIGHGAIN	1		TAURC	1		RCTAU	1		RCTAUFRAC	1		livetime	9.465698	seconds	runtime	10.000493	seconds	input_count_rate	22175.016451	cps	output_count_rate	18359.295254	cps	triggers	209902	seconds	events_in_run	183602	seconds	channel	content		1	0
2	0
3	0
4	0
5	0
6	0
7	0
8	0
9	0
10	0
11	0
12	0
13	0
14	0
15	0
16	0
17	0
18	0
19	0
20	0
21	0
22	0
23	0
24	0
25	0
26	0
27	0
28	0
29	0
30	0
31	14
32	8
33	13
34	8
35	8
36	16
37	15
38	15
39	17
40	16
41	19
42	23
43	20
44	7
45	9
46	11
47	9
48	14
49	12
50	18
51	15
52	11
53	16
54	15
55	13
56	16
57	16
58	13
59	17
60	9
61	12
62	11
63	14
64	12
65	10
66	12
67	19
68	13
69	8
70	15
71	9
72	8
73	12
74	8
75	12
76	11
77	9
78	6
79	8
80	9
81	7
82	16
83	5
84	11
85	11
86	5
87	2
88	9
89	6
90	9
91	2
92	7
93	11
94	6
95	12
96	13
97	15
98	7
99	14
100	9
101	5
102	6
103	7
104	8
105	7
106	10
107	3
108	6
109	2
110	7
111	8
112	3
113	8
114	8
115	7
116	4
117	3
118	1
119	7
120	2
121	5
122	7
123	2
124	2
125	3
126	3
127	6
128	3
129	2
130	3
131	4
132	4
133	4
134	6
135	3
136	3
137	6
138	7
139	3
140	5
141	2
142	2
143	4
144	3
145	5
146	5
147	3
148	3
149	3
150	2
151	7
152	2
153	5
154	6
155	11
156	6
157	6
158	8
159	8
160	23
161	17
162	33
163	24
164	33
165	23
166	17
167	12
168	9
169	6
170	2
171	1
172	5
173	3
174	3
175	7
176	8
177	16
178	13
179	11
180	13
181	16
182	15
183	8
184	11
185	13
186	7
187	9
188	5
189	6
190	5
191	3
192	3
193	1
194	7
195	15
196	10
197	35
198	72
199	88
200	176
201	232
202	259
203	261
204	258
205	203
206	166
207	107
208	51
209	40
210	25
211	5
212	8
213	10
214	11
215	12
216	15
217	18
218	39
219	40
220	42
221	55
222	59
223	44
224	21
225	10
226	18
227	11
228	11
229	7
230	3
231	3
232	5
233	2
234	3
235	8
236	3
237	2
238	7
239	8
240	11
241	26
242	37
243	73
244	101
245	125
246	152
247	149
248	182
249	150
250	123
251	109
252	97
253	70
254	52
255	47
256	34
257	32
258	28
259	17
260	18
261	9
262	12
263	11
264	14
265	12
266	26
267	33
268	28
269	28
270	44
271	52
272	44
273	33
274	28
275	24
276	26
277	12
278	11
279	13
280	8
281	11
282	4
283	6
284	9
285	10
286	11
287	14
288	12
289	14
290	9
291	16
292	15
293	15
294	15
295	11
296	17
297	20
298	29
299	15
300	16
301	10
302	11
303	9
304	12
305	10
306	20
307	12
308	9
309	17
310	12
311	10
312	19
313	12
314	20
315	19
316	40
317	47
318	88
319	122
320	151
321	229
322	241
323	284
324	253
325	230
326	220
327	156
328	140
329	73
330	58
331	44
332	28
333	27
334	25
335	28
336	29
337	38
338	44
339	60
340	105
341	177
342	325
343	570
344	980
345	1711
346	2568
347	3744
348	4812
349	6017
350	6674
351	6878
352	6492
353	5780
354	4695
355	3431
356	2466
357	1536
358	957
359	495
360	309
361	144
362	88
363	57
364	42
365	43
366	39
367	33
368	34
369	42
370	33
371	41
372	48
373	38
374	32
375	55
376	71
377	83
378	132
379	202
380	238
381	409
382	526
383	737
384	940
385	1116
386	1110
387	1128
388	1094
389	940
390	800
391	593
392	437
393	286
394	184
395	103
396	65
397	47
398	38
399	19
400	19
401	31
402	28
403	28
404	34
405	34
406	17
407	29
408	47
409	25
410	34
411	35
412	31
413	36
414	24
415	22
416	33
417	24
418	25
419	30
420	25
421	38
422	28
423	29
424	31
425	34
426	20
427	20
428	37
429	38
430	34
431	43
432	28
433	41
434	41
435	53
436	35
437	43
438	63
439	53
440	66
441	48
442	73
443	52
444	65
445	63
446	47
447	55
448	61
449	60
450	55
451	56
452	46
453	55
454	52
455	52
456	71
457	68
458	80
459	79
460	70
461	70
462	71
463	71
464	70
465	43
466	55
467	55
468	53
469	47
470	68
471	49
472	47
473	61
474	52
475	54
476	70
477	52
478	51
479	65
480	50
481	38
482	42
483	45
484	53
485	57
486	48
487	45
488	53
489	48
490	58
491	49
492	60
493	46
494	49
495	41
496	56
497	70
498	49
499	64
500	62
501	65
502	51
503	73
504	76
505	63
506	78
507	90
508	76
509	66
510	78
511	71
512	63
513	70
514	72
515	65
516	73
517	76
518	64
519	82
520	77
521	78
522	69
523	76
524	77
525	76
526	87
527	76
528	94
529	91
530	73
531	94
532	90
533	84
534	85
535	72
536	86
537	74
538	79
539	71
540	83
541	83
542	58
543	74
544	66
545	72
546	77
547	74
548	80
549	70
550	67
551	64
552	66
553	70
554	62
555	79
556	73
557	65
558	73
559	72
560	87
561	79
562	60
563	60
564	81
565	64
566	86
567	78
568	88
569	73
570	80
571	81
572	79
573	91
574	85
575	77
576	93
577	69
578	82
579	73
580	79
581	78
582	74
583	92
584	85
585	79
586	92
587	98
588	96
589	76
590	87
591	80
592	79
593	72
594	92
595	106
596	89
597	96
598	81
599	95
600	83
601	75
602	88
603	93
604	104
605	64
606	94
607	90
608	95
609	84
610	88
611	100
612	100
613	77
614	89
615	103
616	94
617	93
618	91
619	111
620	100
621	91
622	89
623	92
624	98
625	105
626	92
627	119
628	88
629	94
630	94
631	87
632	96
633	85
634	118
635	104
636	97
637	82
638	102
639	95
640	94
641	92
642	94
643	77
644	99
645	104
646	88
647	115
648	100
649	116
650	111
651	106
652	97
653	100
654	92
655	111
656	108
657	95
658	102
659	101
660	101
661	106
662	116
663	81
664	91
665	100
666	95
667	102
668	103
669	96
670	110
671	77
672	117
673	107
674	86
675	118
676	101
677	96
678	106
679	118
680	122
681	90
682	93
683	107
684	128
685	93
686	108
687	134
688	99
689	120
690	117
691	118
692	111
693	128
694	111
695	111
696	120
697	122
698	101
699	125
700	110
701	123
702	130
703	107
704	119
705	122
706	108
707	127
708	112
709	125
710	112
711	101
712	117
713	112
714	116
715	107
716	113
717	108
718	112
719	124
720	116
721	125
722	127
723	122
724	100
725	111
726	123
727	135
728	138
729	138
730	134
731	124
732	128
733	132
734	138
735	125
736	115
737	146
738	125
739	134
740	127
741	131
742	111
743	134
744	130
745	135
746	116
747	124
748	123
749	123
750	137
751	110
752	127
753	119
754	134
755	148
756	135
757	128
758	125
759	132
760	118
761	140
762	144
763	167
764	158
765	175
766	183
767	208
768	238
769	205
770	269
771	267
772	253
773	282
774	268
775	241
776	286
777	243
778	217
779	206
780	199
781	177
782	164
783	156
784	141
785	145
786	136
787	136
788	113
789	133
790	117
791	108
792	106
793	132
794	143
795	123
796	147
797	139
798	136
799	115
800	133
801	140
802	136
803	124
804	150
805	138
806	142
807	122
808	134
809	166
810	156
811	136
812	139
813	136
814	125
815	130
816	141
817	157
818	130
819	151
820	136
821	146
822	146
823	133
824	130
825	148
826	128
827	152
828	118
829	135
830	128
831	133
832	142
833	127
834	164
835	137
836	148
837	140
838	157
839	130
840	153
841	132
842	144
843	158
844	135
845	145
846	152
847	136
848	156
849	129
850	170
851	142
852	139
853	172
854	165
855	169
856	177
857	176
858	181
859	202
860	207
861	224
862	213
863	206
864	204
865	214
866	229
867	215
868	210
869	212
870	237
871	207
872	204
873	197
874	222
875	247
876	216
877	226
878	243
879	257
880	298
881	270
882	282
883	316
884	292
885	332
886	324
887	367
888	401
889	410
890	431
891	457
892	431
893	487
894	540
895	567
896	539
897	505
898	534
899	567
900	525
901	537
902	539
903	574
904	530
905	512
906	514
907	470
908	487
909	478
910	437
911	461
912	411
913	380
914	351
915	350
916	327
917	340
918	304
919	288
920	291
921	290
922	276
923	252
924	231
925	228
926	204
927	186
928	210
929	174
930	178
931	179
932	174
933	170
934	151
935	170
936	150
937	160
938	163
939	151
940	164
941	194
942	181
943	216
944	217
945	238
946	283
947	288
948	316
949	347
950	348
951	379
952	413
953	364
954	417
955	421
956	416
957	388
958	339
959	327
960	297
961	256
962	240
963	209
964	193
965	156
966	162
967	132
968	131
969	129
970	110
971	109
972	128
973	133
974	113
975	120
976	122
977	125
978	137
979	132
980	134
981	146
982	130
983	140
984	139
985	151
986	159
987	145
988	128
989	185
990	154
991	144
992	164
993	157
994	155
995	159
996	154
997	164
998	185
999	157
1000	186
1001	188
1002	167
1003	159
1004	165
1005	171
1006	167
1007	186
1008	171
1009	173
1010	163
1011	160
1012	157
1013	154
1014	160
1015	157
1016	148
1017	141
1018	133
1019	129
1020	128
1021	143
1022	123
1023	118
1024	101
