Date:	08/05/2018		Time:	19:22		Version no:	0.00		Project name:	55		Sample name:	222		Section name:	section		Position	172.515030	mm	E0	0.000000	keV	E1	1.000000	keV/channel	sample surface	5.868712	cm	Tube anode:	Mo		Tube voltage:	30	kV	Tube current:	50	mA	gain	10		std. database			resultfile	result		matrix element	11		sample thickness	1.000000		air passage	0.560000	cm	comments	in position		peaking_time	2.200000	m-sec	trigger_threshold	547.363281	V	mca_bin_width	22.090000	no:	number_mca_channels	1024.000000	no:	gap_time	0.150000	m-sec	trigger_peaking_time	0.200000	m-sec	GAINDAC	18610		HIGHGAIN	1		TAURC	1		RCTAU	1		RCTAUFRAC	1		livetime	9.449590	seconds	runtime	10.000490	seconds	input_count_rate	23057.297642	cps	output_count_rate	18983.470569	cps	triggers	217882	seconds	events_in_run	189844	seconds	channel	content		1	0
2	0
3	0
4	0
5	0
6	0
7	0
8	0
9	0
10	0
11	0
12	0
13	0
14	0
15	0
16	0
17	0
18	0
19	0
20	0
21	0
22	0
23	0
24	0
25	0
26	0
27	0
28	0
29	0
30	0
31	18
32	9
33	16
34	8
35	11
36	14
37	11
38	11
39	6
40	14
41	15
42	14
43	11
44	10
45	11
46	16
47	11
48	15
49	9
50	13
51	15
52	10
53	8
54	8
55	21
56	15
57	15
58	11
59	7
60	12
61	12
62	15
63	11
64	9
65	12
66	9
67	10
68	7
69	7
70	13
71	5
72	10
73	3
74	6
75	9
76	11
77	14
78	11
79	10
80	10
81	10
82	10
83	6
84	9
85	2
86	9
87	7
88	10
89	4
90	4
91	9
92	5
93	12
94	11
95	14
96	13
97	17
98	15
99	14
100	10
101	5
102	10
103	6
104	9
105	10
106	5
107	5
108	10
109	9
110	7
111	6
112	2
113	4
114	1
115	3
116	6
117	4
118	5
119	8
120	1
121	9
122	5
123	9
124	4
125	4
126	5
127	1
128	4
129	4
130	7
131	3
132	1
133	4
134	5
135	2
136	4
137	4
138	2
139	1
140	5
141	2
142	1
143	4
144	2
145	5
146	3
147	2
148	5
149	0
150	3
151	3
152	4
153	6
154	3
155	6
156	4
157	11
158	15
159	8
160	17
161	22
162	19
163	16
164	33
165	17
166	22
167	14
168	7
169	6
170	4
171	2
172	2
173	6
174	8
175	9
176	5
177	14
178	11
179	12
180	18
181	17
182	15
183	25
184	16
185	17
186	12
187	15
188	5
189	1
190	5
191	10
192	4
193	6
194	8
195	14
196	21
197	43
198	72
199	121
200	186
201	249
202	269
203	249
204	280
205	217
206	188
207	126
208	70
209	36
210	25
211	12
212	11
213	8
214	12
215	19
216	19
217	24
218	38
219	53
220	53
221	39
222	46
223	45
224	39
225	32
226	13
227	7
228	5
229	7
230	8
231	3
232	3
233	6
234	5
235	6
236	3
237	5
238	3
239	13
240	12
241	17
242	40
243	69
244	96
245	127
246	166
247	164
248	187
249	182
250	133
251	105
252	75
253	66
254	57
255	32
256	34
257	27
258	34
259	18
260	16
261	13
262	12
263	7
264	15
265	15
266	22
267	30
268	28
269	36
270	50
271	36
272	37
273	41
274	33
275	28
276	21
277	18
278	6
279	10
280	6
281	11
282	8
283	1
284	6
285	17
286	9
287	14
288	8
289	11
290	16
291	15
292	12
293	17
294	12
295	15
296	18
297	10
298	17
299	13
300	12
301	12
302	16
303	7
304	14
305	9
306	10
307	8
308	14
309	15
310	6
311	12
312	16
313	18
314	11
315	20
316	33
317	36
318	71
319	93
320	125
321	151
322	213
323	216
324	210
325	186
326	163
327	141
328	101
329	58
330	48
331	38
332	25
333	30
334	20
335	30
336	22
337	36
338	52
339	58
340	88
341	173
342	300
343	583
344	1030
345	1698
346	2705
347	3836
348	5126
349	6209
350	7150
351	7258
352	6987
353	6052
354	4967
355	3849
356	2714
357	1697
358	1018
359	550
360	290
361	171
362	89
363	47
364	38
365	50
366	34
367	35
368	44
369	46
370	38
371	43
372	40
373	40
374	45
375	67
376	79
377	85
378	139
379	174
380	293
381	392
382	556
383	731
384	1037
385	1144
386	1253
387	1187
388	1149
389	986
390	765
391	655
392	431
393	289
394	183
395	118
396	58
397	51
398	35
399	35
400	14
401	26
402	25
403	24
404	32
405	34
406	23
407	40
408	39
409	37
410	37
411	26
412	30
413	33
414	26
415	37
416	23
417	25
418	22
419	27
420	15
421	33
422	33
423	19
424	26
425	43
426	33
427	28
428	25
429	28
430	29
431	30
432	36
433	39
434	36
435	42
436	37
437	45
438	55
439	55
440	61
441	62
442	74
443	60
444	70
445	61
446	54
447	57
448	48
449	46
450	55
451	58
452	49
453	58
454	49
455	72
456	72
457	78
458	78
459	79
460	81
461	52
462	74
463	75
464	59
465	62
466	59
467	55
468	48
469	64
470	51
471	49
472	56
473	67
474	51
475	52
476	55
477	41
478	38
479	46
480	47
481	47
482	39
483	58
484	50
485	55
486	48
487	58
488	51
489	67
490	48
491	59
492	60
493	55
494	48
495	44
496	42
497	60
498	55
499	51
500	71
501	53
502	79
503	64
504	77
505	70
506	71
507	76
508	81
509	84
510	77
511	76
512	84
513	86
514	61
515	80
516	75
517	61
518	69
519	76
520	65
521	86
522	87
523	93
524	73
525	89
526	87
527	101
528	120
529	81
530	109
531	88
532	80
533	102
534	83
535	81
536	70
537	96
538	57
539	73
540	81
541	67
542	63
543	79
544	75
545	75
546	106
547	76
548	71
549	81
550	77
551	77
552	74
553	76
554	69
555	78
556	71
557	71
558	77
559	80
560	77
561	74
562	91
563	56
564	81
565	70
566	82
567	87
568	72
569	103
570	77
571	76
572	67
573	71
574	91
575	72
576	81
577	79
578	92
579	83
580	69
581	86
582	82
583	86
584	86
585	82
586	90
587	84
588	94
589	72
590	106
591	88
592	70
593	94
594	109
595	86
596	85
597	96
598	94
599	98
600	92
601	95
602	93
603	99
604	82
605	85
606	108
607	93
608	95
609	79
610	78
611	93
612	91
613	91
614	91
615	110
616	93
617	95
618	96
619	104
620	113
621	93
622	122
623	106
624	87
625	103
626	107
627	111
628	109
629	109
630	110
631	98
632	95
633	79
634	94
635	109
636	96
637	104
638	109
639	90
640	116
641	99
642	90
643	105
644	96
645	91
646	124
647	119
648	111
649	107
650	113
651	99
652	104
653	107
654	106
655	106
656	104
657	106
658	114
659	99
660	123
661	100
662	109
663	110
664	118
665	96
666	102
667	109
668	101
669	95
670	96
671	118
672	105
673	103
674	111
675	110
676	102
677	116
678	115
679	119
680	101
681	111
682	111
683	117
684	123
685	138
686	109
687	96
688	109
689	90
690	128
691	132
692	141
693	114
694	115
695	110
696	118
697	141
698	110
699	110
700	121
701	106
702	110
703	123
704	132
705	115
706	126
707	125
708	139
709	120
710	120
711	122
712	127
713	124
714	115
715	125
716	116
717	136
718	97
719	137
720	112
721	118
722	104
723	147
724	129
725	95
726	130
727	134
728	136
729	112
730	137
731	141
732	150
733	125
734	136
735	140
736	121
737	130
738	139
739	139
740	126
741	116
742	159
743	134
744	139
745	129
746	156
747	141
748	128
749	136
750	138
751	109
752	137
753	141
754	126
755	132
756	137
757	114
758	128
759	120
760	133
761	138
762	150
763	142
764	156
765	185
766	188
767	201
768	244
769	271
770	215
771	270
772	259
773	264
774	301
775	265
776	272
777	271
778	244
779	226
780	204
781	157
782	182
783	158
784	173
785	125
786	133
787	142
788	137
789	136
790	110
791	122
792	131
793	135
794	120
795	142
796	111
797	146
798	139
799	136
800	153
801	127
802	152
803	150
804	139
805	147
806	130
807	136
808	147
809	174
810	150
811	139
812	135
813	151
814	148
815	140
816	146
817	151
818	140
819	151
820	144
821	155
822	144
823	134
824	129
825	164
826	145
827	136
828	146
829	149
830	146
831	130
832	127
833	152
834	128
835	138
836	146
837	129
838	156
839	136
840	127
841	139
842	142
843	145
844	161
845	166
846	148
847	144
848	138
849	161
850	173
851	145
852	144
853	168
854	168
855	157
856	192
857	181
858	161
859	188
860	202
861	231
862	195
863	205
864	210
865	205
866	222
867	194
868	234
869	200
870	202
871	198
872	212
873	256
874	221
875	227
876	246
877	247
878	269
879	249
880	259
881	282
882	298
883	286
884	318
885	347
886	331
887	374
888	392
889	405
890	456
891	446
892	463
893	480
894	545
895	526
896	533
897	517
898	625
899	550
900	570
901	593
902	531
903	522
904	555
905	563
906	547
907	499
908	520
909	459
910	454
911	438
912	413
913	420
914	368
915	349
916	317
917	318
918	280
919	327
920	307
921	235
922	254
923	256
924	227
925	215
926	203
927	206
928	193
929	186
930	197
931	172
932	157
933	184
934	164
935	182
936	169
937	189
938	165
939	154
940	199
941	207
942	180
943	214
944	232
945	252
946	284
947	287
948	327
949	311
950	393
951	388
952	394
953	422
954	432
955	421
956	382
957	404
958	345
959	348
960	320
961	265
962	219
963	225
964	187
965	172
966	158
967	145
968	140
969	129
970	133
971	132
972	114
973	127
974	136
975	110
976	131
977	114
978	133
979	142
980	138
981	125
982	136
983	159
984	143
985	140
986	147
987	135
988	140
989	164
990	158
991	148
992	176
993	162
994	163
995	161
996	165
997	151
998	155
999	167
1000	189
1001	178
1002	182
1003	174
1004	169
1005	178
1006	175
1007	164
1008	189
1009	163
1010	159
1011	176
1012	140
1013	149
1014	163
1015	164
1016	135
1017	128
1018	147
1019	130
1020	134
1021	116
1022	110
1023	124
1024	123
