Date:	08/05/2018		Time:	19:52		Version no:	0.00		Project name:	55		Sample name:	222		Section name:	section		Position	203.715027	mm	E0	0.000000	keV	E1	1.000000	keV/channel	sample surface	5.934355	cm	Tube anode:	Mo		Tube voltage:	30	kV	Tube current:	50	mA	gain	10		std. database			resultfile	result		matrix element	11		sample thickness	1.000000		air passage	0.560000	cm	comments	in position		peaking_time	2.200000	m-sec	trigger_threshold	547.363281	V	mca_bin_width	22.090000	no:	number_mca_channels	1024.000000	no:	gap_time	0.150000	m-sec	trigger_peaking_time	0.200000	m-sec	GAINDAC	18610		HIGHGAIN	1		TAURC	1		RCTAU	1		RCTAUFRAC	1		livetime	9.502929	seconds	runtime	10.000493	seconds	input_count_rate	21320.584871	cps	output_count_rate	17867.019513	cps	triggers	202608	seconds	events_in_run	178679	seconds	channel	content		1	0
2	0
3	0
4	0
5	0
6	0
7	0
8	0
9	0
10	0
11	0
12	0
13	0
14	0
15	0
16	0
17	0
18	0
19	0
20	0
21	0
22	0
23	0
24	0
25	0
26	0
27	0
28	0
29	0
30	0
31	18
32	12
33	15
34	11
35	15
36	12
37	8
38	17
39	10
40	17
41	10
42	9
43	15
44	14
45	14
46	10
47	11
48	16
49	17
50	13
51	9
52	15
53	9
54	17
55	11
56	10
57	9
58	10
59	12
60	9
61	8
62	12
63	5
64	12
65	12
66	7
67	13
68	9
69	7
70	11
71	3
72	9
73	9
74	10
75	8
76	6
77	10
78	6
79	15
80	8
81	8
82	6
83	10
84	10
85	13
86	5
87	3
88	4
89	9
90	5
91	5
92	8
93	11
94	9
95	18
96	10
97	12
98	8
99	8
100	11
101	6
102	11
103	7
104	3
105	8
106	10
107	13
108	11
109	6
110	9
111	4
112	3
113	7
114	6
115	5
116	4
117	7
118	3
119	5
120	8
121	5
122	8
123	8
124	3
125	5
126	5
127	7
128	3
129	7
130	3
131	3
132	1
133	3
134	7
135	4
136	1
137	3
138	5
139	5
140	5
141	2
142	4
143	6
144	2
145	3
146	8
147	1
148	4
149	3
150	2
151	8
152	8
153	2
154	4
155	7
156	3
157	3
158	12
159	13
160	19
161	23
162	33
163	24
164	30
165	25
166	18
167	12
168	7
169	10
170	5
171	4
172	5
173	7
174	9
175	6
176	11
177	12
178	10
179	11
180	14
181	18
182	17
183	11
184	17
185	10
186	16
187	11
188	4
189	6
190	3
191	3
192	5
193	5
194	7
195	15
196	20
197	46
198	95
199	142
200	214
201	308
202	363
203	392
204	355
205	278
206	207
207	132
208	90
209	40
210	23
211	9
212	6
213	12
214	13
215	20
216	33
217	29
218	42
219	54
220	69
221	71
222	53
223	52
224	37
225	30
226	21
227	12
228	11
229	2
230	9
231	6
232	2
233	5
234	3
235	2
236	2
237	6
238	10
239	13
240	12
241	32
242	48
243	68
244	112
245	150
246	162
247	231
248	194
249	212
250	179
251	129
252	96
253	78
254	52
255	53
256	36
257	32
258	29
259	20
260	17
261	13
262	18
263	16
264	10
265	23
266	24
267	29
268	36
269	37
270	44
271	46
272	42
273	48
274	29
275	28
276	25
277	18
278	11
279	10
280	10
281	16
282	6
283	7
284	11
285	11
286	12
287	9
288	13
289	16
290	6
291	10
292	14
293	13
294	14
295	12
296	17
297	14
298	24
299	13
300	14
301	11
302	19
303	8
304	10
305	9
306	11
307	8
308	13
309	15
310	18
311	13
312	6
313	12
314	12
315	17
316	23
317	27
318	53
319	59
320	77
321	84
322	89
323	109
324	111
325	121
326	90
327	71
328	48
329	49
330	33
331	30
332	20
333	24
334	17
335	32
336	33
337	30
338	60
339	77
340	91
341	186
342	313
343	632
344	1167
345	1809
346	2829
347	4075
348	5318
349	6601
350	7326
351	7664
352	7217
353	6147
354	4984
355	3799
356	2584
357	1692
358	1059
359	535
360	283
361	151
362	90
363	58
364	44
365	44
366	30
367	27
368	33
369	47
370	46
371	52
372	44
373	40
374	54
375	62
376	57
377	101
378	117
379	198
380	296
381	412
382	610
383	819
384	971
385	1184
386	1277
387	1267
388	1225
389	1023
390	824
391	637
392	391
393	328
394	177
395	126
396	77
397	49
398	26
399	28
400	29
401	23
402	27
403	27
404	24
405	26
406	29
407	31
408	25
409	48
410	34
411	31
412	28
413	36
414	29
415	28
416	29
417	28
418	28
419	28
420	26
421	26
422	26
423	33
424	23
425	27
426	34
427	25
428	36
429	35
430	33
431	34
432	39
433	30
434	29
435	56
436	42
437	49
438	46
439	37
440	53
441	58
442	60
443	49
444	45
445	51
446	39
447	51
448	51
449	36
450	35
451	45
452	38
453	64
454	45
455	53
456	65
457	64
458	67
459	79
460	80
461	66
462	65
463	64
464	47
465	46
466	42
467	45
468	50
469	50
470	53
471	61
472	62
473	49
474	54
475	60
476	55
477	53
478	55
479	49
480	34
481	53
482	40
483	42
484	38
485	49
486	64
487	65
488	41
489	40
490	42
491	44
492	32
493	48
494	50
495	40
496	47
497	45
498	50
499	48
500	45
501	53
502	63
503	69
504	56
505	59
506	66
507	41
508	59
509	44
510	61
511	60
512	53
513	63
514	79
515	78
516	67
517	49
518	62
519	74
520	69
521	60
522	69
523	81
524	66
525	63
526	70
527	82
528	67
529	94
530	89
531	84
532	83
533	88
534	72
535	76
536	62
537	60
538	63
539	71
540	70
541	54
542	74
543	71
544	79
545	65
546	72
547	77
548	66
549	75
550	70
551	51
552	63
553	52
554	65
555	88
556	71
557	57
558	58
559	68
560	63
561	54
562	72
563	71
564	62
565	62
566	61
567	63
568	60
569	62
570	73
571	52
572	72
573	60
574	57
575	64
576	68
577	66
578	61
579	66
580	60
581	74
582	66
583	73
584	70
585	84
586	74
587	82
588	67
589	56
590	75
591	73
592	65
593	84
594	54
595	79
596	81
597	81
598	75
599	71
600	68
601	78
602	79
603	89
604	79
605	74
606	85
607	76
608	61
609	89
610	79
611	84
612	60
613	84
614	72
615	80
616	90
617	88
618	88
619	83
620	86
621	102
622	96
623	100
624	105
625	99
626	82
627	82
628	74
629	88
630	82
631	88
632	94
633	92
634	70
635	84
636	97
637	81
638	93
639	92
640	94
641	84
642	85
643	79
644	88
645	96
646	74
647	97
648	79
649	99
650	94
651	92
652	95
653	101
654	78
655	96
656	85
657	73
658	84
659	76
660	90
661	88
662	85
663	91
664	97
665	91
666	84
667	82
668	75
669	107
670	78
671	117
672	93
673	95
674	94
675	78
676	87
677	83
678	101
679	90
680	104
681	105
682	97
683	101
684	90
685	85
686	101
687	110
688	111
689	89
690	96
691	109
692	106
693	107
694	110
695	114
696	84
697	106
698	118
699	107
700	96
701	101
702	97
703	101
704	100
705	103
706	104
707	114
708	122
709	96
710	116
711	103
712	108
713	118
714	105
715	95
716	121
717	95
718	116
719	99
720	98
721	109
722	112
723	118
724	113
725	98
726	98
727	122
728	121
729	108
730	106
731	120
732	115
733	107
734	139
735	111
736	121
737	110
738	106
739	104
740	111
741	103
742	118
743	108
744	122
745	100
746	125
747	107
748	137
749	114
750	128
751	114
752	113
753	105
754	106
755	104
756	124
757	101
758	117
759	114
760	137
761	137
762	146
763	145
764	151
765	161
766	176
767	178
768	218
769	221
770	238
771	245
772	294
773	252
774	276
775	256
776	243
777	242
778	222
779	206
780	181
781	182
782	149
783	139
784	161
785	126
786	87
787	125
788	104
789	122
790	97
791	132
792	116
793	126
794	110
795	108
796	113
797	123
798	110
799	135
800	120
801	108
802	104
803	126
804	108
805	110
806	103
807	124
808	109
809	111
810	127
811	131
812	134
813	125
814	120
815	134
816	130
817	137
818	90
819	112
820	120
821	116
822	140
823	127
824	114
825	122
826	130
827	117
828	126
829	111
830	111
831	128
832	138
833	124
834	125
835	118
836	136
837	146
838	128
839	106
840	137
841	111
842	128
843	140
844	128
845	113
846	139
847	149
848	141
849	129
850	129
851	138
852	178
853	137
854	161
855	156
856	147
857	189
858	162
859	165
860	178
861	208
862	187
863	202
864	196
865	196
866	183
867	189
868	183
869	204
870	176
871	187
872	220
873	192
874	213
875	193
876	188
877	188
878	195
879	209
880	221
881	230
882	247
883	284
884	277
885	269
886	315
887	363
888	313
889	347
890	378
891	356
892	400
893	382
894	384
895	407
896	432
897	453
898	454
899	469
900	462
901	405
902	465
903	433
904	477
905	413
906	414
907	427
908	427
909	401
910	402
911	371
912	344
913	336
914	331
915	322
916	266
917	274
918	273
919	252
920	230
921	234
922	225
923	209
924	187
925	207
926	176
927	174
928	196
929	194
930	183
931	164
932	150
933	133
934	151
935	132
936	138
937	128
938	146
939	132
940	141
941	156
942	181
943	182
944	217
945	233
946	230
947	260
948	293
949	313
950	344
951	371
952	425
953	402
954	412
955	376
956	350
957	367
958	313
959	317
960	269
961	239
962	223
963	185
964	164
965	158
966	156
967	107
968	129
969	129
970	116
971	129
972	102
973	123
974	108
975	99
976	100
977	104
978	99
979	126
980	116
981	109
982	104
983	114
984	117
985	89
986	132
987	120
988	135
989	134
990	135
991	111
992	133
993	141
994	131
995	154
996	140
997	149
998	135
999	137
1000	154
1001	153
1002	161
1003	162
1004	153
1005	165
1006	155
1007	153
1008	154
1009	137
1010	129
1011	135
1012	131
1013	141
1014	144
1015	135
1016	122
1017	109
1018	129
1019	114
1020	119
1021	98
1022	118
1023	81
1024	85
