Date:	08/05/2018		Time:	18:35		Version no:	0.00		Project name:	55		Sample name:	222		Section name:	section		Position	123.315033	mm	E0	0.000000	keV	E1	1.000000	keV/channel	sample surface	5.891765	cm	Tube anode:	Mo		Tube voltage:	30	kV	Tube current:	50	mA	gain	10		std. database			resultfile	result		matrix element	11		sample thickness	1.000000		air passage	0.560000	cm	comments	in position		peaking_time	2.200000	m-sec	trigger_threshold	547.363281	V	mca_bin_width	22.090000	no:	number_mca_channels	1024.000000	no:	gap_time	0.150000	m-sec	trigger_peaking_time	0.200000	m-sec	GAINDAC	18610		HIGHGAIN	1		TAURC	1		RCTAU	1		RCTAUFRAC	1		livetime	9.417394	seconds	runtime	10.000135	seconds	input_count_rate	24388.911651	cps	output_count_rate	19890.231084	cps	triggers	229680	seconds	events_in_run	198905	seconds	channel	content		1	0
2	0
3	0
4	0
5	0
6	0
7	0
8	0
9	0
10	0
11	0
12	0
13	0
14	0
15	0
16	0
17	0
18	0
19	0
20	0
21	0
22	0
23	0
24	0
25	0
26	0
27	0
28	0
29	0
30	0
31	13
32	13
33	16
34	23
35	11
36	24
37	13
38	16
39	7
40	11
41	15
42	13
43	14
44	10
45	15
46	18
47	20
48	12
49	13
50	17
51	14
52	12
53	16
54	12
55	15
56	9
57	6
58	14
59	9
60	9
61	6
62	15
63	11
64	18
65	12
66	8
67	12
68	9
69	10
70	5
71	9
72	3
73	6
74	10
75	9
76	10
77	5
78	8
79	10
80	10
81	13
82	11
83	7
84	11
85	11
86	3
87	6
88	7
89	10
90	11
91	4
92	10
93	12
94	9
95	17
96	17
97	15
98	15
99	11
100	14
101	11
102	6
103	10
104	5
105	6
106	9
107	9
108	11
109	8
110	7
111	7
112	6
113	4
114	6
115	4
116	3
117	3
118	7
119	7
120	3
121	7
122	1
123	5
124	4
125	3
126	4
127	4
128	10
129	3
130	2
131	2
132	6
133	2
134	1
135	5
136	9
137	5
138	3
139	4
140	10
141	4
142	3
143	6
144	6
145	3
146	3
147	5
148	2
149	4
150	6
151	3
152	3
153	6
154	9
155	5
156	4
157	3
158	8
159	9
160	17
161	29
162	32
163	33
164	34
165	15
166	10
167	14
168	6
169	9
170	3
171	0
172	8
173	10
174	2
175	8
176	9
177	6
178	14
179	21
180	25
181	20
182	14
183	24
184	28
185	16
186	18
187	16
188	3
189	8
190	4
191	0
192	4
193	12
194	6
195	18
196	24
197	55
198	81
199	133
200	216
201	278
202	339
203	302
204	314
205	245
206	173
207	108
208	83
209	39
210	19
211	6
212	4
213	9
214	15
215	14
216	18
217	27
218	45
219	33
220	62
221	66
222	49
223	50
224	33
225	23
226	15
227	9
228	10
229	7
230	7
231	0
232	8
233	5
234	6
235	4
236	2
237	6
238	4
239	9
240	16
241	24
242	46
243	68
244	91
245	129
246	147
247	181
248	177
249	150
250	122
251	94
252	86
253	60
254	50
255	36
256	31
257	41
258	33
259	16
260	14
261	18
262	11
263	17
264	15
265	9
266	20
267	41
268	36
269	53
270	51
271	42
272	50
273	41
274	36
275	24
276	26
277	16
278	13
279	9
280	10
281	12
282	11
283	12
284	6
285	11
286	13
287	11
288	15
289	21
290	13
291	16
292	18
293	12
294	12
295	25
296	17
297	24
298	14
299	16
300	19
301	20
302	13
303	8
304	9
305	19
306	8
307	12
308	11
309	6
310	18
311	12
312	15
313	22
314	16
315	20
316	29
317	31
318	47
319	59
320	102
321	116
322	116
323	115
324	121
325	112
326	115
327	89
328	53
329	52
330	47
331	29
332	29
333	34
334	27
335	26
336	33
337	44
338	54
339	69
340	119
341	193
342	349
343	633
344	1088
345	1911
346	2790
347	3961
348	5377
349	6533
350	7290
351	7392
352	7108
353	6306
354	5054
355	3736
356	2620
357	1711
358	987
359	557
360	311
361	129
362	95
363	54
364	51
365	39
366	50
367	49
368	49
369	46
370	38
371	41
372	43
373	54
374	60
375	69
376	81
377	94
378	141
379	216
380	304
381	472
382	608
383	792
384	1004
385	1139
386	1236
387	1259
388	1223
389	1028
390	784
391	651
392	461
393	276
394	173
395	112
396	85
397	43
398	41
399	32
400	36
401	32
402	20
403	28
404	36
405	30
406	42
407	49
408	30
409	49
410	48
411	47
412	46
413	43
414	25
415	43
416	32
417	32
418	36
419	40
420	36
421	31
422	26
423	37
424	29
425	37
426	33
427	44
428	40
429	47
430	44
431	32
432	39
433	50
434	52
435	48
436	45
437	76
438	60
439	72
440	64
441	68
442	70
443	72
444	84
445	57
446	61
447	64
448	67
449	50
450	61
451	58
452	76
453	65
454	62
455	70
456	79
457	84
458	78
459	87
460	84
461	87
462	67
463	60
464	71
465	69
466	54
467	67
468	68
469	56
470	66
471	74
472	67
473	80
474	61
475	62
476	54
477	55
478	56
479	52
480	65
481	53
482	64
483	55
484	58
485	65
486	67
487	65
488	45
489	62
490	50
491	65
492	47
493	83
494	54
495	57
496	64
497	63
498	55
499	66
500	73
501	75
502	76
503	83
504	80
505	77
506	86
507	77
508	91
509	73
510	82
511	82
512	84
513	70
514	74
515	71
516	87
517	85
518	94
519	91
520	94
521	85
522	100
523	76
524	104
525	96
526	82
527	106
528	113
529	89
530	108
531	100
532	107
533	108
534	87
535	95
536	84
537	84
538	87
539	79
540	79
541	99
542	89
543	86
544	77
545	75
546	72
547	77
548	91
549	86
550	81
551	76
552	81
553	88
554	91
555	82
556	77
557	73
558	89
559	72
560	76
561	74
562	90
563	80
564	83
565	70
566	75
567	81
568	90
569	85
570	84
571	89
572	84
573	79
574	106
575	70
576	100
577	92
578	80
579	92
580	72
581	102
582	98
583	110
584	83
585	90
586	88
587	92
588	95
589	111
590	99
591	91
592	89
593	108
594	111
595	135
596	108
597	117
598	84
599	96
600	98
601	109
602	97
603	109
604	98
605	93
606	92
607	94
608	109
609	79
610	89
611	95
612	108
613	108
614	99
615	106
616	100
617	100
618	122
619	123
620	109
621	108
622	107
623	100
624	95
625	99
626	95
627	108
628	107
629	87
630	95
631	117
632	107
633	115
634	93
635	100
636	99
637	112
638	119
639	90
640	119
641	96
642	121
643	90
644	92
645	100
646	113
647	113
648	115
649	111
650	114
651	136
652	120
653	141
654	109
655	126
656	107
657	133
658	120
659	108
660	117
661	109
662	126
663	125
664	113
665	97
666	126
667	116
668	109
669	110
670	121
671	132
672	109
673	121
674	109
675	113
676	122
677	100
678	113
679	146
680	115
681	115
682	120
683	106
684	111
685	130
686	130
687	123
688	107
689	124
690	112
691	133
692	120
693	138
694	126
695	132
696	148
697	140
698	111
699	158
700	156
701	130
702	128
703	113
704	133
705	133
706	147
707	159
708	128
709	165
710	121
711	145
712	126
713	140
714	135
715	121
716	124
717	131
718	126
719	111
720	148
721	114
722	119
723	116
724	125
725	126
726	136
727	158
728	137
729	125
730	153
731	132
732	150
733	140
734	131
735	128
736	126
737	144
738	130
739	138
740	129
741	142
742	124
743	150
744	149
745	155
746	119
747	131
748	124
749	172
750	127
751	160
752	150
753	135
754	163
755	136
756	133
757	122
758	151
759	148
760	156
761	125
762	153
763	155
764	215
765	180
766	196
767	211
768	252
769	214
770	282
771	261
772	299
773	327
774	317
775	318
776	298
777	287
778	253
779	220
780	202
781	186
782	181
783	153
784	156
785	155
786	158
787	165
788	139
789	142
790	152
791	134
792	125
793	145
794	125
795	138
796	152
797	117
798	144
799	125
800	152
801	148
802	137
803	154
804	132
805	147
806	140
807	162
808	165
809	151
810	146
811	153
812	145
813	141
814	165
815	152
816	179
817	155
818	135
819	155
820	154
821	135
822	165
823	172
824	125
825	159
826	169
827	156
828	152
829	135
830	155
831	164
832	138
833	148
834	134
835	135
836	164
837	153
838	152
839	160
840	144
841	160
842	149
843	169
844	153
845	179
846	154
847	176
848	175
849	158
850	167
851	172
852	164
853	191
854	174
855	190
856	184
857	189
858	168
859	196
860	214
861	191
862	197
863	243
864	234
865	238
866	236
867	221
868	241
869	228
870	215
871	249
872	235
873	236
874	227
875	219
876	244
877	269
878	237
879	273
880	273
881	278
882	312
883	374
884	344
885	377
886	389
887	410
888	444
889	481
890	457
891	446
892	500
893	492
894	534
895	582
896	572
897	581
898	573
899	581
900	591
901	633
902	577
903	608
904	599
905	569
906	543
907	519
908	512
909	494
910	535
911	477
912	429
913	433
914	415
915	368
916	375
917	360
918	323
919	340
920	309
921	271
922	239
923	283
924	229
925	227
926	229
927	210
928	200
929	220
930	186
931	227
932	195
933	172
934	160
935	174
936	172
937	141
938	183
939	146
940	162
941	214
942	184
943	228
944	246
945	261
946	283
947	306
948	332
949	386
950	378
951	399
952	426
953	446
954	444
955	481
956	426
957	402
958	372
959	328
960	307
961	291
962	239
963	220
964	200
965	186
966	159
967	176
968	150
969	142
970	134
971	124
972	129
973	165
974	142
975	133
976	140
977	128
978	135
979	146
980	127
981	141
982	133
983	147
984	143
985	142
986	130
987	155
988	132
989	138
990	146
991	155
992	147
993	172
994	178
995	183
996	178
997	191
998	192
999	187
1000	177
1001	203
1002	174
1003	188
1004	170
1005	181
1006	177
1007	189
1008	196
1009	194
1010	189
1011	172
1012	177
1013	169
1014	160
1015	142
1016	151
1017	127
1018	153
1019	143
1020	132
1021	127
1022	138
1023	110
1024	138
