Date:	08/05/2018		Time:	17:53		Version no:	0.00		Project name:	55		Sample name:	222		Section name:	section		Position	78.515030	mm	E0	0.000000	keV	E1	1.000000	keV/channel	sample surface	5.953673	cm	Tube anode:	Mo		Tube voltage:	30	kV	Tube current:	50	mA	gain	10		std. database			resultfile	result		matrix element	11		sample thickness	1.000000		air passage	0.560000	cm	comments	in position		peaking_time	2.200000	m-sec	trigger_threshold	547.363281	V	mca_bin_width	22.090000	no:	number_mca_channels	1024.000000	no:	gap_time	0.150000	m-sec	trigger_peaking_time	0.200000	m-sec	GAINDAC	18610		HIGHGAIN	1		TAURC	1		RCTAU	1		RCTAUFRAC	1		livetime	9.378467	seconds	runtime	10.000488	seconds	input_count_rate	27223.638421	cps	output_count_rate	21841.934114	cps	triggers	255316	seconds	events_in_run	218430	seconds	channel	content		1	0
2	0
3	0
4	0
5	0
6	0
7	0
8	0
9	0
10	0
11	0
12	0
13	0
14	0
15	0
16	0
17	0
18	0
19	0
20	0
21	0
22	0
23	0
24	0
25	0
26	0
27	0
28	0
29	0
30	0
31	20
32	13
33	8
34	17
35	18
36	3
37	7
38	14
39	18
40	14
41	21
42	17
43	16
44	17
45	16
46	10
47	14
48	17
49	15
50	11
51	16
52	21
53	11
54	12
55	17
56	8
57	11
58	9
59	6
60	14
61	11
62	14
63	12
64	14
65	11
66	9
67	11
68	12
69	7
70	9
71	6
72	11
73	12
74	8
75	6
76	7
77	10
78	5
79	9
80	14
81	6
82	10
83	12
84	13
85	5
86	9
87	9
88	4
89	6
90	8
91	10
92	4
93	13
94	10
95	10
96	24
97	9
98	16
99	10
100	10
101	3
102	13
103	10
104	12
105	6
106	9
107	10
108	6
109	19
110	8
111	11
112	9
113	6
114	7
115	9
116	11
117	4
118	4
119	4
120	4
121	9
122	3
123	8
124	7
125	6
126	6
127	9
128	6
129	4
130	7
131	1
132	3
133	6
134	3
135	5
136	3
137	2
138	3
139	3
140	2
141	2
142	5
143	6
144	5
145	4
146	3
147	5
148	3
149	4
150	3
151	8
152	5
153	5
154	8
155	7
156	6
157	6
158	4
159	17
160	14
161	27
162	27
163	27
164	22
165	19
166	15
167	12
168	9
169	7
170	4
171	5
172	3
173	3
174	8
175	6
176	8
177	11
178	11
179	16
180	14
181	18
182	24
183	16
184	15
185	14
186	14
187	10
188	5
189	8
190	2
191	4
192	4
193	6
194	6
195	10
196	25
197	71
198	124
199	190
200	252
201	313
202	374
203	420
204	359
205	326
206	215
207	147
208	86
209	57
210	39
211	15
212	9
213	11
214	10
215	12
216	25
217	35
218	54
219	63
220	71
221	62
222	63
223	49
224	38
225	29
226	25
227	12
228	11
229	9
230	10
231	3
232	5
233	6
234	3
235	0
236	6
237	5
238	3
239	16
240	19
241	36
242	34
243	76
244	110
245	166
246	179
247	220
248	231
249	185
250	191
251	159
252	106
253	99
254	73
255	55
256	50
257	37
258	30
259	27
260	21
261	10
262	13
263	18
264	10
265	18
266	21
267	32
268	46
269	49
270	50
271	55
272	49
273	47
274	35
275	30
276	27
277	19
278	11
279	12
280	11
281	9
282	15
283	10
284	8
285	16
286	17
287	19
288	15
289	19
290	18
291	22
292	22
293	18
294	24
295	25
296	27
297	20
298	14
299	19
300	16
301	28
302	10
303	16
304	19
305	13
306	12
307	18
308	14
309	15
310	15
311	17
312	20
313	13
314	26
315	28
316	36
317	48
318	81
319	107
320	152
321	187
322	204
323	215
324	233
325	212
326	183
327	127
328	99
329	81
330	67
331	43
332	45
333	28
334	37
335	38
336	38
337	47
338	59
339	75
340	143
341	255
342	426
343	807
344	1492
345	2366
346	3599
347	5301
348	6896
349	8278
350	9349
351	9521
352	9122
353	7907
354	6368
355	4760
356	3270
357	2151
358	1217
359	692
360	381
361	178
362	126
363	81
364	58
365	52
366	46
367	41
368	36
369	45
370	56
371	49
372	53
373	50
374	59
375	72
376	97
377	152
378	171
379	246
380	395
381	536
382	790
383	980
384	1222
385	1508
386	1556
387	1603
388	1513
389	1345
390	1035
391	808
392	545
393	399
394	221
395	147
396	88
397	52
398	41
399	30
400	30
401	26
402	29
403	29
404	25
405	38
406	23
407	31
408	35
409	37
410	40
411	37
412	36
413	29
414	41
415	29
416	38
417	47
418	39
419	41
420	35
421	45
422	28
423	23
424	45
425	50
426	29
427	25
428	46
429	40
430	43
431	41
432	47
433	35
434	55
435	42
436	44
437	44
438	57
439	47
440	63
441	72
442	78
443	62
444	60
445	81
446	80
447	64
448	60
449	54
450	71
451	77
452	52
453	57
454	80
455	85
456	71
457	68
458	94
459	88
460	78
461	82
462	77
463	74
464	70
465	60
466	70
467	47
468	60
469	62
470	62
471	70
472	64
473	81
474	67
475	51
476	57
477	66
478	53
479	47
480	64
481	59
482	63
483	55
484	56
485	61
486	50
487	56
488	56
489	58
490	68
491	59
492	63
493	65
494	64
495	53
496	52
497	60
498	54
499	68
500	72
501	55
502	82
503	90
504	62
505	71
506	78
507	84
508	80
509	90
510	82
511	92
512	86
513	83
514	66
515	85
516	81
517	87
518	87
519	79
520	100
521	82
522	68
523	74
524	105
525	113
526	104
527	85
528	103
529	96
530	108
531	112
532	95
533	78
534	71
535	86
536	83
537	90
538	98
539	88
540	68
541	67
542	90
543	85
544	79
545	85
546	95
547	67
548	80
549	85
550	93
551	81
552	72
553	78
554	73
555	96
556	65
557	75
558	67
559	88
560	79
561	89
562	76
563	78
564	82
565	79
566	91
567	81
568	79
569	79
570	76
571	74
572	87
573	75
574	85
575	85
576	95
577	81
578	79
579	100
580	79
581	100
582	105
583	98
584	93
585	72
586	108
587	71
588	87
589	95
590	101
591	102
592	103
593	98
594	101
595	76
596	90
597	91
598	103
599	98
600	100
601	97
602	109
603	71
604	106
605	95
606	99
607	118
608	93
609	95
610	98
611	85
612	97
613	130
614	106
615	108
616	97
617	113
618	91
619	103
620	113
621	94
622	108
623	114
624	126
625	92
626	88
627	96
628	82
629	104
630	108
631	93
632	96
633	107
634	105
635	103
636	100
637	108
638	101
639	88
640	104
641	115
642	122
643	109
644	100
645	110
646	106
647	109
648	103
649	99
650	151
651	129
652	102
653	122
654	108
655	125
656	103
657	132
658	126
659	115
660	145
661	106
662	106
663	111
664	112
665	108
666	101
667	105
668	121
669	116
670	113
671	112
672	110
673	117
674	105
675	102
676	110
677	106
678	118
679	127
680	106
681	106
682	100
683	122
684	122
685	108
686	137
687	109
688	138
689	104
690	124
691	134
692	125
693	134
694	130
695	142
696	123
697	114
698	120
699	141
700	113
701	129
702	148
703	144
704	161
705	105
706	161
707	133
708	122
709	122
710	141
711	123
712	120
713	115
714	120
715	124
716	114
717	150
718	124
719	123
720	107
721	135
722	141
723	127
724	112
725	122
726	139
727	135
728	117
729	116
730	132
731	148
732	135
733	137
734	121
735	140
736	136
737	146
738	128
739	155
740	158
741	115
742	116
743	144
744	120
745	108
746	146
747	116
748	149
749	130
750	139
751	125
752	146
753	141
754	138
755	138
756	141
757	167
758	132
759	132
760	153
761	159
762	157
763	143
764	166
765	165
766	179
767	183
768	225
769	243
770	239
771	251
772	271
773	280
774	276
775	267
776	245
777	253
778	218
779	206
780	183
781	171
782	153
783	173
784	155
785	157
786	146
787	137
788	120
789	136
790	145
791	131
792	138
793	124
794	125
795	154
796	131
797	133
798	153
799	160
800	119
801	142
802	132
803	117
804	136
805	135
806	133
807	138
808	139
809	144
810	141
811	140
812	144
813	156
814	147
815	138
816	151
817	139
818	159
819	141
820	164
821	138
822	159
823	159
824	145
825	129
826	144
827	141
828	152
829	148
830	136
831	141
832	136
833	156
834	136
835	132
836	130
837	160
838	160
839	156
840	142
841	144
842	146
843	144
844	141
845	141
846	161
847	180
848	154
849	145
850	128
851	174
852	163
853	160
854	162
855	157
856	171
857	200
858	168
859	182
860	202
861	221
862	225
863	221
864	195
865	202
866	205
867	221
868	202
869	211
870	230
871	208
872	222
873	223
874	235
875	208
876	231
877	224
878	273
879	290
880	273
881	302
882	339
883	322
884	287
885	348
886	359
887	401
888	405
889	420
890	460
891	424
892	475
893	515
894	537
895	541
896	566
897	560
898	562
899	617
900	591
901	562
902	575
903	567
904	543
905	530
906	507
907	530
908	482
909	470
910	468
911	439
912	455
913	369
914	365
915	420
916	339
917	327
918	304
919	295
920	294
921	290
922	230
923	256
924	266
925	248
926	191
927	219
928	193
929	206
930	191
931	185
932	186
933	180
934	185
935	192
936	156
937	164
938	171
939	170
940	187
941	171
942	191
943	215
944	229
945	241
946	257
947	333
948	327
949	367
950	410
951	359
952	423
953	418
954	426
955	411
956	410
957	351
958	341
959	322
960	316
961	247
962	240
963	202
964	192
965	168
966	154
967	146
968	146
969	155
970	118
971	129
972	118
973	116
974	126
975	127
976	111
977	124
978	148
979	116
980	127
981	127
982	147
983	131
984	133
985	143
986	135
987	147
988	169
989	143
990	161
991	140
992	147
993	149
994	152
995	159
996	160
997	155
998	210
999	201
1000	190
1001	170
1002	187
1003	194
1004	194
1005	164
1006	185
1007	177
1008	172
1009	162
1010	169
1011	173
1012	156
1013	146
1014	178
1015	155
1016	136
1017	160
1018	144
1019	136
1020	137
1021	130
1022	115
1023	141
1024	119
