Date:	08/05/2018		Time:	17:25		Version no:	0.00		Project name:	55		Sample name:	222		Section name:	section		Position	49.515030	mm	E0	0.000000	keV	E1	1.000000	keV/channel	sample surface	5.808891	cm	Tube anode:	Mo		Tube voltage:	30	kV	Tube current:	50	mA	gain	10		std. database			resultfile	result		matrix element	11		sample thickness	1.000000		air passage	0.560000	cm	comments	in position		peaking_time	2.200000	m-sec	trigger_threshold	547.363281	V	mca_bin_width	22.090000	no:	number_mca_channels	1024.000000	no:	gap_time	0.150000	m-sec	trigger_peaking_time	0.200000	m-sec	GAINDAC	18610		HIGHGAIN	1		TAURC	1		RCTAU	1		RCTAUFRAC	1		livetime	9.454326	seconds	runtime	10.000494	seconds	input_count_rate	21138.789635	cps	output_count_rate	17531.833226	cps	triggers	199853	seconds	events_in_run	175327	seconds	channel	content		1	0
2	0
3	0
4	0
5	0
6	0
7	0
8	0
9	0
10	0
11	0
12	0
13	0
14	0
15	0
16	0
17	0
18	0
19	0
20	0
21	0
22	0
23	0
24	0
25	0
26	0
27	0
28	0
29	0
30	0
31	19
32	16
33	22
34	19
35	23
36	15
37	17
38	21
39	21
40	13
41	17
42	17
43	14
44	16
45	14
46	24
47	9
48	19
49	16
50	16
51	19
52	19
53	13
54	15
55	15
56	12
57	15
58	11
59	8
60	18
61	11
62	11
63	3
64	13
65	12
66	8
67	12
68	15
69	15
70	12
71	10
72	9
73	10
74	13
75	2
76	7
77	10
78	11
79	13
80	13
81	15
82	13
83	15
84	9
85	12
86	8
87	5
88	3
89	4
90	6
91	6
92	5
93	10
94	13
95	8
96	19
97	12
98	5
99	7
100	13
101	7
102	5
103	5
104	6
105	6
106	9
107	9
108	6
109	7
110	12
111	7
112	7
113	6
114	7
115	5
116	5
117	7
118	7
119	4
120	6
121	2
122	7
123	4
124	8
125	5
126	3
127	3
128	4
129	3
130	8
131	3
132	4
133	0
134	2
135	4
136	2
137	1
138	3
139	5
140	7
141	4
142	6
143	1
144	5
145	4
146	0
147	6
148	9
149	2
150	1
151	6
152	3
153	2
154	1
155	7
156	10
157	8
158	10
159	9
160	20
161	23
162	25
163	18
164	27
165	21
166	15
167	12
168	9
169	4
170	3
171	2
172	7
173	5
174	5
175	7
176	9
177	7
178	8
179	12
180	10
181	12
182	8
183	18
184	11
185	6
186	3
187	4
188	3
189	3
190	3
191	5
192	7
193	9
194	8
195	5
196	22
197	38
198	61
199	90
200	133
201	184
202	187
203	196
204	189
205	159
206	101
207	59
208	32
209	18
210	15
211	7
212	15
213	6
214	5
215	16
216	25
217	19
218	27
219	24
220	27
221	27
222	24
223	31
224	20
225	6
226	9
227	11
228	9
229	6
230	3
231	5
232	11
233	6
234	4
235	5
236	5
237	3
238	1
239	5
240	10
241	11
242	27
243	27
244	33
245	52
246	50
247	61
248	75
249	69
250	63
251	53
252	41
253	40
254	22
255	24
256	14
257	12
258	12
259	9
260	12
261	8
262	8
263	8
264	8
265	6
266	10
267	13
268	17
269	14
270	29
271	14
272	24
273	24
274	19
275	20
276	14
277	8
278	7
279	7
280	7
281	6
282	12
283	5
284	13
285	4
286	11
287	11
288	12
289	17
290	14
291	18
292	15
293	14
294	16
295	13
296	17
297	20
298	20
299	25
300	9
301	15
302	10
303	14
304	5
305	13
306	6
307	7
308	8
309	14
310	15
311	23
312	10
313	21
314	15
315	37
316	44
317	75
318	110
319	177
320	207
321	291
322	303
323	318
324	319
325	311
326	250
327	190
328	146
329	104
330	56
331	43
332	45
333	25
334	25
335	24
336	25
337	32
338	32
339	52
340	62
341	125
342	197
343	371
344	662
345	979
346	1616
347	2194
348	2909
349	3513
350	3992
351	4062
352	3923
353	3356
354	2602
355	2041
356	1376
357	905
358	533
359	294
360	176
361	80
362	68
363	41
364	47
365	33
366	36
367	31
368	40
369	28
370	30
371	49
372	44
373	47
374	43
375	51
376	63
377	61
378	100
379	127
380	161
381	236
382	347
383	468
384	558
385	590
386	673
387	692
388	631
389	570
390	491
391	361
392	240
393	160
394	121
395	89
396	66
397	42
398	44
399	21
400	41
401	42
402	28
403	37
404	34
405	34
406	37
407	38
408	42
409	38
410	54
411	38
412	50
413	48
414	52
415	32
416	33
417	34
418	32
419	48
420	44
421	47
422	39
423	38
424	31
425	46
426	31
427	57
428	36
429	40
430	45
431	44
432	49
433	43
434	49
435	52
436	61
437	73
438	68
439	83
440	87
441	92
442	101
443	91
444	97
445	84
446	80
447	85
448	81
449	90
450	85
451	70
452	78
453	82
454	100
455	79
456	102
457	89
458	96
459	90
460	101
461	89
462	94
463	83
464	92
465	83
466	64
467	59
468	66
469	77
470	64
471	81
472	99
473	85
474	79
475	71
476	70
477	64
478	69
479	63
480	77
481	69
482	78
483	67
484	64
485	88
486	65
487	58
488	76
489	62
490	82
491	61
492	85
493	68
494	78
495	93
496	56
497	81
498	74
499	98
500	80
501	91
502	94
503	93
504	76
505	96
506	86
507	107
508	96
509	100
510	108
511	114
512	116
513	99
514	104
515	115
516	113
517	105
518	107
519	110
520	107
521	103
522	113
523	104
524	117
525	116
526	116
527	126
528	129
529	112
530	137
531	128
532	109
533	118
534	104
535	107
536	96
537	101
538	111
539	117
540	95
541	100
542	115
543	121
544	107
545	113
546	100
547	108
548	104
549	82
550	112
551	107
552	99
553	104
554	99
555	93
556	102
557	86
558	83
559	92
560	80
561	88
562	102
563	101
564	89
565	92
566	89
567	100
568	99
569	98
570	95
571	83
572	114
573	99
574	124
575	95
576	93
577	116
578	93
579	99
580	126
581	102
582	119
583	105
584	101
585	115
586	108
587	127
588	113
589	114
590	101
591	95
592	109
593	117
594	112
595	114
596	121
597	129
598	95
599	113
600	97
601	101
602	124
603	119
604	116
605	128
606	101
607	128
608	122
609	97
610	112
611	129
612	114
613	129
614	112
615	149
616	148
617	114
618	124
619	123
620	130
621	119
622	111
623	135
624	128
625	119
626	122
627	130
628	112
629	139
630	128
631	124
632	128
633	131
634	109
635	124
636	140
637	135
638	124
639	128
640	147
641	137
642	123
643	127
644	138
645	132
646	146
647	156
648	166
649	185
650	168
651	184
652	156
653	170
654	162
655	151
656	148
657	154
658	157
659	125
660	130
661	125
662	126
663	139
664	129
665	128
666	126
667	138
668	151
669	123
670	131
671	148
672	153
673	144
674	141
675	121
676	150
677	141
678	142
679	111
680	137
681	152
682	143
683	161
684	151
685	140
686	147
687	156
688	146
689	148
690	149
691	138
692	149
693	146
694	151
695	152
696	144
697	150
698	154
699	145
700	159
701	170
702	152
703	157
704	164
705	151
706	154
707	151
708	161
709	143
710	130
711	155
712	167
713	150
714	128
715	128
716	147
717	160
718	182
719	166
720	147
721	132
722	176
723	157
724	163
725	150
726	143
727	176
728	152
729	152
730	165
731	165
732	174
733	157
734	159
735	141
736	163
737	147
738	148
739	167
740	148
741	163
742	155
743	176
744	161
745	164
746	177
747	150
748	153
749	153
750	162
751	142
752	153
753	146
754	155
755	160
756	153
757	187
758	158
759	149
760	179
761	151
762	175
763	176
764	157
765	189
766	208
767	221
768	240
769	256
770	249
771	239
772	273
773	288
774	289
775	284
776	254
777	245
778	227
779	223
780	208
781	181
782	188
783	186
784	154
785	165
786	165
787	153
788	159
789	181
790	169
791	148
792	176
793	129
794	162
795	152
796	163
797	155
798	173
799	153
800	174
801	187
802	171
803	156
804	168
805	174
806	168
807	170
808	150
809	164
810	168
811	172
812	185
813	162
814	181
815	184
816	174
817	182
818	157
819	176
820	175
821	181
822	188
823	168
824	182
825	189
826	149
827	193
828	180
829	165
830	177
831	164
832	156
833	145
834	161
835	174
836	189
837	168
838	157
839	171
840	151
841	150
842	184
843	187
844	174
845	179
846	159
847	197
848	203
849	206
850	186
851	178
852	209
853	181
854	202
855	195
856	193
857	199
858	187
859	196
860	245
861	206
862	218
863	199
864	227
865	224
866	225
867	260
868	239
869	243
870	249
871	264
872	253
873	248
874	252
875	240
876	298
877	272
878	290
879	290
880	337
881	339
882	353
883	390
884	416
885	394
886	446
887	454
888	443
889	489
890	539
891	543
892	619
893	591
894	627
895	639
896	676
897	672
898	691
899	687
900	669
901	679
902	677
903	674
904	708
905	701
906	627
907	599
908	584
909	517
910	555
911	539
912	468
913	484
914	461
915	378
916	395
917	394
918	343
919	339
920	325
921	284
922	291
923	270
924	278
925	248
926	262
927	260
928	243
929	223
930	194
931	183
932	219
933	216
934	175
935	215
936	200
937	207
938	182
939	200
940	207
941	193
942	239
943	229
944	267
945	256
946	319
947	342
948	367
949	404
950	382
951	407
952	460
953	468
954	444
955	465
956	453
957	395
958	364
959	391
960	318
961	317
962	261
963	220
964	202
965	189
966	171
967	171
968	174
969	160
970	152
971	156
972	145
973	123
974	158
975	169
976	146
977	129
978	120
979	145
980	136
981	145
982	170
983	166
984	155
985	159
986	180
987	175
988	176
989	170
990	191
991	172
992	163
993	173
994	195
995	207
996	210
997	198
998	194
999	203
1000	225
1001	206
1002	205
1003	202
1004	189
1005	201
1006	201
1007	192
1008	204
1009	189
1010	196
1011	200
1012	203
1013	186
1014	169
1015	187
1016	153
1017	160
1018	165
1019	169
1020	131
1021	131
1022	130
1023	123
1024	123
