Date:	08/05/2018		Time:	19:46		Version no:	0.00		Project name:	55		Sample name:	222		Section name:	section		Position	197.515030	mm	E0	0.000000	keV	E1	1.000000	keV/channel	sample surface	5.909138	cm	Tube anode:	Mo		Tube voltage:	30	kV	Tube current:	50	mA	gain	10		std. database			resultfile	result		matrix element	11		sample thickness	1.000000		air passage	0.560000	cm	comments	in position		peaking_time	2.200000	m-sec	trigger_threshold	547.363281	V	mca_bin_width	22.090000	no:	number_mca_channels	1024.000000	no:	gap_time	0.150000	m-sec	trigger_peaking_time	0.200000	m-sec	GAINDAC	18610		HIGHGAIN	1		TAURC	1		RCTAU	1		RCTAUFRAC	1		livetime	9.466593	seconds	runtime	10.000491	seconds	input_count_rate	22106.897848	cps	output_count_rate	18331.699547	cps	triggers	209277	seconds	events_in_run	183326	seconds	channel	content		1	0
2	0
3	0
4	0
5	0
6	0
7	0
8	0
9	0
10	0
11	0
12	0
13	0
14	0
15	0
16	0
17	0
18	0
19	0
20	0
21	0
22	0
23	0
24	0
25	0
26	0
27	0
28	0
29	0
30	0
31	17
32	15
33	20
34	13
35	5
36	19
37	20
38	9
39	7
40	13
41	13
42	14
43	15
44	17
45	9
46	15
47	14
48	14
49	18
50	12
51	9
52	9
53	13
54	20
55	17
56	6
57	13
58	10
59	11
60	16
61	17
62	12
63	9
64	13
65	16
66	15
67	9
68	9
69	8
70	11
71	10
72	11
73	6
74	8
75	10
76	9
77	7
78	5
79	10
80	7
81	9
82	6
83	14
84	5
85	7
86	10
87	4
88	8
89	5
90	11
91	5
92	11
93	5
94	10
95	9
96	12
97	9
98	17
99	16
100	10
101	5
102	9
103	8
104	6
105	7
106	6
107	8
108	8
109	8
110	6
111	7
112	2
113	4
114	6
115	4
116	6
117	7
118	4
119	2
120	6
121	2
122	5
123	5
124	3
125	2
126	6
127	3
128	4
129	5
130	2
131	4
132	3
133	4
134	3
135	2
136	5
137	5
138	4
139	6
140	1
141	1
142	4
143	2
144	1
145	3
146	5
147	6
148	3
149	4
150	6
151	3
152	3
153	3
154	5
155	5
156	6
157	5
158	5
159	15
160	21
161	21
162	32
163	26
164	27
165	20
166	20
167	12
168	5
169	7
170	2
171	3
172	6
173	4
174	3
175	12
176	13
177	9
178	9
179	12
180	9
181	14
182	16
183	20
184	23
185	12
186	10
187	3
188	6
189	6
190	6
191	1
192	5
193	6
194	11
195	10
196	24
197	51
198	80
199	138
200	214
201	292
202	312
203	363
204	301
205	265
206	207
207	138
208	86
209	52
210	25
211	11
212	15
213	12
214	10
215	21
216	30
217	29
218	44
219	52
220	51
221	56
222	57
223	57
224	41
225	14
226	18
227	9
228	8
229	4
230	4
231	4
232	4
233	5
234	4
235	5
236	4
237	6
238	12
239	7
240	17
241	22
242	45
243	56
244	83
245	100
246	165
247	164
248	143
249	142
250	131
251	93
252	74
253	72
254	40
255	39
256	29
257	30
258	23
259	20
260	10
261	6
262	9
263	8
264	8
265	22
266	19
267	19
268	42
269	42
270	41
271	45
272	42
273	41
274	32
275	20
276	23
277	15
278	8
279	8
280	8
281	11
282	8
283	12
284	16
285	11
286	13
287	5
288	12
289	12
290	20
291	21
292	15
293	16
294	10
295	15
296	7
297	13
298	13
299	14
300	9
301	14
302	7
303	11
304	9
305	9
306	17
307	15
308	9
309	8
310	11
311	15
312	14
313	14
314	19
315	25
316	21
317	25
318	47
319	64
320	95
321	105
322	101
323	139
324	121
325	116
326	90
327	84
328	70
329	56
330	30
331	25
332	17
333	20
334	17
335	25
336	28
337	43
338	39
339	70
340	105
341	176
342	318
343	544
344	1075
345	1728
346	2677
347	3634
348	4888
349	5827
350	6557
351	6968
352	6568
353	5711
354	4503
355	3382
356	2374
357	1470
358	949
359	501
360	288
361	142
362	79
363	56
364	43
365	35
366	37
367	39
368	28
369	41
370	29
371	40
372	27
373	45
374	37
375	50
376	69
377	97
378	120
379	172
380	275
381	413
382	517
383	679
384	904
385	1010
386	1100
387	1173
388	1021
389	1014
390	755
391	584
392	424
393	282
394	173
395	101
396	72
397	44
398	30
399	25
400	20
401	25
402	25
403	32
404	36
405	21
406	30
407	27
408	40
409	36
410	42
411	38
412	33
413	35
414	23
415	34
416	32
417	31
418	31
419	24
420	25
421	25
422	26
423	34
424	29
425	28
426	39
427	33
428	28
429	31
430	25
431	35
432	38
433	33
434	32
435	37
436	42
437	49
438	47
439	58
440	53
441	61
442	57
443	53
444	72
445	55
446	53
447	57
448	42
449	54
450	55
451	66
452	65
453	66
454	47
455	67
456	77
457	63
458	74
459	62
460	68
461	67
462	59
463	67
464	40
465	43
466	52
467	49
468	56
469	56
470	55
471	56
472	46
473	45
474	69
475	49
476	60
477	46
478	44
479	42
480	46
481	50
482	38
483	40
484	39
485	42
486	58
487	41
488	49
489	51
490	37
491	50
492	60
493	48
494	54
495	57
496	43
497	52
498	58
499	60
500	62
501	59
502	60
503	50
504	60
505	84
506	63
507	74
508	75
509	79
510	69
511	79
512	79
513	76
514	82
515	85
516	82
517	76
518	65
519	80
520	68
521	66
522	68
523	89
524	76
525	92
526	91
527	104
528	90
529	104
530	94
531	94
532	85
533	79
534	78
535	83
536	57
537	77
538	68
539	64
540	78
541	67
542	83
543	84
544	77
545	79
546	92
547	91
548	62
549	87
550	80
551	80
552	70
553	71
554	77
555	77
556	78
557	70
558	91
559	64
560	72
561	74
562	74
563	71
564	75
565	56
566	80
567	67
568	72
569	72
570	72
571	69
572	63
573	68
574	74
575	67
576	92
577	64
578	93
579	80
580	85
581	84
582	87
583	63
584	92
585	79
586	79
587	84
588	89
589	93
590	77
591	101
592	72
593	93
594	89
595	84
596	86
597	90
598	96
599	79
600	95
601	94
602	79
603	73
604	84
605	70
606	89
607	84
608	95
609	80
610	106
611	108
612	82
613	79
614	99
615	98
616	81
617	113
618	105
619	109
620	84
621	98
622	92
623	91
624	102
625	93
626	90
627	93
628	93
629	87
630	83
631	97
632	109
633	94
634	108
635	96
636	86
637	98
638	95
639	105
640	78
641	95
642	94
643	93
644	81
645	92
646	101
647	106
648	93
649	103
650	98
651	104
652	102
653	89
654	98
655	108
656	81
657	117
658	101
659	95
660	111
661	105
662	111
663	100
664	88
665	122
666	104
667	94
668	99
669	94
670	94
671	122
672	106
673	96
674	92
675	96
676	104
677	108
678	123
679	101
680	124
681	107
682	97
683	108
684	112
685	102
686	107
687	106
688	113
689	106
690	105
691	127
692	130
693	116
694	116
695	114
696	98
697	124
698	115
699	136
700	121
701	121
702	105
703	121
704	115
705	116
706	123
707	105
708	125
709	111
710	114
711	116
712	101
713	119
714	127
715	117
716	128
717	126
718	119
719	95
720	104
721	112
722	135
723	124
724	143
725	108
726	115
727	133
728	139
729	116
730	131
731	115
732	116
733	145
734	131
735	152
736	119
737	154
738	145
739	124
740	135
741	112
742	111
743	122
744	107
745	116
746	126
747	130
748	105
749	109
750	147
751	126
752	130
753	130
754	121
755	129
756	148
757	131
758	125
759	114
760	145
761	139
762	126
763	140
764	181
765	182
766	189
767	206
768	252
769	242
770	260
771	289
772	279
773	325
774	327
775	282
776	295
777	272
778	252
779	211
780	208
781	179
782	153
783	168
784	150
785	126
786	143
787	151
788	160
789	117
790	132
791	135
792	124
793	126
794	123
795	137
796	153
797	122
798	126
799	141
800	142
801	143
802	135
803	137
804	138
805	122
806	129
807	137
808	132
809	158
810	150
811	135
812	121
813	153
814	135
815	153
816	140
817	153
818	130
819	145
820	148
821	137
822	132
823	124
824	128
825	136
826	117
827	150
828	117
829	138
830	147
831	141
832	132
833	143
834	145
835	157
836	149
837	154
838	138
839	161
840	169
841	130
842	153
843	147
844	162
845	147
846	139
847	142
848	129
849	165
850	173
851	171
852	155
853	172
854	196
855	179
856	166
857	163
858	192
859	163
860	193
861	207
862	227
863	249
864	197
865	202
866	224
867	251
868	237
869	240
870	212
871	215
872	212
873	228
874	207
875	231
876	235
877	217
878	247
879	273
880	268
881	275
882	287
883	330
884	312
885	371
886	388
887	390
888	402
889	397
890	433
891	508
892	443
893	529
894	473
895	504
896	544
897	518
898	488
899	552
900	542
901	592
902	526
903	524
904	569
905	535
906	506
907	495
908	488
909	467
910	448
911	436
912	390
913	407
914	384
915	355
916	343
917	298
918	317
919	325
920	287
921	249
922	252
923	248
924	241
925	204
926	200
927	224
928	186
929	204
930	181
931	164
932	167
933	157
934	169
935	188
936	170
937	168
938	170
939	158
940	167
941	185
942	165
943	212
944	217
945	270
946	258
947	301
948	357
949	385
950	402
951	402
952	378
953	413
954	404
955	432
956	409
957	412
958	358
959	308
960	274
961	273
962	252
963	224
964	179
965	134
966	152
967	145
968	130
969	139
970	145
971	131
972	133
973	133
974	143
975	115
976	135
977	143
978	137
979	127
980	143
981	128
982	128
983	128
984	127
985	150
986	140
987	152
988	148
989	175
990	150
991	148
992	136
993	174
994	153
995	170
996	160
997	142
998	164
999	182
1000	164
1001	159
1002	201
1003	152
1004	167
1005	184
1006	178
1007	156
1008	152
1009	188
1010	152
1011	171
1012	176
1013	167
1014	145
1015	162
1016	147
1017	168
1018	134
1019	144
1020	129
1021	131
1022	121
1023	127
1024	119
