Date:	08/05/2018		Time:	19:05		Version no:	0.00		Project name:	55		Sample name:	222		Section name:	section		Position	154.315033	mm	E0	0.000000	keV	E1	1.000000	keV/channel	sample surface	5.900373	cm	Tube anode:	Mo		Tube voltage:	30	kV	Tube current:	50	mA	gain	10		std. database			resultfile	result		matrix element	11		sample thickness	1.000000		air passage	0.560000	cm	comments	in position		peaking_time	2.200000	m-sec	trigger_threshold	547.363281	V	mca_bin_width	22.090000	no:	number_mca_channels	1024.000000	no:	gap_time	0.150000	m-sec	trigger_peaking_time	0.200000	m-sec	GAINDAC	18610		HIGHGAIN	1		TAURC	1		RCTAU	1		RCTAUFRAC	1		livetime	9.493779	seconds	runtime	10.000495	seconds	input_count_rate	21407.913089	cps	output_count_rate	17888.314171	cps	triggers	203242	seconds	events_in_run	178892	seconds	channel	content		1	0
2	0
3	0
4	0
5	0
6	0
7	0
8	0
9	0
10	0
11	0
12	0
13	0
14	0
15	0
16	0
17	0
18	0
19	0
20	0
21	0
22	0
23	0
24	0
25	0
26	0
27	0
28	0
29	0
30	0
31	17
32	11
33	17
34	16
35	14
36	15
37	14
38	9
39	12
40	16
41	9
42	12
43	12
44	13
45	12
46	14
47	15
48	14
49	14
50	17
51	18
52	17
53	10
54	9
55	7
56	10
57	9
58	9
59	16
60	8
61	10
62	14
63	13
64	13
65	10
66	10
67	12
68	14
69	6
70	9
71	4
72	10
73	7
74	5
75	5
76	8
77	6
78	9
79	10
80	4
81	11
82	7
83	11
84	6
85	4
86	13
87	3
88	3
89	5
90	4
91	8
92	3
93	7
94	8
95	10
96	8
97	8
98	6
99	5
100	13
101	7
102	4
103	12
104	4
105	7
106	9
107	10
108	3
109	8
110	5
111	2
112	5
113	7
114	3
115	7
116	8
117	3
118	3
119	2
120	6
121	7
122	9
123	5
124	6
125	3
126	5
127	4
128	5
129	3
130	4
131	2
132	3
133	3
134	7
135	2
136	3
137	8
138	5
139	4
140	7
141	0
142	2
143	2
144	2
145	3
146	6
147	5
148	6
149	8
150	2
151	1
152	9
153	4
154	1
155	6
156	5
157	7
158	8
159	12
160	16
161	20
162	29
163	32
164	22
165	33
166	28
167	13
168	10
169	5
170	6
171	6
172	7
173	7
174	5
175	6
176	8
177	6
178	10
179	15
180	12
181	19
182	16
183	14
184	16
185	19
186	10
187	5
188	3
189	4
190	2
191	2
192	2
193	5
194	4
195	9
196	20
197	36
198	82
199	118
200	177
201	226
202	286
203	307
204	245
205	247
206	177
207	127
208	67
209	49
210	14
211	9
212	11
213	10
214	4
215	15
216	20
217	23
218	35
219	37
220	51
221	43
222	76
223	37
224	40
225	19
226	11
227	7
228	9
229	2
230	2
231	5
232	2
233	6
234	3
235	8
236	7
237	4
238	5
239	11
240	12
241	25
242	48
243	64
244	110
245	158
246	177
247	205
248	183
249	204
250	161
251	119
252	92
253	76
254	39
255	40
256	40
257	37
258	16
259	30
260	15
261	21
262	9
263	12
264	11
265	16
266	13
267	26
268	25
269	38
270	54
271	45
272	58
273	53
274	37
275	31
276	14
277	14
278	19
279	14
280	9
281	9
282	8
283	14
284	12
285	8
286	10
287	12
288	16
289	9
290	12
291	12
292	21
293	19
294	11
295	16
296	16
297	11
298	15
299	22
300	7
301	13
302	8
303	15
304	13
305	13
306	16
307	7
308	8
309	18
310	11
311	12
312	8
313	14
314	16
315	26
316	30
317	46
318	50
319	73
320	92
321	145
322	154
323	172
324	167
325	148
326	122
327	98
328	88
329	56
330	47
331	29
332	21
333	27
334	16
335	19
336	26
337	29
338	41
339	66
340	99
341	186
342	312
343	554
344	1032
345	1700
346	2601
347	3751
348	4988
349	6176
350	6904
351	7063
352	6658
353	5961
354	4944
355	3644
356	2502
357	1608
358	920
359	514
360	303
361	155
362	88
363	41
364	46
365	26
366	28
367	35
368	30
369	34
370	43
371	33
372	27
373	49
374	52
375	61
376	75
377	111
378	133
379	185
380	282
381	383
382	590
383	730
384	883
385	1046
386	1134
387	1217
388	1127
389	987
390	756
391	600
392	441
393	297
394	176
395	123
396	63
397	41
398	29
399	36
400	21
401	19
402	27
403	22
404	20
405	35
406	40
407	24
408	25
409	34
410	35
411	31
412	29
413	20
414	24
415	23
416	24
417	28
418	24
419	23
420	28
421	22
422	25
423	33
424	29
425	26
426	27
427	27
428	28
429	27
430	30
431	22
432	32
433	29
434	35
435	43
436	35
437	42
438	52
439	49
440	48
441	49
442	43
443	49
444	51
445	35
446	53
447	59
448	52
449	49
450	54
451	56
452	52
453	60
454	51
455	58
456	70
457	61
458	68
459	79
460	81
461	55
462	68
463	68
464	51
465	51
466	55
467	39
468	57
469	38
470	51
471	57
472	53
473	55
474	44
475	46
476	65
477	50
478	49
479	39
480	44
481	57
482	55
483	62
484	57
485	45
486	49
487	37
488	40
489	35
490	35
491	38
492	58
493	54
494	56
495	47
496	49
497	45
498	52
499	48
500	53
501	45
502	68
503	54
504	56
505	53
506	64
507	58
508	75
509	69
510	68
511	74
512	64
513	67
514	67
515	72
516	73
517	68
518	85
519	67
520	86
521	73
522	72
523	86
524	80
525	69
526	91
527	90
528	85
529	70
530	94
531	94
532	82
533	75
534	73
535	70
536	73
537	61
538	62
539	74
540	69
541	67
542	80
543	65
544	74
545	64
546	83
547	59
548	65
549	64
550	74
551	65
552	68
553	67
554	60
555	62
556	69
557	64
558	58
559	59
560	74
561	65
562	58
563	70
564	57
565	59
566	75
567	63
568	75
569	51
570	66
571	71
572	75
573	75
574	60
575	65
576	74
577	70
578	71
579	73
580	83
581	71
582	71
583	72
584	74
585	82
586	62
587	69
588	72
589	70
590	99
591	77
592	93
593	80
594	77
595	94
596	86
597	61
598	73
599	72
600	81
601	85
602	77
603	83
604	71
605	101
606	94
607	86
608	92
609	75
610	90
611	87
612	94
613	82
614	91
615	93
616	83
617	99
618	98
619	81
620	77
621	83
622	85
623	98
624	90
625	98
626	82
627	96
628	89
629	90
630	90
631	103
632	94
633	86
634	89
635	96
636	89
637	81
638	91
639	105
640	109
641	87
642	90
643	92
644	105
645	83
646	92
647	80
648	96
649	95
650	104
651	100
652	105
653	100
654	89
655	103
656	99
657	87
658	109
659	105
660	80
661	103
662	97
663	98
664	91
665	98
666	111
667	108
668	103
669	84
670	89
671	118
672	116
673	95
674	96
675	84
676	92
677	105
678	88
679	102
680	89
681	104
682	108
683	95
684	112
685	97
686	103
687	100
688	123
689	103
690	91
691	100
692	98
693	110
694	105
695	102
696	104
697	119
698	118
699	135
700	117
701	118
702	117
703	119
704	118
705	106
706	121
707	106
708	104
709	105
710	134
711	101
712	96
713	108
714	101
715	109
716	107
717	114
718	99
719	105
720	102
721	99
722	117
723	115
724	119
725	95
726	119
727	122
728	110
729	121
730	109
731	118
732	128
733	112
734	111
735	110
736	122
737	113
738	126
739	98
740	109
741	124
742	119
743	111
744	118
745	96
746	118
747	108
748	117
749	130
750	128
751	120
752	134
753	111
754	122
755	115
756	115
757	124
758	114
759	127
760	118
761	112
762	161
763	128
764	148
765	175
766	182
767	193
768	218
769	256
770	229
771	287
772	310
773	294
774	308
775	279
776	256
777	247
778	242
779	233
780	180
781	172
782	180
783	174
784	138
785	151
786	108
787	119
788	109
789	133
790	103
791	116
792	132
793	123
794	123
795	137
796	124
797	127
798	122
799	110
800	119
801	134
802	118
803	129
804	107
805	127
806	128
807	147
808	158
809	104
810	148
811	133
812	120
813	155
814	127
815	126
816	147
817	125
818	147
819	141
820	153
821	140
822	135
823	165
824	142
825	140
826	119
827	129
828	117
829	106
830	116
831	147
832	134
833	134
834	143
835	147
836	133
837	119
838	134
839	129
840	129
841	149
842	132
843	140
844	128
845	140
846	141
847	155
848	142
849	146
850	118
851	143
852	128
853	155
854	140
855	181
856	162
857	184
858	192
859	155
860	206
861	208
862	183
863	206
864	204
865	192
866	183
867	219
868	224
869	208
870	167
871	177
872	217
873	193
874	162
875	227
876	227
877	211
878	244
879	216
880	223
881	238
882	261
883	287
884	314
885	352
886	350
887	338
888	407
889	361
890	370
891	445
892	453
893	463
894	490
895	506
896	493
897	516
898	512
899	487
900	513
901	513
902	470
903	498
904	478
905	517
906	474
907	462
908	477
909	421
910	407
911	396
912	399
913	370
914	353
915	326
916	309
917	277
918	278
919	254
920	239
921	245
922	225
923	195
924	200
925	203
926	186
927	197
928	177
929	176
930	162
931	133
932	157
933	154
934	149
935	157
936	142
937	154
938	164
939	158
940	191
941	150
942	184
943	201
944	210
945	238
946	246
947	279
948	324
949	290
950	357
951	398
952	414
953	375
954	387
955	405
956	366
957	365
958	315
959	304
960	293
961	256
962	205
963	179
964	185
965	161
966	145
967	136
968	119
969	134
970	142
971	120
972	137
973	130
974	116
975	118
976	128
977	123
978	101
979	106
980	105
981	113
982	125
983	111
984	114
985	116
986	142
987	135
988	138
989	168
990	124
991	132
992	165
993	124
994	158
995	156
996	140
997	147
998	144
999	166
1000	155
1001	166
1002	152
1003	155
1004	165
1005	161
1006	167
1007	170
1008	168
1009	166
1010	181
1011	169
1012	148
1013	143
1014	136
1015	143
1016	140
1017	129
1018	139
1019	126
1020	106
1021	112
1022	111
1023	109
1024	121
