Date:	08/05/2018		Time:	19:18		Version no:	0.00		Project name:	55		Sample name:	222		Section name:	section		Position	168.115036	mm	E0	0.000000	keV	E1	1.000000	keV/channel	sample surface	5.885644	cm	Tube anode:	Mo		Tube voltage:	30	kV	Tube current:	50	mA	gain	10		std. database			resultfile	result		matrix element	11		sample thickness	1.000000		air passage	0.560000	cm	comments	in position		peaking_time	2.200000	m-sec	trigger_threshold	547.363281	V	mca_bin_width	22.090000	no:	number_mca_channels	1024.000000	no:	gap_time	0.150000	m-sec	trigger_peaking_time	0.200000	m-sec	GAINDAC	18610		HIGHGAIN	1		TAURC	1		RCTAU	1		RCTAUFRAC	1		livetime	9.473200	seconds	runtime	10.000494	seconds	input_count_rate	21502.660136	cps	output_count_rate	17876.017640	cps	triggers	203699	seconds	events_in_run	178769	seconds	channel	content		1	0
2	0
3	0
4	0
5	0
6	0
7	0
8	0
9	0
10	0
11	0
12	0
13	0
14	0
15	0
16	0
17	0
18	0
19	0
20	0
21	0
22	0
23	0
24	0
25	0
26	0
27	0
28	0
29	0
30	0
31	21
32	22
33	14
34	11
35	14
36	12
37	19
38	15
39	13
40	18
41	14
42	13
43	15
44	16
45	12
46	15
47	16
48	23
49	17
50	9
51	13
52	16
53	11
54	11
55	10
56	11
57	9
58	14
59	17
60	12
61	6
62	14
63	12
64	9
65	8
66	10
67	7
68	11
69	9
70	11
71	6
72	9
73	7
74	8
75	9
76	12
77	4
78	9
79	9
80	8
81	17
82	22
83	12
84	6
85	7
86	6
87	12
88	5
89	3
90	10
91	5
92	5
93	8
94	6
95	14
96	12
97	8
98	9
99	10
100	9
101	5
102	4
103	9
104	2
105	7
106	5
107	7
108	5
109	7
110	6
111	6
112	4
113	8
114	6
115	4
116	7
117	2
118	5
119	3
120	4
121	3
122	4
123	5
124	3
125	3
126	9
127	7
128	5
129	2
130	6
131	4
132	2
133	3
134	8
135	4
136	4
137	2
138	3
139	5
140	2
141	3
142	6
143	4
144	7
145	3
146	1
147	2
148	4
149	1
150	4
151	2
152	2
153	1
154	4
155	2
156	2
157	7
158	5
159	14
160	17
161	27
162	31
163	25
164	24
165	30
166	23
167	12
168	7
169	3
170	6
171	9
172	2
173	4
174	3
175	7
176	3
177	8
178	12
179	11
180	16
181	18
182	13
183	17
184	20
185	8
186	11
187	6
188	9
189	9
190	9
191	4
192	5
193	8
194	7
195	9
196	21
197	40
198	67
199	102
200	141
201	202
202	226
203	255
204	209
205	185
206	146
207	78
208	61
209	36
210	16
211	12
212	8
213	8
214	7
215	10
216	26
217	22
218	19
219	37
220	51
221	44
222	39
223	45
224	29
225	15
226	10
227	8
228	3
229	8
230	6
231	5
232	3
233	3
234	3
235	5
236	3
237	1
238	3
239	2
240	14
241	23
242	26
243	24
244	59
245	66
246	102
247	117
248	108
249	98
250	72
251	70
252	71
253	66
254	31
255	41
256	32
257	22
258	21
259	24
260	19
261	13
262	11
263	16
264	16
265	16
266	18
267	15
268	32
269	32
270	33
271	40
272	31
273	22
274	24
275	32
276	20
277	14
278	8
279	7
280	10
281	6
282	7
283	8
284	11
285	13
286	7
287	14
288	8
289	10
290	9
291	20
292	17
293	15
294	23
295	20
296	20
297	21
298	12
299	11
300	9
301	17
302	10
303	8
304	8
305	14
306	13
307	12
308	11
309	7
310	15
311	14
312	11
313	17
314	20
315	29
316	36
317	50
318	68
319	93
320	109
321	175
322	209
323	202
324	232
325	209
326	167
327	104
328	102
329	79
330	45
331	37
332	26
333	26
334	23
335	35
336	27
337	33
338	31
339	64
340	115
341	136
342	314
343	567
344	967
345	1541
346	2331
347	3492
348	4316
349	5386
350	6053
351	6298
352	5913
353	5367
354	4354
355	3200
356	2215
357	1398
358	885
359	461
360	288
361	128
362	86
363	56
364	41
365	40
366	32
367	25
368	30
369	38
370	35
371	39
372	35
373	44
374	38
375	66
376	69
377	90
378	115
379	177
380	232
381	380
382	512
383	682
384	850
385	919
386	1074
387	1052
388	920
389	885
390	695
391	542
392	368
393	253
394	147
395	99
396	49
397	48
398	32
399	15
400	24
401	27
402	33
403	16
404	21
405	24
406	39
407	21
408	34
409	29
410	35
411	37
412	37
413	30
414	27
415	35
416	38
417	32
418	23
419	35
420	26
421	33
422	35
423	20
424	25
425	34
426	34
427	28
428	33
429	32
430	32
431	34
432	35
433	36
434	43
435	44
436	41
437	53
438	42
439	64
440	67
441	61
442	56
443	68
444	55
445	58
446	52
447	54
448	61
449	40
450	52
451	59
452	55
453	47
454	48
455	57
456	74
457	51
458	65
459	80
460	73
461	68
462	65
463	59
464	49
465	56
466	50
467	43
468	57
469	44
470	67
471	62
472	59
473	67
474	52
475	62
476	62
477	44
478	57
479	39
480	45
481	42
482	60
483	52
484	54
485	47
486	47
487	54
488	55
489	53
490	42
491	56
492	51
493	64
494	60
495	44
496	45
497	50
498	61
499	70
500	58
501	66
502	58
503	63
504	63
505	83
506	69
507	62
508	64
509	75
510	68
511	73
512	77
513	68
514	79
515	66
516	79
517	75
518	70
519	73
520	68
521	83
522	74
523	79
524	89
525	77
526	81
527	77
528	86
529	97
530	96
531	100
532	86
533	76
534	88
535	91
536	87
537	70
538	76
539	67
540	71
541	76
542	69
543	74
544	75
545	72
546	86
547	76
548	83
549	72
550	88
551	79
552	76
553	57
554	67
555	78
556	65
557	72
558	72
559	77
560	67
561	80
562	59
563	89
564	76
565	74
566	69
567	66
568	78
569	78
570	75
571	66
572	85
573	77
574	70
575	84
576	67
577	71
578	78
579	78
580	74
581	98
582	89
583	87
584	75
585	86
586	80
587	78
588	95
589	76
590	82
591	73
592	82
593	81
594	74
595	98
596	93
597	86
598	88
599	69
600	92
601	84
602	98
603	74
604	101
605	98
606	91
607	85
608	102
609	89
610	96
611	98
612	88
613	100
614	105
615	83
616	106
617	95
618	111
619	114
620	94
621	84
622	101
623	95
624	89
625	95
626	91
627	100
628	94
629	83
630	95
631	110
632	108
633	116
634	90
635	73
636	85
637	107
638	103
639	100
640	87
641	96
642	89
643	96
644	88
645	90
646	102
647	108
648	101
649	111
650	97
651	107
652	116
653	102
654	108
655	96
656	93
657	103
658	97
659	83
660	115
661	102
662	101
663	122
664	110
665	108
666	108
667	123
668	99
669	128
670	121
671	120
672	97
673	112
674	103
675	102
676	104
677	114
678	102
679	123
680	113
681	94
682	117
683	114
684	114
685	106
686	113
687	116
688	93
689	110
690	111
691	108
692	105
693	107
694	90
695	117
696	111
697	136
698	147
699	140
700	139
701	130
702	115
703	140
704	135
705	114
706	125
707	122
708	118
709	122
710	147
711	105
712	125
713	145
714	137
715	123
716	110
717	116
718	131
719	117
720	136
721	119
722	122
723	131
724	136
725	110
726	155
727	146
728	111
729	146
730	149
731	128
732	139
733	112
734	136
735	120
736	126
737	108
738	129
739	132
740	137
741	126
742	126
743	123
744	125
745	128
746	139
747	129
748	134
749	138
750	121
751	125
752	136
753	123
754	136
755	134
756	125
757	134
758	121
759	132
760	133
761	142
762	129
763	140
764	162
765	176
766	224
767	200
768	196
769	232
770	289
771	253
772	255
773	300
774	286
775	285
776	251
777	245
778	208
779	225
780	178
781	183
782	185
783	167
784	158
785	136
786	133
787	135
788	119
789	143
790	125
791	123
792	136
793	124
794	142
795	116
796	137
797	154
798	117
799	146
800	115
801	128
802	134
803	120
804	130
805	153
806	125
807	139
808	122
809	147
810	130
811	133
812	143
813	164
814	134
815	142
816	161
817	149
818	124
819	142
820	147
821	136
822	145
823	169
824	172
825	150
826	142
827	144
828	158
829	139
830	151
831	162
832	143
833	150
834	140
835	145
836	145
837	150
838	153
839	158
840	165
841	148
842	149
843	150
844	159
845	132
846	162
847	140
848	162
849	163
850	158
851	159
852	158
853	176
854	172
855	172
856	165
857	181
858	198
859	183
860	187
861	190
862	203
863	190
864	238
865	232
866	218
867	213
868	211
869	197
870	250
871	230
872	233
873	222
874	221
875	213
876	251
877	243
878	230
879	272
880	287
881	254
882	278
883	294
884	303
885	331
886	364
887	393
888	412
889	380
890	457
891	463
892	477
893	509
894	488
895	540
896	580
897	539
898	556
899	573
900	629
901	577
902	573
903	582
904	555
905	522
906	571
907	522
908	487
909	504
910	458
911	438
912	415
913	416
914	374
915	331
916	328
917	314
918	281
919	265
920	288
921	272
922	243
923	239
924	210
925	224
926	225
927	194
928	218
929	187
930	192
931	198
932	172
933	186
934	174
935	154
936	184
937	155
938	162
939	179
940	169
941	172
942	174
943	224
944	230
945	247
946	243
947	337
948	334
949	390
950	373
951	399
952	440
953	413
954	412
955	450
956	421
957	406
958	379
959	366
960	329
961	261
962	245
963	234
964	198
965	171
966	157
967	134
968	153
969	133
970	133
971	134
972	111
973	118
974	135
975	142
976	124
977	132
978	133
979	145
980	128
981	132
982	130
983	141
984	148
985	148
986	146
987	144
988	138
989	154
990	150
991	153
992	189
993	163
994	169
995	174
996	195
997	167
998	164
999	176
1000	184
1001	178
1002	171
1003	162
1004	168
1005	175
1006	170
1007	185
1008	208
1009	178
1010	173
1011	148
1012	170
1013	151
1014	171
1015	159
1016	151
1017	140
1018	141
1019	134
1020	132
1021	131
1022	129
1023	126
1024	113
