Date:	08/05/2018		Time:	18:33		Version no:	0.00		Project name:	55		Sample name:	222		Section name:	section		Position	120.315033	mm	E0	0.000000	keV	E1	1.000000	keV/channel	sample surface	5.898209	cm	Tube anode:	Mo		Tube voltage:	30	kV	Tube current:	50	mA	gain	10		std. database			resultfile	result		matrix element	11		sample thickness	1.000000		air passage	0.560000	cm	comments	in position		peaking_time	2.200000	m-sec	trigger_threshold	547.363281	V	mca_bin_width	22.090000	no:	number_mca_channels	1024.000000	no:	gap_time	0.150000	m-sec	trigger_peaking_time	0.200000	m-sec	GAINDAC	18610		HIGHGAIN	1		TAURC	1		RCTAU	1		RCTAUFRAC	1		livetime	9.440696	seconds	runtime	10.000489	seconds	input_count_rate	22951.062083	cps	output_count_rate	18878.677210	cps	triggers	216674	seconds	events_in_run	188796	seconds	channel	content		1	0
2	0
3	0
4	0
5	0
6	0
7	0
8	0
9	0
10	0
11	0
12	0
13	0
14	0
15	0
16	0
17	0
18	0
19	0
20	0
21	0
22	0
23	0
24	0
25	0
26	0
27	0
28	0
29	0
30	0
31	18
32	10
33	9
34	9
35	14
36	18
37	12
38	17
39	11
40	13
41	10
42	9
43	13
44	19
45	19
46	20
47	14
48	17
49	9
50	11
51	16
52	13
53	15
54	13
55	13
56	13
57	18
58	9
59	9
60	17
61	16
62	10
63	9
64	14
65	12
66	20
67	8
68	5
69	7
70	10
71	8
72	7
73	4
74	6
75	4
76	8
77	6
78	6
79	8
80	9
81	9
82	14
83	16
84	7
85	13
86	7
87	5
88	7
89	9
90	9
91	4
92	8
93	17
94	14
95	8
96	21
97	17
98	9
99	7
100	12
101	9
102	6
103	6
104	9
105	12
106	13
107	8
108	9
109	4
110	6
111	6
112	7
113	1
114	2
115	6
116	4
117	2
118	6
119	1
120	3
121	3
122	4
123	6
124	9
125	5
126	9
127	5
128	7
129	5
130	8
131	3
132	4
133	7
134	8
135	5
136	5
137	2
138	4
139	3
140	3
141	5
142	2
143	3
144	1
145	2
146	1
147	6
148	2
149	3
150	5
151	3
152	2
153	4
154	1
155	6
156	3
157	6
158	12
159	13
160	19
161	29
162	31
163	35
164	28
165	14
166	19
167	9
168	14
169	6
170	6
171	8
172	4
173	6
174	6
175	7
176	5
177	4
178	9
179	23
180	17
181	20
182	14
183	30
184	20
185	17
186	15
187	3
188	3
189	3
190	5
191	5
192	3
193	2
194	10
195	13
196	26
197	38
198	80
199	123
200	170
201	256
202	285
203	273
204	303
205	263
206	178
207	97
208	71
209	40
210	20
211	16
212	3
213	8
214	11
215	23
216	24
217	35
218	42
219	55
220	42
221	53
222	43
223	41
224	25
225	11
226	13
227	4
228	8
229	3
230	4
231	3
232	6
233	4
234	5
235	6
236	2
237	8
238	8
239	9
240	14
241	22
242	28
243	58
244	81
245	101
246	154
247	161
248	173
249	155
250	120
251	99
252	83
253	63
254	37
255	35
256	27
257	23
258	23
259	12
260	10
261	6
262	18
263	14
264	15
265	12
266	15
267	21
268	22
269	38
270	35
271	61
272	38
273	32
274	32
275	17
276	21
277	20
278	8
279	15
280	9
281	5
282	12
283	6
284	15
285	9
286	14
287	13
288	7
289	15
290	11
291	10
292	21
293	11
294	17
295	13
296	18
297	11
298	12
299	12
300	19
301	20
302	10
303	15
304	16
305	12
306	18
307	10
308	14
309	10
310	13
311	14
312	12
313	24
314	10
315	27
316	25
317	42
318	52
319	65
320	86
321	90
322	133
323	122
324	118
325	107
326	102
327	78
328	75
329	51
330	32
331	23
332	25
333	30
334	22
335	25
336	16
337	23
338	44
339	57
340	103
341	170
342	297
343	539
344	1012
345	1587
346	2525
347	3710
348	4742
349	5725
350	6293
351	6575
352	6295
353	5478
354	4385
355	3309
356	2281
357	1474
358	840
359	489
360	278
361	136
362	90
363	57
364	38
365	38
366	41
367	32
368	34
369	32
370	40
371	50
372	40
373	43
374	40
375	51
376	66
377	85
378	118
379	190
380	255
381	377
382	523
383	694
384	879
385	1021
386	1116
387	1130
388	1053
389	927
390	761
391	527
392	372
393	267
394	187
395	125
396	75
397	47
398	41
399	30
400	22
401	26
402	32
403	23
404	26
405	33
406	38
407	39
408	32
409	31
410	35
411	47
412	48
413	39
414	38
415	32
416	38
417	31
418	28
419	20
420	32
421	22
422	34
423	32
424	31
425	30
426	43
427	34
428	24
429	39
430	43
431	37
432	49
433	39
434	46
435	53
436	49
437	51
438	56
439	71
440	70
441	79
442	66
443	58
444	50
445	59
446	82
447	55
448	69
449	53
450	59
451	47
452	63
453	68
454	61
455	73
456	68
457	75
458	80
459	85
460	86
461	76
462	88
463	65
464	59
465	68
466	61
467	62
468	55
469	60
470	57
471	48
472	52
473	69
474	58
475	65
476	55
477	57
478	62
479	51
480	61
481	45
482	48
483	63
484	53
485	64
486	63
487	48
488	61
489	66
490	62
491	58
492	52
493	53
494	58
495	60
496	47
497	67
498	62
499	70
500	65
501	69
502	56
503	66
504	83
505	69
506	83
507	71
508	78
509	87
510	74
511	80
512	97
513	68
514	73
515	90
516	89
517	71
518	87
519	87
520	101
521	68
522	99
523	91
524	76
525	112
526	109
527	103
528	112
529	130
530	93
531	112
532	107
533	103
534	91
535	86
536	100
537	85
538	80
539	92
540	71
541	78
542	70
543	79
544	80
545	75
546	80
547	80
548	75
549	68
550	71
551	83
552	73
553	67
554	78
555	75
556	78
557	70
558	69
559	80
560	93
561	70
562	84
563	82
564	90
565	85
566	84
567	82
568	92
569	95
570	84
571	63
572	84
573	78
574	71
575	89
576	99
577	85
578	100
579	108
580	96
581	80
582	91
583	109
584	107
585	78
586	97
587	84
588	79
589	91
590	77
591	73
592	104
593	92
594	97
595	97
596	89
597	107
598	94
599	90
600	113
601	104
602	99
603	96
604	90
605	103
606	97
607	101
608	109
609	105
610	98
611	100
612	119
613	98
614	119
615	104
616	113
617	97
618	85
619	127
620	99
621	100
622	105
623	91
624	101
625	105
626	127
627	104
628	101
629	117
630	97
631	107
632	113
633	108
634	99
635	105
636	85
637	122
638	95
639	85
640	102
641	120
642	118
643	115
644	100
645	104
646	98
647	106
648	98
649	115
650	116
651	116
652	122
653	105
654	121
655	114
656	119
657	119
658	103
659	121
660	100
661	104
662	103
663	120
664	116
665	104
666	122
667	117
668	111
669	99
670	115
671	117
672	113
673	121
674	107
675	121
676	138
677	124
678	121
679	125
680	103
681	124
682	116
683	143
684	132
685	123
686	113
687	131
688	115
689	112
690	141
691	112
692	121
693	127
694	116
695	116
696	126
697	130
698	135
699	129
700	134
701	112
702	126
703	123
704	105
705	119
706	122
707	107
708	134
709	125
710	110
711	151
712	123
713	135
714	130
715	117
716	134
717	132
718	139
719	128
720	123
721	115
722	124
723	143
724	126
725	111
726	134
727	128
728	152
729	135
730	137
731	135
732	112
733	136
734	126
735	133
736	148
737	120
738	137
739	124
740	136
741	139
742	133
743	150
744	134
745	131
746	144
747	127
748	132
749	120
750	133
751	174
752	147
753	144
754	161
755	147
756	122
757	145
758	134
759	153
760	129
761	133
762	164
763	165
764	165
765	207
766	199
767	188
768	257
769	242
770	253
771	296
772	325
773	318
774	303
775	273
776	296
777	264
778	250
779	224
780	214
781	179
782	190
783	162
784	132
785	154
786	133
787	155
788	174
789	153
790	148
791	137
792	154
793	166
794	152
795	136
796	137
797	155
798	149
799	142
800	143
801	147
802	153
803	150
804	153
805	144
806	135
807	120
808	146
809	147
810	136
811	163
812	145
813	153
814	160
815	148
816	147
817	154
818	147
819	165
820	144
821	144
822	148
823	159
824	148
825	140
826	155
827	150
828	141
829	175
830	140
831	156
832	157
833	149
834	145
835	155
836	140
837	141
838	154
839	164
840	175
841	166
842	143
843	154
844	172
845	162
846	179
847	181
848	168
849	160
850	162
851	161
852	182
853	175
854	162
855	174
856	212
857	193
858	201
859	193
860	214
861	187
862	213
863	206
864	208
865	246
866	198
867	222
868	235
869	231
870	232
871	229
872	215
873	214
874	287
875	234
876	250
877	250
878	284
879	270
880	309
881	318
882	308
883	367
884	336
885	357
886	412
887	439
888	433
889	426
890	491
891	505
892	565
893	544
894	551
895	526
896	602
897	592
898	603
899	651
900	643
901	621
902	626
903	580
904	591
905	618
906	584
907	559
908	526
909	523
910	492
911	466
912	437
913	414
914	386
915	397
916	383
917	346
918	361
919	301
920	280
921	275
922	266
923	275
924	238
925	224
926	233
927	217
928	189
929	224
930	199
931	204
932	199
933	178
934	197
935	169
936	188
937	166
938	188
939	167
940	184
941	202
942	213
943	226
944	266
945	261
946	260
947	301
948	320
949	320
950	398
951	390
952	447
953	405
954	472
955	427
956	403
957	432
958	366
959	328
960	344
961	269
962	220
963	209
964	204
965	187
966	173
967	147
968	150
969	128
970	130
971	128
972	148
973	133
974	113
975	128
976	122
977	129
978	130
979	151
980	150
981	123
982	142
983	141
984	139
985	151
986	145
987	161
988	160
989	169
990	165
991	168
992	173
993	178
994	167
995	182
996	173
997	185
998	180
999	172
1000	188
1001	158
1002	169
1003	207
1004	191
1005	192
1006	182
1007	201
1008	203
1009	178
1010	178
1011	195
1012	193
1013	173
1014	178
1015	161
1016	166
1017	165
1018	169
1019	165
1020	146
1021	146
1022	140
1023	155
1024	111
