Date:	08/05/2018		Time:	20:04		Version no:	0.00		Project name:	55		Sample name:	222		Section name:	section		Position	216.115036	mm	E0	0.000000	keV	E1	1.000000	keV/channel	sample surface	5.907489	cm	Tube anode:	Mo		Tube voltage:	30	kV	Tube current:	50	mA	gain	10		std. database			resultfile	result		matrix element	11		sample thickness	1.000000		air passage	0.560000	cm	comments	in position		peaking_time	2.200000	m-sec	trigger_threshold	547.363281	V	mca_bin_width	22.090000	no:	number_mca_channels	1024.000000	no:	gap_time	0.150000	m-sec	trigger_peaking_time	0.200000	m-sec	GAINDAC	18610		HIGHGAIN	1		TAURC	1		RCTAU	1		RCTAUFRAC	1		livetime	9.424728	seconds	runtime	10.000488	seconds	input_count_rate	24416.089249	cps	output_count_rate	19933.627239	cps	triggers	230115	seconds	events_in_run	199346	seconds	channel	content		1	0
2	0
3	0
4	0
5	0
6	0
7	0
8	0
9	0
10	0
11	0
12	0
13	0
14	0
15	0
16	0
17	0
18	0
19	0
20	0
21	0
22	0
23	0
24	0
25	0
26	0
27	0
28	0
29	0
30	0
31	7
32	17
33	14
34	17
35	9
36	22
37	14
38	16
39	14
40	8
41	18
42	11
43	15
44	12
45	18
46	13
47	12
48	20
49	9
50	19
51	13
52	21
53	13
54	18
55	10
56	9
57	11
58	10
59	12
60	11
61	6
62	8
63	4
64	10
65	6
66	11
67	10
68	9
69	13
70	5
71	7
72	13
73	8
74	12
75	7
76	10
77	15
78	6
79	11
80	9
81	13
82	16
83	10
84	13
85	8
86	9
87	4
88	3
89	7
90	14
91	10
92	3
93	11
94	10
95	15
96	18
97	8
98	12
99	10
100	14
101	10
102	7
103	5
104	7
105	9
106	7
107	7
108	7
109	4
110	12
111	10
112	8
113	5
114	8
115	4
116	5
117	6
118	5
119	5
120	6
121	7
122	10
123	2
124	6
125	6
126	4
127	5
128	3
129	5
130	2
131	3
132	3
133	2
134	1
135	1
136	5
137	0
138	2
139	6
140	3
141	3
142	3
143	3
144	3
145	4
146	3
147	1
148	2
149	4
150	5
151	1
152	6
153	4
154	3
155	4
156	6
157	8
158	13
159	15
160	21
161	22
162	29
163	21
164	31
165	18
166	17
167	9
168	6
169	6
170	7
171	7
172	5
173	3
174	4
175	10
176	9
177	6
178	7
179	18
180	15
181	17
182	19
183	10
184	12
185	7
186	11
187	14
188	7
189	5
190	6
191	3
192	5
193	5
194	7
195	10
196	19
197	47
198	79
199	113
200	189
201	226
202	294
203	344
204	291
205	236
206	194
207	129
208	79
209	43
210	12
211	13
212	6
213	9
214	11
215	16
216	15
217	34
218	39
219	33
220	58
221	58
222	49
223	40
224	29
225	26
226	19
227	15
228	10
229	5
230	6
231	5
232	5
233	5
234	6
235	3
236	6
237	5
238	12
239	10
240	20
241	27
242	47
243	62
244	113
245	166
246	168
247	220
248	203
249	231
250	175
251	157
252	95
253	93
254	76
255	53
256	33
257	43
258	37
259	28
260	23
261	18
262	10
263	12
264	19
265	13
266	28
267	20
268	44
269	51
270	49
271	45
272	53
273	54
274	44
275	27
276	18
277	12
278	14
279	17
280	13
281	10
282	14
283	14
284	10
285	12
286	11
287	11
288	9
289	17
290	12
291	11
292	16
293	22
294	20
295	14
296	7
297	20
298	14
299	19
300	29
301	9
302	14
303	17
304	10
305	9
306	4
307	13
308	13
309	18
310	16
311	9
312	17
313	18
314	17
315	24
316	27
317	64
318	63
319	110
320	146
321	164
322	187
323	223
324	167
325	209
326	151
327	119
328	89
329	77
330	55
331	34
332	30
333	36
334	25
335	27
336	42
337	39
338	46
339	60
340	118
341	171
342	362
343	671
344	1156
345	1896
346	2982
347	4176
348	5570
349	6727
350	7633
351	7918
352	7539
353	6553
354	5400
355	4050
356	2837
357	1917
358	1131
359	643
360	365
361	182
362	91
363	63
364	54
365	45
366	43
367	44
368	36
369	42
370	55
371	34
372	41
373	37
374	49
375	64
376	105
377	93
378	161
379	215
380	303
381	437
382	595
383	778
384	1003
385	1217
386	1302
387	1272
388	1220
389	1060
390	903
391	645
392	480
393	317
394	186
395	124
396	82
397	50
398	37
399	25
400	30
401	30
402	28
403	27
404	21
405	31
406	29
407	37
408	31
409	43
410	34
411	38
412	33
413	35
414	29
415	34
416	30
417	27
418	29
419	31
420	33
421	29
422	30
423	39
424	32
425	28
426	27
427	32
428	35
429	38
430	41
431	34
432	42
433	46
434	48
435	35
436	42
437	44
438	83
439	47
440	59
441	71
442	79
443	63
444	61
445	57
446	69
447	76
448	63
449	66
450	53
451	69
452	55
453	71
454	63
455	57
456	79
457	76
458	96
459	88
460	68
461	72
462	69
463	69
464	58
465	58
466	46
467	47
468	43
469	77
470	56
471	62
472	61
473	57
474	55
475	64
476	53
477	41
478	55
479	65
480	57
481	57
482	60
483	58
484	56
485	53
486	48
487	59
488	58
489	44
490	52
491	68
492	53
493	67
494	65
495	56
496	50
497	55
498	69
499	55
500	66
501	65
502	68
503	81
504	60
505	75
506	63
507	74
508	67
509	67
510	99
511	80
512	80
513	71
514	90
515	82
516	100
517	75
518	81
519	67
520	81
521	73
522	82
523	78
524	79
525	90
526	99
527	86
528	96
529	100
530	87
531	116
532	100
533	88
534	85
535	105
536	97
537	84
538	82
539	86
540	94
541	81
542	74
543	101
544	84
545	78
546	86
547	92
548	74
549	76
550	68
551	72
552	81
553	67
554	65
555	68
556	87
557	77
558	66
559	79
560	75
561	78
562	69
563	74
564	76
565	78
566	89
567	82
568	97
569	67
570	78
571	63
572	86
573	79
574	81
575	76
576	92
577	91
578	85
579	79
580	73
581	86
582	89
583	87
584	78
585	95
586	82
587	74
588	88
589	97
590	73
591	92
592	71
593	84
594	89
595	93
596	94
597	124
598	70
599	117
600	96
601	101
602	94
603	88
604	95
605	100
606	81
607	91
608	97
609	84
610	96
611	89
612	109
613	110
614	98
615	103
616	107
617	96
618	102
619	108
620	101
621	109
622	108
623	95
624	109
625	104
626	97
627	104
628	93
629	92
630	111
631	108
632	72
633	110
634	92
635	104
636	102
637	102
638	80
639	93
640	96
641	123
642	100
643	77
644	116
645	112
646	120
647	100
648	104
649	110
650	108
651	103
652	125
653	118
654	120
655	101
656	99
657	102
658	112
659	106
660	100
661	98
662	119
663	123
664	101
665	102
666	100
667	113
668	122
669	102
670	147
671	130
672	116
673	111
674	101
675	112
676	99
677	94
678	105
679	121
680	98
681	114
682	106
683	122
684	122
685	120
686	105
687	122
688	85
689	122
690	125
691	120
692	109
693	118
694	129
695	113
696	128
697	98
698	119
699	117
700	132
701	135
702	141
703	107
704	105
705	125
706	116
707	112
708	122
709	109
710	136
711	134
712	124
713	130
714	117
715	123
716	106
717	137
718	119
719	134
720	136
721	126
722	108
723	136
724	133
725	129
726	117
727	139
728	137
729	147
730	137
731	130
732	144
733	117
734	133
735	123
736	124
737	121
738	157
739	139
740	133
741	124
742	124
743	122
744	137
745	133
746	118
747	135
748	123
749	132
750	122
751	140
752	125
753	126
754	131
755	139
756	150
757	131
758	139
759	151
760	157
761	122
762	158
763	154
764	149
765	185
766	209
767	206
768	220
769	220
770	279
771	255
772	270
773	289
774	285
775	270
776	290
777	280
778	225
779	210
780	217
781	158
782	174
783	167
784	139
785	161
786	157
787	138
788	145
789	141
790	136
791	142
792	124
793	126
794	122
795	123
796	136
797	135
798	131
799	131
800	139
801	142
802	138
803	130
804	142
805	134
806	132
807	135
808	156
809	153
810	145
811	156
812	149
813	133
814	155
815	146
816	158
817	134
818	145
819	156
820	161
821	142
822	145
823	147
824	120
825	147
826	151
827	134
828	152
829	181
830	138
831	133
832	181
833	161
834	153
835	138
836	162
837	119
838	155
839	152
840	152
841	146
842	159
843	143
844	161
845	154
846	161
847	153
848	151
849	161
850	156
851	158
852	144
853	147
854	151
855	170
856	188
857	175
858	196
859	199
860	206
861	197
862	222
863	206
864	212
865	224
866	243
867	195
868	222
869	214
870	204
871	228
872	232
873	223
874	235
875	228
876	246
877	267
878	253
879	277
880	289
881	279
882	288
883	297
884	341
885	359
886	342
887	385
888	386
889	440
890	440
891	481
892	481
893	520
894	490
895	505
896	576
897	542
898	606
899	580
900	555
901	578
902	558
903	562
904	507
905	583
906	515
907	524
908	511
909	473
910	464
911	465
912	408
913	399
914	360
915	384
916	369
917	338
918	322
919	302
920	293
921	281
922	267
923	250
924	218
925	213
926	224
927	204
928	171
929	193
930	216
931	170
932	181
933	173
934	176
935	183
936	164
937	188
938	153
939	188
940	175
941	179
942	182
943	212
944	221
945	264
946	270
947	317
948	324
949	337
950	363
951	401
952	410
953	412
954	428
955	412
956	399
957	382
958	371
959	343
960	295
961	254
962	246
963	236
964	180
965	143
966	163
967	136
968	146
969	127
970	148
971	160
972	100
973	133
974	145
975	121
976	131
977	124
978	131
979	124
980	136
981	138
982	133
983	156
984	138
985	128
986	149
987	147
988	180
989	148
990	168
991	185
992	153
993	167
994	154
995	176
996	165
997	169
998	163
999	188
1000	180
1001	166
1002	176
1003	175
1004	148
1005	157
1006	194
1007	200
1008	194
1009	190
1010	166
1011	174
1012	169
1013	202
1014	178
1015	158
1016	147
1017	141
1018	144
1019	138
1020	127
1021	147
1022	124
1023	123
1024	106
