Date:	08/05/2018		Time:	18:08		Version no:	0.00		Project name:	55		Sample name:	222		Section name:	section		Position	94.915031	mm	E0	0.000000	keV	E1	1.000000	keV/channel	sample surface	5.971195	cm	Tube anode:	Mo		Tube voltage:	30	kV	Tube current:	50	mA	gain	10		std. database			resultfile	result		matrix element	11		sample thickness	1.000000		air passage	0.560000	cm	comments	in position		peaking_time	2.200000	m-sec	trigger_threshold	547.363281	V	mca_bin_width	22.090000	no:	number_mca_channels	1024.000000	no:	gap_time	0.150000	m-sec	trigger_peaking_time	0.200000	m-sec	GAINDAC	18610		HIGHGAIN	1		TAURC	1		RCTAU	1		RCTAUFRAC	1		livetime	9.495901	seconds	runtime	10.000493	seconds	input_count_rate	22276.980821	cps	output_count_rate	18565.085113	cps	triggers	211540	seconds	events_in_run	185660	seconds	channel	content		1	0
2	0
3	0
4	0
5	0
6	0
7	0
8	0
9	0
10	0
11	0
12	0
13	0
14	0
15	0
16	0
17	0
18	0
19	0
20	0
21	0
22	0
23	0
24	0
25	0
26	0
27	0
28	0
29	0
30	0
31	13
32	9
33	10
34	10
35	12
36	14
37	9
38	7
39	13
40	12
41	19
42	13
43	11
44	11
45	13
46	10
47	9
48	11
49	13
50	21
51	12
52	7
53	14
54	10
55	8
56	6
57	12
58	14
59	7
60	17
61	8
62	6
63	12
64	9
65	8
66	8
67	7
68	9
69	1
70	8
71	7
72	7
73	10
74	8
75	4
76	7
77	14
78	7
79	7
80	6
81	13
82	10
83	12
84	4
85	7
86	10
87	13
88	7
89	3
90	4
91	5
92	9
93	7
94	13
95	13
96	15
97	20
98	10
99	14
100	11
101	6
102	8
103	3
104	8
105	10
106	13
107	8
108	7
109	9
110	7
111	9
112	7
113	9
114	6
115	10
116	6
117	5
118	6
119	2
120	5
121	7
122	8
123	6
124	1
125	4
126	7
127	6
128	6
129	4
130	3
131	3
132	7
133	8
134	3
135	3
136	6
137	1
138	1
139	5
140	4
141	3
142	4
143	4
144	3
145	2
146	4
147	3
148	3
149	4
150	1
151	6
152	8
153	5
154	3
155	6
156	5
157	8
158	10
159	11
160	19
161	23
162	41
163	28
164	25
165	34
166	17
167	16
168	15
169	2
170	7
171	2
172	3
173	9
174	5
175	5
176	5
177	8
178	12
179	14
180	18
181	38
182	26
183	25
184	31
185	19
186	14
187	9
188	10
189	3
190	6
191	5
192	2
193	7
194	10
195	32
196	47
197	63
198	141
199	256
200	321
201	439
202	545
203	553
204	548
205	441
206	316
207	230
208	123
209	81
210	43
211	19
212	16
213	12
214	17
215	19
216	35
217	44
218	76
219	82
220	93
221	105
222	104
223	84
224	63
225	35
226	20
227	20
228	13
229	8
230	3
231	8
232	3
233	2
234	1
235	3
236	7
237	7
238	4
239	9
240	16
241	23
242	72
243	107
244	129
245	202
246	266
247	324
248	289
249	256
250	240
251	189
252	131
253	101
254	43
255	42
256	50
257	26
258	29
259	18
260	23
261	20
262	5
263	17
264	21
265	17
266	24
267	48
268	44
269	63
270	72
271	76
272	71
273	59
274	71
275	40
276	26
277	21
278	17
279	8
280	13
281	10
282	7
283	11
284	2
285	13
286	11
287	15
288	11
289	13
290	11
291	16
292	17
293	19
294	20
295	14
296	14
297	15
298	17
299	20
300	24
301	16
302	17
303	7
304	17
305	13
306	10
307	22
308	11
309	10
310	13
311	15
312	12
313	20
314	19
315	19
316	25
317	25
318	42
319	59
320	86
321	102
322	101
323	114
324	106
325	112
326	108
327	83
328	64
329	35
330	45
331	21
332	28
333	27
334	34
335	38
336	37
337	46
338	44
339	65
340	115
341	216
342	391
343	673
344	1211
345	1991
346	3069
347	4495
348	5939
349	7097
350	7914
351	8327
352	7856
353	6992
354	5632
355	4313
356	2990
357	1795
358	1076
359	650
360	310
361	183
362	101
363	54
364	43
365	48
366	44
367	44
368	33
369	31
370	36
371	42
372	54
373	57
374	48
375	76
376	59
377	113
378	129
379	225
380	277
381	443
382	668
383	846
384	1097
385	1221
386	1359
387	1426
388	1250
389	1193
390	914
391	687
392	504
393	334
394	205
395	132
396	74
397	42
398	36
399	33
400	21
401	24
402	29
403	26
404	23
405	33
406	27
407	27
408	36
409	35
410	38
411	29
412	33
413	25
414	42
415	22
416	36
417	34
418	30
419	24
420	26
421	36
422	20
423	23
424	31
425	27
426	29
427	30
428	29
429	18
430	29
431	34
432	33
433	42
434	42
435	29
436	49
437	47
438	51
439	69
440	55
441	47
442	67
443	49
444	61
445	61
446	48
447	59
448	59
449	45
450	56
451	52
452	65
453	50
454	54
455	57
456	64
457	75
458	70
459	71
460	69
461	73
462	60
463	72
464	53
465	45
466	51
467	54
468	55
469	54
470	63
471	63
472	53
473	55
474	58
475	73
476	61
477	48
478	40
479	49
480	42
481	45
482	46
483	53
484	45
485	46
486	60
487	52
488	45
489	55
490	46
491	55
492	45
493	56
494	44
495	51
496	45
497	44
498	66
499	63
500	53
501	63
502	50
503	64
504	62
505	63
506	78
507	60
508	66
509	62
510	70
511	69
512	74
513	55
514	67
515	65
516	58
517	44
518	65
519	54
520	79
521	74
522	76
523	69
524	96
525	73
526	79
527	77
528	70
529	78
530	107
531	70
532	71
533	78
534	81
535	83
536	87
537	62
538	73
539	79
540	70
541	66
542	63
543	68
544	64
545	78
546	73
547	69
548	73
549	68
550	63
551	76
552	61
553	52
554	61
555	66
556	66
557	59
558	69
559	68
560	52
561	69
562	62
563	58
564	54
565	59
566	52
567	89
568	78
569	55
570	63
571	70
572	63
573	63
574	74
575	62
576	81
577	68
578	85
579	58
580	86
581	69
582	67
583	80
584	70
585	76
586	69
587	78
588	88
589	76
590	72
591	78
592	81
593	73
594	86
595	84
596	64
597	78
598	83
599	94
600	92
601	79
602	92
603	74
604	78
605	90
606	91
607	70
608	89
609	72
610	81
611	81
612	90
613	72
614	70
615	84
616	73
617	89
618	91
619	93
620	90
621	68
622	70
623	75
624	54
625	80
626	83
627	77
628	83
629	87
630	92
631	73
632	81
633	77
634	96
635	89
636	73
637	101
638	66
639	97
640	85
641	88
642	85
643	93
644	84
645	78
646	76
647	101
648	94
649	82
650	93
651	66
652	96
653	79
654	88
655	83
656	78
657	98
658	83
659	95
660	85
661	75
662	82
663	105
664	91
665	108
666	83
667	80
668	108
669	78
670	89
671	88
672	89
673	80
674	103
675	103
676	94
677	101
678	114
679	84
680	92
681	103
682	108
683	95
684	102
685	106
686	96
687	99
688	87
689	94
690	99
691	83
692	101
693	102
694	101
695	105
696	112
697	107
698	116
699	88
700	108
701	113
702	120
703	100
704	106
705	100
706	84
707	112
708	106
709	87
710	115
711	103
712	100
713	99
714	98
715	105
716	105
717	102
718	109
719	103
720	102
721	119
722	112
723	117
724	104
725	100
726	115
727	109
728	110
729	100
730	86
731	114
732	116
733	83
734	106
735	81
736	106
737	77
738	99
739	94
740	109
741	99
742	102
743	101
744	130
745	97
746	103
747	113
748	99
749	93
750	103
751	108
752	111
753	94
754	95
755	91
756	105
757	118
758	123
759	133
760	111
761	116
762	116
763	120
764	144
765	170
766	184
767	168
768	202
769	217
770	235
771	237
772	276
773	264
774	272
775	254
776	255
777	228
778	226
779	172
780	203
781	158
782	137
783	121
784	149
785	108
786	127
787	111
788	117
789	103
790	122
791	119
792	102
793	105
794	103
795	109
796	108
797	107
798	111
799	108
800	108
801	108
802	118
803	130
804	112
805	95
806	109
807	128
808	107
809	127
810	131
811	132
812	133
813	129
814	121
815	130
816	125
817	120
818	118
819	119
820	117
821	103
822	143
823	120
824	106
825	129
826	121
827	96
828	116
829	113
830	105
831	111
832	116
833	117
834	135
835	113
836	124
837	113
838	133
839	111
840	143
841	116
842	123
843	129
844	134
845	106
846	120
847	122
848	135
849	127
850	126
851	112
852	136
853	142
854	139
855	159
856	165
857	162
858	157
859	191
860	175
861	175
862	201
863	195
864	166
865	210
866	192
867	202
868	206
869	197
870	195
871	163
872	188
873	157
874	192
875	200
876	198
877	217
878	221
879	236
880	240
881	229
882	241
883	255
884	242
885	279
886	284
887	299
888	290
889	300
890	334
891	311
892	379
893	344
894	409
895	377
896	462
897	417
898	448
899	406
900	404
901	450
902	452
903	438
904	396
905	399
906	389
907	403
908	373
909	377
910	362
911	347
912	315
913	333
914	296
915	306
916	226
917	244
918	265
919	182
920	237
921	249
922	180
923	211
924	195
925	167
926	158
927	157
928	166
929	150
930	159
931	125
932	139
933	128
934	153
935	128
936	142
937	145
938	130
939	174
940	139
941	171
942	184
943	168
944	185
945	216
946	252
947	249
948	255
949	305
950	331
951	325
952	375
953	413
954	371
955	386
956	355
957	326
958	299
959	297
960	250
961	227
962	184
963	172
964	151
965	141
966	128
967	117
968	117
969	111
970	98
971	99
972	98
973	108
974	102
975	103
976	99
977	101
978	95
979	119
980	107
981	108
982	102
983	106
984	98
985	99
986	101
987	117
988	106
989	109
990	91
991	109
992	133
993	114
994	103
995	123
996	136
997	117
998	141
999	120
1000	155
1001	163
1002	136
1003	147
1004	130
1005	131
1006	125
1007	112
1008	139
1009	128
1010	162
1011	123
1012	123
1013	115
1014	113
1015	120
1016	95
1017	135
1018	120
1019	96
1020	113
1021	103
1022	113
1023	101
1024	101
