Date:	08/05/2018		Time:	20:05		Version no:	0.00		Project name:	55		Sample name:	222		Section name:	section		Position	217.715027	mm	E0	0.000000	keV	E1	1.000000	keV/channel	sample surface	5.911942	cm	Tube anode:	Mo		Tube voltage:	30	kV	Tube current:	50	mA	gain	10		std. database			resultfile	result		matrix element	11		sample thickness	1.000000		air passage	0.560000	cm	comments	in position		peaking_time	2.200000	m-sec	trigger_threshold	547.363281	V	mca_bin_width	22.090000	no:	number_mca_channels	1024.000000	no:	gap_time	0.150000	m-sec	trigger_peaking_time	0.200000	m-sec	GAINDAC	18610		HIGHGAIN	1		TAURC	1		RCTAU	1		RCTAUFRAC	1		livetime	9.438630	seconds	runtime	10.000486	seconds	input_count_rate	23488.153535	cps	output_count_rate	19291.161678	cps	triggers	221696	seconds	events_in_run	192921	seconds	channel	content		1	0
2	0
3	0
4	0
5	0
6	0
7	0
8	0
9	0
10	0
11	0
12	0
13	0
14	0
15	0
16	0
17	0
18	0
19	0
20	0
21	0
22	0
23	0
24	0
25	0
26	0
27	0
28	0
29	0
30	0
31	11
32	16
33	11
34	11
35	16
36	10
37	19
38	11
39	23
40	19
41	19
42	12
43	9
44	10
45	15
46	24
47	16
48	14
49	14
50	11
51	13
52	10
53	18
54	15
55	15
56	18
57	8
58	10
59	6
60	12
61	9
62	7
63	15
64	15
65	7
66	6
67	13
68	14
69	6
70	10
71	5
72	9
73	8
74	4
75	8
76	5
77	9
78	8
79	8
80	9
81	11
82	11
83	10
84	9
85	9
86	11
87	2
88	3
89	4
90	4
91	6
92	3
93	13
94	7
95	9
96	14
97	22
98	12
99	9
100	9
101	9
102	9
103	6
104	8
105	12
106	5
107	9
108	12
109	9
110	6
111	7
112	5
113	4
114	4
115	5
116	3
117	10
118	6
119	4
120	6
121	4
122	5
123	4
124	2
125	5
126	4
127	4
128	4
129	7
130	1
131	4
132	10
133	6
134	4
135	3
136	4
137	1
138	1
139	7
140	5
141	3
142	4
143	2
144	2
145	1
146	0
147	3
148	4
149	3
150	8
151	7
152	5
153	4
154	3
155	6
156	4
157	8
158	10
159	10
160	21
161	20
162	31
163	27
164	17
165	23
166	23
167	6
168	6
169	3
170	6
171	2
172	5
173	4
174	6
175	9
176	9
177	6
178	16
179	10
180	17
181	18
182	14
183	10
184	16
185	16
186	7
187	7
188	6
189	3
190	7
191	7
192	2
193	2
194	6
195	18
196	16
197	47
198	82
199	135
200	227
201	248
202	302
203	309
204	285
205	235
206	213
207	125
208	75
209	41
210	24
211	17
212	6
213	7
214	10
215	11
216	21
217	20
218	37
219	52
220	63
221	53
222	45
223	47
224	33
225	22
226	17
227	10
228	2
229	4
230	6
231	6
232	2
233	3
234	3
235	5
236	7
237	5
238	5
239	4
240	17
241	16
242	46
243	70
244	123
245	176
246	175
247	212
248	209
249	208
250	167
251	143
252	90
253	67
254	49
255	44
256	41
257	30
258	21
259	24
260	23
261	9
262	12
263	12
264	11
265	21
266	22
267	31
268	34
269	52
270	37
271	59
272	53
273	35
274	34
275	33
276	21
277	19
278	12
279	10
280	6
281	5
282	14
283	9
284	6
285	12
286	15
287	13
288	10
289	11
290	13
291	11
292	12
293	14
294	19
295	22
296	24
297	30
298	19
299	17
300	13
301	19
302	12
303	18
304	12
305	15
306	12
307	10
308	16
309	10
310	11
311	16
312	12
313	17
314	16
315	26
316	26
317	39
318	62
319	112
320	137
321	163
322	177
323	221
324	207
325	175
326	138
327	117
328	81
329	85
330	51
331	33
332	21
333	31
334	32
335	25
336	31
337	31
338	40
339	81
340	90
341	201
342	341
343	640
344	1051
345	1767
346	2696
347	3873
348	5078
349	6275
350	7086
351	7265
352	6891
353	6029
354	4974
355	3635
356	2541
357	1690
358	1002
359	617
360	313
361	179
362	103
363	64
364	33
365	28
366	29
367	52
368	36
369	38
370	41
371	46
372	48
373	41
374	52
375	57
376	70
377	104
378	149
379	180
380	257
381	394
382	564
383	747
384	981
385	1043
386	1156
387	1269
388	1120
389	1029
390	871
391	608
392	464
393	294
394	199
395	113
396	67
397	43
398	48
399	22
400	29
401	27
402	26
403	28
404	27
405	40
406	38
407	31
408	27
409	32
410	29
411	27
412	38
413	45
414	33
415	23
416	34
417	30
418	45
419	30
420	35
421	34
422	34
423	20
424	23
425	28
426	33
427	34
428	32
429	40
430	35
431	38
432	36
433	43
434	55
435	45
436	52
437	51
438	67
439	51
440	75
441	67
442	75
443	79
444	54
445	72
446	69
447	54
448	61
449	69
450	58
451	74
452	53
453	52
454	64
455	69
456	61
457	50
458	78
459	62
460	79
461	71
462	70
463	80
464	69
465	53
466	58
467	46
468	54
469	69
470	55
471	66
472	78
473	67
474	58
475	68
476	69
477	49
478	52
479	50
480	42
481	45
482	48
483	46
484	55
485	40
486	43
487	47
488	37
489	73
490	34
491	52
492	66
493	61
494	44
495	65
496	41
497	59
498	61
499	68
500	59
501	59
502	59
503	77
504	71
505	80
506	70
507	78
508	74
509	79
510	65
511	70
512	69
513	78
514	87
515	79
516	62
517	78
518	76
519	70
520	78
521	80
522	81
523	73
524	87
525	95
526	81
527	103
528	106
529	86
530	96
531	95
532	90
533	94
534	112
535	68
536	92
537	67
538	87
539	82
540	72
541	77
542	73
543	67
544	71
545	64
546	73
547	86
548	82
549	86
550	73
551	84
552	63
553	71
554	64
555	62
556	75
557	87
558	63
559	77
560	79
561	62
562	73
563	75
564	68
565	62
566	69
567	69
568	77
569	80
570	90
571	88
572	98
573	63
574	87
575	77
576	96
577	81
578	76
579	81
580	93
581	78
582	81
583	84
584	78
585	81
586	83
587	70
588	103
589	95
590	90
591	83
592	74
593	103
594	79
595	93
596	102
597	98
598	100
599	88
600	88
601	77
602	85
603	107
604	97
605	96
606	102
607	104
608	83
609	94
610	99
611	90
612	93
613	98
614	109
615	89
616	104
617	101
618	96
619	93
620	105
621	107
622	101
623	96
624	90
625	99
626	95
627	100
628	93
629	91
630	103
631	107
632	97
633	86
634	96
635	100
636	98
637	109
638	99
639	111
640	105
641	100
642	111
643	110
644	114
645	104
646	111
647	113
648	120
649	117
650	111
651	97
652	107
653	95
654	98
655	101
656	114
657	95
658	110
659	92
660	86
661	104
662	118
663	119
664	105
665	108
666	98
667	108
668	109
669	125
670	111
671	91
672	111
673	107
674	109
675	107
676	121
677	121
678	108
679	129
680	102
681	102
682	126
683	106
684	104
685	120
686	99
687	120
688	129
689	124
690	118
691	126
692	133
693	120
694	117
695	109
696	124
697	134
698	97
699	113
700	123
701	122
702	117
703	131
704	126
705	134
706	124
707	117
708	128
709	124
710	126
711	129
712	112
713	109
714	112
715	113
716	111
717	120
718	125
719	128
720	128
721	132
722	120
723	142
724	138
725	151
726	126
727	125
728	126
729	129
730	128
731	131
732	133
733	140
734	161
735	136
736	137
737	125
738	126
739	126
740	136
741	131
742	134
743	133
744	140
745	127
746	127
747	122
748	129
749	139
750	125
751	146
752	133
753	132
754	164
755	118
756	131
757	136
758	115
759	142
760	136
761	130
762	142
763	148
764	179
765	176
766	211
767	210
768	208
769	227
770	230
771	264
772	278
773	293
774	318
775	279
776	263
777	247
778	251
779	233
780	210
781	182
782	159
783	138
784	165
785	151
786	140
787	140
788	131
789	144
790	132
791	127
792	145
793	130
794	153
795	135
796	133
797	147
798	116
799	146
800	124
801	139
802	145
803	131
804	121
805	148
806	152
807	154
808	151
809	133
810	145
811	136
812	140
813	155
814	144
815	139
816	149
817	151
818	169
819	164
820	139
821	153
822	135
823	144
824	149
825	151
826	139
827	133
828	161
829	146
830	148
831	155
832	167
833	140
834	152
835	135
836	165
837	147
838	147
839	165
840	155
841	164
842	140
843	149
844	178
845	144
846	148
847	176
848	180
849	157
850	161
851	165
852	181
853	162
854	169
855	181
856	180
857	180
858	212
859	218
860	185
861	205
862	219
863	226
864	213
865	218
866	225
867	211
868	248
869	206
870	235
871	221
872	205
873	231
874	233
875	244
876	257
877	212
878	250
879	266
880	283
881	278
882	306
883	302
884	340
885	357
886	384
887	394
888	382
889	462
890	457
891	432
892	526
893	526
894	556
895	531
896	573
897	586
898	617
899	581
900	584
901	609
902	552
903	611
904	548
905	540
906	579
907	539
908	565
909	467
910	472
911	461
912	459
913	426
914	395
915	387
916	380
917	376
918	308
919	318
920	292
921	299
922	262
923	251
924	215
925	242
926	192
927	190
928	209
929	181
930	208
931	187
932	201
933	162
934	164
935	160
936	149
937	151
938	184
939	166
940	189
941	185
942	205
943	220
944	219
945	242
946	279
947	293
948	318
949	393
950	383
951	374
952	396
953	438
954	428
955	409
956	393
957	409
958	400
959	338
960	334
961	269
962	258
963	217
964	216
965	165
966	159
967	151
968	146
969	133
970	146
971	140
972	137
973	129
974	144
975	128
976	138
977	157
978	117
979	152
980	138
981	123
982	123
983	134
984	125
985	143
986	150
987	129
988	152
989	136
990	157
991	154
992	162
993	172
994	145
995	171
996	158
997	186
998	167
999	183
1000	197
1001	187
1002	185
1003	179
1004	173
1005	168
1006	199
1007	184
1008	176
1009	182
1010	165
1011	178
1012	171
1013	162
1014	164
1015	159
1016	168
1017	154
1018	144
1019	127
1020	156
1021	127
1022	96
1023	109
1024	121
