Date:	08/05/2018		Time:	19:30		Version no:	0.00		Project name:	55		Sample name:	222		Section name:	section		Position	180.515030	mm	E0	0.000000	keV	E1	1.000000	keV/channel	sample surface	5.874254	cm	Tube anode:	Mo		Tube voltage:	30	kV	Tube current:	50	mA	gain	10		std. database			resultfile	result		matrix element	11		sample thickness	1.000000		air passage	0.560000	cm	comments	in position		peaking_time	2.200000	m-sec	trigger_threshold	547.363281	V	mca_bin_width	22.090000	no:	number_mca_channels	1024.000000	no:	gap_time	0.150000	m-sec	trigger_peaking_time	0.200000	m-sec	GAINDAC	18610		HIGHGAIN	1		TAURC	1		RCTAU	1		RCTAUFRAC	1		livetime	9.491827	seconds	runtime	10.000489	seconds	input_count_rate	20755.750800	cps	output_count_rate	17363.451275	cps	triggers	197010	seconds	events_in_run	173643	seconds	channel	content		1	0
2	0
3	0
4	0
5	0
6	0
7	0
8	0
9	0
10	0
11	0
12	0
13	0
14	0
15	0
16	0
17	0
18	0
19	0
20	0
21	0
22	0
23	0
24	0
25	0
26	0
27	0
28	0
29	0
30	0
31	8
32	10
33	20
34	11
35	14
36	13
37	15
38	16
39	10
40	16
41	10
42	17
43	14
44	18
45	18
46	10
47	16
48	16
49	14
50	8
51	18
52	15
53	7
54	12
55	9
56	14
57	15
58	9
59	11
60	8
61	8
62	10
63	10
64	10
65	12
66	9
67	8
68	7
69	6
70	8
71	8
72	10
73	8
74	6
75	3
76	11
77	8
78	5
79	7
80	7
81	15
82	15
83	7
84	11
85	10
86	9
87	12
88	5
89	2
90	4
91	9
92	12
93	7
94	7
95	17
96	16
97	17
98	13
99	17
100	20
101	10
102	8
103	9
104	10
105	8
106	14
107	9
108	8
109	10
110	9
111	5
112	6
113	4
114	3
115	4
116	4
117	6
118	1
119	6
120	2
121	4
122	3
123	7
124	5
125	2
126	6
127	3
128	3
129	3
130	4
131	3
132	5
133	3
134	3
135	6
136	4
137	4
138	3
139	4
140	3
141	3
142	5
143	0
144	4
145	8
146	2
147	1
148	1
149	3
150	3
151	1
152	8
153	5
154	2
155	5
156	3
157	4
158	7
159	12
160	22
161	35
162	18
163	37
164	28
165	22
166	13
167	12
168	8
169	9
170	8
171	6
172	1
173	5
174	3
175	7
176	13
177	13
178	19
179	13
180	16
181	23
182	20
183	21
184	19
185	16
186	10
187	6
188	9
189	4
190	3
191	4
192	3
193	7
194	10
195	9
196	21
197	63
198	83
199	149
200	210
201	260
202	295
203	356
204	332
205	251
206	214
207	137
208	77
209	42
210	23
211	11
212	8
213	9
214	11
215	10
216	28
217	21
218	40
219	59
220	57
221	69
222	45
223	33
224	36
225	30
226	17
227	6
228	9
229	7
230	2
231	3
232	5
233	6
234	5
235	11
236	2
237	7
238	2
239	9
240	16
241	16
242	23
243	46
244	54
245	111
246	113
247	135
248	141
249	127
250	137
251	87
252	53
253	40
254	35
255	38
256	34
257	26
258	23
259	14
260	11
261	11
262	12
263	8
264	7
265	15
266	19
267	25
268	34
269	41
270	40
271	33
272	31
273	28
274	28
275	20
276	16
277	8
278	14
279	12
280	6
281	14
282	9
283	9
284	7
285	7
286	5
287	8
288	6
289	17
290	10
291	10
292	12
293	10
294	15
295	15
296	11
297	16
298	11
299	12
300	20
301	9
302	11
303	10
304	12
305	7
306	10
307	13
308	12
309	17
310	9
311	15
312	12
313	7
314	17
315	17
316	27
317	36
318	53
319	75
320	84
321	127
322	127
323	164
324	164
325	141
326	129
327	92
328	52
329	47
330	35
331	38
332	31
333	29
334	29
335	32
336	26
337	28
338	38
339	56
340	76
341	136
342	242
343	482
344	913
345	1485
346	2256
347	3275
348	4217
349	5130
350	5835
351	6109
352	5840
353	4949
354	3992
355	3083
356	2127
357	1380
358	795
359	470
360	272
361	155
362	81
363	45
364	32
365	33
366	28
367	30
368	37
369	28
370	39
371	44
372	34
373	49
374	62
375	65
376	79
377	82
378	118
379	182
380	249
381	355
382	486
383	622
384	764
385	961
386	974
387	1024
388	937
389	840
390	630
391	536
392	395
393	269
394	144
395	93
396	46
397	43
398	26
399	21
400	25
401	27
402	25
403	25
404	27
405	31
406	25
407	29
408	35
409	41
410	34
411	36
412	29
413	23
414	29
415	32
416	25
417	27
418	20
419	30
420	35
421	30
422	18
423	24
424	28
425	19
426	26
427	37
428	33
429	28
430	29
431	31
432	42
433	45
434	44
435	45
436	37
437	38
438	46
439	65
440	53
441	62
442	54
443	57
444	57
445	64
446	63
447	52
448	62
449	45
450	54
451	46
452	48
453	55
454	49
455	57
456	64
457	61
458	52
459	79
460	93
461	69
462	71
463	80
464	46
465	61
466	45
467	59
468	43
469	49
470	50
471	48
472	53
473	60
474	54
475	45
476	63
477	53
478	50
479	54
480	60
481	36
482	45
483	56
484	45
485	49
486	65
487	52
488	63
489	50
490	34
491	47
492	73
493	53
494	46
495	58
496	56
497	51
498	52
499	49
500	50
501	66
502	63
503	53
504	67
505	75
506	62
507	56
508	65
509	63
510	75
511	72
512	66
513	80
514	76
515	67
516	68
517	75
518	66
519	83
520	75
521	81
522	72
523	71
524	98
525	84
526	74
527	86
528	94
529	80
530	92
531	106
532	82
533	92
534	81
535	80
536	76
537	76
538	63
539	71
540	74
541	78
542	91
543	74
544	82
545	66
546	80
547	82
548	65
549	70
550	80
551	62
552	66
553	66
554	65
555	77
556	58
557	71
558	68
559	68
560	65
561	68
562	65
563	69
564	91
565	83
566	57
567	70
568	64
569	69
570	71
571	81
572	65
573	84
574	59
575	72
576	78
577	69
578	76
579	85
580	90
581	60
582	87
583	93
584	67
585	71
586	89
587	75
588	65
589	86
590	78
591	94
592	82
593	94
594	87
595	95
596	79
597	79
598	90
599	88
600	94
601	87
602	96
603	82
604	99
605	98
606	91
607	89
608	91
609	85
610	92
611	75
612	97
613	98
614	97
615	97
616	77
617	94
618	110
619	99
620	100
621	98
622	101
623	78
624	105
625	102
626	76
627	85
628	86
629	99
630	96
631	85
632	88
633	85
634	102
635	85
636	95
637	92
638	103
639	94
640	98
641	78
642	102
643	95
644	103
645	100
646	95
647	99
648	92
649	108
650	103
651	97
652	104
653	97
654	93
655	101
656	98
657	108
658	92
659	105
660	97
661	98
662	116
663	113
664	112
665	91
666	83
667	115
668	106
669	113
670	108
671	113
672	105
673	114
674	103
675	126
676	107
677	98
678	106
679	109
680	113
681	113
682	126
683	95
684	103
685	134
686	115
687	122
688	102
689	139
690	112
691	121
692	126
693	126
694	110
695	103
696	105
697	143
698	114
699	112
700	117
701	110
702	129
703	117
704	94
705	105
706	114
707	120
708	109
709	111
710	122
711	119
712	139
713	118
714	109
715	114
716	118
717	125
718	104
719	99
720	115
721	110
722	113
723	115
724	118
725	123
726	106
727	137
728	124
729	126
730	128
731	112
732	130
733	128
734	116
735	136
736	132
737	122
738	129
739	137
740	119
741	123
742	129
743	114
744	114
745	118
746	132
747	153
748	119
749	123
750	118
751	124
752	137
753	129
754	110
755	119
756	125
757	131
758	133
759	143
760	124
761	139
762	135
763	150
764	167
765	166
766	166
767	203
768	229
769	263
770	281
771	311
772	295
773	308
774	309
775	333
776	316
777	276
778	237
779	235
780	236
781	177
782	186
783	163
784	140
785	144
786	143
787	152
788	141
789	136
790	126
791	147
792	161
793	135
794	111
795	140
796	125
797	138
798	128
799	120
800	150
801	145
802	109
803	134
804	132
805	144
806	109
807	137
808	148
809	133
810	149
811	138
812	147
813	125
814	136
815	135
816	125
817	150
818	131
819	151
820	140
821	128
822	146
823	153
824	146
825	140
826	137
827	151
828	149
829	155
830	144
831	150
832	142
833	135
834	142
835	165
836	118
837	138
838	137
839	132
840	166
841	165
842	143
843	149
844	167
845	137
846	138
847	154
848	140
849	131
850	139
851	168
852	142
853	173
854	175
855	184
856	168
857	172
858	153
859	216
860	169
861	198
862	210
863	218
864	202
865	212
866	225
867	231
868	207
869	228
870	187
871	235
872	216
873	213
874	221
875	189
876	230
877	220
878	263
879	263
880	247
881	284
882	269
883	331
884	327
885	327
886	349
887	357
888	357
889	388
890	401
891	458
892	454
893	503
894	509
895	536
896	556
897	539
898	576
899	509
900	547
901	551
902	548
903	505
904	534
905	518
906	509
907	511
908	466
909	475
910	441
911	400
912	438
913	393
914	365
915	344
916	299
917	361
918	291
919	255
920	264
921	257
922	234
923	210
924	216
925	216
926	240
927	191
928	207
929	195
930	194
931	189
932	155
933	162
934	166
935	154
936	162
937	179
938	166
939	167
940	165
941	166
942	218
943	176
944	194
945	265
946	238
947	298
948	294
949	343
950	384
951	436
952	398
953	413
954	436
955	416
956	411
957	399
958	333
959	340
960	301
961	266
962	215
963	220
964	185
965	149
966	139
967	156
968	143
969	118
970	125
971	136
972	124
973	115
974	123
975	105
976	139
977	122
978	124
979	116
980	134
981	125
982	131
983	125
984	154
985	132
986	122
987	137
988	138
989	137
990	138
991	156
992	154
993	142
994	143
995	186
996	147
997	147
998	166
999	158
1000	165
1001	162
1002	174
1003	204
1004	192
1005	144
1006	164
1007	200
1008	148
1009	190
1010	156
1011	141
1012	170
1013	163
1014	162
1015	164
1016	156
1017	147
1018	135
1019	123
1020	145
1021	136
1022	134
1023	122
1024	100
