Date:	08/05/2018		Time:	18:03		Version no:	0.00		Project name:	55		Sample name:	222		Section name:	section		Position	88.915031	mm	E0	0.000000	keV	E1	1.000000	keV/channel	sample surface	5.967119	cm	Tube anode:	Mo		Tube voltage:	30	kV	Tube current:	50	mA	gain	10		std. database			resultfile	result		matrix element	11		sample thickness	1.000000		air passage	0.560000	cm	comments	in position		peaking_time	2.200000	m-sec	trigger_threshold	547.363281	V	mca_bin_width	22.090000	no:	number_mca_channels	1024.000000	no:	gap_time	0.150000	m-sec	trigger_peaking_time	0.200000	m-sec	GAINDAC	18610		HIGHGAIN	1		TAURC	1		RCTAU	1		RCTAUFRAC	1		livetime	9.463281	seconds	runtime	10.000495	seconds	input_count_rate	23260.432048	cps	output_count_rate	19221.548149	cps	triggers	220120	seconds	events_in_run	192225	seconds	channel	content		1	0
2	0
3	0
4	0
5	0
6	0
7	0
8	0
9	0
10	0
11	0
12	0
13	0
14	0
15	0
16	0
17	0
18	0
19	0
20	0
21	0
22	0
23	0
24	0
25	0
26	0
27	0
28	0
29	0
30	0
31	11
32	17
33	16
34	13
35	13
36	8
37	12
38	14
39	10
40	10
41	15
42	11
43	23
44	13
45	18
46	14
47	13
48	10
49	15
50	14
51	16
52	13
53	9
54	10
55	12
56	10
57	12
58	10
59	11
60	17
61	13
62	11
63	11
64	10
65	11
66	5
67	9
68	6
69	7
70	11
71	8
72	4
73	4
74	5
75	5
76	8
77	9
78	6
79	7
80	11
81	8
82	8
83	13
84	8
85	10
86	11
87	4
88	9
89	5
90	2
91	4
92	7
93	5
94	12
95	9
96	16
97	13
98	17
99	16
100	8
101	4
102	9
103	7
104	10
105	10
106	16
107	7
108	13
109	12
110	8
111	4
112	4
113	5
114	8
115	3
116	1
117	4
118	2
119	3
120	1
121	2
122	5
123	3
124	5
125	4
126	6
127	8
128	4
129	6
130	4
131	5
132	3
133	2
134	5
135	4
136	2
137	2
138	5
139	2
140	2
141	2
142	4
143	4
144	2
145	2
146	5
147	1
148	7
149	6
150	4
151	2
152	7
153	2
154	7
155	2
156	5
157	6
158	5
159	16
160	20
161	22
162	24
163	34
164	30
165	16
166	13
167	11
168	9
169	4
170	5
171	1
172	4
173	3
174	6
175	6
176	10
177	6
178	20
179	11
180	24
181	19
182	19
183	28
184	14
185	16
186	18
187	13
188	5
189	4
190	5
191	2
192	4
193	8
194	15
195	18
196	42
197	65
198	106
199	180
200	281
201	387
202	436
203	471
204	436
205	339
206	254
207	178
208	122
209	56
210	27
211	15
212	10
213	11
214	4
215	18
216	32
217	44
218	62
219	72
220	92
221	100
222	93
223	61
224	65
225	31
226	10
227	10
228	8
229	11
230	7
231	2
232	4
233	9
234	7
235	1
236	5
237	3
238	6
239	13
240	20
241	26
242	47
243	85
244	138
245	184
246	230
247	240
248	284
249	248
250	189
251	151
252	115
253	82
254	62
255	50
256	38
257	38
258	22
259	20
260	29
261	15
262	16
263	11
264	15
265	31
266	27
267	37
268	43
269	37
270	61
271	53
272	47
273	55
274	53
275	25
276	22
277	12
278	11
279	11
280	7
281	10
282	3
283	12
284	10
285	8
286	9
287	11
288	18
289	14
290	16
291	14
292	11
293	26
294	19
295	18
296	12
297	21
298	12
299	12
300	14
301	13
302	14
303	11
304	12
305	16
306	10
307	8
308	12
309	4
310	9
311	12
312	11
313	13
314	13
315	14
316	32
317	32
318	54
319	55
320	89
321	119
322	135
323	133
324	141
325	117
326	100
327	100
328	66
329	44
330	33
331	34
332	24
333	27
334	31
335	23
336	31
337	43
338	49
339	65
340	97
341	210
342	366
343	689
344	1247
345	1941
346	3171
347	4425
348	5714
349	7192
350	8019
351	8087
352	7755
353	6904
354	5559
355	4034
356	2808
357	1892
358	1038
359	585
360	308
361	156
362	106
363	58
364	49
365	49
366	45
367	28
368	50
369	40
370	48
371	35
372	56
373	44
374	69
375	77
376	74
377	107
378	159
379	217
380	322
381	468
382	634
383	830
384	1044
385	1281
386	1395
387	1440
388	1287
389	1202
390	945
391	643
392	463
393	309
394	197
395	118
396	61
397	41
398	26
399	26
400	17
401	25
402	17
403	23
404	28
405	28
406	26
407	27
408	45
409	34
410	18
411	27
412	32
413	35
414	33
415	25
416	26
417	24
418	27
419	25
420	38
421	27
422	27
423	29
424	37
425	26
426	31
427	21
428	24
429	40
430	32
431	28
432	44
433	30
434	31
435	39
436	50
437	44
438	42
439	45
440	51
441	53
442	56
443	72
444	54
445	75
446	57
447	50
448	55
449	49
450	48
451	38
452	60
453	67
454	75
455	60
456	72
457	74
458	73
459	79
460	73
461	87
462	72
463	66
464	63
465	53
466	60
467	53
468	53
469	66
470	54
471	55
472	54
473	75
474	63
475	56
476	53
477	42
478	52
479	53
480	53
481	47
482	45
483	42
484	37
485	52
486	53
487	57
488	54
489	47
490	52
491	58
492	52
493	55
494	53
495	62
496	45
497	52
498	46
499	54
500	56
501	66
502	59
503	57
504	66
505	51
506	56
507	66
508	62
509	68
510	74
511	73
512	63
513	62
514	72
515	59
516	69
517	78
518	71
519	92
520	81
521	66
522	84
523	77
524	89
525	81
526	81
527	84
528	75
529	104
530	94
531	91
532	75
533	81
534	85
535	65
536	88
537	65
538	85
539	91
540	79
541	57
542	60
543	71
544	81
545	67
546	80
547	76
548	64
549	71
550	71
551	84
552	73
553	83
554	75
555	72
556	69
557	69
558	68
559	61
560	68
561	68
562	80
563	76
564	64
565	76
566	79
567	62
568	53
569	69
570	58
571	70
572	73
573	72
574	81
575	60
576	85
577	65
578	66
579	75
580	67
581	82
582	72
583	65
584	86
585	86
586	77
587	78
588	83
589	72
590	73
591	72
592	71
593	76
594	77
595	86
596	92
597	65
598	81
599	74
600	70
601	87
602	82
603	82
604	87
605	93
606	82
607	84
608	73
609	91
610	93
611	90
612	82
613	78
614	93
615	88
616	109
617	90
618	88
619	98
620	95
621	98
622	95
623	99
624	108
625	80
626	85
627	86
628	79
629	99
630	74
631	97
632	98
633	98
634	91
635	77
636	93
637	87
638	96
639	98
640	89
641	101
642	86
643	85
644	95
645	80
646	115
647	101
648	100
649	114
650	103
651	99
652	125
653	107
654	94
655	88
656	92
657	113
658	92
659	98
660	97
661	99
662	81
663	109
664	91
665	103
666	99
667	82
668	104
669	102
670	102
671	86
672	110
673	103
674	116
675	114
676	98
677	94
678	90
679	101
680	99
681	85
682	115
683	127
684	119
685	107
686	118
687	105
688	118
689	101
690	114
691	106
692	110
693	103
694	93
695	94
696	125
697	111
698	91
699	102
700	118
701	137
702	106
703	114
704	107
705	118
706	110
707	111
708	102
709	97
710	116
711	110
712	90
713	112
714	99
715	106
716	98
717	100
718	102
719	125
720	110
721	121
722	104
723	107
724	118
725	106
726	137
727	110
728	137
729	110
730	109
731	137
732	136
733	109
734	117
735	138
736	119
737	130
738	129
739	133
740	108
741	102
742	114
743	119
744	125
745	108
746	130
747	131
748	113
749	102
750	129
751	117
752	107
753	128
754	122
755	114
756	135
757	118
758	109
759	131
760	138
761	127
762	103
763	139
764	131
765	156
766	140
767	187
768	221
769	229
770	220
771	255
772	280
773	261
774	275
775	263
776	244
777	240
778	223
779	216
780	163
781	176
782	148
783	134
784	156
785	113
786	126
787	128
788	116
789	112
790	127
791	130
792	120
793	124
794	122
795	123
796	125
797	117
798	121
799	135
800	125
801	124
802	129
803	126
804	127
805	133
806	114
807	129
808	123
809	127
810	132
811	124
812	141
813	132
814	119
815	119
816	124
817	136
818	140
819	143
820	136
821	130
822	113
823	132
824	145
825	124
826	134
827	143
828	127
829	125
830	124
831	136
832	125
833	128
834	123
835	122
836	130
837	121
838	121
839	110
840	136
841	136
842	143
843	132
844	137
845	133
846	124
847	130
848	152
849	162
850	142
851	149
852	155
853	178
854	147
855	165
856	173
857	177
858	169
859	198
860	199
861	216
862	197
863	176
864	176
865	214
866	211
867	219
868	231
869	206
870	188
871	177
872	216
873	216
874	188
875	217
876	213
877	223
878	218
879	248
880	236
881	262
882	276
883	262
884	267
885	307
886	307
887	350
888	386
889	384
890	376
891	422
892	408
893	449
894	432
895	425
896	460
897	503
898	495
899	468
900	475
901	498
902	479
903	474
904	512
905	460
906	483
907	434
908	444
909	394
910	406
911	420
912	352
913	385
914	334
915	352
916	303
917	280
918	293
919	251
920	272
921	243
922	230
923	215
924	217
925	193
926	228
927	170
928	171
929	185
930	156
931	161
932	152
933	141
934	123
935	144
936	163
937	141
938	149
939	139
940	181
941	163
942	176
943	191
944	198
945	227
946	236
947	307
948	313
949	327
950	363
951	388
952	383
953	427
954	412
955	419
956	384
957	391
958	364
959	291
960	247
961	260
962	253
963	196
964	159
965	167
966	153
967	123
968	131
969	110
970	123
971	102
972	126
973	114
974	111
975	110
976	97
977	129
978	102
979	120
980	114
981	119
982	98
983	130
984	133
985	113
986	121
987	138
988	159
989	117
990	151
991	147
992	146
993	120
994	129
995	143
996	153
997	156
998	132
999	156
1000	154
1001	159
1002	140
1003	174
1004	168
1005	174
1006	157
1007	147
1008	133
1009	157
1010	141
1011	145
1012	130
1013	167
1014	135
1015	130
1016	143
1017	120
1018	134
1019	144
1020	144
1021	119
1022	97
1023	105
1024	105
