Date:	08/05/2018		Time:	20:11		Version no:	0.00		Project name:	55		Sample name:	222		Section name:	section		Position	223.915024	mm	E0	0.000000	keV	E1	1.000000	keV/channel	sample surface	5.937790	cm	Tube anode:	Mo		Tube voltage:	30	kV	Tube current:	50	mA	gain	10		std. database			resultfile	result		matrix element	11		sample thickness	1.000000		air passage	0.560000	cm	comments	in position		peaking_time	2.200000	m-sec	trigger_threshold	547.363281	V	mca_bin_width	22.090000	no:	number_mca_channels	1024.000000	no:	gap_time	0.150000	m-sec	trigger_peaking_time	0.200000	m-sec	GAINDAC	18610		HIGHGAIN	1		TAURC	1		RCTAU	1		RCTAUFRAC	1		livetime	9.468158	seconds	runtime	10.000488	seconds	input_count_rate	21948.618857	cps	output_count_rate	18206.311532	cps	triggers	207813	seconds	events_in_run	182072	seconds	channel	content		1	0
2	0
3	0
4	0
5	0
6	0
7	0
8	0
9	0
10	0
11	0
12	0
13	0
14	0
15	0
16	0
17	0
18	0
19	0
20	0
21	0
22	0
23	0
24	0
25	0
26	0
27	0
28	0
29	0
30	0
31	17
32	20
33	14
34	10
35	16
36	20
37	20
38	10
39	15
40	14
41	17
42	8
43	11
44	12
45	16
46	17
47	22
48	12
49	14
50	22
51	11
52	15
53	11
54	8
55	15
56	12
57	13
58	12
59	11
60	18
61	14
62	7
63	11
64	9
65	7
66	6
67	12
68	12
69	8
70	8
71	5
72	8
73	9
74	12
75	8
76	5
77	5
78	11
79	12
80	9
81	12
82	11
83	7
84	14
85	13
86	11
87	8
88	6
89	4
90	7
91	12
92	11
93	7
94	8
95	14
96	20
97	18
98	7
99	12
100	5
101	6
102	6
103	9
104	3
105	8
106	4
107	10
108	9
109	8
110	5
111	8
112	7
113	9
114	7
115	3
116	4
117	7
118	3
119	7
120	4
121	6
122	6
123	2
124	3
125	4
126	7
127	4
128	3
129	6
130	4
131	2
132	2
133	1
134	2
135	5
136	3
137	4
138	5
139	3
140	1
141	4
142	1
143	3
144	2
145	4
146	5
147	8
148	4
149	3
150	4
151	9
152	5
153	5
154	5
155	8
156	6
157	7
158	10
159	9
160	18
161	39
162	29
163	32
164	28
165	28
166	20
167	14
168	2
169	8
170	5
171	5
172	11
173	5
174	9
175	11
176	9
177	3
178	6
179	7
180	11
181	19
182	12
183	16
184	12
185	15
186	10
187	4
188	2
189	4
190	6
191	1
192	5
193	3
194	8
195	8
196	19
197	40
198	70
199	98
200	173
201	226
202	256
203	236
204	255
205	219
206	160
207	99
208	87
209	33
210	17
211	14
212	7
213	12
214	10
215	13
216	22
217	16
218	41
219	37
220	35
221	40
222	35
223	38
224	23
225	31
226	12
227	11
228	6
229	7
230	6
231	3
232	3
233	4
234	3
235	7
236	3
237	5
238	7
239	11
240	9
241	27
242	37
243	51
244	61
245	118
246	139
247	174
248	160
249	159
250	136
251	105
252	77
253	64
254	58
255	35
256	33
257	20
258	23
259	26
260	10
261	11
262	15
263	10
264	16
265	15
266	22
267	22
268	31
269	37
270	32
271	39
272	51
273	30
274	37
275	21
276	14
277	8
278	17
279	7
280	6
281	5
282	12
283	6
284	8
285	18
286	16
287	12
288	12
289	11
290	13
291	15
292	15
293	12
294	19
295	13
296	18
297	16
298	15
299	14
300	13
301	18
302	8
303	12
304	10
305	10
306	9
307	10
308	5
309	11
310	13
311	15
312	17
313	15
314	14
315	26
316	56
317	54
318	80
319	133
320	166
321	225
322	250
323	273
324	274
325	254
326	216
327	169
328	104
329	92
330	59
331	49
332	29
333	25
334	28
335	35
336	42
337	31
338	46
339	64
340	93
341	171
342	303
343	575
344	994
345	1592
346	2521
347	3548
348	4688
349	5596
350	6424
351	6729
352	6265
353	5652
354	4668
355	3374
356	2384
357	1482
358	938
359	518
360	311
361	159
362	102
363	52
364	43
365	36
366	40
367	45
368	25
369	35
370	31
371	37
372	35
373	51
374	51
375	71
376	72
377	98
378	116
379	198
380	252
381	391
382	504
383	674
384	888
385	967
386	1080
387	1125
388	1079
389	931
390	803
391	563
392	407
393	264
394	194
395	100
396	60
397	45
398	39
399	18
400	30
401	20
402	28
403	21
404	21
405	26
406	35
407	28
408	31
409	33
410	28
411	33
412	27
413	37
414	25
415	34
416	39
417	28
418	37
419	31
420	29
421	26
422	26
423	27
424	42
425	36
426	26
427	31
428	28
429	36
430	32
431	33
432	31
433	34
434	36
435	37
436	46
437	52
438	40
439	61
440	62
441	54
442	70
443	57
444	68
445	65
446	58
447	51
448	48
449	46
450	55
451	48
452	53
453	69
454	58
455	51
456	69
457	64
458	78
459	79
460	65
461	74
462	77
463	69
464	60
465	43
466	45
467	52
468	52
469	48
470	55
471	47
472	51
473	51
474	55
475	71
476	48
477	53
478	49
479	50
480	45
481	49
482	45
483	54
484	48
485	64
486	52
487	62
488	60
489	39
490	46
491	48
492	60
493	51
494	50
495	46
496	49
497	55
498	48
499	61
500	62
501	61
502	55
503	53
504	45
505	62
506	70
507	76
508	55
509	68
510	81
511	70
512	55
513	54
514	77
515	72
516	73
517	56
518	70
519	72
520	66
521	90
522	69
523	78
524	86
525	73
526	92
527	75
528	84
529	99
530	93
531	91
532	104
533	80
534	93
535	83
536	69
537	75
538	74
539	74
540	83
541	79
542	82
543	84
544	71
545	100
546	71
547	70
548	80
549	56
550	96
551	76
552	68
553	64
554	70
555	69
556	76
557	62
558	65
559	59
560	87
561	75
562	54
563	91
564	64
565	59
566	85
567	79
568	80
569	77
570	80
571	72
572	65
573	80
574	79
575	81
576	94
577	90
578	79
579	87
580	70
581	90
582	86
583	78
584	98
585	86
586	84
587	80
588	84
589	67
590	78
591	103
592	73
593	91
594	82
595	79
596	74
597	89
598	84
599	91
600	108
601	97
602	83
603	93
604	97
605	93
606	97
607	93
608	97
609	87
610	104
611	80
612	101
613	98
614	100
615	87
616	93
617	72
618	89
619	95
620	78
621	90
622	91
623	92
624	97
625	89
626	94
627	80
628	90
629	82
630	88
631	105
632	97
633	100
634	79
635	97
636	107
637	86
638	94
639	94
640	99
641	99
642	101
643	103
644	95
645	90
646	113
647	91
648	103
649	110
650	106
651	115
652	124
653	111
654	119
655	114
656	119
657	111
658	107
659	95
660	91
661	116
662	103
663	97
664	96
665	90
666	97
667	95
668	108
669	104
670	100
671	102
672	93
673	113
674	105
675	105
676	106
677	109
678	93
679	104
680	100
681	112
682	109
683	114
684	107
685	122
686	89
687	111
688	107
689	130
690	100
691	115
692	116
693	99
694	111
695	125
696	111
697	114
698	133
699	120
700	117
701	124
702	148
703	134
704	115
705	117
706	120
707	113
708	115
709	123
710	107
711	122
712	129
713	121
714	119
715	128
716	107
717	120
718	106
719	118
720	105
721	131
722	115
723	109
724	117
725	147
726	128
727	118
728	122
729	118
730	125
731	126
732	148
733	123
734	131
735	115
736	133
737	131
738	125
739	120
740	141
741	134
742	127
743	116
744	134
745	145
746	117
747	131
748	130
749	125
750	122
751	134
752	125
753	145
754	129
755	140
756	127
757	112
758	112
759	132
760	138
761	143
762	144
763	156
764	143
765	146
766	182
767	210
768	204
769	227
770	213
771	273
772	238
773	274
774	262
775	258
776	274
777	243
778	219
779	209
780	185
781	168
782	155
783	153
784	157
785	147
786	138
787	119
788	122
789	134
790	136
791	139
792	135
793	122
794	124
795	135
796	140
797	135
798	138
799	133
800	136
801	142
802	137
803	135
804	122
805	135
806	126
807	126
808	134
809	156
810	154
811	161
812	137
813	139
814	143
815	152
816	142
817	155
818	174
819	143
820	126
821	151
822	147
823	144
824	152
825	146
826	137
827	138
828	160
829	149
830	148
831	137
832	122
833	130
834	160
835	128
836	181
837	153
838	128
839	136
840	145
841	153
842	146
843	156
844	157
845	161
846	168
847	140
848	151
849	144
850	143
851	157
852	179
853	157
854	155
855	180
856	146
857	175
858	206
859	210
860	194
861	204
862	195
863	217
864	225
865	220
866	225
867	219
868	239
869	212
870	240
871	198
872	208
873	226
874	201
875	218
876	249
877	281
878	248
879	290
880	278
881	273
882	289
883	295
884	326
885	321
886	337
887	349
888	421
889	410
890	443
891	441
892	414
893	499
894	488
895	549
896	543
897	566
898	511
899	525
900	551
901	563
902	553
903	523
904	540
905	546
906	524
907	537
908	485
909	494
910	477
911	447
912	425
913	411
914	381
915	364
916	327
917	305
918	345
919	315
920	283
921	242
922	256
923	233
924	252
925	216
926	218
927	221
928	190
929	197
930	199
931	174
932	176
933	172
934	169
935	173
936	163
937	157
938	156
939	186
940	172
941	195
942	166
943	210
944	219
945	229
946	269
947	296
948	331
949	354
950	372
951	398
952	387
953	409
954	403
955	444
956	413
957	370
958	390
959	332
960	305
961	256
962	244
963	194
964	180
965	174
966	161
967	134
968	149
969	138
970	124
971	135
972	120
973	122
974	129
975	121
976	140
977	148
978	137
979	123
980	131
981	112
982	154
983	117
984	141
985	133
986	154
987	157
988	153
989	144
990	135
991	175
992	167
993	127
994	172
995	166
996	178
997	177
998	194
999	169
1000	170
1001	166
1002	161
1003	160
1004	172
1005	164
1006	161
1007	208
1008	188
1009	148
1010	189
1011	169
1012	176
1013	150
1014	144
1015	157
1016	151
1017	142
1018	159
1019	142
1020	130
1021	110
1022	107
1023	111
1024	125
