Date:	08/05/2018		Time:	19:23		Version no:	0.00		Project name:	55		Sample name:	222		Section name:	section		Position	173.515030	mm	E0	0.000000	keV	E1	1.000000	keV/channel	sample surface	5.858866	cm	Tube anode:	Mo		Tube voltage:	30	kV	Tube current:	50	mA	gain	10		std. database			resultfile	result		matrix element	11		sample thickness	1.000000		air passage	0.560000	cm	comments	in position		peaking_time	2.200000	m-sec	trigger_threshold	547.363281	V	mca_bin_width	22.090000	no:	number_mca_channels	1024.000000	no:	gap_time	0.150000	m-sec	trigger_peaking_time	0.200000	m-sec	GAINDAC	18610		HIGHGAIN	1		TAURC	1		RCTAU	1		RCTAUFRAC	1		livetime	9.456820	seconds	runtime	10.000497	seconds	input_count_rate	22661.317441	cps	output_count_rate	18738.469073	cps	triggers	214304	seconds	events_in_run	187394	seconds	channel	content		1	0
2	0
3	0
4	0
5	0
6	0
7	0
8	0
9	0
10	0
11	0
12	0
13	0
14	0
15	0
16	0
17	0
18	0
19	0
20	0
21	0
22	0
23	0
24	0
25	0
26	0
27	0
28	0
29	0
30	0
31	12
32	13
33	18
34	15
35	14
36	14
37	19
38	5
39	10
40	13
41	19
42	15
43	15
44	18
45	11
46	15
47	16
48	16
49	11
50	13
51	11
52	13
53	5
54	17
55	14
56	15
57	13
58	14
59	13
60	12
61	14
62	11
63	14
64	13
65	8
66	9
67	11
68	9
69	8
70	8
71	12
72	6
73	4
74	11
75	13
76	7
77	8
78	6
79	10
80	11
81	6
82	9
83	10
84	14
85	9
86	10
87	9
88	3
89	4
90	11
91	5
92	5
93	15
94	12
95	15
96	22
97	13
98	18
99	9
100	12
101	7
102	5
103	4
104	10
105	7
106	10
107	6
108	6
109	6
110	6
111	4
112	4
113	4
114	2
115	1
116	2
117	5
118	3
119	6
120	3
121	3
122	2
123	6
124	4
125	9
126	4
127	6
128	6
129	2
130	3
131	3
132	5
133	5
134	7
135	2
136	0
137	4
138	4
139	5
140	2
141	4
142	3
143	9
144	4
145	9
146	0
147	5
148	7
149	1
150	6
151	9
152	8
153	3
154	7
155	2
156	4
157	10
158	7
159	14
160	16
161	30
162	28
163	31
164	37
165	29
166	18
167	11
168	10
169	4
170	1
171	8
172	5
173	5
174	1
175	5
176	9
177	14
178	6
179	9
180	28
181	19
182	19
183	25
184	21
185	8
186	6
187	9
188	2
189	2
190	1
191	4
192	4
193	4
194	11
195	21
196	25
197	43
198	68
199	124
200	188
201	249
202	271
203	288
204	301
205	261
206	151
207	135
208	69
209	42
210	20
211	12
212	6
213	7
214	4
215	11
216	21
217	20
218	45
219	43
220	49
221	70
222	47
223	34
224	21
225	16
226	10
227	4
228	9
229	5
230	2
231	4
232	4
233	4
234	3
235	7
236	8
237	7
238	5
239	16
240	7
241	31
242	33
243	62
244	105
245	152
246	162
247	166
248	190
249	160
250	132
251	99
252	87
253	66
254	57
255	44
256	30
257	24
258	28
259	26
260	15
261	17
262	15
263	14
264	20
265	20
266	23
267	27
268	29
269	36
270	39
271	49
272	40
273	41
274	28
275	30
276	16
277	20
278	9
279	7
280	5
281	17
282	8
283	8
284	9
285	11
286	17
287	12
288	14
289	15
290	15
291	16
292	10
293	15
294	10
295	16
296	13
297	18
298	8
299	18
300	12
301	12
302	18
303	13
304	11
305	16
306	9
307	14
308	8
309	7
310	12
311	14
312	9
313	16
314	17
315	22
316	30
317	46
318	60
319	67
320	128
321	153
322	183
323	192
324	199
325	178
326	137
327	129
328	76
329	62
330	44
331	36
332	23
333	29
334	29
335	34
336	37
337	36
338	48
339	69
340	123
341	170
342	310
343	621
344	1101
345	1818
346	2746
347	3879
348	5049
349	6138
350	6921
351	7225
352	6831
353	6146
354	4894
355	3527
356	2468
357	1596
358	929
359	539
360	313
361	141
362	88
363	48
364	52
365	43
366	35
367	36
368	44
369	42
370	31
371	41
372	45
373	38
374	48
375	47
376	69
377	96
378	149
379	183
380	272
381	390
382	560
383	734
384	1002
385	1107
386	1118
387	1210
388	1154
389	946
390	808
391	629
392	385
393	266
394	189
395	119
396	70
397	37
398	32
399	41
400	26
401	22
402	28
403	23
404	19
405	31
406	28
407	44
408	40
409	36
410	30
411	35
412	21
413	39
414	23
415	41
416	35
417	20
418	32
419	26
420	27
421	28
422	31
423	26
424	29
425	26
426	21
427	32
428	20
429	34
430	35
431	38
432	30
433	35
434	43
435	37
436	42
437	48
438	56
439	56
440	60
441	59
442	64
443	70
444	59
445	49
446	49
447	46
448	46
449	56
450	49
451	58
452	54
453	45
454	62
455	73
456	65
457	64
458	62
459	66
460	89
461	59
462	75
463	59
464	60
465	48
466	59
467	38
468	50
469	51
470	71
471	45
472	61
473	70
474	61
475	56
476	65
477	61
478	50
479	58
480	43
481	47
482	41
483	39
484	60
485	60
486	69
487	54
488	44
489	48
490	49
491	53
492	48
493	54
494	51
495	39
496	49
497	52
498	52
499	60
500	70
501	66
502	68
503	55
504	60
505	72
506	74
507	79
508	68
509	66
510	61
511	65
512	76
513	68
514	84
515	74
516	69
517	79
518	81
519	85
520	79
521	77
522	80
523	74
524	89
525	89
526	86
527	96
528	80
529	94
530	106
531	100
532	91
533	87
534	89
535	79
536	61
537	92
538	85
539	72
540	79
541	83
542	50
543	71
544	85
545	89
546	74
547	83
548	85
549	83
550	78
551	73
552	76
553	80
554	86
555	75
556	71
557	70
558	73
559	72
560	64
561	69
562	63
563	60
564	91
565	75
566	63
567	64
568	96
569	74
570	91
571	78
572	82
573	82
574	67
575	87
576	79
577	92
578	93
579	86
580	89
581	76
582	76
583	82
584	92
585	73
586	93
587	75
588	72
589	80
590	68
591	90
592	98
593	84
594	87
595	107
596	104
597	102
598	83
599	83
600	85
601	70
602	84
603	89
604	85
605	76
606	87
607	104
608	90
609	96
610	82
611	98
612	79
613	96
614	96
615	92
616	91
617	86
618	97
619	86
620	95
621	82
622	115
623	84
624	90
625	87
626	97
627	101
628	81
629	101
630	98
631	114
632	98
633	102
634	91
635	96
636	102
637	95
638	97
639	97
640	100
641	89
642	115
643	92
644	110
645	97
646	92
647	110
648	102
649	118
650	111
651	94
652	100
653	104
654	99
655	105
656	97
657	116
658	101
659	90
660	98
661	108
662	108
663	103
664	108
665	111
666	104
667	112
668	107
669	88
670	115
671	93
672	128
673	102
674	116
675	112
676	120
677	102
678	106
679	109
680	102
681	101
682	119
683	121
684	124
685	120
686	138
687	112
688	93
689	105
690	117
691	108
692	115
693	100
694	96
695	112
696	129
697	121
698	121
699	110
700	109
701	114
702	119
703	137
704	117
705	132
706	115
707	114
708	95
709	118
710	125
711	135
712	139
713	134
714	105
715	104
716	117
717	109
718	117
719	124
720	143
721	119
722	113
723	124
724	136
725	143
726	124
727	123
728	120
729	116
730	128
731	140
732	100
733	116
734	123
735	115
736	141
737	115
738	103
739	137
740	115
741	121
742	126
743	113
744	128
745	128
746	121
747	139
748	124
749	144
750	118
751	132
752	127
753	150
754	122
755	121
756	110
757	131
758	111
759	122
760	147
761	136
762	142
763	158
764	149
765	158
766	163
767	213
768	234
769	235
770	264
771	287
772	293
773	303
774	284
775	323
776	290
777	262
778	260
779	221
780	213
781	177
782	183
783	154
784	131
785	148
786	138
787	125
788	141
789	138
790	102
791	133
792	140
793	127
794	131
795	146
796	136
797	121
798	129
799	128
800	150
801	125
802	122
803	136
804	130
805	132
806	122
807	135
808	114
809	131
810	135
811	129
812	145
813	142
814	151
815	146
816	160
817	159
818	138
819	147
820	130
821	131
822	146
823	151
824	163
825	131
826	151
827	129
828	143
829	152
830	166
831	165
832	155
833	142
834	142
835	149
836	146
837	140
838	144
839	146
840	152
841	147
842	134
843	168
844	146
845	161
846	144
847	164
848	139
849	165
850	162
851	163
852	158
853	173
854	190
855	173
856	173
857	183
858	204
859	192
860	202
861	199
862	216
863	212
864	229
865	241
866	207
867	188
868	225
869	205
870	224
871	179
872	251
873	224
874	214
875	229
876	227
877	247
878	267
879	268
880	274
881	272
882	301
883	318
884	340
885	335
886	361
887	366
888	367
889	410
890	425
891	432
892	426
893	476
894	522
895	543
896	525
897	581
898	547
899	535
900	604
901	544
902	560
903	536
904	550
905	525
906	549
907	520
908	473
909	493
910	454
911	424
912	419
913	386
914	355
915	345
916	339
917	326
918	295
919	320
920	281
921	262
922	258
923	238
924	222
925	242
926	192
927	226
928	200
929	194
930	187
931	205
932	176
933	173
934	143
935	154
936	159
937	182
938	153
939	150
940	161
941	160
942	184
943	196
944	217
945	256
946	272
947	278
948	307
949	333
950	369
951	395
952	415
953	424
954	409
955	402
956	352
957	371
958	358
959	328
960	282
961	276
962	256
963	215
964	187
965	166
966	153
967	163
968	143
969	134
970	151
971	131
972	126
973	117
974	121
975	115
976	147
977	132
978	109
979	108
980	137
981	133
982	107
983	116
984	150
985	148
986	138
987	156
988	145
989	131
990	151
991	158
992	148
993	156
994	174
995	160
996	156
997	167
998	173
999	160
1000	147
1001	152
1002	169
1003	163
1004	184
1005	168
1006	200
1007	178
1008	183
1009	171
1010	194
1011	173
1012	163
1013	162
1014	143
1015	107
1016	168
1017	143
1018	140
1019	143
1020	130
1021	128
1022	126
1023	116
1024	126
