Date:	08/05/2018		Time:	20:08		Version no:	0.00		Project name:	55		Sample name:	222		Section name:	section		Position	220.715027	mm	E0	0.000000	keV	E1	1.000000	keV/channel	sample surface	5.932961	cm	Tube anode:	Mo		Tube voltage:	30	kV	Tube current:	50	mA	gain	10		std. database			resultfile	result		matrix element	11		sample thickness	1.000000		air passage	0.560000	cm	comments	in position		peaking_time	2.200000	m-sec	trigger_threshold	547.363281	V	mca_bin_width	22.090000	no:	number_mca_channels	1024.000000	no:	gap_time	0.150000	m-sec	trigger_peaking_time	0.200000	m-sec	GAINDAC	18610		HIGHGAIN	1		TAURC	1		RCTAU	1		RCTAUFRAC	1		livetime	9.441198	seconds	runtime	10.000494	seconds	input_count_rate	23482.190437	cps	output_count_rate	19296.745969	cps	triggers	221700	seconds	events_in_run	192977	seconds	channel	content		1	0
2	0
3	0
4	0
5	0
6	0
7	0
8	0
9	0
10	0
11	0
12	0
13	0
14	0
15	0
16	0
17	0
18	0
19	0
20	0
21	0
22	0
23	0
24	0
25	0
26	0
27	0
28	0
29	0
30	0
31	12
32	13
33	12
34	12
35	11
36	14
37	13
38	13
39	9
40	16
41	12
42	26
43	16
44	12
45	15
46	11
47	14
48	10
49	16
50	10
51	15
52	9
53	10
54	11
55	11
56	12
57	12
58	11
59	10
60	8
61	10
62	7
63	9
64	10
65	7
66	12
67	10
68	8
69	9
70	13
71	11
72	5
73	8
74	13
75	7
76	5
77	6
78	8
79	13
80	11
81	9
82	8
83	9
84	10
85	9
86	8
87	8
88	4
89	5
90	9
91	7
92	8
93	8
94	11
95	18
96	16
97	9
98	7
99	9
100	7
101	11
102	8
103	1
104	9
105	6
106	7
107	13
108	11
109	8
110	8
111	7
112	8
113	1
114	8
115	4
116	5
117	3
118	1
119	4
120	4
121	1
122	3
123	7
124	5
125	4
126	4
127	5
128	2
129	2
130	7
131	8
132	4
133	3
134	7
135	5
136	3
137	5
138	5
139	3
140	0
141	7
142	4
143	8
144	4
145	2
146	5
147	4
148	1
149	7
150	6
151	5
152	6
153	7
154	3
155	4
156	5
157	6
158	10
159	11
160	17
161	24
162	28
163	30
164	23
165	20
166	16
167	17
168	2
169	2
170	2
171	4
172	7
173	6
174	5
175	8
176	3
177	8
178	4
179	10
180	15
181	17
182	19
183	15
184	12
185	11
186	10
187	8
188	1
189	4
190	3
191	0
192	6
193	6
194	6
195	14
196	23
197	60
198	79
199	135
200	197
201	248
202	335
203	314
204	300
205	253
206	187
207	113
208	70
209	50
210	26
211	16
212	11
213	8
214	12
215	12
216	21
217	30
218	39
219	50
220	47
221	50
222	47
223	41
224	32
225	23
226	15
227	13
228	5
229	3
230	7
231	3
232	3
233	5
234	6
235	4
236	3
237	5
238	10
239	13
240	12
241	25
242	66
243	82
244	126
245	155
246	210
247	240
248	258
249	208
250	197
251	156
252	116
253	63
254	41
255	44
256	42
257	28
258	20
259	22
260	17
261	12
262	6
263	13
264	12
265	16
266	27
267	34
268	29
269	60
270	64
271	64
272	64
273	54
274	42
275	32
276	27
277	23
278	11
279	7
280	13
281	12
282	3
283	11
284	11
285	15
286	11
287	11
288	21
289	12
290	19
291	17
292	10
293	15
294	17
295	28
296	20
297	20
298	14
299	13
300	16
301	12
302	15
303	10
304	10
305	10
306	14
307	15
308	19
309	11
310	7
311	15
312	15
313	13
314	22
315	24
316	24
317	47
318	56
319	108
320	116
321	140
322	168
323	153
324	155
325	150
326	135
327	88
328	96
329	61
330	42
331	34
332	28
333	34
334	26
335	24
336	23
337	39
338	41
339	67
340	88
341	175
342	362
343	658
344	1153
345	1830
346	2873
347	4133
348	5213
349	6372
350	7252
351	7460
352	7156
353	6330
354	5136
355	3837
356	2630
357	1668
358	1007
359	586
360	329
361	163
362	78
363	59
364	49
365	47
366	46
367	47
368	32
369	36
370	35
371	36
372	49
373	56
374	47
375	66
376	76
377	104
378	132
379	206
380	283
381	402
382	581
383	768
384	890
385	1144
386	1259
387	1226
388	1164
389	1066
390	788
391	579
392	423
393	300
394	199
395	123
396	74
397	53
398	29
399	28
400	29
401	24
402	24
403	27
404	27
405	27
406	38
407	30
408	38
409	42
410	38
411	35
412	33
413	44
414	30
415	35
416	24
417	33
418	34
419	33
420	32
421	32
422	28
423	27
424	35
425	19
426	24
427	31
428	27
429	33
430	27
431	39
432	42
433	39
434	37
435	40
436	44
437	52
438	73
439	84
440	52
441	56
442	65
443	73
444	61
445	73
446	55
447	59
448	46
449	65
450	46
451	62
452	46
453	42
454	57
455	78
456	65
457	82
458	70
459	67
460	91
461	66
462	74
463	74
464	54
465	62
466	68
467	45
468	58
469	53
470	61
471	47
472	77
473	51
474	69
475	62
476	51
477	64
478	49
479	49
480	49
481	48
482	51
483	48
484	57
485	46
486	60
487	53
488	58
489	65
490	51
491	47
492	63
493	62
494	54
495	57
496	56
497	47
498	55
499	61
500	83
501	60
502	72
503	68
504	73
505	74
506	73
507	71
508	72
509	78
510	80
511	69
512	66
513	76
514	86
515	75
516	69
517	60
518	85
519	84
520	80
521	83
522	87
523	80
524	75
525	88
526	88
527	104
528	95
529	122
530	89
531	81
532	79
533	93
534	66
535	74
536	66
537	70
538	64
539	70
540	83
541	73
542	78
543	62
544	74
545	86
546	71
547	83
548	84
549	87
550	80
551	69
552	65
553	71
554	68
555	72
556	82
557	49
558	85
559	70
560	75
561	63
562	72
563	84
564	67
565	82
566	69
567	68
568	62
569	72
570	64
571	75
572	76
573	77
574	77
575	81
576	89
577	80
578	82
579	97
580	77
581	84
582	76
583	88
584	84
585	92
586	102
587	76
588	81
589	84
590	72
591	90
592	96
593	83
594	88
595	79
596	99
597	75
598	101
599	79
600	93
601	83
602	97
603	95
604	92
605	90
606	85
607	97
608	64
609	91
610	97
611	73
612	85
613	74
614	112
615	99
616	104
617	86
618	91
619	86
620	107
621	105
622	115
623	118
624	86
625	87
626	92
627	84
628	92
629	85
630	109
631	97
632	92
633	98
634	89
635	109
636	97
637	95
638	84
639	82
640	109
641	98
642	83
643	84
644	100
645	119
646	92
647	112
648	107
649	97
650	105
651	113
652	89
653	125
654	116
655	111
656	97
657	122
658	117
659	97
660	114
661	127
662	111
663	99
664	123
665	105
666	119
667	113
668	111
669	111
670	105
671	101
672	111
673	97
674	114
675	102
676	115
677	107
678	114
679	117
680	115
681	107
682	120
683	116
684	118
685	117
686	127
687	104
688	114
689	130
690	104
691	112
692	103
693	134
694	100
695	123
696	119
697	129
698	111
699	112
700	106
701	134
702	122
703	106
704	133
705	135
706	125
707	92
708	147
709	117
710	103
711	119
712	113
713	129
714	125
715	141
716	117
717	131
718	117
719	133
720	128
721	135
722	125
723	108
724	122
725	150
726	111
727	116
728	122
729	138
730	119
731	128
732	122
733	113
734	132
735	121
736	117
737	124
738	113
739	127
740	132
741	122
742	118
743	142
744	138
745	136
746	124
747	109
748	135
749	102
750	130
751	125
752	110
753	120
754	135
755	144
756	124
757	128
758	127
759	122
760	152
761	120
762	164
763	166
764	154
765	162
766	194
767	177
768	222
769	226
770	253
771	279
772	255
773	277
774	254
775	252
776	243
777	234
778	260
779	190
780	211
781	172
782	165
783	163
784	141
785	148
786	160
787	155
788	141
789	153
790	137
791	135
792	141
793	128
794	137
795	155
796	122
797	124
798	120
799	133
800	132
801	155
802	137
803	151
804	147
805	125
806	145
807	138
808	150
809	139
810	139
811	157
812	138
813	132
814	135
815	136
816	152
817	135
818	122
819	156
820	146
821	157
822	140
823	144
824	135
825	131
826	168
827	125
828	126
829	139
830	142
831	151
832	133
833	157
834	131
835	132
836	142
837	163
838	133
839	146
840	140
841	143
842	158
843	143
844	153
845	126
846	154
847	158
848	162
849	163
850	167
851	142
852	185
853	159
854	160
855	184
856	192
857	185
858	214
859	222
860	232
861	195
862	236
863	206
864	223
865	215
866	220
867	201
868	201
869	218
870	219
871	217
872	213
873	222
874	217
875	246
876	199
877	237
878	276
879	256
880	278
881	265
882	266
883	321
884	304
885	313
886	359
887	407
888	405
889	461
890	460
891	498
892	483
893	527
894	562
895	540
896	554
897	531
898	573
899	551
900	579
901	575
902	558
903	552
904	546
905	516
906	517
907	473
908	475
909	455
910	459
911	451
912	414
913	368
914	371
915	363
916	316
917	345
918	281
919	306
920	292
921	284
922	249
923	245
924	235
925	190
926	219
927	192
928	173
929	201
930	190
931	192
932	169
933	177
934	192
935	160
936	173
937	169
938	156
939	165
940	161
941	180
942	180
943	203
944	229
945	248
946	271
947	316
948	307
949	381
950	394
951	425
952	430
953	419
954	444
955	407
956	398
957	373
958	382
959	373
960	327
961	228
962	250
963	240
964	171
965	157
966	172
967	142
968	152
969	139
970	119
971	139
972	124
973	141
974	145
975	136
976	131
977	134
978	120
979	112
980	153
981	137
982	143
983	132
984	126
985	122
986	133
987	137
988	129
989	136
990	184
991	185
992	145
993	161
994	162
995	174
996	166
997	159
998	155
999	191
1000	193
1001	175
1002	177
1003	191
1004	196
1005	213
1006	190
1007	186
1008	178
1009	179
1010	199
1011	181
1012	158
1013	145
1014	166
1015	163
1016	153
1017	170
1018	144
1019	152
1020	115
1021	147
1022	107
1023	126
1024	127
