Date:	08/05/2018		Time:	17:25		Version no:	0.00		Project name:	55		Sample name:	222		Section name:	section		Position	49.115032	mm	E0	0.000000	keV	E1	1.000000	keV/channel	sample surface	5.800689	cm	Tube anode:	Mo		Tube voltage:	30	kV	Tube current:	50	mA	gain	10		std. database			resultfile	result		matrix element	11		sample thickness	1.000000		air passage	0.560000	cm	comments	in position		peaking_time	2.200000	m-sec	trigger_threshold	547.363281	V	mca_bin_width	22.090000	no:	number_mca_channels	1024.000000	no:	gap_time	0.150000	m-sec	trigger_peaking_time	0.200000	m-sec	GAINDAC	18610		HIGHGAIN	1		TAURC	1		RCTAU	1		RCTAUFRAC	1		livetime	9.486694	seconds	runtime	10.000492	seconds	input_count_rate	19686.309280	cps	output_count_rate	16492.288579	cps	triggers	186758	seconds	events_in_run	164931	seconds	channel	content		1	0
2	0
3	0
4	0
5	0
6	0
7	0
8	0
9	0
10	0
11	0
12	0
13	0
14	0
15	0
16	0
17	0
18	0
19	0
20	0
21	0
22	0
23	0
24	0
25	0
26	0
27	0
28	0
29	0
30	0
31	13
32	16
33	18
34	22
35	15
36	11
37	21
38	18
39	20
40	22
41	14
42	14
43	12
44	7
45	13
46	20
47	21
48	19
49	18
50	10
51	13
52	14
53	13
54	14
55	12
56	16
57	18
58	12
59	16
60	11
61	15
62	6
63	10
64	15
65	8
66	12
67	12
68	9
69	4
70	10
71	11
72	11
73	12
74	8
75	10
76	5
77	12
78	9
79	6
80	16
81	13
82	14
83	17
84	12
85	8
86	11
87	6
88	7
89	4
90	7
91	6
92	10
93	6
94	16
95	13
96	12
97	10
98	9
99	5
100	8
101	12
102	9
103	7
104	4
105	5
106	7
107	7
108	5
109	3
110	7
111	5
112	8
113	3
114	8
115	3
116	3
117	9
118	3
119	9
120	7
121	6
122	5
123	5
124	5
125	9
126	2
127	4
128	2
129	1
130	6
131	3
132	6
133	5
134	1
135	3
136	2
137	2
138	5
139	1
140	3
141	5
142	5
143	5
144	4
145	3
146	3
147	2
148	4
149	6
150	2
151	2
152	4
153	3
154	2
155	6
156	4
157	5
158	4
159	13
160	12
161	31
162	34
163	21
164	24
165	28
166	19
167	4
168	7
169	3
170	5
171	5
172	6
173	4
174	6
175	8
176	13
177	7
178	10
179	8
180	8
181	16
182	12
183	11
184	12
185	10
186	6
187	7
188	6
189	6
190	3
191	3
192	2
193	8
194	6
195	12
196	17
197	23
198	39
199	87
200	104
201	127
202	171
203	186
204	131
205	116
206	104
207	59
208	48
209	13
210	18
211	6
212	12
213	5
214	6
215	10
216	7
217	13
218	27
219	31
220	21
221	36
222	31
223	24
224	22
225	18
226	9
227	8
228	4
229	5
230	4
231	3
232	2
233	8
234	5
235	10
236	5
237	5
238	3
239	2
240	7
241	13
242	19
243	25
244	35
245	37
246	53
247	60
248	63
249	63
250	56
251	28
252	21
253	22
254	32
255	23
256	20
257	14
258	10
259	20
260	6
261	10
262	9
263	6
264	4
265	6
266	10
267	18
268	14
269	18
270	24
271	18
272	19
273	21
274	10
275	19
276	9
277	12
278	8
279	3
280	6
281	9
282	12
283	5
284	15
285	12
286	2
287	11
288	14
289	14
290	18
291	10
292	14
293	14
294	6
295	18
296	14
297	14
298	9
299	16
300	16
301	10
302	10
303	5
304	11
305	15
306	14
307	6
308	16
309	10
310	17
311	11
312	6
313	21
314	20
315	29
316	38
317	63
318	78
319	142
320	178
321	223
322	282
323	289
324	277
325	275
326	210
327	176
328	145
329	68
330	60
331	51
332	31
333	20
334	30
335	19
336	25
337	38
338	41
339	36
340	64
341	100
342	179
343	320
344	588
345	921
346	1319
347	1911
348	2481
349	3203
350	3507
351	3570
352	3334
353	2995
354	2432
355	1847
356	1279
357	795
358	510
359	300
360	163
361	98
362	62
363	39
364	34
365	33
366	28
367	25
368	37
369	40
370	32
371	25
372	37
373	38
374	47
375	36
376	53
377	65
378	89
379	117
380	169
381	232
382	317
383	392
384	504
385	606
386	596
387	620
388	567
389	539
390	444
391	317
392	241
393	155
394	101
395	84
396	67
397	43
398	38
399	31
400	33
401	26
402	34
403	41
404	38
405	39
406	39
407	41
408	39
409	47
410	37
411	37
412	44
413	46
414	40
415	45
416	33
417	32
418	43
419	29
420	37
421	42
422	20
423	29
424	47
425	31
426	47
427	46
428	42
429	37
430	49
431	57
432	49
433	29
434	49
435	48
436	64
437	63
438	70
439	67
440	73
441	83
442	75
443	86
444	81
445	82
446	76
447	78
448	78
449	72
450	70
451	55
452	75
453	58
454	63
455	72
456	74
457	95
458	81
459	89
460	82
461	96
462	80
463	64
464	74
465	61
466	64
467	65
468	65
469	60
470	66
471	63
472	70
473	72
474	57
475	65
476	79
477	70
478	72
479	75
480	63
481	44
482	56
483	45
484	58
485	58
486	75
487	70
488	62
489	49
490	67
491	84
492	62
493	61
494	67
495	74
496	87
497	75
498	70
499	76
500	88
501	88
502	84
503	91
504	86
505	66
506	79
507	88
508	88
509	78
510	92
511	121
512	102
513	81
514	71
515	86
516	97
517	110
518	86
519	104
520	87
521	79
522	104
523	91
524	106
525	115
526	109
527	119
528	111
529	107
530	110
531	111
532	135
533	97
534	91
535	100
536	94
537	105
538	86
539	116
540	94
541	97
542	84
543	107
544	97
545	85
546	96
547	85
548	111
549	92
550	101
551	82
552	89
553	96
554	90
555	101
556	78
557	79
558	96
559	92
560	91
561	96
562	79
563	98
564	101
565	78
566	111
567	107
568	106
569	100
570	107
571	105
572	92
573	102
574	105
575	112
576	83
577	89
578	98
579	81
580	92
581	113
582	104
583	92
584	112
585	136
586	129
587	106
588	92
589	127
590	121
591	108
592	106
593	93
594	145
595	110
596	97
597	113
598	100
599	108
600	111
601	107
602	83
603	109
604	121
605	125
606	132
607	127
608	96
609	127
610	117
611	123
612	127
613	117
614	99
615	144
616	100
617	106
618	123
619	122
620	118
621	120
622	121
623	119
624	128
625	156
626	133
627	133
628	122
629	113
630	110
631	116
632	116
633	122
634	128
635	107
636	105
637	123
638	118
639	121
640	119
641	130
642	130
643	139
644	138
645	129
646	140
647	137
648	170
649	141
650	155
651	152
652	151
653	139
654	155
655	143
656	133
657	144
658	124
659	140
660	124
661	133
662	108
663	128
664	115
665	140
666	139
667	116
668	144
669	129
670	126
671	125
672	118
673	130
674	135
675	144
676	122
677	125
678	140
679	150
680	141
681	127
682	131
683	143
684	127
685	125
686	122
687	144
688	145
689	114
690	148
691	128
692	131
693	126
694	136
695	139
696	126
697	139
698	141
699	132
700	153
701	132
702	141
703	137
704	128
705	149
706	118
707	133
708	122
709	158
710	142
711	155
712	156
713	151
714	113
715	169
716	145
717	131
718	141
719	140
720	157
721	132
722	142
723	138
724	138
725	142
726	152
727	155
728	158
729	169
730	168
731	170
732	137
733	161
734	141
735	144
736	143
737	132
738	168
739	153
740	133
741	156
742	141
743	160
744	140
745	176
746	136
747	138
748	159
749	137
750	154
751	146
752	179
753	165
754	160
755	130
756	144
757	149
758	121
759	145
760	158
761	160
762	173
763	157
764	157
765	194
766	206
767	233
768	231
769	222
770	234
771	273
772	277
773	257
774	267
775	261
776	242
777	218
778	241
779	200
780	222
781	178
782	171
783	159
784	141
785	172
786	178
787	146
788	188
789	154
790	143
791	121
792	169
793	192
794	159
795	159
796	135
797	151
798	163
799	150
800	157
801	150
802	166
803	144
804	140
805	144
806	153
807	169
808	157
809	168
810	142
811	130
812	149
813	172
814	166
815	154
816	169
817	162
818	157
819	183
820	173
821	160
822	169
823	188
824	175
825	165
826	158
827	155
828	154
829	164
830	150
831	178
832	147
833	153
834	163
835	162
836	141
837	173
838	181
839	142
840	179
841	179
842	177
843	151
844	178
845	159
846	177
847	171
848	181
849	178
850	198
851	201
852	194
853	188
854	222
855	189
856	196
857	200
858	199
859	185
860	212
861	225
862	235
863	211
864	203
865	243
866	252
867	241
868	254
869	248
870	238
871	248
872	219
873	245
874	243
875	236
876	263
877	251
878	305
879	281
880	309
881	325
882	349
883	378
884	371
885	393
886	437
887	453
888	486
889	490
890	505
891	506
892	541
893	562
894	593
895	613
896	608
897	653
898	638
899	688
900	660
901	663
902	640
903	644
904	673
905	641
906	637
907	615
908	573
909	553
910	522
911	505
912	476
913	435
914	418
915	439
916	422
917	376
918	369
919	364
920	323
921	282
922	303
923	278
924	271
925	243
926	229
927	233
928	215
929	210
930	197
931	190
932	202
933	183
934	206
935	194
936	195
937	190
938	199
939	180
940	169
941	233
942	220
943	209
944	262
945	238
946	309
947	311
948	352
949	368
950	389
951	437
952	425
953	463
954	430
955	442
956	412
957	376
958	381
959	343
960	313
961	270
962	266
963	221
964	208
965	178
966	190
967	175
968	157
969	141
970	132
971	144
972	142
973	140
974	131
975	134
976	150
977	162
978	145
979	154
980	145
981	159
982	147
983	171
984	134
985	158
986	149
987	144
988	162
989	154
990	153
991	183
992	165
993	179
994	191
995	167
996	202
997	202
998	208
999	195
1000	189
1001	180
1002	209
1003	192
1004	225
1005	189
1006	187
1007	181
1008	198
1009	182
1010	193
1011	187
1012	186
1013	207
1014	179
1015	178
1016	183
1017	163
1018	137
1019	157
1020	140
1021	140
1022	163
1023	138
1024	135
