Date:	08/05/2018		Time:	17:35		Version no:	0.00		Project name:	55		Sample name:	222		Section name:	section		Position	59.515030	mm	E0	0.000000	keV	E1	1.000000	keV/channel	sample surface	5.900611	cm	Tube anode:	Mo		Tube voltage:	30	kV	Tube current:	50	mA	gain	10		std. database			resultfile	result		matrix element	11		sample thickness	1.000000		air passage	0.560000	cm	comments	in position		peaking_time	2.200000	m-sec	trigger_threshold	547.363281	V	mca_bin_width	22.090000	no:	number_mca_channels	1024.000000	no:	gap_time	0.150000	m-sec	trigger_peaking_time	0.200000	m-sec	GAINDAC	18610		HIGHGAIN	1		TAURC	1		RCTAU	1		RCTAUFRAC	1		livetime	9.406846	seconds	runtime	10.000493	seconds	input_count_rate	25520.669756	cps	output_count_rate	20679.380920	cps	triggers	240069	seconds	events_in_run	206804	seconds	channel	content		1	0
2	0
3	0
4	0
5	0
6	0
7	0
8	0
9	0
10	0
11	0
12	0
13	0
14	0
15	0
16	0
17	0
18	0
19	0
20	0
21	0
22	0
23	0
24	0
25	0
26	0
27	0
28	0
29	0
30	0
31	19
32	23
33	15
34	18
35	17
36	10
37	10
38	20
39	14
40	16
41	14
42	12
43	19
44	20
45	11
46	10
47	15
48	12
49	11
50	7
51	17
52	13
53	7
54	16
55	11
56	12
57	8
58	11
59	14
60	17
61	11
62	12
63	11
64	10
65	12
66	11
67	25
68	7
69	8
70	14
71	7
72	8
73	9
74	11
75	4
76	10
77	10
78	10
79	8
80	8
81	15
82	15
83	6
84	11
85	11
86	3
87	4
88	7
89	13
90	7
91	9
92	4
93	13
94	13
95	15
96	16
97	19
98	12
99	8
100	7
101	8
102	13
103	10
104	4
105	5
106	11
107	12
108	9
109	9
110	4
111	5
112	7
113	4
114	8
115	5
116	7
117	2
118	3
119	5
120	8
121	6
122	5
123	6
124	2
125	7
126	5
127	3
128	7
129	12
130	3
131	5
132	3
133	5
134	4
135	4
136	5
137	3
138	1
139	2
140	2
141	4
142	3
143	9
144	6
145	5
146	1
147	5
148	7
149	3
150	6
151	2
152	1
153	6
154	6
155	5
156	6
157	7
158	11
159	13
160	17
161	23
162	22
163	27
164	17
165	23
166	14
167	17
168	1
169	9
170	9
171	1
172	6
173	4
174	5
175	4
176	6
177	5
178	16
179	13
180	15
181	19
182	27
183	23
184	18
185	12
186	10
187	11
188	7
189	4
190	4
191	4
192	3
193	8
194	13
195	14
196	21
197	61
198	87
199	138
200	177
201	267
202	289
203	308
204	301
205	239
206	172
207	122
208	67
209	31
210	29
211	11
212	10
213	11
214	24
215	16
216	25
217	19
218	37
219	49
220	50
221	52
222	65
223	42
224	33
225	23
226	11
227	8
228	11
229	10
230	6
231	4
232	2
233	4
234	2
235	4
236	4
237	3
238	5
239	6
240	19
241	13
242	46
243	47
244	100
245	116
246	137
247	146
248	194
249	171
250	120
251	94
252	84
253	73
254	55
255	50
256	37
257	32
258	29
259	26
260	15
261	16
262	12
263	11
264	15
265	19
266	18
267	22
268	26
269	44
270	43
271	45
272	45
273	59
274	32
275	19
276	21
277	15
278	10
279	8
280	14
281	12
282	14
283	13
284	12
285	13
286	17
287	11
288	9
289	19
290	17
291	12
292	18
293	14
294	14
295	17
296	11
297	20
298	18
299	22
300	29
301	12
302	14
303	15
304	6
305	14
306	14
307	15
308	16
309	8
310	12
311	13
312	19
313	20
314	30
315	33
316	47
317	74
318	126
319	170
320	207
321	309
322	353
323	342
324	357
325	310
326	261
327	223
328	153
329	109
330	77
331	50
332	46
333	23
334	49
335	31
336	46
337	37
338	61
339	82
340	113
341	244
342	393
343	739
344	1380
345	2026
346	3224
347	4545
348	6193
349	7231
350	8234
351	8607
352	7880
353	7113
354	5764
355	4121
356	2865
357	1840
358	1067
359	625
360	327
361	214
362	98
363	60
364	44
365	53
366	33
367	40
368	44
369	50
370	46
371	56
372	56
373	51
374	50
375	70
376	86
377	101
378	146
379	215
380	337
381	501
382	691
383	887
384	1143
385	1237
386	1442
387	1451
388	1371
389	1117
390	970
391	692
392	491
393	332
394	180
395	137
396	76
397	48
398	33
399	36
400	25
401	41
402	32
403	36
404	34
405	30
406	34
407	45
408	35
409	43
410	38
411	38
412	42
413	31
414	50
415	39
416	30
417	25
418	25
419	31
420	34
421	24
422	45
423	31
424	28
425	35
426	31
427	30
428	44
429	31
430	48
431	47
432	29
433	53
434	41
435	51
436	49
437	67
438	59
439	77
440	75
441	66
442	83
443	80
444	74
445	86
446	63
447	58
448	64
449	62
450	65
451	51
452	74
453	82
454	64
455	77
456	79
457	73
458	87
459	91
460	84
461	82
462	72
463	66
464	55
465	67
466	63
467	64
468	63
469	74
470	67
471	74
472	61
473	56
474	75
475	58
476	67
477	72
478	61
479	55
480	57
481	43
482	61
483	50
484	55
485	57
486	66
487	60
488	50
489	64
490	67
491	61
492	58
493	66
494	52
495	55
496	66
497	64
498	57
499	67
500	80
501	67
502	53
503	72
504	74
505	88
506	76
507	78
508	82
509	76
510	76
511	93
512	96
513	87
514	84
515	81
516	90
517	76
518	70
519	76
520	93
521	74
522	88
523	96
524	82
525	96
526	109
527	104
528	98
529	93
530	89
531	93
532	94
533	93
534	99
535	82
536	84
537	84
538	84
539	87
540	93
541	102
542	100
543	78
544	68
545	113
546	86
547	94
548	80
549	79
550	72
551	100
552	91
553	109
554	80
555	81
556	73
557	80
558	75
559	72
560	87
561	85
562	75
563	82
564	106
565	75
566	80
567	79
568	78
569	71
570	69
571	75
572	82
573	68
574	81
575	100
576	79
577	101
578	87
579	92
580	88
581	82
582	76
583	95
584	85
585	77
586	98
587	108
588	100
589	91
590	106
591	99
592	94
593	100
594	95
595	103
596	104
597	101
598	98
599	92
600	97
601	113
602	84
603	86
604	100
605	91
606	97
607	108
608	92
609	94
610	91
611	108
612	103
613	99
614	92
615	116
616	105
617	84
618	108
619	104
620	116
621	112
622	108
623	109
624	100
625	89
626	102
627	107
628	83
629	98
630	93
631	108
632	88
633	94
634	109
635	121
636	96
637	117
638	104
639	104
640	93
641	98
642	133
643	134
644	107
645	112
646	125
647	143
648	127
649	120
650	139
651	147
652	137
653	109
654	143
655	140
656	125
657	120
658	107
659	128
660	82
661	118
662	107
663	105
664	126
665	85
666	103
667	116
668	117
669	100
670	105
671	126
672	104
673	113
674	124
675	125
676	107
677	113
678	123
679	119
680	123
681	114
682	107
683	124
684	127
685	119
686	130
687	119
688	120
689	117
690	109
691	133
692	118
693	121
694	128
695	152
696	140
697	113
698	141
699	135
700	129
701	130
702	145
703	141
704	139
705	117
706	121
707	143
708	108
709	125
710	123
711	133
712	139
713	120
714	143
715	145
716	101
717	115
718	118
719	148
720	121
721	149
722	120
723	138
724	138
725	144
726	120
727	143
728	141
729	123
730	117
731	142
732	137
733	124
734	146
735	138
736	131
737	114
738	150
739	150
740	112
741	135
742	149
743	145
744	126
745	127
746	140
747	157
748	145
749	130
750	123
751	144
752	154
753	116
754	132
755	121
756	141
757	129
758	134
759	121
760	134
761	178
762	148
763	166
764	148
765	181
766	177
767	183
768	203
769	216
770	245
771	284
772	264
773	260
774	272
775	265
776	273
777	201
778	201
779	207
780	193
781	179
782	180
783	169
784	163
785	145
786	136
787	137
788	139
789	149
790	136
791	141
792	164
793	139
794	135
795	143
796	142
797	134
798	147
799	149
800	128
801	125
802	144
803	130
804	139
805	145
806	120
807	138
808	125
809	145
810	161
811	137
812	144
813	148
814	171
815	154
816	149
817	151
818	136
819	140
820	145
821	156
822	145
823	142
824	131
825	162
826	179
827	146
828	160
829	142
830	154
831	133
832	146
833	134
834	142
835	160
836	155
837	148
838	156
839	146
840	140
841	136
842	138
843	150
844	160
845	170
846	167
847	161
848	167
849	166
850	181
851	171
852	181
853	162
854	146
855	165
856	186
857	196
858	181
859	186
860	194
861	199
862	226
863	220
864	209
865	224
866	194
867	216
868	225
869	233
870	208
871	214
872	232
873	232
874	234
875	201
876	244
877	243
878	270
879	259
880	273
881	307
882	301
883	286
884	322
885	330
886	389
887	381
888	401
889	422
890	460
891	452
892	525
893	488
894	496
895	502
896	571
897	559
898	547
899	593
900	567
901	602
902	577
903	599
904	565
905	564
906	549
907	532
908	538
909	477
910	479
911	459
912	409
913	415
914	385
915	335
916	346
917	295
918	322
919	297
920	279
921	266
922	239
923	236
924	249
925	222
926	195
927	190
928	187
929	195
930	173
931	157
932	186
933	157
934	157
935	155
936	154
937	172
938	182
939	171
940	165
941	161
942	219
943	220
944	247
945	256
946	265
947	291
948	317
949	369
950	348
951	420
952	415
953	420
954	398
955	442
956	380
957	337
958	357
959	358
960	279
961	258
962	242
963	199
964	187
965	183
966	150
967	144
968	148
969	138
970	136
971	115
972	122
973	120
974	124
975	137
976	138
977	133
978	116
979	121
980	135
981	140
982	141
983	110
984	120
985	134
986	130
987	146
988	130
989	152
990	155
991	163
992	160
993	167
994	160
995	166
996	171
997	181
998	168
999	167
1000	198
1001	207
1002	187
1003	180
1004	188
1005	185
1006	193
1007	189
1008	181
1009	162
1010	176
1011	151
1012	170
1013	151
1014	161
1015	155
1016	159
1017	146
1018	133
1019	150
1020	141
1021	121
1022	109
1023	128
1024	117
