Date:	08/05/2018		Time:	19:54		Version no:	0.00		Project name:	55		Sample name:	222		Section name:	section		Position	206.115036	mm	E0	0.000000	keV	E1	1.000000	keV/channel	sample surface	5.940060	cm	Tube anode:	Mo		Tube voltage:	30	kV	Tube current:	50	mA	gain	10		std. database			resultfile	result		matrix element	11		sample thickness	1.000000		air passage	0.560000	cm	comments	in position		peaking_time	2.200000	m-sec	trigger_threshold	547.363281	V	mca_bin_width	22.090000	no:	number_mca_channels	1024.000000	no:	gap_time	0.150000	m-sec	trigger_peaking_time	0.200000	m-sec	GAINDAC	18610		HIGHGAIN	1		TAURC	1		RCTAU	1		RCTAUFRAC	1		livetime	9.512799	seconds	runtime	10.000494	seconds	input_count_rate	21286.058472	cps	output_count_rate	17866.316689	cps	triggers	202490	seconds	events_in_run	178672	seconds	channel	content		1	0
2	0
3	0
4	0
5	0
6	0
7	0
8	0
9	0
10	0
11	0
12	0
13	0
14	0
15	0
16	0
17	0
18	0
19	0
20	0
21	0
22	0
23	0
24	0
25	0
26	0
27	0
28	0
29	0
30	0
31	17
32	4
33	16
34	8
35	18
36	9
37	8
38	9
39	15
40	6
41	9
42	11
43	8
44	8
45	9
46	17
47	8
48	14
49	9
50	11
51	10
52	11
53	7
54	11
55	9
56	9
57	7
58	10
59	11
60	9
61	8
62	13
63	10
64	11
65	12
66	5
67	6
68	8
69	1
70	10
71	7
72	8
73	5
74	6
75	13
76	2
77	9
78	5
79	14
80	8
81	10
82	6
83	4
84	6
85	11
86	7
87	6
88	4
89	4
90	5
91	6
92	8
93	15
94	8
95	15
96	17
97	13
98	9
99	6
100	12
101	5
102	7
103	8
104	7
105	11
106	5
107	9
108	6
109	13
110	7
111	3
112	5
113	9
114	5
115	3
116	9
117	5
118	3
119	8
120	2
121	3
122	11
123	6
124	10
125	5
126	4
127	4
128	8
129	2
130	4
131	3
132	5
133	2
134	1
135	2
136	4
137	1
138	4
139	0
140	8
141	5
142	3
143	3
144	4
145	1
146	2
147	8
148	7
149	9
150	2
151	3
152	10
153	8
154	7
155	7
156	8
157	5
158	9
159	11
160	14
161	29
162	24
163	37
164	21
165	23
166	17
167	12
168	9
169	3
170	8
171	5
172	9
173	6
174	6
175	6
176	5
177	6
178	13
179	12
180	14
181	23
182	20
183	23
184	17
185	19
186	15
187	6
188	4
189	2
190	8
191	2
192	2
193	6
194	9
195	16
196	37
197	85
198	119
199	224
200	311
201	415
202	472
203	497
204	466
205	392
206	276
207	197
208	107
209	53
210	34
211	15
212	5
213	8
214	16
215	19
216	42
217	45
218	74
219	59
220	92
221	91
222	67
223	64
224	43
225	25
226	28
227	10
228	9
229	5
230	5
231	5
232	6
233	2
234	6
235	3
236	2
237	2
238	7
239	8
240	20
241	35
242	62
243	95
244	149
245	198
246	239
247	279
248	308
249	263
250	197
251	172
252	130
253	101
254	70
255	55
256	51
257	35
258	24
259	23
260	16
261	18
262	10
263	15
264	19
265	22
266	21
267	35
268	42
269	67
270	66
271	73
272	58
273	58
274	50
275	26
276	25
277	15
278	9
279	14
280	5
281	8
282	11
283	9
284	4
285	9
286	10
287	12
288	15
289	12
290	15
291	22
292	15
293	11
294	14
295	12
296	16
297	17
298	11
299	18
300	14
301	13
302	13
303	14
304	6
305	19
306	10
307	11
308	5
309	6
310	10
311	12
312	12
313	9
314	12
315	18
316	24
317	31
318	38
319	57
320	84
321	83
322	110
323	114
324	110
325	101
326	93
327	62
328	58
329	42
330	39
331	30
332	22
333	32
334	22
335	27
336	26
337	42
338	34
339	79
340	92
341	203
342	373
343	679
344	1153
345	1898
346	2943
347	4150
348	5316
349	6598
350	7414
351	7851
352	7397
353	6440
354	5261
355	3933
356	2710
357	1647
358	993
359	573
360	302
361	158
362	85
363	52
364	39
365	25
366	30
367	36
368	40
369	36
370	41
371	42
372	43
373	42
374	42
375	54
376	79
377	92
378	122
379	201
380	320
381	449
382	602
383	788
384	1002
385	1151
386	1384
387	1310
388	1246
389	1022
390	885
391	635
392	474
393	308
394	187
395	117
396	63
397	41
398	23
399	19
400	22
401	25
402	17
403	15
404	19
405	23
406	27
407	38
408	26
409	27
410	32
411	31
412	22
413	36
414	20
415	29
416	28
417	19
418	20
419	17
420	24
421	22
422	24
423	23
424	24
425	21
426	29
427	24
428	34
429	28
430	23
431	32
432	16
433	32
434	40
435	31
436	35
437	32
438	39
439	36
440	48
441	48
442	47
443	45
444	38
445	48
446	34
447	47
448	44
449	51
450	40
451	52
452	42
453	51
454	46
455	59
456	61
457	74
458	81
459	80
460	72
461	69
462	81
463	56
464	57
465	59
466	48
467	47
468	39
469	56
470	51
471	42
472	57
473	53
474	51
475	59
476	45
477	52
478	44
479	52
480	56
481	36
482	57
483	37
484	46
485	44
486	56
487	33
488	41
489	40
490	60
491	41
492	60
493	44
494	40
495	49
496	45
497	59
498	49
499	57
500	50
501	54
502	58
503	58
504	54
505	53
506	54
507	49
508	65
509	58
510	49
511	52
512	55
513	49
514	54
515	53
516	50
517	62
518	77
519	76
520	58
521	66
522	71
523	68
524	70
525	82
526	67
527	78
528	68
529	83
530	76
531	81
532	62
533	60
534	71
535	61
536	67
537	66
538	52
539	56
540	67
541	66
542	68
543	66
544	65
545	78
546	59
547	63
548	73
549	82
550	74
551	53
552	72
553	65
554	50
555	58
556	65
557	53
558	71
559	61
560	47
561	56
562	65
563	55
564	69
565	70
566	65
567	54
568	63
569	62
570	65
571	73
572	85
573	65
574	56
575	72
576	70
577	66
578	64
579	81
580	66
581	73
582	74
583	59
584	77
585	78
586	58
587	64
588	88
589	71
590	64
591	82
592	73
593	73
594	72
595	69
596	65
597	82
598	71
599	71
600	65
601	88
602	74
603	86
604	69
605	84
606	70
607	93
608	72
609	84
610	81
611	72
612	97
613	75
614	80
615	88
616	83
617	67
618	92
619	84
620	78
621	89
622	88
623	77
624	94
625	82
626	73
627	62
628	77
629	78
630	69
631	92
632	71
633	96
634	96
635	98
636	91
637	96
638	88
639	68
640	75
641	81
642	95
643	89
644	80
645	68
646	83
647	90
648	83
649	86
650	78
651	93
652	75
653	63
654	87
655	95
656	95
657	97
658	85
659	86
660	101
661	99
662	69
663	89
664	98
665	97
666	76
667	74
668	96
669	85
670	102
671	82
672	88
673	95
674	85
675	81
676	89
677	93
678	90
679	101
680	73
681	121
682	87
683	84
684	114
685	109
686	105
687	86
688	100
689	80
690	87
691	80
692	96
693	80
694	112
695	104
696	98
697	85
698	102
699	100
700	110
701	94
702	107
703	104
704	108
705	102
706	98
707	102
708	94
709	105
710	106
711	107
712	98
713	94
714	111
715	97
716	105
717	123
718	112
719	94
720	97
721	120
722	117
723	102
724	99
725	100
726	107
727	104
728	114
729	107
730	107
731	116
732	116
733	100
734	113
735	105
736	102
737	98
738	93
739	105
740	129
741	108
742	113
743	105
744	107
745	113
746	115
747	112
748	107
749	115
750	108
751	123
752	112
753	83
754	117
755	102
756	120
757	112
758	105
759	95
760	124
761	106
762	118
763	139
764	148
765	151
766	187
767	181
768	172
769	238
770	233
771	257
772	265
773	244
774	261
775	241
776	232
777	224
778	196
779	217
780	167
781	162
782	145
783	134
784	121
785	122
786	103
787	122
788	95
789	132
790	111
791	102
792	110
793	100
794	109
795	128
796	108
797	120
798	115
799	135
800	99
801	111
802	116
803	133
804	121
805	125
806	117
807	147
808	112
809	118
810	113
811	101
812	131
813	119
814	129
815	128
816	120
817	125
818	123
819	102
820	130
821	115
822	132
823	110
824	111
825	106
826	119
827	116
828	102
829	132
830	121
831	115
832	110
833	110
834	115
835	108
836	110
837	122
838	121
839	137
840	129
841	107
842	82
843	128
844	123
845	120
846	125
847	126
848	126
849	136
850	125
851	140
852	138
853	143
854	136
855	158
856	153
857	170
858	149
859	178
860	161
861	165
862	174
863	182
864	216
865	220
866	198
867	212
868	187
869	193
870	194
871	195
872	174
873	204
874	182
875	181
876	205
877	184
878	192
879	222
880	217
881	238
882	220
883	244
884	254
885	297
886	280
887	305
888	324
889	351
890	361
891	339
892	368
893	355
894	422
895	420
896	369
897	421
898	446
899	472
900	417
901	421
902	434
903	440
904	427
905	376
906	417
907	392
908	376
909	391
910	375
911	341
912	312
913	298
914	293
915	294
916	282
917	251
918	273
919	224
920	222
921	240
922	203
923	191
924	173
925	182
926	161
927	180
928	178
929	134
930	137
931	147
932	136
933	156
934	138
935	145
936	136
937	141
938	115
939	135
940	146
941	154
942	183
943	170
944	185
945	199
946	233
947	264
948	272
949	311
950	359
951	340
952	367
953	391
954	394
955	380
956	366
957	374
958	340
959	284
960	244
961	243
962	206
963	196
964	181
965	144
966	146
967	125
968	122
969	127
970	115
971	108
972	111
973	90
974	102
975	127
976	106
977	91
978	91
979	100
980	115
981	107
982	116
983	108
984	118
985	112
986	130
987	119
988	111
989	128
990	119
991	132
992	135
993	136
994	130
995	135
996	153
997	122
998	136
999	144
1000	166
1001	161
1002	132
1003	146
1004	150
1005	153
1006	128
1007	140
1008	125
1009	133
1010	139
1011	110
1012	125
1013	146
1014	122
1015	137
1016	120
1017	118
1018	118
1019	100
1020	103
1021	92
1022	122
1023	126
1024	82
