Date:	08/05/2018		Time:	17:50		Version no:	0.00		Project name:	55		Sample name:	222		Section name:	section		Position	75.715034	mm	E0	0.000000	keV	E1	1.000000	keV/channel	sample surface	5.954406	cm	Tube anode:	Mo		Tube voltage:	30	kV	Tube current:	50	mA	gain	10		std. database			resultfile	result		matrix element	11		sample thickness	1.000000		air passage	0.560000	cm	comments	in position		peaking_time	2.200000	m-sec	trigger_threshold	547.363281	V	mca_bin_width	22.090000	no:	number_mca_channels	1024.000000	no:	gap_time	0.150000	m-sec	trigger_peaking_time	0.200000	m-sec	GAINDAC	18610		HIGHGAIN	1		TAURC	1		RCTAU	1		RCTAUFRAC	1		livetime	9.462785	seconds	runtime	10.000490	seconds	input_count_rate	23655.932659	cps	output_count_rate	19504.945038	cps	triggers	223851	seconds	events_in_run	195059	seconds	channel	content		1	0
2	0
3	0
4	0
5	0
6	0
7	0
8	0
9	0
10	0
11	0
12	0
13	0
14	0
15	0
16	0
17	0
18	0
19	0
20	0
21	0
22	0
23	0
24	0
25	0
26	0
27	0
28	0
29	0
30	0
31	7
32	18
33	21
34	10
35	9
36	14
37	10
38	13
39	16
40	13
41	12
42	14
43	10
44	15
45	14
46	11
47	11
48	11
49	10
50	15
51	13
52	15
53	8
54	4
55	10
56	10
57	11
58	8
59	7
60	11
61	8
62	9
63	8
64	3
65	10
66	10
67	4
68	4
69	6
70	15
71	8
72	9
73	9
74	6
75	5
76	4
77	8
78	13
79	9
80	12
81	4
82	5
83	7
84	10
85	7
86	11
87	8
88	6
89	6
90	1
91	7
92	8
93	9
94	18
95	20
96	24
97	12
98	14
99	16
100	13
101	7
102	8
103	8
104	11
105	10
106	10
107	9
108	9
109	5
110	6
111	5
112	8
113	7
114	5
115	4
116	3
117	6
118	5
119	2
120	5
121	4
122	4
123	8
124	3
125	2
126	7
127	8
128	3
129	2
130	7
131	4
132	5
133	2
134	2
135	4
136	2
137	5
138	4
139	11
140	3
141	3
142	7
143	6
144	4
145	3
146	2
147	3
148	6
149	4
150	5
151	9
152	7
153	6
154	6
155	6
156	11
157	8
158	4
159	15
160	19
161	14
162	36
163	25
164	27
165	19
166	20
167	13
168	7
169	14
170	3
171	6
172	4
173	6
174	5
175	9
176	12
177	9
178	15
179	17
180	11
181	19
182	29
183	20
184	16
185	28
186	8
187	6
188	9
189	3
190	5
191	6
192	8
193	6
194	9
195	11
196	38
197	79
198	113
199	244
200	338
201	473
202	521
203	514
204	488
205	422
206	307
207	219
208	107
209	73
210	41
211	19
212	12
213	12
214	14
215	32
216	44
217	48
218	61
219	82
220	105
221	90
222	70
223	62
224	58
225	29
226	24
227	13
228	10
229	5
230	2
231	5
232	4
233	1
234	4
235	4
236	1
237	7
238	10
239	7
240	23
241	28
242	51
243	95
244	131
245	187
246	237
247	258
248	293
249	275
250	201
251	170
252	129
253	92
254	74
255	55
256	49
257	34
258	31
259	19
260	22
261	13
262	9
263	11
264	15
265	26
266	28
267	40
268	54
269	63
270	63
271	67
272	61
273	42
274	43
275	28
276	18
277	18
278	12
279	7
280	10
281	7
282	14
283	8
284	10
285	1
286	10
287	14
288	18
289	14
290	21
291	13
292	23
293	15
294	25
295	13
296	22
297	24
298	16
299	15
300	19
301	12
302	15
303	15
304	13
305	21
306	16
307	15
308	20
309	14
310	12
311	16
312	14
313	16
314	24
315	28
316	31
317	34
318	57
319	85
320	116
321	148
322	183
323	164
324	162
325	146
326	146
327	125
328	90
329	63
330	41
331	34
332	29
333	26
334	34
335	27
336	36
337	39
338	56
339	79
340	110
341	218
342	404
343	789
344	1274
345	2175
346	3281
347	4707
348	6305
349	7722
350	8370
351	8748
352	8268
353	7135
354	5745
355	4327
356	2981
357	1904
358	1144
359	630
360	300
361	191
362	103
363	68
364	51
365	40
366	43
367	32
368	39
369	55
370	33
371	41
372	55
373	46
374	59
375	69
376	90
377	112
378	156
379	262
380	340
381	498
382	673
383	926
384	1068
385	1314
386	1385
387	1454
388	1354
389	1158
390	986
391	728
392	514
393	318
394	203
395	135
396	74
397	56
398	38
399	25
400	16
401	26
402	27
403	29
404	29
405	26
406	31
407	24
408	38
409	31
410	30
411	31
412	38
413	35
414	32
415	35
416	31
417	26
418	27
419	25
420	26
421	37
422	28
423	30
424	28
425	27
426	33
427	33
428	33
429	28
430	38
431	32
432	28
433	46
434	23
435	38
436	38
437	58
438	55
439	45
440	55
441	44
442	62
443	70
444	56
445	60
446	51
447	65
448	60
449	53
450	68
451	58
452	64
453	53
454	75
455	61
456	68
457	83
458	64
459	82
460	69
461	67
462	68
463	76
464	59
465	38
466	63
467	52
468	54
469	55
470	64
471	59
472	81
473	58
474	55
475	57
476	66
477	43
478	55
479	43
480	38
481	53
482	34
483	37
484	52
485	58
486	41
487	44
488	65
489	64
490	61
491	58
492	47
493	38
494	47
495	42
496	55
497	46
498	56
499	59
500	51
501	60
502	61
503	56
504	66
505	69
506	60
507	57
508	62
509	81
510	73
511	65
512	62
513	61
514	66
515	58
516	86
517	67
518	68
519	72
520	78
521	72
522	75
523	88
524	83
525	88
526	77
527	80
528	83
529	92
530	95
531	84
532	96
533	94
534	77
535	76
536	77
537	63
538	70
539	70
540	88
541	74
542	85
543	59
544	85
545	77
546	78
547	81
548	54
549	66
550	57
551	80
552	61
553	72
554	73
555	75
556	69
557	71
558	67
559	91
560	70
561	56
562	78
563	63
564	70
565	80
566	68
567	67
568	62
569	76
570	73
571	65
572	72
573	63
574	79
575	71
576	88
577	74
578	70
579	60
580	59
581	68
582	74
583	78
584	82
585	77
586	75
587	77
588	86
589	76
590	73
591	81
592	72
593	88
594	90
595	67
596	90
597	87
598	76
599	78
600	88
601	88
602	87
603	82
604	77
605	82
606	86
607	93
608	100
609	82
610	101
611	79
612	77
613	71
614	101
615	108
616	92
617	78
618	86
619	91
620	97
621	76
622	85
623	98
624	86
625	70
626	100
627	87
628	90
629	89
630	86
631	95
632	92
633	97
634	85
635	94
636	96
637	81
638	98
639	89
640	80
641	95
642	78
643	88
644	89
645	84
646	88
647	89
648	114
649	102
650	99
651	82
652	115
653	106
654	98
655	87
656	106
657	81
658	90
659	93
660	94
661	83
662	84
663	100
664	102
665	92
666	75
667	99
668	107
669	116
670	98
671	80
672	85
673	90
674	97
675	88
676	91
677	104
678	87
679	97
680	93
681	108
682	122
683	121
684	89
685	98
686	119
687	116
688	94
689	103
690	102
691	106
692	95
693	115
694	108
695	113
696	101
697	112
698	122
699	103
700	123
701	118
702	123
703	108
704	118
705	132
706	99
707	114
708	99
709	118
710	93
711	94
712	111
713	116
714	95
715	108
716	101
717	115
718	110
719	102
720	109
721	108
722	115
723	114
724	107
725	129
726	104
727	107
728	110
729	122
730	113
731	134
732	104
733	119
734	113
735	122
736	111
737	117
738	109
739	112
740	86
741	128
742	108
743	105
744	123
745	97
746	115
747	118
748	120
749	121
750	109
751	125
752	117
753	126
754	113
755	111
756	91
757	101
758	118
759	115
760	110
761	124
762	137
763	146
764	152
765	161
766	162
767	179
768	209
769	210
770	211
771	265
772	247
773	256
774	264
775	242
776	266
777	222
778	176
779	224
780	176
781	169
782	140
783	146
784	150
785	114
786	129
787	122
788	129
789	119
790	111
791	132
792	121
793	113
794	102
795	122
796	113
797	125
798	109
799	103
800	140
801	115
802	97
803	129
804	115
805	130
806	137
807	97
808	104
809	129
810	118
811	113
812	150
813	144
814	129
815	130
816	120
817	137
818	109
819	138
820	138
821	103
822	130
823	129
824	129
825	121
826	112
827	126
828	137
829	121
830	103
831	140
832	110
833	109
834	120
835	141
836	124
837	132
838	130
839	126
840	124
841	110
842	109
843	121
844	148
845	127
846	121
847	134
848	135
849	152
850	139
851	148
852	129
853	138
854	146
855	183
856	175
857	156
858	213
859	160
860	195
861	184
862	184
863	193
864	192
865	196
866	179
867	182
868	214
869	189
870	184
871	185
872	173
873	180
874	178
875	182
876	213
877	213
878	226
879	213
880	258
881	234
882	243
883	243
884	282
885	287
886	315
887	291
888	314
889	384
890	382
891	383
892	372
893	412
894	408
895	438
896	459
897	447
898	462
899	451
900	442
901	440
902	498
903	439
904	452
905	460
906	442
907	419
908	409
909	404
910	399
911	369
912	349
913	318
914	319
915	316
916	298
917	259
918	235
919	270
920	248
921	253
922	212
923	229
924	202
925	201
926	197
927	179
928	174
929	169
930	173
931	190
932	149
933	166
934	115
935	137
936	168
937	125
938	126
939	156
940	140
941	151
942	168
943	168
944	215
945	231
946	250
947	292
948	296
949	357
950	351
951	365
952	374
953	411
954	379
955	396
956	378
957	364
958	338
959	269
960	286
961	236
962	196
963	167
964	163
965	145
966	150
967	123
968	123
969	111
970	110
971	120
972	135
973	115
974	94
975	97
976	99
977	125
978	108
979	121
980	115
981	114
982	122
983	118
984	130
985	125
986	110
987	116
988	110
989	116
990	118
991	113
992	141
993	118
994	129
995	134
996	138
997	133
998	132
999	150
1000	158
1001	154
1002	159
1003	180
1004	147
1005	153
1006	146
1007	120
1008	140
1009	141
1010	142
1011	128
1012	144
1013	147
1014	126
1015	120
1016	118
1017	125
1018	122
1019	128
1020	116
1021	103
1022	90
1023	94
1024	86
