Date:	08/05/2018		Time:	19:04		Version no:	0.00		Project name:	55		Sample name:	222		Section name:	section		Position	153.315033	mm	E0	0.000000	keV	E1	1.000000	keV/channel	sample surface	5.903276	cm	Tube anode:	Mo		Tube voltage:	30	kV	Tube current:	50	mA	gain	10		std. database			resultfile	result		matrix element	11		sample thickness	1.000000		air passage	0.560000	cm	comments	in position		peaking_time	2.200000	m-sec	trigger_threshold	547.363281	V	mca_bin_width	22.090000	no:	number_mca_channels	1024.000000	no:	gap_time	0.150000	m-sec	trigger_peaking_time	0.200000	m-sec	GAINDAC	18610		HIGHGAIN	1		TAURC	1		RCTAU	1		RCTAUFRAC	1		livetime	9.487458	seconds	runtime	10.000494	seconds	input_count_rate	21790.347711	cps	output_count_rate	18185.102383	cps	triggers	206735	seconds	events_in_run	181860	seconds	channel	content		1	0
2	0
3	0
4	0
5	0
6	0
7	0
8	0
9	0
10	0
11	0
12	0
13	0
14	0
15	0
16	0
17	0
18	0
19	0
20	0
21	0
22	0
23	0
24	0
25	0
26	0
27	0
28	0
29	0
30	0
31	13
32	13
33	13
34	9
35	11
36	11
37	12
38	8
39	14
40	10
41	17
42	13
43	16
44	6
45	14
46	12
47	13
48	8
49	14
50	12
51	11
52	2
53	11
54	6
55	7
56	13
57	17
58	6
59	8
60	10
61	5
62	16
63	12
64	11
65	10
66	11
67	7
68	9
69	6
70	10
71	4
72	6
73	7
74	5
75	11
76	9
77	4
78	7
79	8
80	9
81	13
82	9
83	9
84	8
85	11
86	7
87	6
88	8
89	5
90	5
91	5
92	5
93	10
94	7
95	6
96	15
97	11
98	9
99	5
100	5
101	5
102	9
103	8
104	7
105	6
106	4
107	3
108	9
109	5
110	5
111	11
112	4
113	6
114	5
115	4
116	5
117	4
118	6
119	6
120	1
121	2
122	7
123	5
124	4
125	4
126	6
127	5
128	3
129	6
130	3
131	2
132	8
133	6
134	0
135	3
136	4
137	7
138	5
139	8
140	8
141	3
142	5
143	7
144	2
145	4
146	5
147	6
148	10
149	2
150	4
151	5
152	9
153	6
154	4
155	5
156	11
157	7
158	9
159	16
160	15
161	29
162	21
163	33
164	31
165	23
166	20
167	16
168	10
169	8
170	6
171	4
172	6
173	6
174	4
175	10
176	6
177	8
178	8
179	11
180	14
181	17
182	16
183	14
184	20
185	12
186	9
187	4
188	1
189	2
190	4
191	6
192	2
193	7
194	7
195	16
196	28
197	50
198	80
199	137
200	179
201	291
202	304
203	316
204	305
205	248
206	180
207	112
208	87
209	54
210	29
211	13
212	4
213	9
214	9
215	11
216	21
217	28
218	41
219	43
220	68
221	51
222	57
223	46
224	27
225	25
226	16
227	16
228	6
229	5
230	3
231	5
232	7
233	5
234	4
235	4
236	6
237	5
238	5
239	7
240	15
241	30
242	55
243	89
244	127
245	194
246	234
247	226
248	280
249	201
250	203
251	162
252	116
253	67
254	77
255	52
256	39
257	27
258	32
259	16
260	18
261	14
262	13
263	10
264	16
265	18
266	23
267	42
268	44
269	42
270	64
271	56
272	58
273	50
274	34
275	29
276	22
277	16
278	15
279	17
280	8
281	10
282	5
283	6
284	6
285	3
286	7
287	14
288	8
289	9
290	13
291	11
292	17
293	9
294	10
295	16
296	16
297	7
298	13
299	12
300	24
301	9
302	9
303	14
304	12
305	16
306	13
307	8
308	16
309	8
310	12
311	15
312	5
313	14
314	14
315	17
316	13
317	37
318	39
319	54
320	75
321	94
322	89
323	126
324	109
325	98
326	87
327	80
328	52
329	40
330	34
331	27
332	25
333	27
334	25
335	20
336	37
337	47
338	46
339	68
340	108
341	163
342	321
343	663
344	1143
345	1909
346	2737
347	4104
348	5392
349	6542
350	7232
351	7379
352	7246
353	6228
354	5007
355	3689
356	2621
357	1707
358	925
359	537
360	278
361	170
362	83
363	66
364	44
365	38
366	33
367	39
368	28
369	36
370	23
371	34
372	40
373	42
374	54
375	66
376	77
377	102
378	147
379	193
380	260
381	405
382	595
383	793
384	967
385	1187
386	1208
387	1267
388	1173
389	1004
390	826
391	615
392	474
393	297
394	195
395	104
396	59
397	55
398	28
399	30
400	31
401	25
402	20
403	25
404	27
405	27
406	26
407	36
408	30
409	38
410	27
411	26
412	34
413	33
414	36
415	30
416	26
417	36
418	26
419	26
420	26
421	34
422	26
423	25
424	25
425	30
426	22
427	33
428	27
429	29
430	34
431	42
432	37
433	40
434	37
435	51
436	45
437	48
438	52
439	54
440	49
441	52
442	53
443	70
444	60
445	44
446	49
447	49
448	53
449	39
450	41
451	44
452	37
453	48
454	66
455	53
456	58
457	68
458	81
459	63
460	74
461	65
462	68
463	73
464	62
465	68
466	37
467	37
468	42
469	46
470	51
471	60
472	64
473	51
474	63
475	52
476	55
477	39
478	51
479	41
480	45
481	37
482	43
483	41
484	48
485	50
486	33
487	41
488	50
489	51
490	41
491	62
492	55
493	45
494	50
495	49
496	46
497	57
498	60
499	59
500	62
501	57
502	44
503	51
504	53
505	52
506	63
507	57
508	54
509	73
510	59
511	51
512	81
513	54
514	64
515	73
516	67
517	69
518	56
519	65
520	71
521	72
522	68
523	82
524	79
525	85
526	73
527	81
528	88
529	78
530	72
531	81
532	85
533	90
534	88
535	78
536	67
537	72
538	60
539	59
540	68
541	75
542	61
543	73
544	64
545	68
546	65
547	79
548	66
549	66
550	77
551	66
552	64
553	75
554	73
555	57
556	58
557	55
558	48
559	62
560	73
561	60
562	58
563	68
564	66
565	70
566	68
567	59
568	69
569	56
570	59
571	57
572	69
573	93
574	57
575	70
576	77
577	66
578	61
579	85
580	70
581	60
582	81
583	87
584	70
585	76
586	58
587	89
588	76
589	66
590	86
591	80
592	81
593	75
594	78
595	84
596	93
597	81
598	88
599	87
600	73
601	84
602	85
603	80
604	85
605	70
606	82
607	70
608	81
609	92
610	77
611	79
612	91
613	95
614	88
615	90
616	95
617	93
618	75
619	64
620	79
621	109
622	94
623	101
624	100
625	76
626	80
627	91
628	76
629	86
630	96
631	82
632	72
633	74
634	83
635	87
636	94
637	89
638	84
639	92
640	101
641	86
642	96
643	100
644	88
645	91
646	95
647	96
648	99
649	84
650	83
651	97
652	84
653	92
654	97
655	95
656	98
657	98
658	83
659	91
660	79
661	85
662	84
663	116
664	104
665	93
666	88
667	88
668	99
669	105
670	102
671	84
672	84
673	108
674	87
675	90
676	85
677	97
678	98
679	106
680	85
681	92
682	101
683	116
684	91
685	90
686	110
687	100
688	104
689	98
690	96
691	119
692	104
693	93
694	100
695	95
696	121
697	109
698	98
699	107
700	115
701	94
702	110
703	115
704	97
705	104
706	117
707	97
708	106
709	106
710	121
711	102
712	104
713	114
714	106
715	108
716	89
717	98
718	98
719	132
720	106
721	106
722	88
723	117
724	130
725	127
726	102
727	122
728	129
729	122
730	122
731	149
732	136
733	116
734	121
735	130
736	122
737	109
738	122
739	103
740	118
741	108
742	108
743	103
744	104
745	113
746	134
747	106
748	131
749	111
750	101
751	109
752	131
753	102
754	86
755	106
756	122
757	115
758	127
759	103
760	130
761	130
762	154
763	130
764	143
765	162
766	167
767	165
768	199
769	218
770	224
771	230
772	244
773	234
774	266
775	283
776	254
777	242
778	221
779	199
780	176
781	174
782	153
783	144
784	136
785	122
786	118
787	103
788	123
789	106
790	131
791	116
792	104
793	108
794	120
795	97
796	125
797	124
798	105
799	121
800	125
801	137
802	112
803	126
804	124
805	124
806	121
807	131
808	128
809	125
810	131
811	143
812	126
813	131
814	139
815	133
816	132
817	146
818	124
819	139
820	131
821	144
822	129
823	117
824	139
825	130
826	145
827	139
828	132
829	132
830	132
831	130
832	127
833	138
834	134
835	140
836	134
837	115
838	147
839	135
840	136
841	132
842	138
843	139
844	132
845	143
846	144
847	161
848	143
849	131
850	137
851	140
852	130
853	147
854	137
855	170
856	169
857	173
858	161
859	190
860	203
861	189
862	192
863	202
864	201
865	202
866	213
867	206
868	188
869	207
870	199
871	222
872	191
873	218
874	219
875	199
876	199
877	200
878	202
879	246
880	230
881	270
882	263
883	279
884	305
885	292
886	309
887	321
888	351
889	391
890	373
891	404
892	443
893	444
894	457
895	484
896	473
897	463
898	488
899	494
900	491
901	466
902	478
903	501
904	487
905	499
906	454
907	465
908	424
909	404
910	411
911	410
912	372
913	363
914	322
915	352
916	305
917	279
918	274
919	256
920	231
921	248
922	207
923	220
924	207
925	187
926	207
927	176
928	204
929	161
930	167
931	165
932	172
933	163
934	147
935	162
936	148
937	158
938	151
939	157
940	179
941	161
942	164
943	178
944	196
945	216
946	284
947	260
948	295
949	332
950	370
951	395
952	392
953	400
954	408
955	391
956	393
957	312
958	340
959	328
960	274
961	271
962	210
963	194
964	166
965	143
966	139
967	153
968	130
969	134
970	118
971	96
972	131
973	135
974	113
975	118
976	133
977	118
978	136
979	131
980	127
981	134
982	146
983	106
984	128
985	111
986	113
987	153
988	139
989	136
990	135
991	131
992	136
993	149
994	147
995	154
996	159
997	138
998	174
999	162
1000	157
1001	197
1002	162
1003	158
1004	155
1005	143
1006	171
1007	151
1008	135
1009	180
1010	145
1011	128
1012	149
1013	150
1014	153
1015	157
1016	129
1017	137
1018	144
1019	109
1020	112
1021	118
1022	125
1023	99
1024	131
