Date:	08/05/2018		Time:	19:35		Version no:	0.00		Project name:	55		Sample name:	222		Section name:	section		Position	185.915024	mm	E0	0.000000	keV	E1	1.000000	keV/channel	sample surface	5.895284	cm	Tube anode:	Mo		Tube voltage:	30	kV	Tube current:	50	mA	gain	10		std. database			resultfile	result		matrix element	11		sample thickness	1.000000		air passage	0.560000	cm	comments	in position		peaking_time	2.200000	m-sec	trigger_threshold	547.363281	V	mca_bin_width	22.090000	no:	number_mca_channels	1024.000000	no:	gap_time	0.150000	m-sec	trigger_peaking_time	0.200000	m-sec	GAINDAC	18610		HIGHGAIN	1		TAURC	1		RCTAU	1		RCTAUFRAC	1		livetime	9.457245	seconds	runtime	10.000495	seconds	input_count_rate	23101.971517	cps	output_count_rate	19011.258562	cps	triggers	218481	seconds	events_in_run	190122	seconds	channel	content		1	0
2	0
3	0
4	0
5	0
6	0
7	0
8	0
9	0
10	0
11	0
12	0
13	0
14	0
15	0
16	0
17	0
18	0
19	0
20	0
21	0
22	0
23	0
24	0
25	0
26	0
27	0
28	0
29	0
30	0
31	15
32	21
33	12
34	13
35	18
36	13
37	15
38	13
39	14
40	17
41	16
42	10
43	17
44	16
45	9
46	8
47	14
48	13
49	13
50	16
51	11
52	13
53	15
54	16
55	7
56	16
57	14
58	12
59	16
60	13
61	9
62	8
63	6
64	10
65	9
66	11
67	9
68	8
69	11
70	11
71	12
72	11
73	10
74	11
75	4
76	9
77	9
78	9
79	8
80	9
81	16
82	11
83	13
84	7
85	7
86	5
87	9
88	2
89	7
90	4
91	5
92	11
93	6
94	12
95	21
96	19
97	15
98	13
99	8
100	6
101	6
102	9
103	5
104	8
105	5
106	9
107	14
108	11
109	6
110	7
111	6
112	4
113	5
114	5
115	3
116	4
117	8
118	4
119	7
120	2
121	3
122	8
123	4
124	6
125	5
126	6
127	2
128	5
129	6
130	3
131	4
132	6
133	6
134	3
135	3
136	2
137	2
138	0
139	2
140	1
141	5
142	4
143	3
144	5
145	7
146	7
147	1
148	5
149	4
150	1
151	2
152	9
153	7
154	6
155	4
156	5
157	8
158	7
159	11
160	14
161	17
162	21
163	34
164	29
165	22
166	17
167	11
168	5
169	11
170	4
171	4
172	2
173	3
174	6
175	6
176	8
177	8
178	10
179	8
180	15
181	10
182	14
183	22
184	25
185	10
186	14
187	9
188	4
189	6
190	2
191	7
192	4
193	6
194	11
195	18
196	34
197	52
198	92
199	137
200	205
201	268
202	311
203	325
204	307
205	267
206	183
207	146
208	70
209	42
210	19
211	15
212	9
213	18
214	17
215	15
216	19
217	42
218	46
219	52
220	53
221	68
222	53
223	47
224	32
225	21
226	11
227	8
228	3
229	10
230	4
231	1
232	5
233	7
234	4
235	8
236	5
237	6
238	6
239	9
240	10
241	18
242	32
243	64
244	94
245	108
246	140
247	142
248	150
249	162
250	128
251	113
252	63
253	53
254	42
255	45
256	32
257	32
258	21
259	25
260	17
261	13
262	11
263	12
264	11
265	23
266	12
267	31
268	30
269	43
270	33
271	39
272	45
273	37
274	27
275	25
276	17
277	8
278	6
279	16
280	9
281	9
282	7
283	13
284	6
285	7
286	13
287	13
288	14
289	16
290	12
291	17
292	18
293	12
294	22
295	18
296	19
297	9
298	12
299	20
300	18
301	12
302	16
303	18
304	13
305	11
306	8
307	8
308	13
309	10
310	11
311	8
312	4
313	13
314	19
315	21
316	32
317	44
318	44
319	86
320	128
321	135
322	144
323	175
324	192
325	157
326	118
327	77
328	99
329	43
330	43
331	27
332	28
333	32
334	27
335	24
336	37
337	44
338	54
339	64
340	113
341	206
342	377
343	682
344	1187
345	1889
346	2898
347	4142
348	5283
349	6593
350	7526
351	7768
352	7287
353	6403
354	5166
355	3854
356	2669
357	1757
358	1014
359	531
360	306
361	168
362	97
363	66
364	43
365	41
366	42
367	31
368	39
369	45
370	39
371	42
372	48
373	51
374	54
375	82
376	79
377	94
378	147
379	202
380	299
381	458
382	619
383	773
384	1070
385	1202
386	1260
387	1330
388	1215
389	1096
390	890
391	653
392	471
393	313
394	219
395	135
396	77
397	45
398	36
399	26
400	25
401	25
402	16
403	16
404	28
405	32
406	33
407	30
408	33
409	38
410	39
411	30
412	29
413	30
414	33
415	38
416	24
417	19
418	33
419	33
420	30
421	34
422	31
423	35
424	29
425	28
426	26
427	28
428	40
429	28
430	38
431	33
432	35
433	43
434	36
435	47
436	52
437	56
438	63
439	59
440	65
441	75
442	57
443	60
444	69
445	62
446	59
447	54
448	53
449	54
450	59
451	44
452	60
453	62
454	50
455	73
456	64
457	48
458	69
459	75
460	81
461	62
462	48
463	59
464	56
465	53
466	50
467	58
468	52
469	53
470	56
471	50
472	65
473	54
474	56
475	48
476	67
477	34
478	67
479	35
480	48
481	56
482	37
483	42
484	48
485	55
486	70
487	53
488	49
489	45
490	39
491	50
492	70
493	45
494	51
495	49
496	59
497	49
498	51
499	51
500	52
501	76
502	74
503	80
504	50
505	71
506	72
507	65
508	73
509	72
510	58
511	74
512	63
513	69
514	76
515	68
516	73
517	77
518	58
519	52
520	72
521	72
522	70
523	93
524	82
525	95
526	73
527	74
528	88
529	101
530	81
531	96
532	82
533	88
534	87
535	67
536	78
537	76
538	71
539	76
540	94
541	86
542	66
543	77
544	78
545	80
546	88
547	80
548	80
549	78
550	80
551	51
552	54
553	57
554	75
555	64
556	77
557	77
558	53
559	59
560	69
561	70
562	81
563	79
564	73
565	72
566	69
567	71
568	63
569	65
570	88
571	81
572	68
573	86
574	76
575	100
576	72
577	78
578	76
579	87
580	72
581	82
582	74
583	93
584	75
585	72
586	88
587	84
588	100
589	86
590	75
591	82
592	91
593	96
594	83
595	84
596	73
597	85
598	72
599	84
600	96
601	79
602	77
603	90
604	92
605	98
606	82
607	107
608	90
609	92
610	106
611	83
612	63
613	94
614	86
615	97
616	103
617	103
618	85
619	92
620	83
621	92
622	99
623	100
624	86
625	103
626	99
627	91
628	97
629	92
630	86
631	94
632	98
633	86
634	95
635	102
636	95
637	94
638	101
639	110
640	107
641	91
642	70
643	92
644	101
645	103
646	107
647	104
648	106
649	114
650	89
651	93
652	115
653	102
654	91
655	105
656	95
657	94
658	118
659	99
660	116
661	97
662	109
663	99
664	96
665	124
666	98
667	88
668	94
669	104
670	113
671	103
672	103
673	119
674	93
675	110
676	105
677	112
678	98
679	88
680	137
681	96
682	112
683	114
684	110
685	102
686	111
687	95
688	113
689	112
690	112
691	126
692	104
693	102
694	114
695	99
696	134
697	113
698	113
699	116
700	107
701	114
702	121
703	134
704	125
705	117
706	144
707	112
708	113
709	113
710	130
711	106
712	113
713	129
714	105
715	127
716	102
717	107
718	112
719	136
720	98
721	91
722	126
723	129
724	127
725	110
726	116
727	116
728	114
729	120
730	108
731	130
732	120
733	120
734	133
735	125
736	125
737	125
738	125
739	135
740	108
741	133
742	141
743	133
744	148
745	122
746	126
747	133
748	130
749	128
750	136
751	126
752	136
753	125
754	119
755	107
756	112
757	122
758	121
759	126
760	120
761	127
762	167
763	140
764	145
765	172
766	180
767	200
768	227
769	262
770	262
771	288
772	261
773	324
774	291
775	271
776	256
777	276
778	244
779	217
780	193
781	166
782	165
783	136
784	132
785	126
786	116
787	122
788	138
789	121
790	127
791	103
792	121
793	115
794	120
795	131
796	136
797	118
798	119
799	140
800	132
801	108
802	110
803	122
804	131
805	157
806	114
807	103
808	135
809	130
810	139
811	141
812	145
813	146
814	128
815	149
816	123
817	133
818	149
819	157
820	142
821	146
822	129
823	127
824	146
825	138
826	118
827	125
828	141
829	117
830	138
831	128
832	142
833	146
834	135
835	151
836	141
837	125
838	130
839	100
840	145
841	153
842	140
843	127
844	138
845	141
846	142
847	145
848	141
849	143
850	136
851	175
852	155
853	169
854	173
855	147
856	165
857	175
858	195
859	216
860	191
861	167
862	203
863	192
864	213
865	218
866	229
867	191
868	205
869	185
870	215
871	225
872	214
873	207
874	196
875	204
876	228
877	239
878	284
879	254
880	265
881	257
882	262
883	288
884	315
885	314
886	322
887	339
888	393
889	378
890	436
891	465
892	424
893	482
894	502
895	500
896	499
897	519
898	543
899	509
900	547
901	567
902	521
903	516
904	453
905	511
906	507
907	511
908	469
909	431
910	460
911	431
912	393
913	363
914	356
915	352
916	311
917	290
918	291
919	296
920	279
921	239
922	230
923	193
924	221
925	216
926	203
927	182
928	200
929	191
930	177
931	170
932	157
933	169
934	144
935	146
936	180
937	163
938	147
939	197
940	188
941	196
942	206
943	195
944	244
945	243
946	252
947	313
948	318
949	327
950	371
951	359
952	425
953	406
954	414
955	411
956	411
957	438
958	326
959	312
960	279
961	262
962	226
963	181
964	179
965	163
966	131
967	146
968	156
969	122
970	127
971	123
972	123
973	132
974	128
975	123
976	124
977	120
978	149
979	136
980	133
981	121
982	123
983	108
984	127
985	125
986	172
987	161
988	151
989	134
990	138
991	137
992	147
993	178
994	155
995	151
996	182
997	143
998	174
999	170
1000	154
1001	162
1002	166
1003	188
1004	146
1005	137
1006	159
1007	158
1008	174
1009	170
1010	167
1011	168
1012	152
1013	148
1014	160
1015	138
1016	144
1017	115
1018	156
1019	145
1020	123
1021	120
1022	117
1023	119
1024	117
