Date:	08/05/2018		Time:	19:40		Version no:	0.00		Project name:	55		Sample name:	222		Section name:	section		Position	191.515030	mm	E0	0.000000	keV	E1	1.000000	keV/channel	sample surface	5.903359	cm	Tube anode:	Mo		Tube voltage:	30	kV	Tube current:	50	mA	gain	10		std. database			resultfile	result		matrix element	11		sample thickness	1.000000		air passage	0.560000	cm	comments	in position		peaking_time	2.200000	m-sec	trigger_threshold	547.363281	V	mca_bin_width	22.090000	no:	number_mca_channels	1024.000000	no:	gap_time	0.150000	m-sec	trigger_peaking_time	0.200000	m-sec	GAINDAC	18610		HIGHGAIN	1		TAURC	1		RCTAU	1		RCTAUFRAC	1		livetime	9.491871	seconds	runtime	10.000495	seconds	input_count_rate	21334.676349	cps	output_count_rate	17815.117795	cps	triggers	202506	seconds	events_in_run	178160	seconds	channel	content		1	0
2	0
3	0
4	0
5	0
6	0
7	0
8	0
9	0
10	0
11	0
12	0
13	0
14	0
15	0
16	0
17	0
18	0
19	0
20	0
21	0
22	0
23	0
24	0
25	0
26	0
27	0
28	0
29	0
30	0
31	11
32	18
33	15
34	13
35	13
36	15
37	12
38	19
39	7
40	14
41	11
42	16
43	9
44	9
45	8
46	17
47	12
48	10
49	14
50	12
51	10
52	15
53	14
54	8
55	15
56	7
57	10
58	13
59	5
60	4
61	9
62	15
63	9
64	10
65	8
66	16
67	12
68	7
69	8
70	6
71	9
72	8
73	4
74	4
75	13
76	4
77	3
78	9
79	10
80	5
81	14
82	16
83	10
84	9
85	10
86	10
87	7
88	3
89	7
90	4
91	7
92	6
93	6
94	14
95	6
96	13
97	10
98	12
99	12
100	5
101	3
102	10
103	10
104	1
105	8
106	15
107	3
108	6
109	7
110	5
111	7
112	2
113	8
114	3
115	3
116	3
117	5
118	2
119	4
120	1
121	5
122	4
123	6
124	5
125	5
126	5
127	4
128	6
129	3
130	5
131	3
132	1
133	5
134	1
135	3
136	2
137	3
138	7
139	5
140	2
141	2
142	4
143	3
144	3
145	4
146	5
147	4
148	6
149	3
150	1
151	5
152	1
153	9
154	6
155	4
156	6
157	4
158	3
159	18
160	19
161	29
162	27
163	32
164	37
165	18
166	15
167	10
168	14
169	7
170	3
171	5
172	4
173	4
174	8
175	12
176	9
177	8
178	4
179	11
180	14
181	12
182	19
183	21
184	23
185	15
186	6
187	6
188	5
189	3
190	5
191	3
192	5
193	5
194	7
195	16
196	19
197	37
198	72
199	122
200	161
201	239
202	329
203	325
204	291
205	259
206	198
207	121
208	80
209	43
210	23
211	8
212	8
213	5
214	9
215	12
216	16
217	28
218	48
219	54
220	43
221	59
222	40
223	53
224	32
225	21
226	13
227	4
228	5
229	6
230	10
231	7
232	8
233	5
234	6
235	4
236	7
237	2
238	6
239	8
240	10
241	15
242	29
243	49
244	67
245	99
246	136
247	130
248	166
249	138
250	118
251	93
252	74
253	49
254	54
255	41
256	41
257	25
258	18
259	23
260	19
261	11
262	8
263	12
264	9
265	12
266	15
267	27
268	35
269	32
270	35
271	49
272	43
273	35
274	29
275	34
276	12
277	19
278	17
279	15
280	6
281	6
282	14
283	12
284	8
285	14
286	15
287	10
288	16
289	10
290	12
291	16
292	13
293	17
294	15
295	15
296	17
297	13
298	19
299	16
300	16
301	22
302	21
303	11
304	6
305	12
306	11
307	8
308	6
309	11
310	15
311	12
312	11
313	12
314	18
315	18
316	26
317	31
318	44
319	72
320	86
321	116
322	138
323	145
324	118
325	125
326	117
327	74
328	69
329	38
330	33
331	31
332	18
333	23
334	28
335	26
336	30
337	39
338	47
339	54
340	85
341	159
342	318
343	638
344	990
345	1711
346	2613
347	3753
348	5031
349	6126
350	6678
351	7009
352	6696
353	5765
354	4730
355	3545
356	2458
357	1507
358	891
359	547
360	286
361	166
362	91
363	40
364	39
365	28
366	28
367	35
368	41
369	33
370	32
371	37
372	46
373	40
374	49
375	56
376	59
377	102
378	134
379	208
380	283
381	393
382	546
383	719
384	923
385	1046
386	1214
387	1157
388	1151
389	966
390	773
391	590
392	410
393	263
394	192
395	123
396	50
397	37
398	39
399	29
400	24
401	25
402	23
403	31
404	40
405	32
406	20
407	49
408	36
409	34
410	29
411	39
412	18
413	35
414	24
415	31
416	18
417	25
418	24
419	21
420	32
421	28
422	20
423	24
424	34
425	33
426	32
427	37
428	33
429	32
430	25
431	44
432	32
433	34
434	47
435	35
436	40
437	49
438	51
439	61
440	53
441	56
442	39
443	51
444	46
445	44
446	52
447	43
448	57
449	39
450	43
451	58
452	41
453	51
454	56
455	50
456	71
457	63
458	71
459	81
460	73
461	50
462	65
463	51
464	52
465	57
466	42
467	35
468	56
469	50
470	46
471	51
472	41
473	54
474	42
475	54
476	64
477	56
478	44
479	49
480	50
481	48
482	47
483	45
484	49
485	46
486	56
487	41
488	51
489	62
490	41
491	45
492	33
493	51
494	42
495	48
496	46
497	36
498	52
499	56
500	57
501	64
502	42
503	51
504	57
505	68
506	68
507	62
508	59
509	57
510	81
511	54
512	64
513	69
514	85
515	83
516	66
517	69
518	74
519	68
520	58
521	78
522	61
523	87
524	70
525	85
526	86
527	79
528	82
529	85
530	89
531	85
532	82
533	77
534	74
535	83
536	81
537	58
538	63
539	65
540	66
541	66
542	54
543	70
544	77
545	79
546	70
547	63
548	93
549	75
550	66
551	65
552	69
553	62
554	72
555	66
556	65
557	64
558	57
559	57
560	62
561	60
562	71
563	47
564	61
565	80
566	74
567	77
568	71
569	67
570	63
571	69
572	71
573	74
574	75
575	67
576	74
577	84
578	70
579	73
580	61
581	87
582	94
583	84
584	68
585	93
586	78
587	84
588	90
589	76
590	82
591	81
592	95
593	83
594	78
595	71
596	77
597	94
598	69
599	77
600	98
601	86
602	87
603	98
604	85
605	79
606	75
607	67
608	80
609	98
610	84
611	91
612	95
613	83
614	83
615	82
616	103
617	82
618	89
619	69
620	90
621	81
622	96
623	92
624	103
625	107
626	100
627	87
628	82
629	89
630	79
631	118
632	107
633	92
634	113
635	99
636	97
637	104
638	106
639	99
640	92
641	105
642	100
643	86
644	101
645	87
646	82
647	113
648	118
649	95
650	84
651	103
652	117
653	90
654	92
655	104
656	96
657	101
658	96
659	102
660	108
661	109
662	80
663	98
664	110
665	96
666	102
667	98
668	87
669	111
670	94
671	96
672	102
673	99
674	106
675	111
676	99
677	95
678	95
679	112
680	106
681	90
682	98
683	111
684	91
685	86
686	99
687	94
688	99
689	127
690	114
691	126
692	114
693	114
694	116
695	99
696	94
697	111
698	113
699	110
700	124
701	105
702	105
703	135
704	122
705	100
706	105
707	128
708	112
709	121
710	134
711	116
712	102
713	121
714	107
715	112
716	99
717	125
718	106
719	118
720	115
721	108
722	101
723	107
724	124
725	95
726	123
727	113
728	135
729	125
730	109
731	126
732	120
733	125
734	133
735	116
736	114
737	120
738	116
739	117
740	116
741	148
742	124
743	110
744	125
745	106
746	106
747	110
748	142
749	134
750	119
751	118
752	130
753	117
754	111
755	119
756	108
757	124
758	121
759	116
760	141
761	117
762	158
763	140
764	129
765	147
766	181
767	208
768	204
769	231
770	268
771	277
772	289
773	287
774	257
775	263
776	274
777	259
778	251
779	204
780	180
781	205
782	172
783	152
784	138
785	127
786	134
787	120
788	131
789	124
790	115
791	118
792	115
793	118
794	114
795	102
796	127
797	117
798	149
799	146
800	144
801	122
802	132
803	140
804	139
805	133
806	137
807	118
808	148
809	135
810	127
811	126
812	138
813	127
814	128
815	146
816	141
817	127
818	125
819	147
820	151
821	127
822	124
823	134
824	143
825	127
826	120
827	136
828	141
829	124
830	147
831	131
832	132
833	155
834	138
835	129
836	135
837	139
838	164
839	153
840	137
841	141
842	131
843	145
844	127
845	141
846	138
847	138
848	151
849	147
850	150
851	150
852	157
853	149
854	158
855	161
856	176
857	161
858	169
859	188
860	180
861	195
862	215
863	219
864	187
865	219
866	207
867	190
868	184
869	221
870	194
871	225
872	197
873	186
874	210
875	228
876	182
877	222
878	201
879	235
880	244
881	259
882	289
883	290
884	319
885	315
886	340
887	328
888	361
889	353
890	404
891	383
892	457
893	468
894	454
895	463
896	515
897	514
898	476
899	511
900	518
901	517
902	558
903	533
904	467
905	487
906	444
907	436
908	411
909	387
910	412
911	412
912	397
913	375
914	364
915	331
916	327
917	300
918	265
919	282
920	264
921	257
922	236
923	247
924	221
925	211
926	214
927	164
928	176
929	184
930	152
931	178
932	158
933	186
934	136
935	177
936	153
937	172
938	161
939	177
940	172
941	179
942	177
943	193
944	235
945	214
946	253
947	289
948	292
949	355
950	310
951	373
952	403
953	378
954	370
955	404
956	372
957	342
958	289
959	275
960	275
961	236
962	202
963	181
964	165
965	153
966	144
967	129
968	111
969	122
970	131
971	118
972	115
973	96
974	118
975	112
976	136
977	118
978	123
979	115
980	139
981	125
982	116
983	127
984	123
985	126
986	111
987	118
988	131
989	139
990	125
991	120
992	144
993	135
994	154
995	155
996	154
997	133
998	161
999	148
1000	159
1001	176
1002	175
1003	155
1004	155
1005	135
1006	165
1007	161
1008	162
1009	154
1010	172
1011	184
1012	146
1013	146
1014	155
1015	121
1016	134
1017	124
1018	130
1019	127
1020	118
1021	127
1022	121
1023	127
1024	100
