Date:	08/05/2018		Time:	18:41		Version no:	0.00		Project name:	55		Sample name:	222		Section name:	section		Position	128.715027	mm	E0	0.000000	keV	E1	1.000000	keV/channel	sample surface	5.906260	cm	Tube anode:	Mo		Tube voltage:	30	kV	Tube current:	50	mA	gain	10		std. database			resultfile	result		matrix element	11		sample thickness	1.000000		air passage	0.560000	cm	comments	in position		peaking_time	2.200000	m-sec	trigger_threshold	547.363281	V	mca_bin_width	22.090000	no:	number_mca_channels	1024.000000	no:	gap_time	0.150000	m-sec	trigger_peaking_time	0.200000	m-sec	GAINDAC	18610		HIGHGAIN	1		TAURC	1		RCTAU	1		RCTAUFRAC	1		livetime	9.443642	seconds	runtime	10.000485	seconds	input_count_rate	23445.510681	cps	output_count_rate	19261.166219	cps	triggers	221411	seconds	events_in_run	192621	seconds	channel	content		1	0
2	0
3	0
4	0
5	0
6	0
7	0
8	0
9	0
10	0
11	0
12	0
13	0
14	0
15	0
16	0
17	0
18	0
19	0
20	0
21	0
22	0
23	0
24	0
25	0
26	0
27	0
28	0
29	0
30	0
31	19
32	19
33	14
34	19
35	17
36	13
37	15
38	19
39	16
40	13
41	13
42	15
43	15
44	11
45	11
46	9
47	11
48	15
49	9
50	14
51	19
52	14
53	23
54	11
55	10
56	11
57	15
58	17
59	9
60	7
61	5
62	17
63	11
64	14
65	9
66	13
67	12
68	11
69	9
70	7
71	6
72	4
73	13
74	8
75	8
76	9
77	10
78	7
79	10
80	7
81	12
82	7
83	9
84	10
85	9
86	7
87	6
88	3
89	4
90	5
91	9
92	11
93	12
94	18
95	19
96	17
97	18
98	11
99	9
100	8
101	3
102	8
103	2
104	7
105	4
106	11
107	16
108	6
109	8
110	8
111	6
112	9
113	5
114	5
115	7
116	6
117	3
118	5
119	7
120	2
121	5
122	3
123	6
124	6
125	2
126	7
127	2
128	8
129	4
130	9
131	4
132	4
133	5
134	4
135	6
136	4
137	3
138	7
139	5
140	2
141	6
142	5
143	1
144	6
145	7
146	4
147	6
148	7
149	2
150	2
151	7
152	3
153	7
154	6
155	6
156	3
157	3
158	6
159	14
160	18
161	16
162	32
163	33
164	23
165	27
166	20
167	10
168	7
169	6
170	2
171	6
172	4
173	6
174	9
175	9
176	6
177	7
178	10
179	17
180	26
181	13
182	16
183	29
184	19
185	17
186	6
187	9
188	11
189	7
190	4
191	6
192	3
193	5
194	6
195	19
196	27
197	56
198	83
199	122
200	187
201	237
202	292
203	307
204	295
205	254
206	180
207	125
208	74
209	39
210	27
211	14
212	11
213	5
214	8
215	13
216	20
217	27
218	32
219	57
220	52
221	57
222	61
223	41
224	29
225	20
226	13
227	8
228	5
229	6
230	5
231	5
232	5
233	8
234	5
235	6
236	6
237	3
238	5
239	7
240	13
241	20
242	37
243	78
244	106
245	158
246	182
247	191
248	182
249	189
250	152
251	125
252	90
253	67
254	45
255	41
256	45
257	37
258	30
259	21
260	19
261	13
262	13
263	10
264	9
265	19
266	20
267	31
268	39
269	55
270	57
271	53
272	51
273	31
274	38
275	18
276	25
277	17
278	9
279	11
280	8
281	9
282	9
283	10
284	11
285	8
286	11
287	10
288	11
289	10
290	14
291	11
292	15
293	16
294	10
295	20
296	11
297	18
298	11
299	19
300	12
301	14
302	17
303	5
304	14
305	10
306	11
307	4
308	5
309	10
310	13
311	11
312	7
313	8
314	21
315	18
316	38
317	34
318	42
319	68
320	82
321	101
322	132
323	123
324	129
325	123
326	98
327	87
328	65
329	65
330	35
331	43
332	35
333	27
334	22
335	36
336	32
337	36
338	56
339	77
340	106
341	180
342	342
343	647
344	1149
345	1840
346	2839
347	4066
348	5451
349	6525
350	7208
351	7589
352	7186
353	6394
354	5113
355	3974
356	2681
357	1738
358	1059
359	579
360	290
361	166
362	81
363	69
364	55
365	43
366	43
367	40
368	37
369	56
370	50
371	44
372	37
373	61
374	50
375	61
376	90
377	98
378	131
379	204
380	270
381	427
382	627
383	826
384	1047
385	1160
386	1230
387	1252
388	1173
389	1061
390	836
391	651
392	472
393	293
394	165
395	119
396	57
397	62
398	31
399	37
400	38
401	34
402	27
403	35
404	28
405	26
406	24
407	30
408	32
409	30
410	31
411	54
412	34
413	36
414	41
415	22
416	45
417	32
418	29
419	39
420	35
421	28
422	34
423	27
424	33
425	36
426	35
427	35
428	36
429	40
430	40
431	37
432	31
433	40
434	35
435	43
436	43
437	44
438	50
439	66
440	59
441	57
442	81
443	50
444	74
445	56
446	46
447	47
448	47
449	49
450	55
451	62
452	70
453	56
454	51
455	48
456	76
457	78
458	84
459	84
460	81
461	69
462	72
463	83
464	52
465	55
466	60
467	57
468	62
469	51
470	47
471	52
472	54
473	49
474	67
475	62
476	64
477	53
478	50
479	62
480	45
481	54
482	54
483	54
484	46
485	51
486	50
487	63
488	47
489	51
490	58
491	52
492	52
493	50
494	59
495	45
496	64
497	36
498	63
499	68
500	70
501	59
502	52
503	65
504	60
505	67
506	61
507	68
508	86
509	67
510	79
511	76
512	73
513	66
514	81
515	68
516	72
517	75
518	79
519	73
520	65
521	84
522	87
523	81
524	97
525	77
526	94
527	81
528	95
529	93
530	103
531	91
532	86
533	89
534	80
535	76
536	76
537	78
538	79
539	68
540	70
541	79
542	75
543	82
544	93
545	96
546	73
547	73
548	98
549	74
550	77
551	68
552	67
553	72
554	77
555	78
556	67
557	71
558	61
559	93
560	80
561	76
562	73
563	80
564	74
565	60
566	85
567	81
568	78
569	82
570	87
571	67
572	77
573	78
574	68
575	87
576	92
577	85
578	78
579	74
580	84
581	75
582	78
583	68
584	76
585	81
586	90
587	97
588	94
589	78
590	83
591	94
592	85
593	99
594	93
595	105
596	72
597	89
598	96
599	114
600	85
601	88
602	90
603	84
604	92
605	71
606	103
607	87
608	92
609	91
610	91
611	108
612	94
613	108
614	95
615	80
616	105
617	110
618	98
619	113
620	91
621	95
622	100
623	118
624	89
625	98
626	90
627	107
628	89
629	90
630	108
631	91
632	96
633	106
634	113
635	84
636	124
637	94
638	107
639	91
640	118
641	104
642	109
643	101
644	88
645	128
646	115
647	119
648	106
649	109
650	114
651	103
652	110
653	104
654	104
655	120
656	121
657	106
658	90
659	101
660	98
661	110
662	110
663	107
664	131
665	98
666	118
667	121
668	113
669	118
670	104
671	86
672	122
673	129
674	103
675	84
676	93
677	96
678	108
679	108
680	119
681	116
682	107
683	101
684	102
685	119
686	123
687	126
688	134
689	125
690	102
691	126
692	116
693	134
694	137
695	112
696	136
697	108
698	115
699	115
700	116
701	119
702	113
703	123
704	119
705	118
706	127
707	117
708	133
709	114
710	118
711	122
712	138
713	123
714	126
715	142
716	108
717	108
718	110
719	136
720	129
721	135
722	120
723	144
724	114
725	138
726	124
727	143
728	144
729	152
730	133
731	131
732	129
733	149
734	133
735	135
736	126
737	138
738	126
739	133
740	131
741	113
742	138
743	148
744	128
745	131
746	119
747	128
748	111
749	118
750	156
751	114
752	125
753	144
754	125
755	132
756	127
757	135
758	101
759	140
760	148
761	167
762	166
763	160
764	135
765	180
766	168
767	188
768	209
769	228
770	235
771	256
772	267
773	245
774	282
775	249
776	252
777	253
778	253
779	206
780	211
781	168
782	178
783	146
784	146
785	149
786	153
787	157
788	120
789	135
790	157
791	133
792	142
793	157
794	146
795	140
796	155
797	141
798	114
799	128
800	131
801	106
802	144
803	137
804	137
805	126
806	129
807	137
808	154
809	146
810	141
811	145
812	149
813	157
814	137
815	137
816	153
817	121
818	138
819	172
820	150
821	143
822	145
823	150
824	137
825	144
826	155
827	153
828	145
829	152
830	150
831	146
832	148
833	149
834	152
835	136
836	133
837	138
838	143
839	157
840	130
841	169
842	143
843	149
844	157
845	155
846	152
847	171
848	150
849	154
850	140
851	157
852	174
853	171
854	164
855	191
856	201
857	190
858	173
859	194
860	169
861	203
862	209
863	237
864	217
865	247
866	202
867	213
868	222
869	210
870	222
871	210
872	221
873	216
874	247
875	240
876	206
877	218
878	229
879	212
880	283
881	291
882	277
883	313
884	332
885	303
886	369
887	375
888	402
889	442
890	418
891	465
892	518
893	527
894	488
895	523
896	580
897	540
898	514
899	566
900	544
901	608
902	558
903	553
904	560
905	506
906	531
907	461
908	488
909	476
910	476
911	430
912	408
913	400
914	372
915	378
916	346
917	334
918	314
919	292
920	301
921	261
922	282
923	243
924	236
925	211
926	229
927	185
928	218
929	182
930	181
931	184
932	187
933	165
934	173
935	160
936	178
937	184
938	148
939	149
940	166
941	182
942	173
943	206
944	205
945	238
946	272
947	282
948	307
949	350
950	354
951	382
952	412
953	412
954	452
955	411
956	382
957	347
958	342
959	338
960	302
961	260
962	244
963	197
964	184
965	170
966	150
967	154
968	120
969	151
970	144
971	138
972	108
973	146
974	148
975	133
976	119
977	106
978	109
979	127
980	131
981	122
982	121
983	136
984	134
985	126
986	139
987	116
988	135
989	146
990	136
991	147
992	149
993	166
994	148
995	175
996	155
997	170
998	185
999	172
1000	173
1001	170
1002	193
1003	171
1004	202
1005	184
1006	185
1007	168
1008	170
1009	148
1010	174
1011	157
1012	168
1013	188
1014	168
1015	143
1016	137
1017	143
1018	137
1019	132
1020	126
1021	128
1022	121
1023	117
1024	116
