Date:	08/05/2018		Time:	17:25		Version no:	0.00		Project name:	55		Sample name:	222		Section name:	section		Position	48.915031	mm	E0	0.000000	keV	E1	1.000000	keV/channel	sample surface	5.795028	cm	Tube anode:	Mo		Tube voltage:	30	kV	Tube current:	50	mA	gain	10		std. database			resultfile	result		matrix element	11		sample thickness	1.000000		air passage	0.560000	cm	comments	in position		peaking_time	2.200000	m-sec	trigger_threshold	547.363281	V	mca_bin_width	22.090000	no:	number_mca_channels	1024.000000	no:	gap_time	0.150000	m-sec	trigger_peaking_time	0.200000	m-sec	GAINDAC	18610		HIGHGAIN	1		TAURC	1		RCTAU	1		RCTAUFRAC	1		livetime	9.481411	seconds	runtime	10.000485	seconds	input_count_rate	19946.608792	cps	output_count_rate	16678.691417	cps	triggers	189122	seconds	events_in_run	166795	seconds	channel	content		1	0
2	0
3	0
4	0
5	0
6	0
7	0
8	0
9	0
10	0
11	0
12	0
13	0
14	0
15	0
16	0
17	0
18	0
19	0
20	0
21	0
22	0
23	0
24	0
25	0
26	0
27	0
28	0
29	0
30	0
31	14
32	10
33	23
34	24
35	17
36	20
37	13
38	15
39	15
40	13
41	13
42	14
43	20
44	11
45	8
46	14
47	15
48	10
49	13
50	10
51	9
52	13
53	18
54	18
55	12
56	12
57	15
58	16
59	11
60	13
61	14
62	13
63	11
64	8
65	13
66	8
67	7
68	14
69	9
70	9
71	6
72	12
73	9
74	7
75	9
76	10
77	7
78	5
79	2
80	6
81	11
82	8
83	7
84	11
85	6
86	3
87	9
88	11
89	11
90	9
91	8
92	8
93	14
94	10
95	18
96	12
97	13
98	12
99	14
100	8
101	8
102	6
103	6
104	6
105	6
106	8
107	4
108	10
109	7
110	7
111	4
112	6
113	3
114	4
115	6
116	3
117	4
118	8
119	3
120	4
121	3
122	8
123	4
124	4
125	5
126	6
127	5
128	4
129	10
130	4
131	4
132	3
133	2
134	2
135	9
136	2
137	3
138	2
139	3
140	3
141	6
142	4
143	5
144	2
145	0
146	3
147	1
148	6
149	5
150	5
151	5
152	1
153	3
154	2
155	3
156	7
157	3
158	6
159	9
160	24
161	20
162	26
163	21
164	21
165	12
166	16
167	12
168	4
169	6
170	5
171	3
172	2
173	4
174	7
175	5
176	3
177	8
178	9
179	10
180	17
181	15
182	13
183	18
184	16
185	11
186	6
187	6
188	5
189	3
190	2
191	2
192	4
193	7
194	7
195	9
196	12
197	30
198	48
199	65
200	108
201	137
202	164
203	178
204	157
205	142
206	109
207	68
208	41
209	20
210	14
211	7
212	5
213	5
214	4
215	13
216	9
217	23
218	16
219	26
220	40
221	37
222	33
223	23
224	31
225	16
226	10
227	9
228	9
229	2
230	4
231	4
232	8
233	8
234	4
235	4
236	2
237	3
238	4
239	6
240	3
241	12
242	14
243	25
244	39
245	54
246	63
247	60
248	59
249	54
250	50
251	45
252	43
253	26
254	25
255	12
256	17
257	16
258	18
259	12
260	16
261	4
262	13
263	12
264	3
265	16
266	9
267	14
268	11
269	16
270	17
271	18
272	28
273	12
274	17
275	9
276	11
277	11
278	11
279	9
280	7
281	7
282	8
283	5
284	9
285	8
286	8
287	15
288	13
289	14
290	9
291	16
292	12
293	11
294	9
295	6
296	14
297	14
298	19
299	18
300	10
301	14
302	11
303	12
304	13
305	10
306	11
307	8
308	4
309	8
310	14
311	16
312	10
313	15
314	21
315	29
316	42
317	70
318	96
319	133
320	184
321	242
322	303
323	304
324	298
325	289
326	212
327	184
328	141
329	71
330	66
331	44
332	23
333	28
334	24
335	26
336	27
337	28
338	29
339	31
340	72
341	103
342	184
343	326
344	612
345	950
346	1469
347	2086
348	2696
349	3326
350	3683
351	3745
352	3711
353	3241
354	2596
355	1923
356	1314
357	982
358	506
359	284
360	182
361	86
362	65
363	46
364	31
365	31
366	30
367	33
368	26
369	24
370	37
371	43
372	38
373	37
374	41
375	38
376	61
377	70
378	83
379	113
380	161
381	239
382	328
383	447
384	562
385	599
386	646
387	665
388	678
389	528
390	458
391	346
392	258
393	176
394	111
395	82
396	56
397	48
398	36
399	30
400	29
401	31
402	29
403	28
404	47
405	37
406	43
407	38
408	49
409	32
410	34
411	36
412	40
413	42
414	35
415	52
416	34
417	39
418	32
419	28
420	28
421	42
422	29
423	34
424	40
425	35
426	45
427	42
428	33
429	53
430	48
431	41
432	40
433	48
434	49
435	41
436	69
437	65
438	59
439	58
440	71
441	69
442	82
443	83
444	74
445	67
446	88
447	88
448	87
449	62
450	75
451	70
452	77
453	81
454	72
455	80
456	98
457	91
458	78
459	103
460	97
461	60
462	79
463	76
464	70
465	68
466	62
467	68
468	57
469	57
470	61
471	76
472	67
473	65
474	71
475	69
476	64
477	69
478	50
479	62
480	50
481	66
482	81
483	69
484	62
485	61
486	70
487	73
488	68
489	46
490	67
491	82
492	62
493	82
494	66
495	63
496	67
497	78
498	94
499	69
500	66
501	70
502	71
503	77
504	82
505	83
506	82
507	83
508	91
509	83
510	99
511	89
512	89
513	96
514	98
515	112
516	86
517	108
518	96
519	90
520	105
521	98
522	113
523	91
524	119
525	111
526	103
527	103
528	124
529	140
530	117
531	112
532	116
533	114
534	106
535	96
536	98
537	101
538	97
539	98
540	80
541	104
542	93
543	97
544	104
545	89
546	85
547	95
548	97
549	100
550	84
551	101
552	105
553	73
554	101
555	79
556	100
557	109
558	83
559	84
560	93
561	83
562	102
563	105
564	91
565	103
566	101
567	105
568	93
569	93
570	88
571	99
572	87
573	92
574	80
575	99
576	95
577	95
578	102
579	96
580	92
581	115
582	88
583	95
584	104
585	102
586	113
587	117
588	112
589	113
590	104
591	117
592	118
593	119
594	115
595	117
596	140
597	107
598	108
599	108
600	123
601	117
602	102
603	106
604	118
605	111
606	96
607	119
608	102
609	100
610	100
611	107
612	116
613	133
614	128
615	117
616	114
617	118
618	108
619	99
620	125
621	125
622	94
623	118
624	121
625	129
626	129
627	118
628	122
629	100
630	108
631	118
632	111
633	100
634	121
635	133
636	118
637	154
638	144
639	113
640	134
641	112
642	136
643	121
644	126
645	121
646	146
647	159
648	169
649	142
650	163
651	182
652	145
653	161
654	174
655	149
656	160
657	162
658	145
659	106
660	145
661	107
662	135
663	127
664	149
665	170
666	119
667	164
668	124
669	149
670	138
671	132
672	137
673	119
674	115
675	134
676	144
677	138
678	143
679	124
680	140
681	118
682	146
683	152
684	156
685	125
686	147
687	133
688	138
689	135
690	149
691	132
692	130
693	120
694	147
695	126
696	144
697	130
698	132
699	148
700	143
701	144
702	136
703	165
704	164
705	138
706	134
707	119
708	147
709	137
710	154
711	149
712	135
713	140
714	138
715	123
716	150
717	148
718	146
719	140
720	154
721	157
722	148
723	162
724	137
725	160
726	148
727	164
728	162
729	140
730	138
731	178
732	156
733	151
734	151
735	146
736	154
737	147
738	146
739	147
740	149
741	155
742	145
743	144
744	148
745	138
746	136
747	125
748	151
749	154
750	146
751	142
752	160
753	160
754	158
755	159
756	147
757	159
758	164
759	156
760	174
761	160
762	171
763	172
764	196
765	173
766	186
767	214
768	211
769	211
770	254
771	272
772	274
773	283
774	237
775	276
776	250
777	247
778	228
779	211
780	206
781	197
782	198
783	194
784	159
785	158
786	161
787	154
788	164
789	160
790	172
791	154
792	149
793	152
794	167
795	148
796	127
797	150
798	154
799	179
800	153
801	151
802	141
803	166
804	140
805	153
806	173
807	147
808	158
809	131
810	168
811	187
812	143
813	133
814	156
815	175
816	151
817	142
818	151
819	137
820	181
821	145
822	171
823	168
824	158
825	151
826	154
827	157
828	152
829	168
830	163
831	168
832	168
833	158
834	190
835	158
836	175
837	168
838	173
839	166
840	150
841	185
842	176
843	164
844	154
845	156
846	171
847	208
848	185
849	191
850	183
851	174
852	198
853	179
854	207
855	184
856	207
857	179
858	201
859	201
860	199
861	215
862	227
863	229
864	244
865	248
866	228
867	226
868	224
869	240
870	266
871	228
872	269
873	239
874	232
875	250
876	275
877	273
878	283
879	296
880	273
881	309
882	383
883	352
884	401
885	385
886	423
887	412
888	470
889	510
890	526
891	523
892	554
893	581
894	547
895	657
896	658
897	651
898	607
899	641
900	652
901	653
902	662
903	652
904	653
905	605
906	572
907	609
908	593
909	544
910	514
911	500
912	479
913	419
914	440
915	371
916	400
917	326
918	378
919	305
920	294
921	300
922	299
923	251
924	263
925	252
926	233
927	200
928	202
929	200
930	207
931	192
932	183
933	168
934	209
935	195
936	179
937	199
938	194
939	169
940	180
941	191
942	227
943	201
944	250
945	243
946	267
947	323
948	366
949	333
950	352
951	402
952	449
953	430
954	439
955	422
956	453
957	427
958	377
959	337
960	292
961	318
962	279
963	210
964	181
965	150
966	162
967	135
968	159
969	136
970	158
971	147
972	146
973	129
974	134
975	146
976	143
977	132
978	147
979	139
980	159
981	140
982	147
983	127
984	159
985	160
986	154
987	148
988	141
989	175
990	159
991	185
992	172
993	178
994	195
995	210
996	192
997	179
998	198
999	203
1000	198
1001	184
1002	219
1003	198
1004	205
1005	207
1006	213
1007	195
1008	201
1009	181
1010	186
1011	182
1012	174
1013	193
1014	159
1015	170
1016	150
1017	145
1018	122
1019	165
1020	142
1021	151
1022	127
1023	149
1024	126
