Date:	08/05/2018		Time:	18:03		Version no:	0.00		Project name:	55		Sample name:	222		Section name:	section		Position	89.315033	mm	E0	0.000000	keV	E1	1.000000	keV/channel	sample surface	5.968871	cm	Tube anode:	Mo		Tube voltage:	30	kV	Tube current:	50	mA	gain	10		std. database			resultfile	result		matrix element	11		sample thickness	1.000000		air passage	0.560000	cm	comments	in position		peaking_time	2.200000	m-sec	trigger_threshold	547.363281	V	mca_bin_width	22.090000	no:	number_mca_channels	1024.000000	no:	gap_time	0.150000	m-sec	trigger_peaking_time	0.200000	m-sec	GAINDAC	18610		HIGHGAIN	1		TAURC	1		RCTAU	1		RCTAUFRAC	1		livetime	9.464642	seconds	runtime	10.000496	seconds	input_count_rate	23351.331266	cps	output_count_rate	19264.244493	cps	triggers	221012	seconds	events_in_run	192652	seconds	channel	content		1	0
2	0
3	0
4	0
5	0
6	0
7	0
8	0
9	0
10	0
11	0
12	0
13	0
14	0
15	0
16	0
17	0
18	0
19	0
20	0
21	0
22	0
23	0
24	0
25	0
26	0
27	0
28	0
29	0
30	0
31	11
32	21
33	10
34	18
35	15
36	6
37	19
38	19
39	11
40	11
41	7
42	9
43	13
44	17
45	10
46	10
47	8
48	10
49	11
50	13
51	18
52	12
53	7
54	18
55	8
56	14
57	11
58	7
59	7
60	9
61	11
62	11
63	13
64	9
65	10
66	8
67	7
68	10
69	7
70	5
71	16
72	9
73	6
74	12
75	5
76	1
77	11
78	8
79	11
80	5
81	8
82	18
83	15
84	7
85	10
86	3
87	8
88	5
89	2
90	8
91	6
92	7
93	11
94	17
95	14
96	10
97	12
98	15
99	11
100	9
101	9
102	4
103	9
104	4
105	8
106	8
107	8
108	7
109	6
110	8
111	7
112	4
113	8
114	4
115	9
116	2
117	3
118	3
119	6
120	7
121	5
122	3
123	5
124	11
125	4
126	2
127	4
128	1
129	5
130	3
131	1
132	2
133	2
134	3
135	6
136	3
137	6
138	5
139	6
140	4
141	2
142	2
143	2
144	4
145	2
146	6
147	4
148	3
149	6
150	4
151	3
152	5
153	2
154	5
155	4
156	4
157	5
158	5
159	6
160	14
161	27
162	23
163	25
164	31
165	23
166	19
167	11
168	3
169	3
170	6
171	5
172	8
173	2
174	12
175	1
176	8
177	11
178	11
179	10
180	21
181	20
182	22
183	41
184	21
185	23
186	19
187	11
188	2
189	8
190	7
191	5
192	4
193	6
194	10
195	19
196	35
197	76
198	99
199	216
200	284
201	347
202	471
203	446
204	479
205	404
206	273
207	176
208	122
209	65
210	31
211	14
212	6
213	14
214	12
215	24
216	25
217	47
218	61
219	81
220	93
221	88
222	85
223	62
224	49
225	22
226	20
227	16
228	8
229	6
230	4
231	5
232	10
233	7
234	3
235	7
236	5
237	7
238	4
239	11
240	17
241	23
242	53
243	98
244	140
245	183
246	234
247	276
248	244
249	244
250	226
251	155
252	111
253	85
254	72
255	66
256	41
257	34
258	23
259	19
260	15
261	13
262	12
263	12
264	20
265	16
266	26
267	29
268	42
269	54
270	51
271	48
272	64
273	53
274	39
275	30
276	29
277	21
278	18
279	12
280	9
281	6
282	5
283	12
284	11
285	17
286	11
287	11
288	13
289	19
290	15
291	15
292	13
293	12
294	34
295	13
296	12
297	20
298	18
299	15
300	12
301	10
302	18
303	17
304	12
305	20
306	12
307	11
308	11
309	10
310	12
311	15
312	14
313	14
314	18
315	18
316	22
317	43
318	61
319	61
320	100
321	111
322	128
323	141
324	144
325	129
326	109
327	96
328	73
329	49
330	41
331	34
332	37
333	29
334	25
335	29
336	34
337	50
338	45
339	74
340	110
341	216
342	365
343	696
344	1244
345	1988
346	3131
347	4451
348	5845
349	7191
350	8031
351	8386
352	8009
353	6958
354	5665
355	4258
356	3114
357	1890
358	1132
359	634
360	356
361	167
362	89
363	57
364	41
365	38
366	44
367	36
368	51
369	40
370	54
371	41
372	39
373	58
374	46
375	66
376	90
377	84
378	143
379	215
380	309
381	422
382	665
383	862
384	996
385	1200
386	1383
387	1405
388	1280
389	1088
390	929
391	719
392	528
393	314
394	197
395	129
396	87
397	46
398	24
399	29
400	21
401	32
402	22
403	22
404	20
405	18
406	25
407	30
408	26
409	25
410	40
411	45
412	33
413	30
414	30
415	19
416	31
417	27
418	27
419	29
420	31
421	30
422	38
423	24
424	22
425	30
426	30
427	31
428	24
429	32
430	24
431	27
432	26
433	28
434	47
435	27
436	46
437	36
438	31
439	64
440	49
441	49
442	54
443	55
444	52
445	43
446	53
447	47
448	59
449	51
450	72
451	48
452	62
453	53
454	67
455	65
456	69
457	78
458	77
459	70
460	60
461	71
462	79
463	56
464	63
465	50
466	50
467	60
468	61
469	68
470	61
471	56
472	52
473	50
474	60
475	54
476	54
477	60
478	54
479	40
480	57
481	48
482	39
483	47
484	32
485	37
486	53
487	46
488	43
489	57
490	46
491	44
492	48
493	45
494	55
495	52
496	55
497	55
498	59
499	51
500	54
501	53
502	59
503	68
504	59
505	63
506	67
507	78
508	60
509	69
510	75
511	72
512	58
513	75
514	74
515	74
516	72
517	58
518	69
519	71
520	79
521	87
522	104
523	76
524	86
525	96
526	89
527	99
528	86
529	100
530	85
531	86
532	91
533	70
534	75
535	91
536	86
537	71
538	89
539	73
540	76
541	69
542	78
543	82
544	103
545	72
546	78
547	71
548	68
549	63
550	72
551	75
552	76
553	47
554	72
555	65
556	68
557	63
558	72
559	83
560	67
561	50
562	56
563	72
564	82
565	62
566	73
567	65
568	72
569	62
570	74
571	70
572	73
573	79
574	65
575	69
576	62
577	70
578	67
579	81
580	75
581	64
582	78
583	82
584	83
585	75
586	86
587	78
588	71
589	67
590	73
591	84
592	85
593	81
594	81
595	72
596	90
597	91
598	80
599	72
600	106
601	83
602	84
603	91
604	84
605	86
606	79
607	93
608	86
609	103
610	95
611	98
612	93
613	103
614	102
615	82
616	108
617	101
618	94
619	86
620	86
621	101
622	77
623	87
624	78
625	93
626	101
627	87
628	85
629	77
630	101
631	87
632	93
633	100
634	86
635	90
636	88
637	87
638	93
639	89
640	97
641	89
642	109
643	91
644	90
645	95
646	87
647	85
648	122
649	102
650	86
651	108
652	91
653	104
654	90
655	89
656	97
657	111
658	103
659	85
660	100
661	97
662	92
663	97
664	83
665	97
666	84
667	88
668	87
669	105
670	98
671	101
672	72
673	104
674	101
675	97
676	97
677	113
678	85
679	115
680	94
681	98
682	94
683	88
684	106
685	118
686	86
687	107
688	118
689	111
690	128
691	108
692	102
693	104
694	104
695	108
696	106
697	106
698	116
699	115
700	104
701	96
702	99
703	108
704	120
705	102
706	103
707	115
708	110
709	100
710	94
711	98
712	98
713	115
714	119
715	104
716	97
717	127
718	115
719	110
720	108
721	108
722	113
723	123
724	99
725	123
726	118
727	117
728	118
729	120
730	117
731	115
732	124
733	113
734	131
735	130
736	91
737	124
738	128
739	123
740	131
741	102
742	112
743	120
744	110
745	114
746	108
747	116
748	120
749	125
750	103
751	113
752	103
753	134
754	103
755	127
756	136
757	123
758	111
759	97
760	122
761	131
762	113
763	131
764	133
765	153
766	172
767	174
768	184
769	252
770	217
771	242
772	224
773	247
774	230
775	280
776	292
777	234
778	198
779	198
780	181
781	164
782	144
783	145
784	130
785	125
786	125
787	113
788	117
789	129
790	114
791	116
792	116
793	121
794	112
795	108
796	97
797	124
798	108
799	125
800	130
801	107
802	103
803	123
804	108
805	130
806	126
807	105
808	117
809	129
810	136
811	133
812	124
813	142
814	113
815	127
816	131
817	147
818	150
819	114
820	150
821	121
822	125
823	137
824	112
825	114
826	144
827	136
828	141
829	111
830	119
831	106
832	116
833	123
834	117
835	127
836	122
837	132
838	139
839	142
840	120
841	147
842	118
843	141
844	134
845	136
846	138
847	102
848	135
849	137
850	141
851	143
852	170
853	175
854	159
855	168
856	159
857	161
858	177
859	167
860	203
861	171
862	206
863	208
864	208
865	189
866	195
867	192
868	200
869	215
870	181
871	214
872	176
873	152
874	218
875	216
876	203
877	249
878	208
879	241
880	258
881	223
882	248
883	250
884	288
885	294
886	370
887	361
888	375
889	369
890	354
891	418
892	427
893	432
894	425
895	460
896	459
897	457
898	483
899	523
900	480
901	517
902	522
903	533
904	478
905	458
906	451
907	456
908	433
909	431
910	422
911	366
912	364
913	350
914	356
915	310
916	290
917	308
918	296
919	279
920	232
921	203
922	212
923	216
924	193
925	188
926	195
927	162
928	168
929	166
930	167
931	177
932	161
933	179
934	158
935	142
936	142
937	145
938	132
939	144
940	168
941	169
942	177
943	178
944	203
945	241
946	254
947	300
948	281
949	313
950	357
951	348
952	407
953	366
954	388
955	392
956	437
957	381
958	348
959	314
960	278
961	234
962	219
963	208
964	148
965	146
966	147
967	149
968	141
969	109
970	123
971	113
972	116
973	133
974	115
975	109
976	92
977	123
978	122
979	108
980	129
981	109
982	124
983	135
984	115
985	131
986	117
987	132
988	141
989	123
990	125
991	144
992	147
993	130
994	155
995	164
996	127
997	176
998	170
999	152
1000	158
1001	153
1002	187
1003	141
1004	149
1005	153
1006	159
1007	163
1008	146
1009	162
1010	138
1011	171
1012	167
1013	135
1014	156
1015	123
1016	122
1017	145
1018	136
1019	127
1020	115
1021	119
1022	103
1023	108
1024	107
