Date:	08/05/2018		Time:	19:46		Version no:	0.00		Project name:	55		Sample name:	222		Section name:	section		Position	197.715027	mm	E0	0.000000	keV	E1	1.000000	keV/channel	sample surface	5.909930	cm	Tube anode:	Mo		Tube voltage:	30	kV	Tube current:	50	mA	gain	10		std. database			resultfile	result		matrix element	11		sample thickness	1.000000		air passage	0.560000	cm	comments	in position		peaking_time	2.200000	m-sec	trigger_threshold	547.363281	V	mca_bin_width	22.090000	no:	number_mca_channels	1024.000000	no:	gap_time	0.150000	m-sec	trigger_peaking_time	0.200000	m-sec	GAINDAC	18610		HIGHGAIN	1		TAURC	1		RCTAU	1		RCTAUFRAC	1		livetime	9.467530	seconds	runtime	10.000495	seconds	input_count_rate	22032.355977	cps	output_count_rate	18282.794636	cps	triggers	208592	seconds	events_in_run	182837	seconds	channel	content		1	0
2	0
3	0
4	0
5	0
6	0
7	0
8	0
9	0
10	0
11	0
12	0
13	0
14	0
15	0
16	0
17	0
18	0
19	0
20	0
21	0
22	0
23	0
24	0
25	0
26	0
27	0
28	0
29	0
30	0
31	8
32	15
33	11
34	15
35	16
36	10
37	14
38	20
39	20
40	19
41	8
42	11
43	16
44	6
45	15
46	17
47	12
48	12
49	11
50	14
51	13
52	9
53	15
54	6
55	7
56	11
57	10
58	6
59	12
60	12
61	5
62	10
63	6
64	13
65	7
66	10
67	13
68	5
69	8
70	10
71	9
72	5
73	5
74	11
75	7
76	12
77	6
78	6
79	16
80	5
81	14
82	15
83	11
84	16
85	10
86	7
87	5
88	9
89	8
90	5
91	8
92	14
93	4
94	7
95	13
96	12
97	18
98	11
99	9
100	7
101	9
102	7
103	4
104	9
105	9
106	11
107	13
108	11
109	8
110	6
111	6
112	8
113	3
114	6
115	6
116	5
117	8
118	6
119	6
120	6
121	3
122	5
123	3
124	2
125	3
126	5
127	2
128	2
129	3
130	6
131	1
132	2
133	3
134	5
135	2
136	6
137	5
138	1
139	4
140	3
141	6
142	3
143	3
144	6
145	1
146	3
147	4
148	4
149	4
150	2
151	3
152	4
153	3
154	0
155	3
156	7
157	5
158	4
159	17
160	24
161	32
162	33
163	30
164	24
165	26
166	20
167	14
168	12
169	4
170	1
171	5
172	5
173	8
174	6
175	7
176	4
177	7
178	12
179	11
180	14
181	13
182	22
183	8
184	15
185	7
186	9
187	6
188	9
189	8
190	1
191	2
192	5
193	10
194	5
195	17
196	20
197	55
198	88
199	129
200	214
201	248
202	330
203	356
204	320
205	281
206	224
207	124
208	85
209	43
210	15
211	16
212	11
213	10
214	5
215	15
216	17
217	32
218	37
219	54
220	50
221	55
222	51
223	46
224	33
225	17
226	7
227	11
228	8
229	5
230	11
231	5
232	2
233	2
234	4
235	7
236	6
237	2
238	7
239	9
240	13
241	20
242	32
243	57
244	71
245	106
246	128
247	134
248	137
249	146
250	125
251	93
252	66
253	54
254	44
255	42
256	42
257	29
258	22
259	20
260	17
261	18
262	13
263	13
264	14
265	17
266	17
267	23
268	23
269	37
270	34
271	36
272	38
273	33
274	37
275	13
276	14
277	18
278	14
279	13
280	10
281	11
282	3
283	8
284	16
285	15
286	14
287	22
288	11
289	11
290	14
291	13
292	17
293	15
294	18
295	17
296	19
297	12
298	19
299	18
300	17
301	6
302	19
303	12
304	12
305	14
306	11
307	9
308	8
309	10
310	12
311	12
312	10
313	14
314	17
315	15
316	18
317	26
318	39
319	59
320	62
321	81
322	117
323	117
324	103
325	117
326	93
327	75
328	67
329	39
330	34
331	28
332	19
333	27
334	32
335	28
336	26
337	28
338	53
339	52
340	88
341	128
342	294
343	573
344	973
345	1696
346	2549
347	3587
348	4844
349	5872
350	6748
351	6790
352	6540
353	5714
354	4571
355	3405
356	2425
357	1541
358	909
359	524
360	275
361	127
362	78
363	52
364	40
365	40
366	40
367	36
368	31
369	26
370	41
371	40
372	37
373	57
374	44
375	57
376	69
377	102
378	151
379	178
380	280
381	383
382	509
383	722
384	888
385	1074
386	1106
387	1162
388	1159
389	1009
390	759
391	603
392	417
393	292
394	168
395	102
396	56
397	51
398	45
399	35
400	32
401	19
402	22
403	38
404	32
405	30
406	29
407	32
408	28
409	31
410	28
411	24
412	41
413	32
414	40
415	33
416	25
417	23
418	22
419	35
420	21
421	29
422	28
423	29
424	30
425	19
426	35
427	30
428	22
429	32
430	43
431	32
432	37
433	36
434	38
435	39
436	44
437	57
438	62
439	51
440	66
441	68
442	58
443	52
444	58
445	60
446	67
447	52
448	54
449	43
450	59
451	50
452	59
453	54
454	49
455	52
456	72
457	54
458	82
459	77
460	80
461	73
462	68
463	64
464	49
465	56
466	52
467	59
468	42
469	62
470	51
471	64
472	60
473	54
474	50
475	66
476	54
477	49
478	52
479	58
480	55
481	56
482	41
483	43
484	58
485	51
486	53
487	43
488	38
489	48
490	46
491	50
492	57
493	60
494	46
495	42
496	64
497	48
498	54
499	56
500	55
501	68
502	61
503	56
504	54
505	54
506	69
507	76
508	66
509	58
510	77
511	84
512	75
513	76
514	68
515	76
516	76
517	66
518	82
519	76
520	75
521	76
522	83
523	73
524	72
525	72
526	81
527	87
528	92
529	101
530	80
531	92
532	92
533	83
534	69
535	78
536	60
537	76
538	75
539	83
540	60
541	84
542	90
543	76
544	65
545	73
546	56
547	68
548	75
549	72
550	61
551	64
552	66
553	94
554	88
555	61
556	73
557	74
558	78
559	89
560	78
561	86
562	69
563	78
564	82
565	78
566	59
567	77
568	68
569	71
570	76
571	66
572	79
573	81
574	82
575	59
576	74
577	95
578	74
579	91
580	66
581	89
582	78
583	72
584	73
585	74
586	82
587	82
588	83
589	97
590	92
591	90
592	90
593	81
594	74
595	90
596	90
597	86
598	89
599	87
600	84
601	96
602	77
603	102
604	98
605	97
606	80
607	86
608	97
609	77
610	102
611	90
612	80
613	104
614	93
615	84
616	89
617	102
618	104
619	75
620	89
621	88
622	95
623	98
624	97
625	120
626	84
627	100
628	83
629	81
630	87
631	93
632	113
633	89
634	89
635	88
636	94
637	103
638	122
639	90
640	99
641	90
642	102
643	95
644	94
645	96
646	100
647	101
648	111
649	105
650	103
651	112
652	93
653	113
654	104
655	100
656	91
657	110
658	108
659	116
660	95
661	104
662	98
663	101
664	105
665	110
666	82
667	101
668	119
669	96
670	91
671	117
672	110
673	92
674	116
675	102
676	125
677	111
678	109
679	115
680	123
681	104
682	114
683	102
684	120
685	107
686	110
687	97
688	94
689	127
690	105
691	120
692	134
693	116
694	111
695	113
696	100
697	105
698	106
699	125
700	129
701	117
702	114
703	139
704	115
705	117
706	114
707	113
708	110
709	118
710	119
711	125
712	117
713	113
714	126
715	115
716	122
717	127
718	129
719	119
720	115
721	129
722	122
723	116
724	125
725	124
726	107
727	133
728	126
729	113
730	122
731	151
732	142
733	128
734	131
735	142
736	151
737	126
738	104
739	113
740	143
741	134
742	118
743	135
744	136
745	141
746	140
747	152
748	138
749	124
750	124
751	110
752	122
753	127
754	140
755	134
756	125
757	138
758	127
759	142
760	131
761	118
762	147
763	135
764	189
765	174
766	173
767	192
768	234
769	281
770	270
771	277
772	307
773	338
774	308
775	298
776	309
777	264
778	258
779	245
780	220
781	190
782	197
783	171
784	145
785	144
786	148
787	126
788	143
789	154
790	129
791	121
792	130
793	121
794	134
795	116
796	125
797	124
798	153
799	134
800	137
801	138
802	133
803	121
804	134
805	137
806	142
807	118
808	135
809	146
810	143
811	133
812	149
813	152
814	148
815	140
816	155
817	143
818	152
819	162
820	149
821	138
822	142
823	144
824	166
825	171
826	161
827	145
828	157
829	142
830	142
831	155
832	146
833	128
834	146
835	133
836	138
837	130
838	159
839	155
840	128
841	123
842	139
843	135
844	145
845	144
846	164
847	146
848	128
849	140
850	174
851	153
852	173
853	169
854	156
855	152
856	178
857	192
858	197
859	196
860	190
861	202
862	191
863	218
864	231
865	211
866	226
867	212
868	232
869	211
870	240
871	197
872	210
873	236
874	207
875	223
876	257
877	277
878	247
879	271
880	262
881	309
882	313
883	314
884	337
885	305
886	336
887	362
888	350
889	432
890	433
891	472
892	492
893	515
894	525
895	526
896	499
897	526
898	532
899	530
900	528
901	572
902	527
903	547
904	536
905	589
906	479
907	508
908	462
909	469
910	452
911	403
912	404
913	393
914	379
915	322
916	326
917	322
918	316
919	286
920	255
921	270
922	283
923	242
924	227
925	216
926	213
927	188
928	196
929	169
930	197
931	181
932	176
933	163
934	177
935	144
936	170
937	152
938	152
939	145
940	179
941	176
942	188
943	219
944	221
945	228
946	285
947	305
948	335
949	331
950	360
951	374
952	417
953	385
954	400
955	425
956	397
957	382
958	368
959	328
960	309
961	280
962	250
963	186
964	183
965	166
966	165
967	146
968	148
969	133
970	137
971	120
972	126
973	95
974	132
975	140
976	123
977	101
978	119
979	118
980	113
981	122
982	138
983	132
984	139
985	146
986	137
987	142
988	137
989	150
990	155
991	153
992	151
993	140
994	158
995	173
996	150
997	148
998	153
999	173
1000	164
1001	170
1002	167
1003	200
1004	183
1005	189
1006	173
1007	156
1008	182
1009	163
1010	168
1011	151
1012	140
1013	150
1014	142
1015	142
1016	137
1017	142
1018	135
1019	132
1020	115
1021	128
1022	110
1023	120
1024	101
