Date:	08/05/2018		Time:	18:27		Version no:	0.00		Project name:	55		Sample name:	222		Section name:	section		Position	114.915031	mm	E0	0.000000	keV	E1	1.000000	keV/channel	sample surface	5.908974	cm	Tube anode:	Mo		Tube voltage:	30	kV	Tube current:	50	mA	gain	10		std. database			resultfile	result		matrix element	11		sample thickness	1.000000		air passage	0.560000	cm	comments	in position		peaking_time	2.200000	m-sec	trigger_threshold	547.363281	V	mca_bin_width	22.090000	no:	number_mca_channels	1024.000000	no:	gap_time	0.150000	m-sec	trigger_peaking_time	0.200000	m-sec	GAINDAC	18610		HIGHGAIN	1		TAURC	1		RCTAU	1		RCTAUFRAC	1		livetime	9.426626	seconds	runtime	10.000495	seconds	input_count_rate	23689.070668	cps	output_count_rate	19395.339543	cps	triggers	223308	seconds	events_in_run	193963	seconds	channel	content		1	0
2	0
3	0
4	0
5	0
6	0
7	0
8	0
9	0
10	0
11	0
12	0
13	0
14	0
15	0
16	0
17	0
18	0
19	0
20	0
21	0
22	0
23	0
24	0
25	0
26	0
27	0
28	0
29	0
30	0
31	16
32	15
33	17
34	18
35	9
36	16
37	14
38	13
39	16
40	16
41	16
42	20
43	17
44	9
45	16
46	11
47	15
48	13
49	19
50	19
51	16
52	23
53	12
54	17
55	15
56	10
57	12
58	7
59	14
60	14
61	14
62	9
63	16
64	8
65	10
66	8
67	10
68	13
69	6
70	8
71	13
72	10
73	7
74	10
75	8
76	8
77	9
78	9
79	7
80	11
81	12
82	12
83	12
84	8
85	15
86	13
87	7
88	9
89	10
90	5
91	8
92	11
93	15
94	13
95	16
96	19
97	11
98	18
99	10
100	11
101	10
102	8
103	7
104	13
105	14
106	8
107	10
108	7
109	10
110	4
111	6
112	3
113	10
114	7
115	3
116	10
117	1
118	2
119	4
120	4
121	1
122	4
123	2
124	3
125	1
126	5
127	6
128	3
129	8
130	4
131	7
132	3
133	1
134	4
135	4
136	2
137	1
138	4
139	4
140	6
141	3
142	1
143	3
144	3
145	5
146	5
147	2
148	1
149	5
150	8
151	4
152	13
153	2
154	2
155	9
156	3
157	5
158	11
159	10
160	12
161	21
162	35
163	27
164	31
165	14
166	18
167	10
168	9
169	5
170	5
171	1
172	15
173	4
174	5
175	4
176	9
177	9
178	12
179	14
180	13
181	17
182	19
183	20
184	9
185	12
186	8
187	11
188	12
189	5
190	5
191	2
192	4
193	6
194	6
195	10
196	21
197	36
198	77
199	113
200	175
201	230
202	234
203	233
204	233
205	200
206	162
207	87
208	54
209	30
210	20
211	9
212	12
213	9
214	13
215	15
216	16
217	31
218	34
219	42
220	52
221	68
222	44
223	49
224	26
225	26
226	9
227	11
228	4
229	4
230	4
231	5
232	5
233	3
234	4
235	6
236	2
237	4
238	3
239	7
240	9
241	29
242	44
243	56
244	87
245	128
246	154
247	179
248	168
249	158
250	158
251	102
252	88
253	64
254	40
255	42
256	25
257	28
258	30
259	18
260	16
261	13
262	11
263	9
264	17
265	12
266	21
267	23
268	32
269	29
270	38
271	44
272	44
273	39
274	19
275	23
276	23
277	13
278	12
279	9
280	11
281	19
282	8
283	11
284	8
285	12
286	12
287	12
288	12
289	11
290	10
291	20
292	17
293	16
294	13
295	21
296	18
297	8
298	8
299	9
300	17
301	7
302	10
303	8
304	21
305	18
306	11
307	11
308	16
309	17
310	6
311	14
312	15
313	18
314	18
315	18
316	30
317	45
318	55
319	66
320	92
321	119
322	136
323	139
324	150
325	134
326	136
327	90
328	83
329	52
330	31
331	26
332	32
333	26
334	32
335	26
336	38
337	29
338	57
339	61
340	89
341	163
342	346
343	587
344	979
345	1726
346	2713
347	3860
348	5066
349	5934
350	6625
351	7021
352	6654
353	5800
354	4676
355	3559
356	2371
357	1624
358	904
359	519
360	307
361	134
362	100
363	55
364	52
365	38
366	29
367	35
368	47
369	31
370	54
371	41
372	36
373	59
374	44
375	61
376	77
377	91
378	122
379	208
380	262
381	394
382	529
383	746
384	904
385	1123
386	1127
387	1231
388	1085
389	985
390	792
391	577
392	455
393	279
394	178
395	132
396	75
397	52
398	40
399	26
400	22
401	36
402	28
403	21
404	30
405	25
406	33
407	36
408	36
409	31
410	41
411	23
412	30
413	41
414	43
415	38
416	26
417	31
418	30
419	29
420	37
421	25
422	21
423	36
424	30
425	35
426	38
427	40
428	38
429	26
430	33
431	40
432	40
433	46
434	55
435	41
436	49
437	50
438	66
439	54
440	66
441	95
442	57
443	81
444	64
445	62
446	80
447	71
448	60
449	54
450	56
451	52
452	64
453	65
454	58
455	64
456	79
457	65
458	72
459	83
460	80
461	80
462	81
463	76
464	84
465	59
466	56
467	38
468	45
469	54
470	70
471	69
472	76
473	69
474	71
475	55
476	62
477	68
478	62
479	60
480	50
481	42
482	68
483	52
484	51
485	57
486	71
487	63
488	51
489	56
490	58
491	66
492	63
493	52
494	65
495	67
496	74
497	57
498	66
499	68
500	81
501	74
502	75
503	76
504	74
505	66
506	91
507	95
508	85
509	82
510	81
511	65
512	77
513	94
514	84
515	80
516	77
517	68
518	91
519	65
520	83
521	97
522	85
523	101
524	97
525	95
526	82
527	111
528	100
529	91
530	98
531	83
532	104
533	111
534	91
535	100
536	77
537	92
538	79
539	78
540	78
541	80
542	87
543	72
544	80
545	86
546	84
547	83
548	92
549	77
550	78
551	84
552	76
553	78
554	80
555	104
556	86
557	84
558	78
559	69
560	87
561	104
562	99
563	97
564	81
565	74
566	80
567	74
568	75
569	79
570	88
571	90
572	81
573	84
574	100
575	75
576	80
577	101
578	98
579	83
580	105
581	80
582	83
583	100
584	98
585	89
586	85
587	96
588	74
589	79
590	104
591	83
592	101
593	96
594	87
595	98
596	90
597	106
598	98
599	86
600	91
601	90
602	105
603	87
604	97
605	93
606	95
607	118
608	102
609	99
610	109
611	112
612	105
613	123
614	114
615	112
616	102
617	102
618	118
619	113
620	121
621	100
622	91
623	99
624	134
625	93
626	98
627	93
628	107
629	95
630	109
631	105
632	94
633	111
634	106
635	104
636	115
637	140
638	97
639	104
640	106
641	96
642	122
643	94
644	102
645	86
646	136
647	128
648	120
649	102
650	99
651	124
652	121
653	145
654	114
655	113
656	121
657	116
658	123
659	105
660	133
661	116
662	134
663	105
664	106
665	115
666	119
667	123
668	101
669	107
670	105
671	115
672	125
673	133
674	107
675	123
676	137
677	136
678	104
679	110
680	132
681	144
682	117
683	116
684	141
685	124
686	126
687	117
688	119
689	117
690	111
691	125
692	150
693	118
694	114
695	123
696	123
697	106
698	147
699	126
700	127
701	138
702	127
703	136
704	129
705	148
706	136
707	118
708	140
709	149
710	131
711	126
712	134
713	117
714	140
715	148
716	133
717	124
718	107
719	150
720	132
721	136
722	137
723	131
724	134
725	140
726	151
727	144
728	142
729	131
730	150
731	130
732	125
733	146
734	152
735	150
736	157
737	141
738	126
739	152
740	130
741	158
742	133
743	127
744	144
745	135
746	160
747	122
748	128
749	139
750	129
751	130
752	139
753	131
754	127
755	143
756	150
757	141
758	140
759	153
760	156
761	154
762	156
763	137
764	161
765	212
766	200
767	198
768	248
769	253
770	253
771	270
772	273
773	283
774	300
775	290
776	288
777	285
778	244
779	214
780	199
781	183
782	185
783	175
784	131
785	134
786	145
787	149
788	145
789	135
790	140
791	151
792	146
793	137
794	125
795	147
796	156
797	152
798	130
799	164
800	167
801	149
802	157
803	164
804	140
805	148
806	139
807	135
808	154
809	136
810	154
811	153
812	163
813	160
814	144
815	175
816	149
817	155
818	177
819	156
820	162
821	150
822	147
823	154
824	173
825	168
826	179
827	160
828	164
829	166
830	176
831	148
832	158
833	138
834	157
835	146
836	146
837	138
838	160
839	168
840	144
841	178
842	150
843	138
844	161
845	172
846	171
847	180
848	164
849	170
850	174
851	171
852	191
853	177
854	171
855	180
856	209
857	183
858	222
859	188
860	203
861	220
862	237
863	206
864	223
865	214
866	227
867	225
868	195
869	235
870	242
871	239
872	233
873	233
874	251
875	267
876	239
877	277
878	270
879	280
880	291
881	302
882	308
883	353
884	339
885	375
886	352
887	411
888	399
889	446
890	504
891	496
892	496
893	539
894	573
895	578
896	625
897	586
898	588
899	598
900	607
901	619
902	604
903	555
904	596
905	612
906	576
907	584
908	558
909	519
910	517
911	449
912	451
913	432
914	410
915	370
916	390
917	364
918	332
919	315
920	307
921	252
922	254
923	288
924	248
925	248
926	210
927	211
928	227
929	205
930	206
931	193
932	198
933	180
934	186
935	163
936	164
937	168
938	170
939	168
940	192
941	187
942	216
943	222
944	235
945	260
946	285
947	307
948	309
949	342
950	423
951	447
952	413
953	443
954	474
955	461
956	442
957	355
958	376
959	317
960	309
961	300
962	245
963	240
964	201
965	205
966	177
967	157
968	139
969	140
970	141
971	151
972	146
973	111
974	123
975	140
976	131
977	136
978	141
979	144
980	150
981	129
982	154
983	146
984	143
985	157
986	139
987	153
988	151
989	154
990	151
991	150
992	175
993	167
994	160
995	160
996	180
997	187
998	198
999	188
1000	192
1001	239
1002	185
1003	203
1004	199
1005	175
1006	182
1007	193
1008	183
1009	198
1010	187
1011	181
1012	173
1013	173
1014	164
1015	162
1016	152
1017	161
1018	151
1019	119
1020	147
1021	138
1022	144
1023	115
1024	129
