Date:	08/05/2018		Time:	18:58		Version no:	0.00		Project name:	55		Sample name:	222		Section name:	section		Position	146.515030	mm	E0	0.000000	keV	E1	1.000000	keV/channel	sample surface	5.908940	cm	Tube anode:	Mo		Tube voltage:	30	kV	Tube current:	50	mA	gain	10		std. database			resultfile	result		matrix element	11		sample thickness	1.000000		air passage	0.560000	cm	comments	in position		peaking_time	2.200000	m-sec	trigger_threshold	547.363281	V	mca_bin_width	22.090000	no:	number_mca_channels	1024.000000	no:	gap_time	0.150000	m-sec	trigger_peaking_time	0.200000	m-sec	GAINDAC	18610		HIGHGAIN	1		TAURC	1		RCTAU	1		RCTAUFRAC	1		livetime	9.470888	seconds	runtime	10.000495	seconds	input_count_rate	21876.195770	cps	output_count_rate	18166.300405	cps	triggers	207187	seconds	events_in_run	181672	seconds	channel	content		1	0
2	0
3	0
4	0
5	0
6	0
7	0
8	0
9	0
10	0
11	0
12	0
13	0
14	0
15	0
16	0
17	0
18	0
19	0
20	0
21	0
22	0
23	0
24	0
25	0
26	0
27	0
28	0
29	0
30	0
31	13
32	14
33	15
34	12
35	16
36	21
37	16
38	13
39	18
40	18
41	10
42	21
43	8
44	9
45	11
46	17
47	16
48	22
49	8
50	12
51	15
52	19
53	9
54	10
55	12
56	16
57	11
58	11
59	11
60	4
61	10
62	9
63	6
64	6
65	11
66	8
67	5
68	13
69	14
70	8
71	11
72	10
73	8
74	12
75	8
76	9
77	6
78	6
79	8
80	7
81	9
82	9
83	13
84	4
85	3
86	6
87	7
88	4
89	9
90	4
91	7
92	5
93	12
94	16
95	14
96	16
97	13
98	12
99	9
100	11
101	9
102	6
103	4
104	8
105	14
106	10
107	5
108	12
109	8
110	8
111	8
112	6
113	7
114	4
115	4
116	7
117	3
118	3
119	6
120	2
121	3
122	3
123	4
124	6
125	5
126	3
127	4
128	2
129	2
130	3
131	5
132	5
133	4
134	4
135	5
136	4
137	4
138	2
139	1
140	3
141	5
142	1
143	4
144	1
145	2
146	8
147	0
148	5
149	3
150	4
151	3
152	3
153	4
154	3
155	7
156	6
157	7
158	8
159	21
160	22
161	28
162	26
163	30
164	25
165	16
166	18
167	5
168	12
169	8
170	2
171	8
172	4
173	8
174	5
175	4
176	1
177	5
178	8
179	14
180	9
181	10
182	14
183	10
184	13
185	11
186	5
187	11
188	5
189	4
190	6
191	2
192	3
193	2
194	4
195	13
196	17
197	42
198	72
199	114
200	171
201	255
202	290
203	257
204	275
205	209
206	175
207	103
208	63
209	37
210	25
211	12
212	8
213	9
214	9
215	10
216	27
217	24
218	28
219	28
220	49
221	44
222	42
223	32
224	30
225	20
226	12
227	11
228	6
229	6
230	4
231	4
232	5
233	3
234	3
235	5
236	5
237	5
238	4
239	5
240	13
241	14
242	36
243	56
244	80
245	111
246	134
247	145
248	163
249	152
250	118
251	93
252	73
253	47
254	40
255	41
256	33
257	28
258	26
259	16
260	13
261	8
262	9
263	6
264	6
265	14
266	18
267	25
268	24
269	34
270	34
271	35
272	43
273	41
274	33
275	23
276	21
277	11
278	13
279	9
280	12
281	10
282	16
283	13
284	6
285	10
286	13
287	10
288	5
289	13
290	14
291	14
292	8
293	15
294	11
295	14
296	14
297	13
298	14
299	14
300	22
301	14
302	15
303	19
304	11
305	8
306	7
307	12
308	13
309	9
310	8
311	6
312	11
313	11
314	15
315	19
316	27
317	43
318	49
319	59
320	93
321	132
322	133
323	159
324	161
325	126
326	110
327	79
328	71
329	49
330	31
331	29
332	22
333	34
334	21
335	26
336	27
337	32
338	40
339	58
340	94
341	173
342	321
343	609
344	1047
345	1743
346	2619
347	3664
348	4859
349	5904
350	6662
351	6769
352	6599
353	5601
354	4658
355	3376
356	2335
357	1528
358	930
359	527
360	274
361	143
362	80
363	55
364	42
365	38
366	27
367	47
368	40
369	29
370	35
371	49
372	42
373	40
374	52
375	53
376	59
377	99
378	115
379	184
380	251
381	380
382	535
383	769
384	906
385	974
386	1103
387	1074
388	1084
389	948
390	772
391	575
392	411
393	280
394	179
395	111
396	62
397	52
398	27
399	21
400	34
401	34
402	22
403	33
404	31
405	29
406	34
407	32
408	23
409	27
410	36
411	33
412	29
413	29
414	30
415	29
416	28
417	27
418	33
419	27
420	23
421	31
422	26
423	26
424	34
425	24
426	26
427	32
428	24
429	29
430	29
431	29
432	35
433	37
434	38
435	41
436	46
437	54
438	71
439	57
440	53
441	70
442	63
443	72
444	53
445	68
446	55
447	51
448	59
449	49
450	51
451	70
452	47
453	66
454	69
455	61
456	62
457	66
458	69
459	95
460	89
461	68
462	81
463	75
464	61
465	53
466	60
467	47
468	50
469	53
470	76
471	56
472	49
473	42
474	48
475	57
476	47
477	63
478	42
479	49
480	53
481	48
482	46
483	48
484	44
485	45
486	46
487	51
488	47
489	58
490	46
491	63
492	47
493	45
494	48
495	61
496	56
497	61
498	62
499	59
500	69
501	53
502	70
503	70
504	68
505	74
506	79
507	65
508	75
509	62
510	75
511	66
512	75
513	76
514	72
515	70
516	74
517	76
518	66
519	73
520	88
521	63
522	60
523	69
524	84
525	85
526	90
527	93
528	79
529	92
530	72
531	97
532	93
533	70
534	78
535	77
536	84
537	73
538	72
539	77
540	68
541	64
542	87
543	79
544	66
545	100
546	78
547	93
548	67
549	71
550	64
551	83
552	65
553	74
554	91
555	76
556	74
557	76
558	75
559	64
560	61
561	74
562	77
563	79
564	72
565	82
566	65
567	70
568	85
569	93
570	78
571	88
572	60
573	72
574	68
575	82
576	70
577	71
578	101
579	62
580	84
581	79
582	79
583	86
584	82
585	72
586	76
587	76
588	77
589	93
590	87
591	78
592	82
593	75
594	79
595	88
596	78
597	82
598	80
599	92
600	96
601	85
602	89
603	86
604	77
605	103
606	105
607	96
608	89
609	88
610	97
611	88
612	99
613	99
614	103
615	79
616	74
617	102
618	93
619	86
620	78
621	82
622	90
623	95
624	96
625	93
626	93
627	108
628	106
629	82
630	95
631	102
632	96
633	117
634	101
635	96
636	94
637	101
638	93
639	115
640	95
641	95
642	114
643	82
644	109
645	108
646	123
647	91
648	119
649	106
650	94
651	106
652	124
653	125
654	122
655	109
656	111
657	90
658	90
659	116
660	105
661	81
662	103
663	86
664	108
665	105
666	93
667	103
668	103
669	103
670	106
671	116
672	113
673	111
674	99
675	106
676	110
677	112
678	108
679	116
680	94
681	120
682	112
683	100
684	109
685	107
686	109
687	122
688	118
689	113
690	108
691	102
692	110
693	106
694	133
695	119
696	121
697	107
698	109
699	117
700	108
701	113
702	110
703	143
704	119
705	113
706	114
707	128
708	95
709	123
710	115
711	100
712	101
713	131
714	129
715	104
716	119
717	143
718	133
719	106
720	109
721	135
722	134
723	122
724	129
725	117
726	126
727	112
728	146
729	142
730	130
731	128
732	122
733	114
734	134
735	125
736	120
737	154
738	124
739	129
740	112
741	112
742	121
743	127
744	129
745	127
746	121
747	130
748	141
749	121
750	116
751	119
752	100
753	133
754	116
755	144
756	129
757	159
758	121
759	148
760	135
761	139
762	159
763	145
764	149
765	166
766	173
767	199
768	231
769	269
770	255
771	308
772	259
773	293
774	287
775	284
776	311
777	257
778	219
779	213
780	174
781	207
782	164
783	149
784	154
785	144
786	130
787	142
788	117
789	146
790	125
791	131
792	116
793	134
794	119
795	131
796	154
797	137
798	147
799	119
800	135
801	132
802	132
803	142
804	121
805	152
806	99
807	134
808	126
809	140
810	153
811	128
812	157
813	134
814	122
815	123
816	141
817	157
818	138
819	160
820	123
821	158
822	143
823	140
824	155
825	145
826	140
827	139
828	150
829	147
830	150
831	137
832	145
833	117
834	141
835	149
836	152
837	153
838	130
839	132
840	148
841	130
842	151
843	144
844	140
845	152
846	133
847	137
848	163
849	153
850	155
851	160
852	153
853	132
854	180
855	176
856	187
857	175
858	173
859	198
860	210
861	208
862	216
863	213
864	201
865	219
866	189
867	197
868	214
869	227
870	224
871	212
872	229
873	205
874	227
875	212
876	197
877	226
878	226
879	244
880	274
881	262
882	272
883	343
884	346
885	335
886	380
887	359
888	398
889	452
890	441
891	453
892	434
893	454
894	502
895	481
896	540
897	547
898	542
899	565
900	530
901	559
902	570
903	532
904	531
905	559
906	536
907	504
908	478
909	485
910	395
911	438
912	385
913	367
914	364
915	370
916	373
917	300
918	297
919	269
920	254
921	272
922	236
923	206
924	225
925	192
926	218
927	186
928	175
929	191
930	205
931	181
932	169
933	189
934	150
935	164
936	167
937	152
938	143
939	169
940	159
941	169
942	199
943	189
944	237
945	263
946	307
947	286
948	317
949	357
950	380
951	422
952	378
953	405
954	427
955	424
956	387
957	327
958	333
959	280
960	296
961	249
962	235
963	208
964	182
965	182
966	167
967	147
968	125
969	127
970	136
971	140
972	115
973	124
974	112
975	127
976	119
977	117
978	133
979	135
980	139
981	123
982	118
983	123
984	125
985	121
986	146
987	137
988	145
989	146
990	145
991	150
992	136
993	143
994	177
995	149
996	157
997	170
998	150
999	155
1000	178
1001	177
1002	158
1003	168
1004	168
1005	177
1006	176
1007	165
1008	186
1009	187
1010	169
1011	175
1012	152
1013	182
1014	160
1015	161
1016	153
1017	134
1018	138
1019	158
1020	129
1021	113
1022	125
1023	120
1024	119
