Date:	08/05/2018		Time:	19:35		Version no:	0.00		Project name:	55		Sample name:	222		Section name:	section		Position	186.115036	mm	E0	0.000000	keV	E1	1.000000	keV/channel	sample surface	5.896054	cm	Tube anode:	Mo		Tube voltage:	30	kV	Tube current:	50	mA	gain	10		std. database			resultfile	result		matrix element	11		sample thickness	1.000000		air passage	0.560000	cm	comments	in position		peaking_time	2.200000	m-sec	trigger_threshold	547.363281	V	mca_bin_width	22.090000	no:	number_mca_channels	1024.000000	no:	gap_time	0.150000	m-sec	trigger_peaking_time	0.200000	m-sec	GAINDAC	18610		HIGHGAIN	1		TAURC	1		RCTAU	1		RCTAUFRAC	1		livetime	9.452854	seconds	runtime	10.000492	seconds	input_count_rate	23248.110116	cps	output_count_rate	19168.956887	cps	triggers	219761	seconds	events_in_run	191699	seconds	channel	content		1	0
2	0
3	0
4	0
5	0
6	0
7	0
8	0
9	0
10	0
11	0
12	0
13	0
14	0
15	0
16	0
17	0
18	0
19	0
20	0
21	0
22	0
23	0
24	0
25	0
26	0
27	0
28	0
29	0
30	0
31	9
32	10
33	10
34	17
35	20
36	18
37	11
38	19
39	13
40	10
41	10
42	15
43	19
44	17
45	8
46	13
47	15
48	15
49	10
50	10
51	18
52	13
53	15
54	20
55	8
56	8
57	14
58	11
59	9
60	11
61	14
62	10
63	15
64	6
65	9
66	13
67	10
68	7
69	11
70	13
71	7
72	13
73	6
74	11
75	8
76	7
77	12
78	5
79	5
80	7
81	11
82	12
83	9
84	10
85	8
86	6
87	5
88	8
89	6
90	4
91	5
92	4
93	5
94	15
95	11
96	8
97	15
98	11
99	17
100	9
101	7
102	6
103	6
104	9
105	8
106	3
107	10
108	3
109	7
110	8
111	8
112	5
113	8
114	7
115	4
116	4
117	6
118	2
119	6
120	4
121	1
122	3
123	5
124	5
125	4
126	8
127	2
128	5
129	4
130	1
131	2
132	4
133	2
134	0
135	3
136	7
137	4
138	1
139	4
140	2
141	4
142	4
143	4
144	2
145	3
146	0
147	4
148	4
149	5
150	3
151	2
152	6
153	4
154	5
155	2
156	3
157	14
158	10
159	14
160	18
161	19
162	24
163	26
164	22
165	21
166	18
167	16
168	13
169	10
170	5
171	2
172	4
173	7
174	6
175	7
176	7
177	8
178	8
179	14
180	22
181	23
182	18
183	20
184	16
185	18
186	10
187	8
188	8
189	1
190	2
191	4
192	3
193	6
194	9
195	11
196	26
197	38
198	94
199	111
200	185
201	266
202	313
203	315
204	310
205	294
206	196
207	151
208	78
209	33
210	17
211	17
212	9
213	6
214	4
215	10
216	22
217	27
218	45
219	49
220	51
221	72
222	47
223	35
224	34
225	28
226	14
227	8
228	7
229	7
230	5
231	3
232	7
233	1
234	5
235	2
236	2
237	2
238	8
239	5
240	12
241	25
242	38
243	46
244	90
245	120
246	144
247	151
248	156
249	149
250	130
251	118
252	78
253	82
254	38
255	42
256	43
257	25
258	25
259	23
260	17
261	10
262	12
263	16
264	14
265	17
266	16
267	29
268	36
269	33
270	60
271	55
272	48
273	29
274	29
275	25
276	23
277	16
278	12
279	8
280	11
281	9
282	7
283	12
284	9
285	19
286	13
287	10
288	11
289	8
290	11
291	13
292	11
293	10
294	18
295	15
296	18
297	15
298	19
299	15
300	21
301	17
302	17
303	15
304	18
305	16
306	13
307	14
308	16
309	10
310	13
311	12
312	11
313	17
314	17
315	18
316	43
317	36
318	51
319	81
320	103
321	129
322	154
323	184
324	186
325	178
326	142
327	106
328	85
329	67
330	35
331	35
332	27
333	30
334	33
335	20
336	42
337	33
338	48
339	67
340	112
341	169
342	328
343	662
344	1120
345	1872
346	2857
347	4195
348	5454
349	6628
350	7474
351	7836
352	7587
353	6683
354	5364
355	4182
356	2868
357	1847
358	1130
359	566
360	300
361	179
362	95
363	40
364	39
365	26
366	46
367	41
368	43
369	38
370	31
371	47
372	44
373	54
374	67
375	60
376	94
377	97
378	143
379	202
380	284
381	439
382	630
383	804
384	1062
385	1188
386	1312
387	1340
388	1243
389	1083
390	951
391	702
392	478
393	298
394	200
395	128
396	88
397	44
398	26
399	32
400	28
401	37
402	15
403	26
404	19
405	31
406	30
407	27
408	35
409	24
410	23
411	40
412	38
413	25
414	33
415	28
416	20
417	24
418	21
419	25
420	29
421	26
422	27
423	33
424	37
425	31
426	22
427	18
428	23
429	29
430	36
431	22
432	42
433	39
434	30
435	39
436	46
437	39
438	45
439	57
440	73
441	70
442	45
443	56
444	62
445	60
446	57
447	45
448	55
449	71
450	51
451	48
452	58
453	50
454	67
455	66
456	63
457	73
458	81
459	71
460	71
461	69
462	79
463	54
464	64
465	57
466	68
467	46
468	56
469	64
470	38
471	60
472	63
473	60
474	49
475	58
476	68
477	63
478	52
479	58
480	37
481	43
482	40
483	63
484	44
485	52
486	55
487	66
488	49
489	51
490	38
491	54
492	42
493	56
494	45
495	38
496	54
497	54
498	46
499	48
500	55
501	65
502	59
503	61
504	63
505	75
506	71
507	75
508	72
509	81
510	61
511	65
512	67
513	76
514	61
515	82
516	72
517	69
518	68
519	85
520	61
521	63
522	78
523	77
524	92
525	68
526	105
527	95
528	80
529	86
530	85
531	88
532	82
533	93
534	89
535	91
536	74
537	78
538	81
539	70
540	96
541	59
542	83
543	79
544	81
545	75
546	86
547	71
548	67
549	79
550	66
551	78
552	73
553	68
554	71
555	59
556	83
557	59
558	69
559	71
560	88
561	48
562	76
563	64
564	69
565	66
566	76
567	70
568	73
569	57
570	82
571	83
572	74
573	76
574	73
575	68
576	78
577	65
578	80
579	65
580	67
581	78
582	68
583	75
584	71
585	101
586	91
587	92
588	81
589	69
590	73
591	87
592	91
593	94
594	90
595	88
596	95
597	96
598	100
599	86
600	77
601	86
602	85
603	100
604	70
605	88
606	103
607	85
608	99
609	90
610	78
611	79
612	86
613	93
614	84
615	74
616	88
617	93
618	82
619	88
620	104
621	93
622	85
623	96
624	94
625	81
626	108
627	102
628	125
629	93
630	105
631	84
632	99
633	101
634	94
635	105
636	104
637	85
638	93
639	87
640	94
641	103
642	92
643	106
644	106
645	88
646	110
647	82
648	104
649	99
650	100
651	92
652	106
653	125
654	91
655	98
656	111
657	101
658	107
659	90
660	105
661	94
662	106
663	109
664	98
665	105
666	105
667	119
668	128
669	104
670	111
671	97
672	112
673	118
674	96
675	96
676	108
677	86
678	99
679	98
680	93
681	106
682	107
683	78
684	96
685	113
686	97
687	101
688	97
689	109
690	116
691	100
692	118
693	105
694	105
695	92
696	109
697	123
698	105
699	109
700	113
701	118
702	134
703	104
704	123
705	117
706	119
707	108
708	112
709	142
710	114
711	122
712	110
713	117
714	109
715	133
716	123
717	109
718	98
719	116
720	148
721	129
722	105
723	119
724	109
725	125
726	107
727	127
728	135
729	137
730	123
731	117
732	120
733	120
734	135
735	131
736	106
737	129
738	131
739	132
740	115
741	133
742	114
743	118
744	118
745	137
746	134
747	130
748	140
749	125
750	137
751	120
752	120
753	141
754	117
755	112
756	131
757	131
758	119
759	122
760	121
761	130
762	126
763	149
764	174
765	204
766	195
767	194
768	231
769	229
770	241
771	248
772	244
773	286
774	279
775	316
776	277
777	241
778	227
779	224
780	172
781	206
782	162
783	140
784	132
785	141
786	130
787	122
788	133
789	113
790	132
791	137
792	147
793	135
794	141
795	106
796	115
797	125
798	122
799	137
800	124
801	141
802	112
803	146
804	126
805	136
806	113
807	142
808	137
809	150
810	149
811	132
812	137
813	140
814	136
815	150
816	127
817	110
818	135
819	152
820	148
821	137
822	143
823	131
824	154
825	148
826	136
827	147
828	133
829	126
830	142
831	156
832	129
833	127
834	129
835	147
836	138
837	143
838	139
839	132
840	154
841	145
842	145
843	113
844	138
845	140
846	145
847	132
848	148
849	159
850	153
851	121
852	158
853	141
854	171
855	163
856	179
857	154
858	168
859	208
860	201
861	211
862	198
863	239
864	199
865	221
866	197
867	226
868	198
869	186
870	181
871	224
872	202
873	252
874	229
875	233
876	212
877	227
878	248
879	237
880	273
881	280
882	301
883	296
884	291
885	323
886	362
887	363
888	375
889	412
890	394
891	486
892	448
893	496
894	479
895	514
896	538
897	508
898	506
899	567
900	559
901	533
902	499
903	483
904	523
905	497
906	481
907	459
908	428
909	491
910	435
911	437
912	401
913	375
914	377
915	355
916	295
917	306
918	324
919	280
920	243
921	264
922	244
923	204
924	212
925	224
926	205
927	204
928	169
929	170
930	163
931	181
932	193
933	153
934	135
935	127
936	176
937	156
938	154
939	147
940	151
941	172
942	172
943	189
944	235
945	235
946	253
947	271
948	319
949	354
950	375
951	399
952	407
953	380
954	399
955	410
956	360
957	386
958	330
959	320
960	284
961	280
962	240
963	223
964	174
965	176
966	153
967	147
968	135
969	120
970	140
971	121
972	134
973	114
974	112
975	112
976	115
977	123
978	127
979	141
980	124
981	121
982	125
983	132
984	112
985	147
986	153
987	160
988	123
989	150
990	147
991	156
992	144
993	152
994	155
995	163
996	172
997	186
998	159
999	155
1000	167
1001	181
1002	204
1003	171
1004	169
1005	167
1006	185
1007	170
1008	151
1009	172
1010	172
1011	160
1012	144
1013	172
1014	145
1015	144
1016	95
1017	123
1018	135
1019	149
1020	118
1021	108
1022	138
1023	116
1024	111
