Date:	08/05/2018		Time:	17:48		Version no:	0.00		Project name:	55		Sample name:	222		Section name:	section		Position	73.515030	mm	E0	0.000000	keV	E1	1.000000	keV/channel	sample surface	5.953314	cm	Tube anode:	Mo		Tube voltage:	30	kV	Tube current:	50	mA	gain	10		std. database			resultfile	result		matrix element	11		sample thickness	1.000000		air passage	0.560000	cm	comments	in position		peaking_time	2.200000	m-sec	trigger_threshold	547.363281	V	mca_bin_width	22.090000	no:	number_mca_channels	1024.000000	no:	gap_time	0.150000	m-sec	trigger_peaking_time	0.200000	m-sec	GAINDAC	18610		HIGHGAIN	1		TAURC	1		RCTAU	1		RCTAUFRAC	1		livetime	9.416195	seconds	runtime	10.000494	seconds	input_count_rate	25470.691177	cps	output_count_rate	20671.479656	cps	triggers	239837	seconds	events_in_run	206725	seconds	channel	content		1	0
2	0
3	0
4	0
5	0
6	0
7	0
8	0
9	0
10	0
11	0
12	0
13	0
14	0
15	0
16	0
17	0
18	0
19	0
20	0
21	0
22	0
23	0
24	0
25	0
26	0
27	0
28	0
29	0
30	0
31	16
32	14
33	14
34	29
35	11
36	15
37	10
38	9
39	16
40	21
41	11
42	27
43	13
44	20
45	16
46	11
47	15
48	16
49	20
50	14
51	17
52	6
53	11
54	15
55	13
56	3
57	13
58	10
59	5
60	12
61	17
62	4
63	12
64	7
65	8
66	9
67	7
68	10
69	8
70	7
71	10
72	8
73	5
74	8
75	6
76	7
77	7
78	10
79	10
80	10
81	4
82	8
83	13
84	11
85	7
86	4
87	4
88	6
89	6
90	4
91	12
92	6
93	11
94	16
95	18
96	23
97	15
98	13
99	8
100	14
101	8
102	9
103	5
104	10
105	12
106	7
107	12
108	10
109	11
110	9
111	8
112	9
113	5
114	1
115	5
116	6
117	4
118	2
119	4
120	6
121	1
122	3
123	6
124	3
125	8
126	4
127	4
128	3
129	3
130	2
131	3
132	5
133	1
134	2
135	4
136	7
137	3
138	3
139	2
140	2
141	5
142	3
143	2
144	2
145	5
146	3
147	7
148	8
149	5
150	5
151	1
152	7
153	7
154	9
155	3
156	8
157	4
158	11
159	16
160	15
161	25
162	27
163	26
164	20
165	27
166	10
167	5
168	6
169	6
170	2
171	7
172	7
173	12
174	8
175	4
176	5
177	7
178	14
179	14
180	26
181	19
182	21
183	21
184	15
185	11
186	13
187	2
188	6
189	3
190	4
191	3
192	5
193	3
194	9
195	13
196	35
197	54
198	90
199	196
200	268
201	349
202	355
203	400
204	371
205	295
206	257
207	166
208	90
209	60
210	15
211	18
212	12
213	7
214	14
215	19
216	34
217	50
218	45
219	73
220	75
221	56
222	62
223	54
224	40
225	25
226	19
227	14
228	9
229	11
230	6
231	5
232	4
233	7
234	3
235	6
236	3
237	8
238	8
239	6
240	13
241	28
242	49
243	79
244	103
245	152
246	210
247	232
248	203
249	223
250	159
251	126
252	95
253	82
254	73
255	51
256	38
257	36
258	27
259	24
260	17
261	14
262	11
263	19
264	10
265	20
266	25
267	32
268	59
269	43
270	58
271	43
272	72
273	47
274	38
275	28
276	26
277	18
278	13
279	13
280	13
281	11
282	9
283	8
284	5
285	12
286	13
287	10
288	15
289	18
290	13
291	17
292	21
293	11
294	23
295	11
296	29
297	12
298	16
299	21
300	27
301	17
302	15
303	15
304	16
305	12
306	17
307	11
308	14
309	14
310	9
311	17
312	15
313	11
314	24
315	15
316	31
317	36
318	54
319	70
320	99
321	135
322	158
323	165
324	160
325	153
326	128
327	105
328	69
329	64
330	34
331	33
332	35
333	31
334	37
335	28
336	40
337	32
338	51
339	69
340	122
341	198
342	418
343	780
344	1407
345	2278
346	3440
347	4748
348	6402
349	7779
350	8617
351	8837
352	8557
353	7413
354	6039
355	4484
356	3142
357	1994
358	1163
359	631
360	335
361	172
362	83
363	43
364	51
365	41
366	34
367	44
368	70
369	36
370	47
371	54
372	46
373	53
374	56
375	82
376	85
377	109
378	168
379	238
380	370
381	523
382	705
383	1032
384	1173
385	1339
386	1531
387	1493
388	1402
389	1244
390	1054
391	791
392	536
393	356
394	257
395	147
396	70
397	50
398	43
399	23
400	30
401	31
402	32
403	23
404	30
405	26
406	42
407	31
408	50
409	51
410	41
411	29
412	33
413	31
414	33
415	31
416	34
417	36
418	33
419	24
420	31
421	37
422	24
423	30
424	31
425	44
426	35
427	39
428	31
429	34
430	26
431	37
432	43
433	47
434	48
435	43
436	51
437	51
438	62
439	67
440	68
441	64
442	77
443	54
444	75
445	59
446	63
447	72
448	64
449	43
450	53
451	53
452	36
453	72
454	70
455	61
456	80
457	87
458	81
459	86
460	87
461	99
462	75
463	73
464	64
465	76
466	41
467	44
468	63
469	50
470	49
471	60
472	63
473	77
474	70
475	65
476	71
477	64
478	48
479	61
480	50
481	53
482	63
483	57
484	45
485	57
486	64
487	67
488	47
489	55
490	50
491	64
492	48
493	63
494	58
495	59
496	62
497	67
498	52
499	60
500	61
501	73
502	71
503	65
504	58
505	56
506	62
507	79
508	100
509	63
510	73
511	82
512	75
513	80
514	92
515	61
516	91
517	86
518	91
519	91
520	76
521	83
522	89
523	87
524	91
525	113
526	98
527	95
528	103
529	91
530	96
531	72
532	109
533	93
534	103
535	73
536	71
537	78
538	77
539	78
540	81
541	71
542	85
543	84
544	91
545	61
546	101
547	78
548	98
549	69
550	102
551	90
552	74
553	77
554	75
555	87
556	74
557	80
558	90
559	73
560	61
561	82
562	87
563	61
564	67
565	89
566	92
567	81
568	65
569	76
570	94
571	93
572	83
573	91
574	80
575	76
576	75
577	81
578	72
579	94
580	88
581	82
582	80
583	72
584	99
585	109
586	76
587	93
588	85
589	85
590	87
591	95
592	96
593	86
594	98
595	88
596	77
597	97
598	87
599	83
600	105
601	111
602	86
603	81
604	90
605	100
606	95
607	113
608	87
609	89
610	89
611	90
612	98
613	84
614	111
615	90
616	111
617	101
618	110
619	90
620	98
621	84
622	109
623	92
624	95
625	83
626	104
627	100
628	105
629	101
630	85
631	110
632	104
633	93
634	92
635	100
636	123
637	101
638	104
639	88
640	108
641	101
642	96
643	88
644	100
645	115
646	93
647	100
648	101
649	109
650	112
651	108
652	116
653	101
654	125
655	124
656	102
657	106
658	88
659	102
660	114
661	114
662	107
663	103
664	106
665	82
666	99
667	105
668	88
669	99
670	92
671	126
672	123
673	111
674	106
675	107
676	112
677	107
678	128
679	115
680	109
681	109
682	103
683	111
684	114
685	97
686	96
687	125
688	108
689	124
690	118
691	115
692	119
693	123
694	136
695	120
696	106
697	106
698	120
699	124
700	121
701	113
702	128
703	120
704	110
705	160
706	129
707	121
708	144
709	112
710	119
711	118
712	121
713	112
714	141
715	116
716	129
717	126
718	139
719	105
720	116
721	126
722	123
723	110
724	112
725	138
726	114
727	110
728	124
729	135
730	115
731	136
732	131
733	117
734	130
735	129
736	130
737	117
738	122
739	117
740	105
741	126
742	124
743	138
744	124
745	123
746	114
747	137
748	132
749	137
750	151
751	134
752	120
753	125
754	133
755	135
756	129
757	145
758	134
759	126
760	118
761	150
762	135
763	157
764	168
765	176
766	184
767	208
768	184
769	212
770	212
771	265
772	280
773	278
774	274
775	246
776	218
777	219
778	225
779	204
780	186
781	182
782	158
783	147
784	139
785	120
786	140
787	119
788	127
789	135
790	129
791	118
792	150
793	110
794	139
795	122
796	120
797	125
798	140
799	130
800	134
801	121
802	107
803	132
804	114
805	128
806	139
807	149
808	138
809	140
810	145
811	134
812	140
813	136
814	141
815	136
816	137
817	152
818	151
819	132
820	147
821	135
822	168
823	141
824	124
825	130
826	143
827	141
828	128
829	150
830	157
831	132
832	127
833	146
834	143
835	139
836	142
837	145
838	140
839	153
840	133
841	139
842	144
843	144
844	152
845	150
846	146
847	145
848	150
849	171
850	177
851	162
852	160
853	164
854	174
855	167
856	185
857	180
858	177
859	166
860	206
861	191
862	213
863	211
864	231
865	190
866	196
867	195
868	188
869	195
870	182
871	235
872	216
873	226
874	192
875	216
876	226
877	234
878	242
879	255
880	272
881	267
882	283
883	326
884	312
885	346
886	343
887	372
888	345
889	390
890	431
891	437
892	473
893	450
894	503
895	493
896	501
897	502
898	544
899	540
900	538
901	523
902	589
903	555
904	533
905	487
906	480
907	503
908	471
909	481
910	442
911	386
912	399
913	413
914	409
915	344
916	284
917	316
918	299
919	259
920	286
921	285
922	266
923	244
924	247
925	229
926	192
927	201
928	211
929	167
930	178
931	180
932	173
933	171
934	164
935	155
936	148
937	167
938	185
939	156
940	165
941	176
942	192
943	210
944	244
945	251
946	287
947	317
948	333
949	322
950	366
951	415
952	401
953	404
954	409
955	452
956	435
957	378
958	352
959	291
960	283
961	245
962	234
963	209
964	195
965	159
966	145
967	144
968	141
969	133
970	116
971	122
972	136
973	121
974	129
975	118
976	116
977	122
978	105
979	128
980	124
981	133
982	130
983	135
984	111
985	125
986	129
987	137
988	126
989	129
990	158
991	139
992	147
993	158
994	157
995	155
996	178
997	181
998	164
999	183
1000	137
1001	180
1002	157
1003	162
1004	169
1005	162
1006	175
1007	160
1008	174
1009	176
1010	192
1011	136
1012	178
1013	162
1014	147
1015	157
1016	158
1017	162
1018	147
1019	118
1020	115
1021	111
1022	121
1023	130
1024	114
