Date:	08/05/2018		Time:	20:07		Version no:	0.00		Project name:	55		Sample name:	222		Section name:	section		Position	219.315033	mm	E0	0.000000	keV	E1	1.000000	keV/channel	sample surface	5.919876	cm	Tube anode:	Mo		Tube voltage:	30	kV	Tube current:	50	mA	gain	10		std. database			resultfile	result		matrix element	11		sample thickness	1.000000		air passage	0.560000	cm	comments	in position		peaking_time	2.200000	m-sec	trigger_threshold	547.363281	V	mca_bin_width	22.090000	no:	number_mca_channels	1024.000000	no:	gap_time	0.150000	m-sec	trigger_peaking_time	0.200000	m-sec	GAINDAC	18610		HIGHGAIN	1		TAURC	1		RCTAU	1		RCTAUFRAC	1		livetime	9.426066	seconds	runtime	10.000167	seconds	input_count_rate	24255.719162	cps	output_count_rate	19839.868277	cps	triggers	228636	seconds	events_in_run	198402	seconds	channel	content		1	0
2	0
3	0
4	0
5	0
6	0
7	0
8	0
9	0
10	0
11	0
12	0
13	0
14	0
15	0
16	0
17	0
18	0
19	0
20	0
21	0
22	0
23	0
24	0
25	0
26	0
27	0
28	0
29	0
30	0
31	13
32	17
33	15
34	12
35	11
36	17
37	19
38	11
39	18
40	17
41	14
42	14
43	15
44	12
45	12
46	13
47	13
48	9
49	16
50	11
51	12
52	6
53	9
54	19
55	12
56	8
57	15
58	15
59	19
60	11
61	10
62	14
63	5
64	10
65	9
66	13
67	3
68	6
69	10
70	13
71	8
72	7
73	8
74	12
75	10
76	3
77	9
78	7
79	9
80	14
81	8
82	10
83	12
84	8
85	7
86	7
87	12
88	11
89	3
90	6
91	6
92	10
93	6
94	13
95	16
96	25
97	18
98	4
99	18
100	10
101	7
102	7
103	7
104	8
105	4
106	3
107	10
108	10
109	11
110	6
111	6
112	3
113	8
114	5
115	5
116	1
117	4
118	4
119	2
120	3
121	3
122	5
123	7
124	10
125	4
126	8
127	8
128	8
129	2
130	6
131	7
132	7
133	6
134	0
135	1
136	6
137	5
138	6
139	1
140	3
141	7
142	3
143	3
144	5
145	4
146	6
147	1
148	5
149	8
150	4
151	5
152	7
153	7
154	3
155	6
156	6
157	9
158	6
159	20
160	15
161	21
162	27
163	32
164	23
165	17
166	12
167	12
168	14
169	4
170	8
171	3
172	11
173	8
174	6
175	5
176	1
177	6
178	9
179	12
180	16
181	12
182	15
183	13
184	16
185	11
186	11
187	8
188	8
189	6
190	1
191	2
192	3
193	4
194	6
195	4
196	22
197	53
198	67
199	104
200	189
201	247
202	285
203	304
204	289
205	236
206	206
207	128
208	79
209	44
210	24
211	14
212	9
213	2
214	14
215	18
216	23
217	32
218	35
219	45
220	54
221	55
222	48
223	49
224	30
225	20
226	16
227	18
228	8
229	5
230	2
231	3
232	3
233	7
234	2
235	6
236	5
237	10
238	7
239	6
240	15
241	34
242	40
243	71
244	109
245	165
246	208
247	229
248	202
249	225
250	169
251	137
252	125
253	74
254	66
255	49
256	34
257	30
258	27
259	22
260	19
261	15
262	15
263	12
264	14
265	20
266	22
267	26
268	47
269	38
270	56
271	51
272	60
273	44
274	43
275	26
276	23
277	22
278	10
279	14
280	13
281	8
282	13
283	13
284	20
285	8
286	8
287	13
288	6
289	19
290	23
291	13
292	14
293	19
294	24
295	20
296	27
297	18
298	16
299	16
300	19
301	17
302	16
303	14
304	10
305	11
306	15
307	10
308	12
309	10
310	14
311	10
312	13
313	12
314	19
315	21
316	33
317	72
318	79
319	116
320	147
321	190
322	238
323	264
324	250
325	223
326	202
327	171
328	108
329	75
330	62
331	47
332	42
333	32
334	28
335	31
336	22
337	36
338	50
339	58
340	104
341	167
342	373
343	657
344	1156
345	1794
346	2920
347	4114
348	5529
349	6730
350	7542
351	7798
352	7419
353	6553
354	5358
355	4058
356	2849
357	1834
358	1094
359	596
360	323
361	160
362	102
363	71
364	39
365	48
366	46
367	36
368	35
369	32
370	44
371	35
372	51
373	48
374	53
375	74
376	69
377	103
378	158
379	195
380	296
381	401
382	644
383	880
384	994
385	1209
386	1264
387	1259
388	1183
389	1045
390	905
391	660
392	472
393	325
394	207
395	136
396	81
397	43
398	44
399	23
400	40
401	28
402	26
403	24
404	28
405	27
406	28
407	25
408	35
409	50
410	42
411	29
412	35
413	36
414	35
415	33
416	43
417	30
418	37
419	26
420	50
421	33
422	43
423	28
424	16
425	22
426	31
427	33
428	30
429	38
430	41
431	30
432	41
433	35
434	39
435	39
436	48
437	43
438	67
439	74
440	51
441	83
442	66
443	71
444	73
445	69
446	65
447	64
448	66
449	68
450	52
451	51
452	56
453	68
454	69
455	67
456	64
457	58
458	100
459	72
460	97
461	76
462	74
463	66
464	61
465	60
466	71
467	41
468	44
469	51
470	73
471	59
472	60
473	75
474	89
475	72
476	70
477	62
478	60
479	59
480	59
481	66
482	53
483	47
484	52
485	60
486	62
487	63
488	48
489	47
490	52
491	62
492	68
493	56
494	62
495	61
496	59
497	48
498	62
499	54
500	69
501	70
502	75
503	67
504	68
505	82
506	81
507	78
508	92
509	80
510	76
511	69
512	77
513	60
514	72
515	77
516	67
517	85
518	80
519	103
520	81
521	83
522	83
523	96
524	92
525	93
526	80
527	121
528	95
529	109
530	102
531	82
532	86
533	86
534	89
535	84
536	84
537	94
538	76
539	73
540	81
541	80
542	87
543	84
544	81
545	90
546	85
547	71
548	83
549	82
550	65
551	83
552	69
553	86
554	81
555	67
556	71
557	68
558	82
559	77
560	64
561	70
562	76
563	85
564	81
565	88
566	84
567	77
568	77
569	77
570	87
571	81
572	76
573	87
574	65
575	107
576	90
577	74
578	95
579	94
580	74
581	81
582	86
583	85
584	99
585	85
586	88
587	87
588	92
589	87
590	79
591	73
592	103
593	104
594	95
595	98
596	85
597	81
598	96
599	76
600	89
601	86
602	85
603	108
604	95
605	91
606	106
607	112
608	91
609	93
610	99
611	89
612	95
613	78
614	103
615	112
616	107
617	112
618	110
619	94
620	99
621	85
622	112
623	97
624	113
625	109
626	89
627	106
628	99
629	119
630	90
631	101
632	91
633	104
634	106
635	85
636	108
637	123
638	98
639	102
640	94
641	100
642	100
643	103
644	91
645	102
646	96
647	113
648	110
649	110
650	109
651	127
652	101
653	103
654	107
655	126
656	94
657	97
658	92
659	86
660	110
661	107
662	109
663	96
664	113
665	125
666	131
667	121
668	110
669	117
670	110
671	125
672	129
673	96
674	124
675	123
676	107
677	102
678	102
679	113
680	118
681	120
682	126
683	116
684	112
685	133
686	103
687	120
688	143
689	132
690	125
691	142
692	111
693	121
694	124
695	112
696	131
697	133
698	125
699	101
700	118
701	148
702	117
703	117
704	132
705	107
706	130
707	141
708	116
709	128
710	130
711	127
712	123
713	134
714	124
715	139
716	120
717	125
718	130
719	139
720	133
721	138
722	149
723	128
724	139
725	106
726	151
727	115
728	108
729	140
730	137
731	143
732	121
733	127
734	112
735	132
736	136
737	135
738	92
739	105
740	116
741	121
742	146
743	122
744	121
745	140
746	155
747	125
748	141
749	148
750	123
751	116
752	124
753	123
754	146
755	142
756	113
757	117
758	120
759	141
760	132
761	138
762	132
763	160
764	168
765	165
766	193
767	166
768	244
769	232
770	260
771	249
772	287
773	279
774	298
775	269
776	249
777	225
778	219
779	223
780	185
781	196
782	162
783	167
784	166
785	152
786	153
787	132
788	158
789	148
790	136
791	131
792	128
793	119
794	148
795	125
796	129
797	142
798	147
799	131
800	138
801	144
802	127
803	116
804	132
805	145
806	140
807	160
808	136
809	112
810	157
811	144
812	170
813	134
814	142
815	134
816	148
817	135
818	156
819	179
820	155
821	177
822	148
823	134
824	154
825	154
826	149
827	154
828	137
829	148
830	149
831	127
832	160
833	158
834	156
835	163
836	138
837	140
838	139
839	142
840	140
841	133
842	142
843	163
844	149
845	138
846	170
847	172
848	173
849	140
850	141
851	184
852	159
853	172
854	188
855	183
856	186
857	177
858	213
859	222
860	185
861	218
862	196
863	183
864	207
865	216
866	232
867	209
868	230
869	210
870	205
871	194
872	220
873	213
874	222
875	220
876	233
877	240
878	235
879	267
880	325
881	310
882	277
883	280
884	335
885	361
886	381
887	348
888	432
889	414
890	476
891	463
892	467
893	541
894	531
895	563
896	585
897	545
898	588
899	578
900	585
901	591
902	548
903	557
904	567
905	522
906	545
907	515
908	531
909	437
910	494
911	463
912	421
913	400
914	392
915	371
916	330
917	338
918	304
919	316
920	278
921	292
922	247
923	257
924	229
925	235
926	225
927	201
928	183
929	186
930	182
931	171
932	179
933	179
934	163
935	171
936	166
937	162
938	161
939	161
940	164
941	206
942	201
943	243
944	207
945	243
946	273
947	309
948	347
949	337
950	384
951	378
952	396
953	414
954	399
955	401
956	407
957	368
958	361
959	326
960	287
961	252
962	230
963	237
964	188
965	173
966	146
967	140
968	143
969	146
970	134
971	134
972	122
973	128
974	131
975	166
976	116
977	124
978	110
979	133
980	121
981	135
982	139
983	136
984	147
985	148
986	141
987	134
988	146
989	170
990	156
991	140
992	157
993	153
994	158
995	146
996	164
997	203
998	177
999	169
1000	177
1001	181
1002	181
1003	200
1004	173
1005	181
1006	173
1007	158
1008	158
1009	182
1010	136
1011	171
1012	166
1013	154
1014	151
1015	158
1016	146
1017	144
1018	146
1019	116
1020	158
1021	124
1022	118
1023	135
1024	114
