Date:	08/05/2018		Time:	19:11		Version no:	0.00		Project name:	55		Sample name:	222		Section name:	section		Position	160.715027	mm	E0	0.000000	keV	E1	1.000000	keV/channel	sample surface	5.887846	cm	Tube anode:	Mo		Tube voltage:	30	kV	Tube current:	50	mA	gain	10		std. database			resultfile	result		matrix element	11		sample thickness	1.000000		air passage	0.560000	cm	comments	in position		peaking_time	2.200000	m-sec	trigger_threshold	547.363281	V	mca_bin_width	22.090000	no:	number_mca_channels	1024.000000	no:	gap_time	0.150000	m-sec	trigger_peaking_time	0.200000	m-sec	GAINDAC	18610		HIGHGAIN	1		TAURC	1		RCTAU	1		RCTAUFRAC	1		livetime	9.454950	seconds	runtime	10.000494	seconds	input_count_rate	22835.552714	cps	output_count_rate	18850.268043	cps	triggers	215909	seconds	events_in_run	188512	seconds	channel	content		1	0
2	0
3	0
4	0
5	0
6	0
7	0
8	0
9	0
10	0
11	0
12	0
13	0
14	0
15	0
16	0
17	0
18	0
19	0
20	0
21	0
22	0
23	0
24	0
25	0
26	0
27	0
28	0
29	0
30	0
31	14
32	14
33	16
34	14
35	12
36	9
37	7
38	13
39	8
40	22
41	15
42	18
43	14
44	19
45	14
46	10
47	9
48	12
49	11
50	13
51	19
52	4
53	15
54	10
55	16
56	14
57	14
58	14
59	12
60	9
61	15
62	11
63	9
64	15
65	13
66	10
67	7
68	11
69	7
70	8
71	11
72	3
73	7
74	11
75	11
76	5
77	10
78	6
79	5
80	6
81	12
82	8
83	10
84	6
85	6
86	8
87	10
88	6
89	2
90	5
91	10
92	7
93	6
94	16
95	9
96	11
97	11
98	7
99	10
100	7
101	7
102	4
103	5
104	3
105	5
106	10
107	7
108	4
109	4
110	5
111	5
112	6
113	5
114	6
115	6
116	7
117	3
118	6
119	2
120	1
121	5
122	7
123	6
124	5
125	7
126	3
127	7
128	9
129	3
130	3
131	3
132	4
133	3
134	5
135	3
136	4
137	1
138	3
139	6
140	7
141	2
142	5
143	4
144	3
145	6
146	8
147	6
148	6
149	3
150	5
151	4
152	1
153	3
154	4
155	5
156	7
157	8
158	7
159	13
160	21
161	18
162	34
163	23
164	26
165	21
166	11
167	13
168	12
169	7
170	7
171	6
172	5
173	5
174	3
175	5
176	12
177	7
178	23
179	13
180	17
181	11
182	19
183	12
184	11
185	11
186	6
187	8
188	4
189	5
190	6
191	0
192	1
193	8
194	4
195	11
196	10
197	34
198	76
199	90
200	147
201	224
202	244
203	262
204	251
205	232
206	165
207	111
208	57
209	35
210	13
211	12
212	10
213	8
214	11
215	12
216	15
217	21
218	47
219	42
220	31
221	39
222	47
223	41
224	21
225	27
226	11
227	14
228	6
229	1
230	5
231	4
232	5
233	3
234	6
235	10
236	3
237	6
238	6
239	8
240	11
241	21
242	44
243	47
244	76
245	103
246	140
247	146
248	153
249	121
250	122
251	96
252	77
253	55
254	41
255	45
256	37
257	29
258	39
259	24
260	16
261	12
262	11
263	8
264	9
265	15
266	22
267	16
268	34
269	44
270	46
271	33
272	39
273	38
274	35
275	22
276	21
277	10
278	10
279	13
280	12
281	11
282	6
283	11
284	8
285	13
286	10
287	19
288	6
289	12
290	11
291	10
292	12
293	27
294	15
295	24
296	18
297	27
298	23
299	21
300	17
301	18
302	15
303	12
304	18
305	12
306	10
307	14
308	16
309	17
310	10
311	8
312	19
313	14
314	13
315	32
316	33
317	62
318	76
319	116
320	157
321	192
322	201
323	233
324	265
325	223
326	205
327	155
328	103
329	73
330	56
331	43
332	35
333	26
334	24
335	22
336	28
337	35
338	36
339	57
340	93
341	187
342	325
343	616
344	1021
345	1752
346	2610
347	3805
348	5092
349	6157
350	7106
351	7179
352	6877
353	6171
354	4977
355	3716
356	2543
357	1694
358	975
359	577
360	301
361	158
362	104
363	62
364	51
365	36
366	31
367	40
368	46
369	30
370	36
371	48
372	64
373	66
374	63
375	54
376	73
377	92
378	133
379	192
380	284
381	364
382	552
383	783
384	928
385	1133
386	1194
387	1218
388	1099
389	1025
390	764
391	610
392	427
393	304
394	170
395	113
396	66
397	40
398	34
399	30
400	30
401	27
402	22
403	24
404	20
405	26
406	28
407	35
408	34
409	34
410	26
411	37
412	40
413	34
414	33
415	25
416	32
417	24
418	24
419	26
420	27
421	34
422	33
423	23
424	27
425	28
426	30
427	24
428	31
429	26
430	33
431	42
432	33
433	41
434	34
435	50
436	45
437	52
438	53
439	60
440	60
441	65
442	71
443	66
444	72
445	69
446	62
447	61
448	60
449	46
450	55
451	44
452	56
453	60
454	61
455	61
456	79
457	75
458	70
459	99
460	78
461	84
462	49
463	65
464	52
465	51
466	53
467	50
468	55
469	57
470	66
471	54
472	69
473	56
474	56
475	57
476	45
477	44
478	60
479	39
480	61
481	57
482	48
483	34
484	58
485	53
486	46
487	52
488	55
489	50
490	56
491	53
492	65
493	52
494	49
495	52
496	60
497	60
498	51
499	65
500	61
501	54
502	50
503	70
504	55
505	63
506	84
507	80
508	71
509	72
510	74
511	68
512	70
513	71
514	95
515	74
516	76
517	76
518	72
519	81
520	81
521	92
522	77
523	75
524	87
525	101
526	100
527	99
528	83
529	97
530	94
531	99
532	74
533	88
534	75
535	73
536	91
537	94
538	61
539	70
540	84
541	80
542	73
543	80
544	77
545	72
546	70
547	77
548	76
549	87
550	95
551	74
552	72
553	64
554	71
555	71
556	67
557	58
558	73
559	70
560	73
561	73
562	75
563	54
564	73
565	69
566	80
567	63
568	67
569	82
570	85
571	79
572	80
573	79
574	91
575	83
576	79
577	75
578	66
579	86
580	90
581	89
582	90
583	88
584	94
585	86
586	93
587	69
588	76
589	80
590	75
591	98
592	100
593	102
594	82
595	87
596	89
597	92
598	86
599	95
600	105
601	95
602	97
603	104
604	91
605	103
606	78
607	90
608	78
609	91
610	100
611	108
612	93
613	106
614	99
615	96
616	89
617	92
618	103
619	101
620	97
621	80
622	108
623	107
624	98
625	102
626	82
627	93
628	120
629	101
630	111
631	99
632	94
633	85
634	97
635	95
636	89
637	106
638	92
639	103
640	94
641	108
642	108
643	85
644	106
645	88
646	105
647	103
648	102
649	127
650	105
651	85
652	99
653	104
654	105
655	113
656	124
657	93
658	120
659	101
660	96
661	100
662	91
663	94
664	108
665	103
666	93
667	127
668	105
669	105
670	108
671	93
672	94
673	99
674	106
675	104
676	120
677	105
678	105
679	116
680	96
681	96
682	95
683	125
684	111
685	112
686	111
687	107
688	107
689	137
690	119
691	121
692	114
693	138
694	119
695	133
696	120
697	136
698	116
699	124
700	113
701	128
702	115
703	107
704	113
705	123
706	128
707	110
708	118
709	130
710	128
711	120
712	118
713	134
714	121
715	124
716	116
717	117
718	123
719	131
720	123
721	132
722	145
723	107
724	124
725	109
726	127
727	116
728	131
729	143
730	133
731	127
732	105
733	131
734	126
735	152
736	125
737	135
738	139
739	125
740	152
741	137
742	128
743	122
744	133
745	126
746	102
747	112
748	125
749	148
750	111
751	130
752	130
753	136
754	116
755	110
756	127
757	162
758	135
759	169
760	131
761	123
762	158
763	146
764	162
765	179
766	210
767	211
768	205
769	231
770	245
771	255
772	285
773	306
774	278
775	272
776	287
777	275
778	246
779	228
780	199
781	171
782	176
783	150
784	138
785	168
786	141
787	143
788	136
789	122
790	140
791	152
792	135
793	144
794	110
795	126
796	127
797	127
798	136
799	139
800	130
801	137
802	138
803	157
804	131
805	122
806	139
807	120
808	142
809	126
810	135
811	140
812	131
813	145
814	134
815	135
816	126
817	114
818	136
819	161
820	155
821	150
822	154
823	146
824	158
825	148
826	143
827	148
828	151
829	151
830	163
831	168
832	148
833	123
834	131
835	146
836	140
837	166
838	132
839	143
840	150
841	161
842	147
843	146
844	175
845	147
846	169
847	154
848	166
849	136
850	155
851	138
852	154
853	167
854	163
855	163
856	162
857	179
858	194
859	192
860	187
861	198
862	203
863	197
864	204
865	237
866	232
867	205
868	206
869	206
870	200
871	197
872	230
873	237
874	230
875	250
876	234
877	267
878	246
879	248
880	273
881	297
882	309
883	296
884	333
885	363
886	347
887	379
888	392
889	396
890	457
891	487
892	478
893	452
894	487
895	535
896	524
897	514
898	531
899	551
900	594
901	554
902	588
903	539
904	535
905	557
906	484
907	494
908	489
909	440
910	467
911	460
912	402
913	394
914	373
915	340
916	336
917	323
918	349
919	289
920	266
921	265
922	226
923	248
924	234
925	207
926	233
927	222
928	186
929	184
930	184
931	151
932	172
933	169
934	145
935	151
936	173
937	168
938	168
939	173
940	189
941	178
942	187
943	179
944	217
945	279
946	267
947	288
948	320
949	338
950	397
951	369
952	379
953	419
954	426
955	402
956	429
957	413
958	352
959	330
960	303
961	280
962	208
963	239
964	186
965	203
966	150
967	149
968	129
969	138
970	148
971	144
972	108
973	138
974	126
975	125
976	126
977	144
978	116
979	118
980	112
981	142
982	138
983	134
984	114
985	152
986	152
987	133
988	157
989	153
990	141
991	134
992	169
993	164
994	153
995	175
996	161
997	166
998	159
999	180
1000	189
1001	164
1002	167
1003	172
1004	198
1005	174
1006	168
1007	196
1008	178
1009	178
1010	146
1011	159
1012	168
1013	158
1014	168
1015	161
1016	153
1017	138
1018	143
1019	139
1020	132
1021	134
1022	108
1023	119
1024	118
