Date:	08/05/2018		Time:	20:20		Version no:	0.00		Project name:	55		Sample name:	222		Section name:	section		Position	233.515030	mm	E0	0.000000	keV	E1	1.000000	keV/channel	sample surface	5.947378	cm	Tube anode:	Mo		Tube voltage:	30	kV	Tube current:	50	mA	gain	10		std. database			resultfile	result		matrix element	11		sample thickness	1.000000		air passage	0.560000	cm	comments	in position		peaking_time	2.200000	m-sec	trigger_threshold	547.363281	V	mca_bin_width	22.090000	no:	number_mca_channels	1024.000000	no:	gap_time	0.150000	m-sec	trigger_peaking_time	0.200000	m-sec	GAINDAC	18610		HIGHGAIN	1		TAURC	1		RCTAU	1		RCTAUFRAC	1		livetime	9.453151	seconds	runtime	10.000495	seconds	input_count_rate	23239.340549	cps	output_count_rate	19169.650719	cps	triggers	219685	seconds	events_in_run	191706	seconds	channel	content		1	0
2	0
3	0
4	0
5	0
6	0
7	0
8	0
9	0
10	0
11	0
12	0
13	0
14	0
15	0
16	0
17	0
18	0
19	0
20	0
21	0
22	0
23	0
24	0
25	0
26	0
27	0
28	0
29	0
30	0
31	11
32	11
33	13
34	15
35	19
36	18
37	13
38	16
39	14
40	8
41	6
42	8
43	11
44	15
45	11
46	20
47	13
48	21
49	10
50	10
51	10
52	16
53	12
54	11
55	16
56	14
57	12
58	13
59	10
60	14
61	10
62	8
63	13
64	9
65	8
66	8
67	5
68	9
69	11
70	9
71	10
72	8
73	6
74	11
75	7
76	4
77	9
78	9
79	7
80	8
81	6
82	12
83	8
84	17
85	14
86	10
87	12
88	6
89	8
90	2
91	7
92	6
93	1
94	13
95	11
96	14
97	16
98	17
99	12
100	8
101	7
102	6
103	9
104	6
105	9
106	9
107	7
108	9
109	13
110	7
111	5
112	9
113	6
114	3
115	6
116	7
117	7
118	7
119	4
120	5
121	7
122	4
123	5
124	6
125	11
126	6
127	3
128	6
129	6
130	5
131	2
132	4
133	8
134	4
135	3
136	3
137	2
138	4
139	1
140	2
141	3
142	1
143	5
144	2
145	6
146	1
147	2
148	8
149	3
150	3
151	5
152	4
153	3
154	3
155	8
156	7
157	3
158	8
159	16
160	13
161	39
162	33
163	20
164	18
165	25
166	16
167	9
168	10
169	9
170	9
171	7
172	10
173	5
174	6
175	11
176	8
177	12
178	13
179	12
180	17
181	15
182	21
183	20
184	20
185	16
186	8
187	7
188	9
189	4
190	1
191	4
192	1
193	8
194	9
195	11
196	29
197	53
198	73
199	135
200	236
201	258
202	332
203	316
204	292
205	242
206	211
207	136
208	57
209	45
210	14
211	16
212	10
213	7
214	7
215	19
216	17
217	22
218	39
219	60
220	64
221	49
222	53
223	49
224	32
225	27
226	17
227	13
228	7
229	2
230	2
231	5
232	3
233	5
234	6
235	2
236	2
237	6
238	4
239	11
240	16
241	32
242	42
243	75
244	121
245	145
246	197
247	217
248	212
249	211
250	168
251	150
252	98
253	69
254	49
255	43
256	35
257	29
258	29
259	24
260	13
261	13
262	11
263	18
264	11
265	25
266	30
267	21
268	36
269	53
270	49
271	65
272	62
273	44
274	43
275	29
276	20
277	19
278	22
279	6
280	5
281	13
282	6
283	7
284	17
285	11
286	16
287	13
288	13
289	13
290	14
291	19
292	25
293	19
294	13
295	27
296	18
297	23
298	18
299	11
300	20
301	14
302	15
303	15
304	6
305	23
306	16
307	11
308	11
309	13
310	7
311	16
312	12
313	17
314	19
315	19
316	25
317	38
318	54
319	74
320	104
321	113
322	157
323	121
324	164
325	141
326	125
327	106
328	64
329	52
330	40
331	28
332	35
333	26
334	33
335	31
336	30
337	46
338	49
339	65
340	89
341	182
342	363
343	681
344	1146
345	1918
346	2845
347	4091
348	5531
349	6543
350	7305
351	7784
352	7278
353	6510
354	5212
355	3956
356	2682
357	1754
358	1063
359	592
360	305
361	168
362	101
363	61
364	51
365	45
366	40
367	38
368	31
369	37
370	38
371	47
372	39
373	39
374	51
375	55
376	82
377	82
378	158
379	209
380	302
381	445
382	593
383	807
384	1036
385	1136
386	1277
387	1311
388	1193
389	1106
390	874
391	670
392	457
393	324
394	214
395	130
396	66
397	56
398	37
399	19
400	29
401	30
402	15
403	21
404	23
405	31
406	31
407	42
408	37
409	31
410	24
411	34
412	39
413	25
414	29
415	33
416	28
417	18
418	35
419	34
420	24
421	33
422	26
423	37
424	32
425	33
426	37
427	29
428	37
429	38
430	33
431	27
432	36
433	32
434	45
435	45
436	41
437	59
438	63
439	63
440	63
441	53
442	69
443	89
444	73
445	45
446	56
447	72
448	46
449	40
450	56
451	75
452	65
453	66
454	54
455	65
456	58
457	75
458	69
459	58
460	73
461	73
462	78
463	67
464	65
465	62
466	43
467	54
468	51
469	40
470	67
471	56
472	62
473	63
474	55
475	57
476	57
477	56
478	53
479	42
480	40
481	45
482	59
483	43
484	44
485	54
486	51
487	48
488	46
489	50
490	58
491	55
492	65
493	51
494	56
495	56
496	79
497	71
498	51
499	48
500	66
501	62
502	64
503	71
504	60
505	72
506	64
507	83
508	73
509	74
510	73
511	67
512	85
513	82
514	70
515	74
516	77
517	67
518	73
519	75
520	56
521	82
522	76
523	74
524	98
525	87
526	90
527	72
528	97
529	97
530	93
531	84
532	96
533	88
534	72
535	81
536	82
537	67
538	64
539	84
540	77
541	72
542	88
543	69
544	76
545	70
546	68
547	79
548	89
549	75
550	58
551	83
552	80
553	65
554	80
555	68
556	72
557	89
558	69
559	60
560	70
561	80
562	58
563	65
564	76
565	74
566	95
567	87
568	64
569	85
570	68
571	83
572	71
573	71
574	75
575	77
576	83
577	71
578	72
579	81
580	96
581	76
582	90
583	70
584	72
585	62
586	84
587	74
588	82
589	86
590	68
591	89
592	83
593	72
594	86
595	72
596	66
597	97
598	92
599	74
600	89
601	77
602	103
603	97
604	82
605	87
606	88
607	79
608	86
609	86
610	86
611	107
612	88
613	81
614	85
615	101
616	102
617	96
618	91
619	114
620	78
621	93
622	91
623	86
624	98
625	87
626	107
627	98
628	100
629	121
630	79
631	104
632	92
633	97
634	107
635	85
636	104
637	88
638	102
639	90
640	100
641	100
642	105
643	95
644	104
645	105
646	99
647	109
648	104
649	101
650	89
651	120
652	109
653	109
654	104
655	101
656	87
657	106
658	112
659	116
660	96
661	90
662	102
663	95
664	88
665	98
666	102
667	113
668	85
669	99
670	90
671	94
672	123
673	93
674	108
675	105
676	116
677	103
678	106
679	101
680	105
681	104
682	118
683	110
684	110
685	105
686	102
687	114
688	106
689	109
690	114
691	118
692	113
693	105
694	109
695	109
696	118
697	114
698	129
699	131
700	147
701	109
702	125
703	122
704	121
705	133
706	161
707	136
708	116
709	119
710	125
711	132
712	122
713	103
714	110
715	98
716	116
717	120
718	125
719	111
720	117
721	122
722	115
723	100
724	133
725	128
726	123
727	134
728	123
729	126
730	119
731	108
732	120
733	165
734	124
735	126
736	113
737	134
738	128
739	127
740	104
741	155
742	121
743	108
744	134
745	160
746	127
747	99
748	144
749	111
750	107
751	144
752	113
753	105
754	116
755	127
756	109
757	135
758	127
759	113
760	144
761	126
762	150
763	131
764	149
765	169
766	177
767	175
768	224
769	231
770	249
771	245
772	292
773	279
774	281
775	298
776	279
777	280
778	231
779	191
780	182
781	171
782	143
783	143
784	153
785	145
786	131
787	118
788	146
789	141
790	140
791	144
792	122
793	135
794	125
795	121
796	128
797	112
798	142
799	118
800	148
801	146
802	135
803	112
804	122
805	146
806	112
807	138
808	128
809	112
810	140
811	135
812	144
813	129
814	139
815	130
816	138
817	139
818	141
819	160
820	145
821	153
822	126
823	108
824	120
825	150
826	152
827	127
828	123
829	122
830	148
831	143
832	123
833	167
834	137
835	145
836	131
837	132
838	152
839	163
840	160
841	131
842	132
843	147
844	144
845	142
846	159
847	139
848	139
849	171
850	182
851	175
852	174
853	149
854	156
855	172
856	166
857	178
858	195
859	190
860	186
861	187
862	195
863	212
864	215
865	205
866	197
867	210
868	209
869	236
870	215
871	199
872	218
873	222
874	240
875	203
876	243
877	222
878	235
879	261
880	239
881	282
882	276
883	285
884	299
885	330
886	364
887	386
888	380
889	423
890	452
891	458
892	405
893	466
894	521
895	529
896	499
897	504
898	512
899	527
900	577
901	571
902	497
903	515
904	518
905	523
906	537
907	501
908	493
909	449
910	464
911	414
912	424
913	366
914	402
915	333
916	341
917	338
918	293
919	297
920	262
921	249
922	253
923	213
924	211
925	223
926	207
927	216
928	192
929	191
930	190
931	169
932	152
933	157
934	151
935	157
936	157
937	152
938	177
939	179
940	158
941	192
942	175
943	200
944	204
945	235
946	257
947	259
948	349
949	355
950	367
951	393
952	385
953	399
954	423
955	429
956	422
957	357
958	315
959	297
960	314
961	282
962	243
963	187
964	194
965	173
966	150
967	144
968	127
969	134
970	128
971	115
972	134
973	118
974	137
975	123
976	120
977	126
978	128
979	117
980	124
981	117
982	150
983	163
984	120
985	141
986	134
987	158
988	133
989	150
990	157
991	140
992	158
993	144
994	154
995	163
996	136
997	169
998	170
999	152
1000	164
1001	171
1002	200
1003	159
1004	163
1005	158
1006	162
1007	167
1008	178
1009	153
1010	150
1011	145
1012	162
1013	148
1014	163
1015	157
1016	150
1017	136
1018	160
1019	128
1020	116
1021	132
1022	121
1023	117
1024	113
