Date:	08/05/2018		Time:	18:58		Version no:	0.00		Project name:	55		Sample name:	222		Section name:	section		Position	146.715027	mm	E0	0.000000	keV	E1	1.000000	keV/channel	sample surface	5.908810	cm	Tube anode:	Mo		Tube voltage:	30	kV	Tube current:	50	mA	gain	10		std. database			resultfile	result		matrix element	11		sample thickness	1.000000		air passage	0.560000	cm	comments	in position		peaking_time	2.200000	m-sec	trigger_threshold	547.363281	V	mca_bin_width	22.090000	no:	number_mca_channels	1024.000000	no:	gap_time	0.150000	m-sec	trigger_peaking_time	0.200000	m-sec	GAINDAC	18610		HIGHGAIN	1		TAURC	1		RCTAU	1		RCTAUFRAC	1		livetime	9.470521	seconds	runtime	10.000489	seconds	input_count_rate	21926.882838	cps	output_count_rate	18227.209054	cps	triggers	207659	seconds	events_in_run	182281	seconds	channel	content		1	0
2	0
3	0
4	0
5	0
6	0
7	0
8	0
9	0
10	0
11	0
12	0
13	0
14	0
15	0
16	0
17	0
18	0
19	0
20	0
21	0
22	0
23	0
24	0
25	0
26	0
27	0
28	0
29	0
30	0
31	12
32	13
33	16
34	9
35	9
36	17
37	18
38	14
39	18
40	12
41	16
42	14
43	8
44	14
45	6
46	14
47	9
48	21
49	17
50	14
51	7
52	14
53	16
54	13
55	10
56	10
57	12
58	11
59	11
60	17
61	9
62	8
63	7
64	10
65	9
66	5
67	16
68	8
69	6
70	5
71	8
72	6
73	8
74	6
75	12
76	5
77	9
78	8
79	9
80	9
81	18
82	13
83	8
84	11
85	12
86	6
87	4
88	5
89	6
90	4
91	6
92	8
93	10
94	8
95	10
96	9
97	10
98	7
99	7
100	12
101	11
102	8
103	6
104	6
105	5
106	7
107	4
108	10
109	7
110	5
111	9
112	6
113	2
114	6
115	5
116	3
117	4
118	4
119	6
120	6
121	10
122	3
123	7
124	4
125	7
126	7
127	1
128	4
129	1
130	5
131	7
132	2
133	5
134	5
135	2
136	5
137	5
138	5
139	3
140	2
141	4
142	4
143	3
144	2
145	6
146	6
147	3
148	4
149	4
150	2
151	6
152	4
153	2
154	4
155	4
156	8
157	10
158	14
159	15
160	18
161	23
162	28
163	31
164	27
165	18
166	24
167	15
168	6
169	6
170	6
171	4
172	7
173	6
174	4
175	4
176	9
177	5
178	7
179	13
180	18
181	18
182	21
183	12
184	8
185	18
186	9
187	6
188	6
189	3
190	4
191	3
192	5
193	5
194	6
195	9
196	30
197	40
198	63
199	128
200	167
201	253
202	284
203	272
204	293
205	256
206	179
207	118
208	66
209	37
210	28
211	9
212	3
213	10
214	12
215	13
216	19
217	24
218	35
219	43
220	45
221	36
222	47
223	37
224	25
225	31
226	15
227	8
228	10
229	4
230	3
231	4
232	3
233	3
234	4
235	3
236	4
237	2
238	5
239	6
240	10
241	14
242	34
243	64
244	71
245	97
246	137
247	167
248	163
249	156
250	121
251	102
252	67
253	46
254	46
255	40
256	32
257	22
258	22
259	17
260	14
261	19
262	12
263	11
264	13
265	10
266	14
267	21
268	24
269	37
270	49
271	42
272	37
273	39
274	34
275	36
276	16
277	9
278	14
279	1
280	6
281	10
282	6
283	4
284	10
285	7
286	11
287	10
288	11
289	10
290	6
291	9
292	14
293	6
294	9
295	21
296	18
297	16
298	16
299	13
300	20
301	16
302	6
303	14
304	8
305	5
306	13
307	10
308	10
309	16
310	18
311	15
312	19
313	8
314	15
315	17
316	24
317	29
318	53
319	54
320	90
321	111
322	136
323	152
324	136
325	132
326	116
327	84
328	74
329	45
330	41
331	26
332	30
333	21
334	28
335	28
336	28
337	33
338	45
339	58
340	90
341	145
342	299
343	509
344	991
345	1613
346	2456
347	3490
348	4819
349	5812
350	6490
351	6700
352	6409
353	5720
354	4586
355	3380
356	2379
357	1575
358	879
359	528
360	285
361	179
362	74
363	66
364	50
365	34
366	34
367	30
368	45
369	31
370	35
371	34
372	46
373	41
374	58
375	62
376	57
377	99
378	118
379	170
380	246
381	361
382	506
383	722
384	900
385	1000
386	1103
387	1181
388	1137
389	925
390	790
391	572
392	447
393	285
394	174
395	117
396	76
397	48
398	39
399	28
400	28
401	25
402	23
403	30
404	24
405	35
406	35
407	39
408	36
409	40
410	26
411	29
412	32
413	34
414	35
415	33
416	27
417	25
418	28
419	26
420	27
421	26
422	25
423	23
424	24
425	35
426	34
427	28
428	33
429	33
430	33
431	42
432	34
433	45
434	41
435	50
436	50
437	53
438	53
439	45
440	71
441	69
442	71
443	81
444	58
445	76
446	68
447	70
448	65
449	56
450	61
451	56
452	46
453	57
454	70
455	59
456	69
457	75
458	68
459	68
460	76
461	71
462	81
463	57
464	58
465	70
466	56
467	57
468	60
469	54
470	55
471	63
472	45
473	63
474	61
475	60
476	51
477	67
478	66
479	47
480	51
481	49
482	54
483	60
484	55
485	49
486	58
487	44
488	56
489	55
490	45
491	53
492	51
493	42
494	56
495	56
496	57
497	69
498	57
499	71
500	58
501	75
502	55
503	79
504	65
505	63
506	82
507	83
508	55
509	65
510	79
511	64
512	69
513	92
514	74
515	81
516	73
517	58
518	82
519	74
520	72
521	79
522	81
523	76
524	89
525	79
526	90
527	82
528	88
529	93
530	100
531	78
532	84
533	71
534	74
535	86
536	98
537	83
538	80
539	70
540	84
541	53
542	83
543	78
544	84
545	84
546	61
547	75
548	79
549	74
550	66
551	71
552	66
553	78
554	61
555	74
556	85
557	64
558	68
559	84
560	58
561	68
562	62
563	75
564	72
565	66
566	71
567	73
568	81
569	82
570	85
571	60
572	78
573	91
574	74
575	81
576	73
577	80
578	67
579	90
580	77
581	89
582	81
583	86
584	88
585	78
586	98
587	91
588	68
589	76
590	81
591	99
592	71
593	77
594	87
595	80
596	85
597	97
598	69
599	105
600	101
601	75
602	87
603	90
604	90
605	90
606	89
607	85
608	86
609	78
610	87
611	78
612	98
613	101
614	108
615	88
616	89
617	95
618	105
619	99
620	95
621	120
622	77
623	99
624	103
625	103
626	100
627	97
628	102
629	91
630	82
631	106
632	104
633	111
634	105
635	94
636	95
637	91
638	85
639	120
640	111
641	109
642	103
643	100
644	98
645	111
646	86
647	98
648	89
649	92
650	97
651	100
652	115
653	111
654	100
655	105
656	106
657	94
658	110
659	110
660	104
661	96
662	92
663	76
664	123
665	110
666	100
667	114
668	120
669	94
670	94
671	107
672	108
673	99
674	115
675	100
676	110
677	121
678	100
679	108
680	107
681	113
682	123
683	129
684	107
685	120
686	108
687	102
688	133
689	113
690	127
691	118
692	121
693	105
694	110
695	114
696	140
697	123
698	127
699	116
700	106
701	150
702	138
703	134
704	142
705	120
706	101
707	133
708	144
709	132
710	118
711	123
712	121
713	131
714	139
715	107
716	129
717	110
718	106
719	134
720	128
721	107
722	130
723	116
724	135
725	122
726	102
727	126
728	114
729	124
730	151
731	121
732	124
733	139
734	98
735	123
736	149
737	138
738	139
739	137
740	131
741	117
742	147
743	119
744	119
745	111
746	141
747	133
748	141
749	113
750	145
751	132
752	132
753	139
754	113
755	144
756	130
757	141
758	129
759	119
760	129
761	135
762	139
763	152
764	153
765	161
766	162
767	190
768	263
769	264
770	262
771	260
772	274
773	306
774	314
775	262
776	274
777	270
778	238
779	263
780	191
781	194
782	184
783	188
784	142
785	138
786	137
787	130
788	154
789	130
790	144
791	129
792	132
793	134
794	126
795	130
796	137
797	132
798	127
799	122
800	130
801	147
802	107
803	123
804	151
805	129
806	132
807	131
808	144
809	132
810	139
811	155
812	153
813	150
814	176
815	126
816	150
817	152
818	149
819	139
820	134
821	154
822	143
823	172
824	146
825	160
826	133
827	155
828	157
829	145
830	159
831	139
832	146
833	157
834	124
835	131
836	144
837	157
838	170
839	145
840	163
841	160
842	155
843	149
844	145
845	130
846	142
847	138
848	162
849	171
850	159
851	166
852	172
853	163
854	166
855	176
856	173
857	187
858	164
859	198
860	199
861	190
862	186
863	222
864	215
865	209
866	237
867	205
868	244
869	231
870	237
871	196
872	224
873	216
874	232
875	212
876	256
877	243
878	228
879	249
880	232
881	254
882	278
883	303
884	314
885	361
886	376
887	390
888	412
889	435
890	394
891	431
892	443
893	510
894	513
895	483
896	533
897	570
898	554
899	527
900	564
901	544
902	545
903	529
904	557
905	542
906	541
907	499
908	473
909	473
910	428
911	433
912	419
913	364
914	355
915	350
916	325
917	298
918	276
919	281
920	258
921	268
922	243
923	242
924	192
925	213
926	197
927	182
928	183
929	192
930	169
931	178
932	170
933	170
934	183
935	176
936	164
937	156
938	149
939	167
940	169
941	176
942	178
943	205
944	217
945	280
946	281
947	277
948	298
949	331
950	359
951	405
952	371
953	378
954	424
955	424
956	421
957	354
958	369
959	290
960	260
961	282
962	209
963	222
964	190
965	162
966	177
967	168
968	152
969	140
970	116
971	121
972	129
973	114
974	102
975	113
976	113
977	124
978	136
979	111
980	127
981	154
982	115
983	146
984	116
985	142
986	145
987	161
988	142
989	146
990	148
991	155
992	162
993	157
994	162
995	148
996	163
997	198
998	162
999	164
1000	182
1001	163
1002	158
1003	182
1004	176
1005	192
1006	182
1007	174
1008	154
1009	146
1010	157
1011	171
1012	185
1013	143
1014	176
1015	145
1016	147
1017	140
1018	157
1019	135
1020	127
1021	115
1022	113
1023	114
1024	113
