Date:	08/05/2018		Time:	17:59		Version no:	0.00		Project name:	55		Sample name:	222		Section name:	section		Position	84.715034	mm	E0	0.000000	keV	E1	1.000000	keV/channel	sample surface	5.948031	cm	Tube anode:	Mo		Tube voltage:	30	kV	Tube current:	50	mA	gain	10		std. database			resultfile	result		matrix element	11		sample thickness	1.000000		air passage	0.560000	cm	comments	in position		peaking_time	2.200000	m-sec	trigger_threshold	547.363281	V	mca_bin_width	22.090000	no:	number_mca_channels	1024.000000	no:	gap_time	0.150000	m-sec	trigger_peaking_time	0.200000	m-sec	GAINDAC	18610		HIGHGAIN	1		TAURC	1		RCTAU	1		RCTAUFRAC	1		livetime	9.445480	seconds	runtime	10.000139	seconds	input_count_rate	24293.312780	cps	output_count_rate	19923.122670	cps	triggers	229462	seconds	events_in_run	199234	seconds	channel	content		1	0
2	0
3	0
4	0
5	0
6	0
7	0
8	0
9	0
10	0
11	0
12	0
13	0
14	0
15	0
16	0
17	0
18	0
19	0
20	0
21	0
22	0
23	0
24	0
25	0
26	0
27	0
28	0
29	0
30	0
31	13
32	15
33	14
34	11
35	14
36	24
37	11
38	13
39	12
40	17
41	12
42	12
43	8
44	13
45	10
46	12
47	15
48	18
49	14
50	8
51	16
52	8
53	13
54	22
55	14
56	10
57	16
58	8
59	16
60	14
61	12
62	13
63	14
64	8
65	10
66	15
67	10
68	10
69	8
70	10
71	10
72	7
73	5
74	5
75	7
76	7
77	4
78	7
79	8
80	7
81	11
82	17
83	11
84	9
85	7
86	6
87	5
88	6
89	12
90	11
91	3
92	12
93	9
94	12
95	13
96	14
97	16
98	15
99	13
100	10
101	5
102	4
103	4
104	7
105	4
106	9
107	8
108	11
109	11
110	4
111	7
112	10
113	6
114	2
115	7
116	4
117	3
118	3
119	5
120	3
121	4
122	5
123	3
124	4
125	6
126	4
127	5
128	6
129	6
130	2
131	2
132	0
133	3
134	2
135	4
136	1
137	4
138	4
139	4
140	6
141	1
142	2
143	1
144	3
145	6
146	4
147	4
148	1
149	6
150	7
151	0
152	4
153	2
154	2
155	6
156	4
157	9
158	15
159	15
160	10
161	19
162	21
163	42
164	20
165	30
166	12
167	5
168	6
169	13
170	2
171	4
172	5
173	7
174	2
175	6
176	3
177	7
178	11
179	12
180	19
181	15
182	28
183	19
184	22
185	13
186	8
187	8
188	3
189	3
190	1
191	3
192	5
193	4
194	12
195	21
196	34
197	59
198	111
199	163
200	229
201	322
202	364
203	384
204	393
205	300
206	225
207	155
208	88
209	55
210	22
211	12
212	14
213	10
214	11
215	15
216	27
217	34
218	37
219	58
220	63
221	82
222	67
223	58
224	50
225	23
226	19
227	19
228	9
229	5
230	2
231	1
232	0
233	4
234	4
235	3
236	5
237	9
238	8
239	14
240	14
241	32
242	50
243	70
244	108
245	182
246	207
247	214
248	213
249	220
250	155
251	124
252	106
253	67
254	48
255	50
256	37
257	30
258	32
259	23
260	24
261	16
262	7
263	17
264	8
265	24
266	31
267	37
268	42
269	59
270	45
271	47
272	66
273	58
274	39
275	24
276	15
277	16
278	17
279	13
280	7
281	13
282	14
283	10
284	9
285	12
286	13
287	14
288	11
289	17
290	19
291	15
292	12
293	12
294	21
295	19
296	11
297	12
298	17
299	17
300	13
301	19
302	6
303	13
304	10
305	18
306	10
307	12
308	14
309	16
310	12
311	11
312	15
313	15
314	17
315	19
316	17
317	38
318	48
319	77
320	68
321	110
322	127
323	129
324	107
325	116
326	84
327	80
328	59
329	50
330	27
331	26
332	30
333	28
334	28
335	34
336	27
337	45
338	59
339	82
340	122
341	200
342	409
343	722
344	1273
345	2014
346	3126
347	4498
348	6027
349	7141
350	8175
351	8179
352	7829
353	6883
354	5500
355	4126
356	2906
357	1820
358	1076
359	574
360	317
361	176
362	86
363	53
364	45
365	41
366	43
367	41
368	37
369	38
370	44
371	48
372	63
373	54
374	60
375	75
376	68
377	99
378	156
379	224
380	307
381	484
382	658
383	870
384	1060
385	1293
386	1386
387	1389
388	1306
389	1142
390	907
391	682
392	494
393	323
394	220
395	118
396	62
397	72
398	40
399	28
400	19
401	23
402	30
403	27
404	28
405	32
406	26
407	25
408	34
409	35
410	27
411	30
412	28
413	28
414	27
415	29
416	32
417	29
418	21
419	30
420	35
421	33
422	35
423	35
424	29
425	29
426	27
427	30
428	23
429	38
430	29
431	33
432	41
433	31
434	39
435	45
436	52
437	59
438	54
439	50
440	53
441	68
442	64
443	59
444	74
445	71
446	54
447	62
448	57
449	60
450	65
451	73
452	59
453	83
454	72
455	70
456	82
457	85
458	86
459	80
460	69
461	63
462	57
463	59
464	75
465	67
466	63
467	54
468	49
469	57
470	55
471	65
472	65
473	56
474	72
475	56
476	42
477	75
478	59
479	55
480	60
481	56
482	55
483	48
484	43
485	46
486	63
487	56
488	50
489	51
490	52
491	47
492	43
493	51
494	53
495	43
496	57
497	57
498	61
499	47
500	58
501	60
502	51
503	78
504	64
505	65
506	71
507	58
508	67
509	66
510	72
511	69
512	79
513	87
514	77
515	77
516	86
517	58
518	89
519	69
520	76
521	102
522	79
523	88
524	77
525	101
526	81
527	108
528	97
529	103
530	95
531	94
532	99
533	90
534	90
535	67
536	86
537	89
538	76
539	76
540	76
541	79
542	94
543	86
544	74
545	84
546	87
547	66
548	81
549	95
550	73
551	83
552	82
553	59
554	80
555	62
556	66
557	80
558	76
559	70
560	65
561	74
562	70
563	82
564	85
565	67
566	75
567	96
568	67
569	83
570	86
571	80
572	56
573	80
574	70
575	81
576	66
577	85
578	74
579	60
580	69
581	83
582	95
583	76
584	88
585	92
586	80
587	96
588	83
589	81
590	105
591	86
592	83
593	97
594	97
595	84
596	108
597	84
598	111
599	92
600	86
601	91
602	94
603	87
604	90
605	119
606	94
607	80
608	93
609	100
610	96
611	101
612	116
613	97
614	81
615	106
616	105
617	108
618	104
619	95
620	110
621	102
622	91
623	99
624	95
625	93
626	109
627	104
628	106
629	100
630	90
631	103
632	110
633	97
634	95
635	106
636	85
637	118
638	102
639	104
640	101
641	99
642	103
643	119
644	114
645	84
646	94
647	111
648	112
649	121
650	106
651	107
652	110
653	117
654	112
655	104
656	126
657	109
658	102
659	108
660	102
661	106
662	91
663	107
664	124
665	95
666	104
667	111
668	103
669	107
670	103
671	106
672	96
673	116
674	117
675	100
676	100
677	94
678	118
679	108
680	113
681	98
682	122
683	110
684	97
685	106
686	131
687	119
688	107
689	111
690	121
691	115
692	117
693	115
694	121
695	141
696	128
697	116
698	127
699	137
700	104
701	130
702	128
703	113
704	113
705	102
706	151
707	110
708	121
709	112
710	133
711	116
712	125
713	120
714	131
715	127
716	104
717	104
718	136
719	117
720	110
721	133
722	121
723	125
724	108
725	117
726	143
727	138
728	129
729	133
730	112
731	143
732	139
733	117
734	125
735	116
736	127
737	117
738	115
739	136
740	135
741	102
742	126
743	106
744	127
745	127
746	129
747	151
748	124
749	156
750	131
751	140
752	129
753	151
754	128
755	119
756	122
757	145
758	113
759	135
760	129
761	158
762	143
763	170
764	171
765	158
766	171
767	189
768	200
769	247
770	276
771	238
772	245
773	246
774	240
775	245
776	236
777	256
778	217
779	215
780	199
781	169
782	173
783	159
784	159
785	140
786	131
787	129
788	125
789	137
790	122
791	115
792	137
793	118
794	143
795	133
796	146
797	135
798	136
799	115
800	135
801	131
802	123
803	130
804	150
805	130
806	134
807	131
808	109
809	114
810	127
811	150
812	138
813	144
814	155
815	148
816	160
817	148
818	114
819	152
820	145
821	131
822	157
823	151
824	132
825	133
826	136
827	151
828	147
829	141
830	144
831	113
832	157
833	117
834	133
835	149
836	132
837	145
838	117
839	129
840	140
841	162
842	156
843	135
844	133
845	154
846	150
847	131
848	145
849	141
850	140
851	153
852	170
853	164
854	151
855	172
856	186
857	171
858	175
859	191
860	190
861	208
862	207
863	209
864	226
865	193
866	224
867	216
868	206
869	221
870	205
871	196
872	193
873	230
874	228
875	221
876	210
877	238
878	261
879	266
880	269
881	257
882	283
883	335
884	312
885	330
886	360
887	393
888	400
889	427
890	413
891	431
892	460
893	479
894	521
895	516
896	471
897	554
898	567
899	591
900	583
901	558
902	593
903	500
904	533
905	533
906	477
907	486
908	463
909	448
910	460
911	416
912	438
913	379
914	372
915	356
916	320
917	325
918	312
919	260
920	304
921	274
922	250
923	248
924	226
925	224
926	237
927	188
928	185
929	175
930	173
931	207
932	171
933	148
934	149
935	175
936	163
937	154
938	158
939	161
940	158
941	192
942	165
943	219
944	230
945	265
946	257
947	302
948	308
949	334
950	353
951	401
952	437
953	405
954	392
955	416
956	428
957	341
958	354
959	292
960	281
961	245
962	247
963	209
964	178
965	165
966	143
967	168
968	138
969	134
970	128
971	119
972	136
973	130
974	137
975	121
976	114
977	126
978	117
979	121
980	143
981	147
982	123
983	130
984	124
985	122
986	132
987	152
988	135
989	146
990	141
991	163
992	159
993	144
994	155
995	157
996	139
997	160
998	155
999	176
1000	185
1001	178
1002	180
1003	168
1004	187
1005	154
1006	172
1007	200
1008	159
1009	175
1010	150
1011	169
1012	161
1013	173
1014	144
1015	158
1016	144
1017	140
1018	140
1019	150
1020	128
1021	131
1022	115
1023	126
1024	124
