Date:	08/05/2018		Time:	18:14		Version no:	0.00		Project name:	55		Sample name:	222		Section name:	section		Position	101.115028	mm	E0	0.000000	keV	E1	1.000000	keV/channel	sample surface	5.944857	cm	Tube anode:	Mo		Tube voltage:	30	kV	Tube current:	50	mA	gain	10		std. database			resultfile	result		matrix element	11		sample thickness	1.000000		air passage	0.560000	cm	comments	in position		peaking_time	2.200000	m-sec	trigger_threshold	547.363281	V	mca_bin_width	22.090000	no:	number_mca_channels	1024.000000	no:	gap_time	0.150000	m-sec	trigger_peaking_time	0.200000	m-sec	GAINDAC	18610		HIGHGAIN	1		TAURC	1		RCTAU	1		RCTAUFRAC	1		livetime	9.463800	seconds	runtime	10.000493	seconds	input_count_rate	23176.736617	cps	output_count_rate	19171.055250	cps	triggers	219340	seconds	events_in_run	191720	seconds	channel	content		1	0
2	0
3	0
4	0
5	0
6	0
7	0
8	0
9	0
10	0
11	0
12	0
13	0
14	0
15	0
16	0
17	0
18	0
19	0
20	0
21	0
22	0
23	0
24	0
25	0
26	0
27	0
28	0
29	0
30	0
31	14
32	11
33	16
34	11
35	16
36	11
37	12
38	15
39	9
40	16
41	9
42	17
43	9
44	18
45	11
46	11
47	15
48	15
49	9
50	11
51	11
52	15
53	15
54	15
55	13
56	12
57	10
58	15
59	8
60	7
61	8
62	11
63	6
64	7
65	8
66	11
67	8
68	10
69	6
70	8
71	8
72	13
73	8
74	10
75	4
76	7
77	9
78	11
79	7
80	13
81	8
82	14
83	16
84	12
85	11
86	6
87	5
88	6
89	11
90	5
91	9
92	9
93	8
94	17
95	9
96	17
97	27
98	24
99	11
100	14
101	11
102	10
103	4
104	7
105	11
106	10
107	15
108	16
109	14
110	5
111	9
112	6
113	4
114	9
115	5
116	6
117	6
118	4
119	6
120	3
121	5
122	3
123	6
124	4
125	8
126	7
127	4
128	1
129	4
130	7
131	3
132	3
133	8
134	4
135	3
136	9
137	2
138	3
139	4
140	2
141	2
142	2
143	4
144	11
145	3
146	3
147	2
148	3
149	2
150	5
151	6
152	9
153	11
154	9
155	7
156	4
157	10
158	6
159	15
160	17
161	15
162	23
163	41
164	31
165	20
166	16
167	15
168	5
169	5
170	2
171	2
172	2
173	5
174	4
175	3
176	6
177	11
178	17
179	15
180	21
181	23
182	31
183	33
184	20
185	16
186	15
187	8
188	3
189	3
190	4
191	5
192	5
193	5
194	16
195	27
196	39
197	62
198	135
199	231
200	351
201	445
202	549
203	529
204	492
205	416
206	330
207	229
208	117
209	75
210	34
211	20
212	8
213	15
214	14
215	24
216	40
217	41
218	67
219	80
220	83
221	91
222	86
223	66
224	61
225	33
226	20
227	18
228	9
229	11
230	6
231	5
232	7
233	6
234	2
235	8
236	4
237	8
238	5
239	17
240	19
241	24
242	57
243	86
244	112
245	164
246	210
247	242
248	272
249	229
250	180
251	155
252	107
253	84
254	63
255	54
256	37
257	33
258	26
259	14
260	22
261	16
262	14
263	9
264	13
265	12
266	28
267	28
268	40
269	45
270	49
271	49
272	52
273	48
274	40
275	31
276	18
277	18
278	11
279	15
280	12
281	6
282	13
283	14
284	8
285	6
286	11
287	10
288	16
289	14
290	14
291	13
292	14
293	20
294	18
295	11
296	16
297	14
298	18
299	17
300	11
301	12
302	15
303	13
304	8
305	11
306	8
307	13
308	9
309	8
310	14
311	16
312	14
313	14
314	16
315	11
316	20
317	41
318	44
319	78
320	84
321	126
322	135
323	176
324	134
325	121
326	94
327	106
328	72
329	51
330	34
331	24
332	31
333	30
334	21
335	22
336	27
337	43
338	58
339	72
340	109
341	211
342	384
343	698
344	1231
345	2103
346	3052
347	4403
348	5716
349	7203
350	7939
351	8050
352	7592
353	6790
354	5467
355	3878
356	2712
357	1805
358	1028
359	580
360	336
361	147
362	97
363	54
364	36
365	44
366	35
367	31
368	31
369	26
370	45
371	38
372	61
373	47
374	54
375	65
376	73
377	121
378	141
379	212
380	328
381	474
382	698
383	923
384	1087
385	1292
386	1321
387	1306
388	1271
389	1081
390	908
391	655
392	480
393	297
394	223
395	116
396	70
397	47
398	31
399	31
400	22
401	30
402	25
403	29
404	25
405	26
406	32
407	37
408	36
409	26
410	34
411	24
412	31
413	34
414	32
415	27
416	28
417	20
418	23
419	19
420	22
421	30
422	21
423	23
424	30
425	28
426	29
427	26
428	24
429	23
430	39
431	34
432	34
433	31
434	38
435	28
436	44
437	49
438	49
439	45
440	60
441	54
442	58
443	51
444	77
445	58
446	49
447	48
448	50
449	45
450	49
451	48
452	44
453	55
454	59
455	65
456	67
457	63
458	80
459	74
460	76
461	69
462	83
463	71
464	67
465	53
466	54
467	49
468	54
469	41
470	56
471	64
472	53
473	56
474	48
475	62
476	58
477	52
478	42
479	40
480	61
481	55
482	52
483	46
484	54
485	51
486	52
487	50
488	49
489	51
490	49
491	43
492	46
493	59
494	52
495	41
496	55
497	66
498	49
499	58
500	57
501	39
502	59
503	71
504	52
505	73
506	65
507	57
508	54
509	63
510	71
511	65
512	53
513	61
514	63
515	61
516	70
517	72
518	71
519	60
520	79
521	73
522	89
523	91
524	62
525	78
526	73
527	74
528	90
529	85
530	87
531	82
532	92
533	68
534	77
535	73
536	70
537	56
538	65
539	88
540	68
541	63
542	70
543	61
544	71
545	83
546	67
547	67
548	77
549	69
550	84
551	70
552	73
553	68
554	64
555	65
556	71
557	58
558	59
559	58
560	60
561	67
562	68
563	68
564	71
565	60
566	70
567	58
568	81
569	82
570	65
571	87
572	59
573	84
574	80
575	73
576	69
577	75
578	66
579	51
580	82
581	81
582	91
583	85
584	66
585	71
586	72
587	77
588	70
589	63
590	83
591	87
592	75
593	76
594	87
595	71
596	65
597	81
598	90
599	77
600	74
601	82
602	78
603	89
604	81
605	73
606	77
607	86
608	80
609	82
610	73
611	77
612	86
613	80
614	88
615	94
616	92
617	77
618	82
619	82
620	91
621	87
622	75
623	86
624	104
625	64
626	99
627	94
628	71
629	76
630	80
631	83
632	89
633	102
634	82
635	94
636	84
637	77
638	92
639	81
640	99
641	95
642	103
643	100
644	90
645	83
646	113
647	79
648	95
649	85
650	87
651	89
652	93
653	88
654	97
655	97
656	85
657	85
658	111
659	105
660	88
661	97
662	79
663	90
664	92
665	110
666	103
667	102
668	88
669	95
670	84
671	85
672	90
673	84
674	72
675	97
676	93
677	100
678	97
679	94
680	99
681	90
682	81
683	93
684	120
685	102
686	104
687	85
688	97
689	112
690	112
691	95
692	108
693	98
694	109
695	106
696	101
697	113
698	112
699	96
700	107
701	109
702	106
703	95
704	112
705	109
706	108
707	102
708	99
709	93
710	94
711	108
712	111
713	100
714	98
715	113
716	105
717	100
718	102
719	110
720	104
721	112
722	117
723	111
724	98
725	107
726	129
727	125
728	93
729	115
730	119
731	116
732	120
733	108
734	121
735	121
736	130
737	126
738	120
739	118
740	119
741	102
742	139
743	113
744	96
745	99
746	114
747	103
748	113
749	107
750	120
751	106
752	127
753	130
754	123
755	117
756	119
757	130
758	134
759	129
760	131
761	115
762	116
763	111
764	176
765	173
766	180
767	207
768	214
769	210
770	258
771	294
772	332
773	284
774	275
775	263
776	272
777	236
778	222
779	225
780	180
781	156
782	162
783	147
784	156
785	141
786	146
787	111
788	118
789	109
790	114
791	118
792	128
793	110
794	123
795	114
796	116
797	127
798	90
799	122
800	120
801	123
802	134
803	140
804	119
805	117
806	127
807	119
808	122
809	115
810	141
811	117
812	118
813	138
814	132
815	137
816	119
817	128
818	145
819	107
820	107
821	117
822	117
823	128
824	125
825	142
826	138
827	134
828	121
829	130
830	133
831	111
832	152
833	155
834	119
835	144
836	142
837	135
838	156
839	129
840	113
841	127
842	131
843	139
844	137
845	153
846	136
847	131
848	140
849	131
850	148
851	140
852	156
853	168
854	157
855	184
856	150
857	185
858	169
859	165
860	176
861	180
862	189
863	213
864	196
865	181
866	174
867	209
868	204
869	194
870	205
871	214
872	236
873	201
874	224
875	214
876	223
877	205
878	248
879	234
880	258
881	245
882	277
883	261
884	311
885	301
886	332
887	338
888	335
889	374
890	398
891	416
892	396
893	447
894	437
895	469
896	492
897	470
898	471
899	488
900	474
901	506
902	493
903	485
904	449
905	486
906	433
907	462
908	426
909	398
910	398
911	391
912	360
913	347
914	319
915	355
916	329
917	306
918	249
919	288
920	264
921	214
922	235
923	218
924	227
925	192
926	194
927	187
928	153
929	171
930	169
931	176
932	149
933	167
934	162
935	169
936	160
937	149
938	155
939	170
940	162
941	186
942	161
943	192
944	219
945	239
946	246
947	267
948	304
949	324
950	387
951	384
952	418
953	423
954	408
955	393
956	389
957	364
958	348
959	304
960	271
961	264
962	202
963	193
964	157
965	155
966	150
967	119
968	140
969	114
970	102
971	115
972	121
973	110
974	95
975	114
976	127
977	127
978	118
979	142
980	104
981	116
982	104
983	116
984	113
985	121
986	146
987	137
988	112
989	158
990	149
991	145
992	138
993	146
994	148
995	144
996	146
997	154
998	137
999	146
1000	142
1001	157
1002	151
1003	178
1004	146
1005	170
1006	179
1007	185
1008	170
1009	147
1010	147
1011	167
1012	151
1013	150
1014	152
1015	142
1016	142
1017	148
1018	116
1019	120
1020	119
1021	133
1022	114
1023	118
1024	117
