Date:	08/05/2018		Time:	19:49		Version no:	0.00		Project name:	55		Sample name:	222		Section name:	section		Position	200.915024	mm	E0	0.000000	keV	E1	1.000000	keV/channel	sample surface	5.915866	cm	Tube anode:	Mo		Tube voltage:	30	kV	Tube current:	50	mA	gain	10		std. database			resultfile	result		matrix element	11		sample thickness	1.000000		air passage	0.560000	cm	comments	in position		peaking_time	2.200000	m-sec	trigger_threshold	547.363281	V	mca_bin_width	22.090000	no:	number_mca_channels	1024.000000	no:	gap_time	0.150000	m-sec	trigger_peaking_time	0.200000	m-sec	GAINDAC	18610		HIGHGAIN	1		TAURC	1		RCTAU	1		RCTAUFRAC	1		livetime	9.498538	seconds	runtime	10.000494	seconds	input_count_rate	21001.020536	cps	output_count_rate	17575.932452	cps	triggers	199479	seconds	events_in_run	175768	seconds	channel	content		1	0
2	0
3	0
4	0
5	0
6	0
7	0
8	0
9	0
10	0
11	0
12	0
13	0
14	0
15	0
16	0
17	0
18	0
19	0
20	0
21	0
22	0
23	0
24	0
25	0
26	0
27	0
28	0
29	0
30	0
31	15
32	11
33	11
34	6
35	15
36	10
37	17
38	8
39	16
40	15
41	10
42	13
43	17
44	15
45	13
46	11
47	16
48	10
49	11
50	12
51	7
52	12
53	8
54	10
55	12
56	8
57	9
58	14
59	9
60	11
61	15
62	11
63	12
64	15
65	7
66	7
67	10
68	4
69	11
70	4
71	9
72	8
73	7
74	8
75	4
76	10
77	8
78	6
79	5
80	6
81	10
82	9
83	6
84	10
85	8
86	12
87	6
88	6
89	5
90	9
91	9
92	9
93	9
94	15
95	15
96	10
97	9
98	19
99	6
100	6
101	8
102	13
103	6
104	6
105	8
106	10
107	11
108	8
109	5
110	9
111	4
112	7
113	12
114	7
115	5
116	5
117	4
118	1
119	6
120	5
121	4
122	6
123	4
124	4
125	8
126	7
127	5
128	4
129	3
130	2
131	2
132	4
133	2
134	7
135	3
136	3
137	4
138	4
139	0
140	3
141	1
142	3
143	1
144	5
145	2
146	1
147	3
148	4
149	4
150	8
151	2
152	10
153	4
154	4
155	3
156	4
157	6
158	9
159	16
160	23
161	25
162	37
163	35
164	30
165	22
166	13
167	11
168	9
169	9
170	5
171	2
172	4
173	4
174	7
175	7
176	11
177	8
178	12
179	7
180	9
181	18
182	19
183	23
184	14
185	7
186	8
187	13
188	5
189	6
190	4
191	4
192	2
193	5
194	6
195	13
196	36
197	37
198	89
199	136
200	195
201	278
202	341
203	345
204	323
205	259
206	212
207	130
208	102
209	44
210	19
211	13
212	14
213	10
214	8
215	20
216	21
217	36
218	34
219	56
220	57
221	52
222	54
223	42
224	32
225	27
226	14
227	9
228	7
229	3
230	3
231	4
232	3
233	4
234	0
235	4
236	4
237	8
238	8
239	9
240	17
241	22
242	36
243	59
244	67
245	112
246	157
247	172
248	174
249	181
250	144
251	114
252	74
253	66
254	40
255	41
256	27
257	22
258	26
259	20
260	14
261	8
262	15
263	11
264	12
265	13
266	20
267	39
268	41
269	47
270	45
271	39
272	47
273	39
274	30
275	26
276	17
277	14
278	11
279	13
280	9
281	10
282	8
283	6
284	7
285	11
286	7
287	11
288	17
289	11
290	10
291	17
292	15
293	14
294	12
295	23
296	14
297	12
298	11
299	16
300	12
301	9
302	8
303	13
304	9
305	15
306	9
307	11
308	12
309	6
310	12
311	13
312	13
313	12
314	12
315	12
316	18
317	24
318	27
319	43
320	72
321	100
322	100
323	100
324	110
325	104
326	80
327	64
328	46
329	41
330	36
331	30
332	28
333	34
334	24
335	23
336	27
337	32
338	55
339	72
340	106
341	157
342	313
343	575
344	1065
345	1640
346	2559
347	3648
348	4910
349	5815
350	6540
351	6794
352	6395
353	5688
354	4556
355	3420
356	2374
357	1507
358	949
359	453
360	281
361	137
362	92
363	63
364	37
365	48
366	31
367	23
368	45
369	47
370	27
371	40
372	34
373	52
374	44
375	59
376	81
377	95
378	118
379	184
380	295
381	408
382	606
383	703
384	895
385	999
386	1126
387	1134
388	1108
389	964
390	793
391	541
392	422
393	274
394	169
395	91
396	68
397	46
398	34
399	26
400	21
401	33
402	21
403	21
404	26
405	29
406	31
407	37
408	36
409	15
410	29
411	34
412	34
413	28
414	22
415	24
416	27
417	19
418	23
419	20
420	23
421	20
422	28
423	24
424	29
425	23
426	28
427	33
428	24
429	25
430	25
431	33
432	26
433	24
434	48
435	41
436	40
437	45
438	44
439	67
440	40
441	50
442	54
443	57
444	55
445	48
446	60
447	59
448	43
449	34
450	55
451	55
452	59
453	46
454	62
455	56
456	77
457	76
458	80
459	76
460	71
461	66
462	64
463	64
464	53
465	55
466	46
467	42
468	38
469	47
470	52
471	58
472	75
473	54
474	47
475	59
476	54
477	47
478	45
479	57
480	42
481	34
482	47
483	57
484	44
485	48
486	42
487	45
488	45
489	30
490	63
491	45
492	39
493	39
494	55
495	46
496	47
497	60
498	62
499	59
500	58
501	50
502	59
503	55
504	64
505	57
506	50
507	69
508	76
509	68
510	64
511	71
512	64
513	72
514	81
515	83
516	73
517	68
518	63
519	74
520	70
521	75
522	70
523	93
524	78
525	81
526	79
527	74
528	71
529	82
530	96
531	90
532	89
533	86
534	53
535	55
536	73
537	65
538	69
539	65
540	77
541	85
542	81
543	74
544	86
545	70
546	78
547	67
548	76
549	85
550	85
551	82
552	63
553	67
554	50
555	79
556	64
557	70
558	56
559	60
560	69
561	64
562	60
563	74
564	53
565	65
566	64
567	59
568	61
569	72
570	64
571	60
572	64
573	82
574	70
575	60
576	83
577	65
578	74
579	77
580	77
581	74
582	78
583	74
584	61
585	62
586	99
587	87
588	86
589	62
590	79
591	88
592	71
593	93
594	87
595	66
596	75
597	74
598	84
599	82
600	78
601	82
602	76
603	82
604	79
605	79
606	91
607	82
608	73
609	88
610	80
611	71
612	94
613	94
614	90
615	81
616	77
617	87
618	88
619	91
620	84
621	76
622	87
623	112
624	108
625	96
626	93
627	88
628	87
629	100
630	90
631	93
632	89
633	94
634	91
635	92
636	87
637	85
638	99
639	87
640	86
641	85
642	86
643	82
644	81
645	101
646	106
647	95
648	93
649	86
650	104
651	101
652	110
653	97
654	85
655	103
656	104
657	96
658	84
659	82
660	95
661	97
662	95
663	118
664	87
665	88
666	117
667	104
668	103
669	92
670	90
671	127
672	103
673	99
674	111
675	96
676	101
677	104
678	91
679	94
680	84
681	99
682	104
683	127
684	102
685	94
686	108
687	115
688	118
689	104
690	105
691	96
692	96
693	100
694	114
695	125
696	100
697	105
698	113
699	105
700	104
701	137
702	112
703	129
704	127
705	111
706	127
707	119
708	118
709	108
710	132
711	124
712	123
713	117
714	100
715	105
716	101
717	101
718	117
719	113
720	109
721	117
722	105
723	105
724	111
725	108
726	131
727	123
728	115
729	125
730	124
731	118
732	132
733	119
734	109
735	126
736	111
737	128
738	119
739	131
740	128
741	126
742	116
743	109
744	115
745	114
746	122
747	150
748	112
749	124
750	121
751	113
752	109
753	123
754	106
755	124
756	133
757	122
758	132
759	120
760	142
761	138
762	130
763	144
764	132
765	160
766	187
767	181
768	179
769	229
770	232
771	239
772	276
773	294
774	292
775	285
776	263
777	266
778	255
779	202
780	177
781	166
782	160
783	158
784	140
785	141
786	119
787	129
788	133
789	114
790	116
791	131
792	110
793	112
794	121
795	121
796	141
797	120
798	147
799	135
800	116
801	100
802	116
803	118
804	133
805	125
806	130
807	125
808	123
809	131
810	148
811	128
812	135
813	134
814	116
815	126
816	140
817	134
818	136
819	139
820	143
821	130
822	132
823	128
824	152
825	122
826	130
827	132
828	130
829	141
830	135
831	138
832	131
833	144
834	145
835	136
836	110
837	150
838	152
839	114
840	141
841	130
842	153
843	135
844	134
845	145
846	136
847	127
848	148
849	147
850	139
851	134
852	139
853	140
854	152
855	155
856	170
857	183
858	148
859	160
860	179
861	192
862	204
863	209
864	214
865	214
866	216
867	203
868	210
869	198
870	207
871	214
872	220
873	165
874	202
875	192
876	220
877	218
878	210
879	236
880	244
881	253
882	262
883	314
884	295
885	307
886	342
887	340
888	362
889	388
890	379
891	456
892	411
893	415
894	463
895	474
896	495
897	454
898	526
899	486
900	502
901	573
902	496
903	470
904	484
905	493
906	442
907	487
908	449
909	425
910	416
911	400
912	375
913	334
914	333
915	292
916	359
917	273
918	284
919	261
920	275
921	227
922	244
923	265
924	208
925	180
926	231
927	176
928	169
929	196
930	183
931	143
932	176
933	164
934	166
935	154
936	159
937	156
938	138
939	163
940	166
941	175
942	163
943	190
944	227
945	233
946	273
947	298
948	332
949	344
950	393
951	349
952	422
953	399
954	387
955	383
956	386
957	366
958	331
959	322
960	277
961	256
962	226
963	198
964	180
965	146
966	146
967	143
968	138
969	121
970	129
971	125
972	120
973	114
974	123
975	119
976	134
977	113
978	117
979	111
980	116
981	110
982	128
983	114
984	126
985	132
986	113
987	148
988	129
989	121
990	148
991	134
992	151
993	145
994	140
995	154
996	136
997	163
998	163
999	166
1000	157
1001	159
1002	180
1003	150
1004	153
1005	151
1006	168
1007	155
1008	162
1009	165
1010	164
1011	153
1012	165
1013	139
1014	158
1015	131
1016	153
1017	120
1018	110
1019	137
1020	139
1021	121
1022	105
1023	121
1024	95
