Date:	08/05/2018		Time:	17:54		Version no:	0.00		Project name:	55		Sample name:	222		Section name:	section		Position	79.915031	mm	E0	0.000000	keV	E1	1.000000	keV/channel	sample surface	5.950373	cm	Tube anode:	Mo		Tube voltage:	30	kV	Tube current:	50	mA	gain	10		std. database			resultfile	result		matrix element	11		sample thickness	1.000000		air passage	0.560000	cm	comments	in position		peaking_time	2.200000	m-sec	trigger_threshold	547.363281	V	mca_bin_width	22.090000	no:	number_mca_channels	1024.000000	no:	gap_time	0.150000	m-sec	trigger_peaking_time	0.200000	m-sec	GAINDAC	18610		HIGHGAIN	1		TAURC	1		RCTAU	1		RCTAUFRAC	1		livetime	9.386920	seconds	runtime	10.000489	seconds	input_count_rate	26545.235285	cps	output_count_rate	21381.654865	cps	triggers	249178	seconds	events_in_run	213827	seconds	channel	content		1	0
2	0
3	0
4	0
5	0
6	0
7	0
8	0
9	0
10	0
11	0
12	0
13	0
14	0
15	0
16	0
17	0
18	0
19	0
20	0
21	0
22	0
23	0
24	0
25	0
26	0
27	0
28	0
29	0
30	0
31	27
32	19
33	13
34	13
35	13
36	15
37	10
38	11
39	11
40	17
41	7
42	23
43	9
44	14
45	17
46	12
47	14
48	13
49	18
50	10
51	16
52	17
53	9
54	17
55	17
56	12
57	8
58	10
59	12
60	9
61	14
62	5
63	4
64	13
65	8
66	8
67	12
68	15
69	11
70	7
71	8
72	16
73	8
74	11
75	6
76	5
77	8
78	7
79	8
80	9
81	11
82	19
83	14
84	12
85	9
86	6
87	10
88	8
89	9
90	4
91	6
92	9
93	16
94	11
95	21
96	14
97	21
98	15
99	3
100	12
101	14
102	6
103	5
104	8
105	9
106	6
107	9
108	11
109	9
110	16
111	11
112	9
113	7
114	4
115	6
116	6
117	3
118	1
119	4
120	9
121	13
122	6
123	3
124	5
125	5
126	4
127	3
128	6
129	5
130	5
131	6
132	4
133	3
134	2
135	5
136	3
137	4
138	6
139	3
140	6
141	4
142	5
143	5
144	8
145	9
146	1
147	3
148	5
149	4
150	5
151	3
152	5
153	7
154	4
155	6
156	9
157	5
158	11
159	12
160	20
161	20
162	28
163	27
164	28
165	22
166	19
167	4
168	6
169	7
170	6
171	1
172	11
173	4
174	10
175	11
176	6
177	8
178	19
179	13
180	16
181	19
182	20
183	15
184	22
185	13
186	11
187	6
188	4
189	3
190	4
191	0
192	4
193	6
194	13
195	10
196	22
197	61
198	91
199	174
200	232
201	262
202	398
203	374
204	344
205	274
206	256
207	153
208	86
209	41
210	18
211	4
212	12
213	10
214	9
215	15
216	23
217	39
218	42
219	48
220	52
221	58
222	52
223	50
224	27
225	22
226	19
227	7
228	11
229	9
230	10
231	7
232	12
233	3
234	2
235	10
236	9
237	9
238	7
239	10
240	15
241	25
242	44
243	65
244	119
245	167
246	183
247	214
248	201
249	230
250	159
251	144
252	123
253	73
254	70
255	47
256	46
257	43
258	32
259	18
260	20
261	25
262	11
263	12
264	15
265	17
266	21
267	29
268	44
269	50
270	46
271	47
272	59
273	33
274	37
275	27
276	22
277	17
278	17
279	13
280	13
281	7
282	6
283	11
284	13
285	19
286	13
287	12
288	19
289	16
290	23
291	17
292	12
293	22
294	20
295	25
296	24
297	21
298	22
299	18
300	21
301	14
302	14
303	15
304	11
305	13
306	13
307	16
308	10
309	16
310	11
311	10
312	17
313	23
314	19
315	15
316	25
317	47
318	76
319	94
320	123
321	180
322	211
323	226
324	216
325	178
326	170
327	122
328	104
329	59
330	52
331	34
332	27
333	48
334	33
335	25
336	44
337	49
338	59
339	79
340	107
341	209
342	433
343	755
344	1326
345	2189
346	3353
347	4871
348	6363
349	7776
350	8731
351	9063
352	8556
353	7717
354	6125
355	4596
356	3166
357	1962
358	1201
359	690
360	376
361	215
362	124
363	79
364	53
365	37
366	63
367	47
368	51
369	50
370	50
371	55
372	60
373	61
374	61
375	81
376	93
377	103
378	166
379	226
380	345
381	524
382	666
383	971
384	1204
385	1399
386	1491
387	1579
388	1389
389	1231
390	1021
391	769
392	530
393	354
394	203
395	127
396	91
397	42
398	47
399	37
400	26
401	35
402	28
403	24
404	36
405	40
406	40
407	34
408	37
409	27
410	40
411	36
412	34
413	41
414	29
415	26
416	48
417	36
418	36
419	27
420	28
421	25
422	40
423	30
424	41
425	36
426	42
427	36
428	42
429	38
430	33
431	36
432	57
433	45
434	46
435	52
436	47
437	51
438	59
439	52
440	77
441	65
442	53
443	65
444	62
445	58
446	57
447	89
448	53
449	79
450	53
451	69
452	47
453	71
454	86
455	85
456	84
457	74
458	86
459	86
460	89
461	102
462	78
463	79
464	62
465	67
466	56
467	55
468	58
469	51
470	68
471	59
472	79
473	65
474	67
475	67
476	69
477	53
478	67
479	51
480	49
481	61
482	59
483	61
484	48
485	49
486	59
487	55
488	67
489	52
490	70
491	67
492	40
493	78
494	56
495	56
496	64
497	72
498	58
499	75
500	53
501	67
502	58
503	72
504	66
505	71
506	68
507	83
508	72
509	87
510	59
511	73
512	78
513	81
514	102
515	93
516	70
517	66
518	83
519	98
520	82
521	99
522	94
523	88
524	102
525	106
526	91
527	109
528	115
529	116
530	121
531	111
532	88
533	99
534	77
535	95
536	88
537	74
538	75
539	75
540	96
541	72
542	78
543	72
544	102
545	93
546	90
547	90
548	80
549	87
550	76
551	76
552	81
553	93
554	90
555	85
556	76
557	84
558	66
559	71
560	70
561	78
562	88
563	88
564	84
565	97
566	68
567	74
568	80
569	98
570	86
571	85
572	82
573	84
574	85
575	73
576	87
577	78
578	85
579	82
580	77
581	81
582	86
583	88
584	79
585	97
586	90
587	78
588	84
589	82
590	90
591	94
592	98
593	97
594	104
595	89
596	94
597	98
598	91
599	95
600	93
601	96
602	93
603	76
604	116
605	97
606	89
607	81
608	113
609	91
610	105
611	93
612	113
613	121
614	84
615	100
616	116
617	114
618	95
619	101
620	97
621	114
622	112
623	107
624	93
625	101
626	112
627	103
628	111
629	83
630	113
631	107
632	102
633	124
634	103
635	99
636	107
637	100
638	101
639	98
640	120
641	105
642	117
643	101
644	109
645	110
646	111
647	108
648	76
649	101
650	98
651	122
652	126
653	103
654	119
655	121
656	134
657	94
658	119
659	115
660	105
661	97
662	114
663	132
664	111
665	111
666	113
667	106
668	114
669	119
670	111
671	118
672	125
673	124
674	122
675	97
676	105
677	115
678	109
679	108
680	97
681	135
682	120
683	114
684	127
685	113
686	125
687	136
688	118
689	128
690	109
691	123
692	135
693	107
694	112
695	135
696	116
697	118
698	117
699	139
700	134
701	134
702	153
703	131
704	119
705	122
706	149
707	130
708	150
709	145
710	121
711	124
712	114
713	128
714	122
715	112
716	120
717	111
718	121
719	123
720	124
721	122
722	143
723	136
724	149
725	140
726	130
727	139
728	137
729	125
730	133
731	124
732	127
733	153
734	160
735	132
736	127
737	141
738	141
739	112
740	143
741	134
742	156
743	156
744	133
745	148
746	130
747	112
748	145
749	121
750	138
751	133
752	124
753	126
754	155
755	119
756	129
757	155
758	133
759	141
760	135
761	137
762	144
763	168
764	169
765	183
766	167
767	196
768	218
769	212
770	257
771	288
772	265
773	286
774	290
775	248
776	244
777	233
778	204
779	227
780	198
781	169
782	176
783	152
784	145
785	146
786	140
787	130
788	145
789	134
790	131
791	136
792	135
793	144
794	130
795	162
796	144
797	142
798	123
799	133
800	135
801	134
802	133
803	142
804	150
805	133
806	147
807	128
808	133
809	138
810	135
811	148
812	156
813	154
814	163
815	171
816	170
817	142
818	157
819	141
820	146
821	162
822	154
823	165
824	149
825	142
826	140
827	134
828	143
829	165
830	150
831	154
832	155
833	159
834	139
835	140
836	130
837	159
838	134
839	134
840	156
841	133
842	174
843	160
844	172
845	164
846	163
847	149
848	149
849	150
850	177
851	182
852	164
853	178
854	185
855	171
856	190
857	214
858	221
859	221
860	206
861	220
862	196
863	230
864	191
865	228
866	229
867	226
868	225
869	213
870	202
871	204
872	216
873	244
874	213
875	210
876	230
877	272
878	245
879	277
880	236
881	241
882	301
883	335
884	321
885	332
886	362
887	399
888	416
889	405
890	449
891	443
892	497
893	517
894	539
895	556
896	544
897	544
898	560
899	581
900	612
901	604
902	584
903	586
904	543
905	587
906	540
907	494
908	510
909	501
910	468
911	442
912	440
913	409
914	378
915	396
916	377
917	315
918	323
919	313
920	323
921	259
922	248
923	247
924	241
925	221
926	245
927	226
928	212
929	195
930	185
931	190
932	174
933	165
934	151
935	161
936	175
937	157
938	179
939	160
940	208
941	189
942	213
943	205
944	230
945	240
946	281
947	295
948	340
949	326
950	388
951	401
952	441
953	404
954	386
955	427
956	421
957	347
958	395
959	324
960	312
961	270
962	240
963	234
964	220
965	201
966	150
967	146
968	151
969	155
970	132
971	124
972	149
973	119
974	146
975	124
976	138
977	132
978	126
979	161
980	125
981	138
982	137
983	127
984	151
985	138
986	140
987	145
988	161
989	135
990	165
991	165
992	132
993	172
994	188
995	155
996	163
997	153
998	170
999	181
1000	181
1001	188
1002	205
1003	180
1004	180
1005	189
1006	165
1007	208
1008	187
1009	181
1010	191
1011	162
1012	173
1013	148
1014	171
1015	168
1016	151
1017	139
1018	126
1019	142
1020	147
1021	119
1022	133
1023	105
1024	121
