Date:	08/05/2018		Time:	18:43		Version no:	0.00		Project name:	55		Sample name:	222		Section name:	section		Position	131.115036	mm	E0	0.000000	keV	E1	1.000000	keV/channel	sample surface	5.908152	cm	Tube anode:	Mo		Tube voltage:	30	kV	Tube current:	50	mA	gain	10		std. database			resultfile	result		matrix element	11		sample thickness	1.000000		air passage	0.560000	cm	comments	in position		peaking_time	2.200000	m-sec	trigger_threshold	547.363281	V	mca_bin_width	22.090000	no:	number_mca_channels	1024.000000	no:	gap_time	0.150000	m-sec	trigger_peaking_time	0.200000	m-sec	GAINDAC	18610		HIGHGAIN	1		TAURC	1		RCTAU	1		RCTAUFRAC	1		livetime	9.474083	seconds	runtime	10.000489	seconds	input_count_rate	22261.890206	cps	output_count_rate	18473.597011	cps	triggers	210911	seconds	events_in_run	184745	seconds	channel	content		1	0
2	0
3	0
4	0
5	0
6	0
7	0
8	0
9	0
10	0
11	0
12	0
13	0
14	0
15	0
16	0
17	0
18	0
19	0
20	0
21	0
22	0
23	0
24	0
25	0
26	0
27	0
28	0
29	0
30	0
31	16
32	16
33	11
34	17
35	9
36	12
37	9
38	13
39	18
40	11
41	17
42	19
43	10
44	11
45	18
46	10
47	13
48	18
49	11
50	9
51	11
52	17
53	11
54	9
55	10
56	13
57	6
58	10
59	10
60	14
61	11
62	10
63	11
64	5
65	8
66	7
67	9
68	3
69	10
70	7
71	6
72	9
73	6
74	10
75	4
76	7
77	3
78	10
79	8
80	12
81	12
82	12
83	12
84	9
85	12
86	8
87	4
88	6
89	7
90	4
91	10
92	7
93	10
94	8
95	12
96	9
97	12
98	11
99	10
100	11
101	8
102	3
103	6
104	8
105	9
106	8
107	9
108	10
109	8
110	6
111	8
112	4
113	6
114	7
115	6
116	3
117	2
118	3
119	4
120	4
121	5
122	6
123	4
124	3
125	3
126	4
127	6
128	7
129	8
130	1
131	8
132	4
133	6
134	3
135	5
136	7
137	2
138	1
139	5
140	1
141	3
142	3
143	4
144	3
145	3
146	4
147	4
148	4
149	3
150	7
151	3
152	3
153	3
154	3
155	4
156	5
157	3
158	8
159	17
160	12
161	25
162	15
163	24
164	24
165	25
166	10
167	11
168	5
169	3
170	2
171	3
172	4
173	6
174	7
175	4
176	5
177	10
178	12
179	15
180	11
181	18
182	33
183	16
184	16
185	17
186	8
187	3
188	8
189	5
190	4
191	3
192	2
193	3
194	7
195	15
196	23
197	40
198	82
199	150
200	213
201	231
202	290
203	309
204	332
205	259
206	167
207	126
208	80
209	32
210	22
211	21
212	11
213	7
214	9
215	14
216	16
217	37
218	34
219	48
220	62
221	68
222	66
223	44
224	32
225	18
226	19
227	8
228	11
229	12
230	4
231	2
232	11
233	3
234	8
235	6
236	4
237	8
238	6
239	12
240	16
241	32
242	56
243	75
244	113
245	151
246	189
247	222
248	214
249	232
250	184
251	148
252	106
253	69
254	51
255	55
256	43
257	26
258	31
259	29
260	13
261	16
262	10
263	10
264	18
265	13
266	27
267	40
268	44
269	41
270	49
271	68
272	53
273	45
274	39
275	32
276	21
277	14
278	12
279	11
280	11
281	12
282	7
283	9
284	9
285	11
286	8
287	9
288	7
289	13
290	17
291	9
292	11
293	10
294	11
295	13
296	20
297	11
298	17
299	19
300	17
301	11
302	14
303	10
304	10
305	9
306	12
307	13
308	15
309	11
310	10
311	9
312	9
313	11
314	18
315	23
316	19
317	42
318	46
319	76
320	91
321	115
322	142
323	170
324	145
325	157
326	123
327	91
328	72
329	62
330	44
331	29
332	30
333	28
334	27
335	31
336	19
337	48
338	51
339	39
340	109
341	173
342	363
343	680
344	1145
345	1763
346	2886
347	4076
348	5225
349	6298
350	7140
351	7228
352	6991
353	6077
354	4889
355	3784
356	2525
357	1613
358	987
359	573
360	298
361	154
362	87
363	45
364	43
365	43
366	31
367	40
368	50
369	42
370	47
371	57
372	44
373	60
374	51
375	69
376	84
377	92
378	122
379	188
380	279
381	414
382	601
383	770
384	926
385	1165
386	1211
387	1177
388	1111
389	1014
390	808
391	615
392	388
393	285
394	190
395	100
396	79
397	50
398	27
399	25
400	24
401	25
402	26
403	27
404	43
405	27
406	47
407	33
408	41
409	37
410	33
411	29
412	22
413	30
414	40
415	32
416	18
417	22
418	36
419	29
420	35
421	35
422	24
423	37
424	36
425	21
426	27
427	26
428	25
429	32
430	28
431	36
432	33
433	31
434	42
435	37
436	59
437	45
438	41
439	60
440	51
441	72
442	72
443	56
444	63
445	50
446	70
447	64
448	48
449	59
450	57
451	61
452	70
453	41
454	59
455	81
456	66
457	75
458	76
459	61
460	83
461	75
462	66
463	64
464	59
465	58
466	52
467	48
468	65
469	66
470	57
471	56
472	64
473	69
474	69
475	70
476	70
477	57
478	52
479	56
480	56
481	54
482	54
483	39
484	49
485	45
486	42
487	35
488	51
489	55
490	57
491	51
492	56
493	66
494	63
495	43
496	52
497	63
498	45
499	62
500	66
501	59
502	59
503	66
504	62
505	60
506	76
507	53
508	77
509	64
510	61
511	72
512	68
513	76
514	79
515	74
516	67
517	58
518	84
519	68
520	68
521	69
522	75
523	78
524	69
525	93
526	93
527	84
528	92
529	85
530	90
531	74
532	82
533	91
534	72
535	78
536	80
537	86
538	65
539	70
540	73
541	82
542	90
543	73
544	68
545	76
546	67
547	78
548	77
549	50
550	69
551	76
552	61
553	68
554	63
555	77
556	70
557	64
558	60
559	79
560	62
561	57
562	60
563	66
564	73
565	72
566	86
567	67
568	78
569	72
570	68
571	89
572	76
573	90
574	78
575	87
576	73
577	83
578	68
579	84
580	74
581	86
582	76
583	75
584	87
585	63
586	76
587	73
588	82
589	81
590	89
591	87
592	91
593	81
594	75
595	80
596	77
597	70
598	84
599	77
600	83
601	78
602	101
603	94
604	71
605	81
606	85
607	95
608	84
609	105
610	90
611	87
612	84
613	91
614	91
615	95
616	108
617	108
618	100
619	92
620	89
621	99
622	88
623	91
624	91
625	107
626	100
627	89
628	98
629	97
630	89
631	91
632	98
633	111
634	93
635	115
636	96
637	100
638	93
639	96
640	96
641	106
642	91
643	84
644	97
645	89
646	116
647	94
648	91
649	113
650	89
651	104
652	91
653	111
654	101
655	93
656	97
657	112
658	127
659	109
660	114
661	102
662	105
663	102
664	101
665	105
666	95
667	91
668	114
669	98
670	93
671	106
672	97
673	116
674	106
675	99
676	103
677	109
678	114
679	105
680	91
681	97
682	113
683	125
684	103
685	124
686	94
687	107
688	115
689	111
690	109
691	110
692	108
693	128
694	103
695	118
696	96
697	112
698	115
699	86
700	138
701	127
702	96
703	109
704	118
705	113
706	103
707	127
708	130
709	115
710	126
711	116
712	117
713	114
714	139
715	113
716	125
717	96
718	133
719	106
720	104
721	122
722	108
723	126
724	127
725	110
726	114
727	101
728	120
729	105
730	117
731	115
732	115
733	138
734	127
735	122
736	130
737	120
738	140
739	136
740	117
741	108
742	133
743	131
744	115
745	121
746	98
747	116
748	129
749	129
750	136
751	120
752	116
753	116
754	124
755	106
756	116
757	120
758	123
759	109
760	142
761	126
762	122
763	110
764	139
765	139
766	169
767	177
768	195
769	219
770	247
771	261
772	271
773	270
774	260
775	284
776	260
777	239
778	233
779	220
780	197
781	187
782	138
783	174
784	124
785	118
786	127
787	158
788	119
789	125
790	122
791	111
792	117
793	114
794	126
795	108
796	122
797	116
798	111
799	122
800	132
801	131
802	111
803	121
804	118
805	125
806	154
807	120
808	129
809	128
810	132
811	145
812	146
813	145
814	132
815	143
816	152
817	129
818	149
819	128
820	137
821	145
822	115
823	133
824	143
825	130
826	136
827	139
828	130
829	134
830	132
831	139
832	142
833	122
834	152
835	123
836	141
837	146
838	130
839	149
840	152
841	147
842	147
843	114
844	130
845	140
846	163
847	159
848	137
849	161
850	126
851	145
852	139
853	143
854	153
855	179
856	183
857	186
858	184
859	176
860	189
861	184
862	216
863	213
864	205
865	218
866	191
867	198
868	220
869	209
870	196
871	202
872	205
873	221
874	206
875	192
876	220
877	232
878	209
879	259
880	277
881	250
882	290
883	278
884	347
885	322
886	329
887	311
888	370
889	365
890	434
891	454
892	452
893	435
894	469
895	493
896	524
897	472
898	542
899	493
900	568
901	502
902	510
903	501
904	511
905	502
906	503
907	472
908	442
909	429
910	435
911	419
912	369
913	357
914	369
915	311
916	296
917	296
918	300
919	300
920	220
921	211
922	244
923	216
924	237
925	204
926	187
927	166
928	171
929	164
930	171
931	163
932	174
933	171
934	182
935	158
936	154
937	148
938	149
939	139
940	182
941	166
942	180
943	195
944	206
945	247
946	266
947	299
948	299
949	348
950	368
951	392
952	369
953	393
954	394
955	398
956	381
957	366
958	372
959	306
960	288
961	244
962	247
963	209
964	196
965	152
966	146
967	140
968	124
969	141
970	125
971	100
972	112
973	108
974	114
975	113
976	130
977	118
978	122
979	122
980	118
981	143
982	125
983	126
984	128
985	145
986	127
987	129
988	133
989	142
990	142
991	128
992	133
993	162
994	175
995	168
996	139
997	163
998	172
999	160
1000	178
1001	170
1002	179
1003	152
1004	164
1005	172
1006	175
1007	174
1008	168
1009	154
1010	174
1011	142
1012	137
1013	136
1014	137
1015	150
1016	150
1017	126
1018	155
1019	121
1020	106
1021	103
1022	102
1023	134
1024	100
