Date:	08/05/2018		Time:	19:35		Version no:	0.00		Project name:	55		Sample name:	222		Section name:	section		Position	185.515030	mm	E0	0.000000	keV	E1	1.000000	keV/channel	sample surface	5.893208	cm	Tube anode:	Mo		Tube voltage:	30	kV	Tube current:	50	mA	gain	10		std. database			resultfile	result		matrix element	11		sample thickness	1.000000		air passage	0.560000	cm	comments	in position		peaking_time	2.200000	m-sec	trigger_threshold	547.363281	V	mca_bin_width	22.090000	no:	number_mca_channels	1024.000000	no:	gap_time	0.150000	m-sec	trigger_peaking_time	0.200000	m-sec	GAINDAC	18610		HIGHGAIN	1		TAURC	1		RCTAU	1		RCTAUFRAC	1		livetime	9.461314	seconds	runtime	10.000495	seconds	input_count_rate	22961.925882	cps	output_count_rate	18986.559786	cps	triggers	217250	seconds	events_in_run	189875	seconds	channel	content		1	0
2	0
3	0
4	0
5	0
6	0
7	0
8	0
9	0
10	0
11	0
12	0
13	0
14	0
15	0
16	0
17	0
18	0
19	0
20	0
21	0
22	0
23	0
24	0
25	0
26	0
27	0
28	0
29	0
30	0
31	20
32	14
33	18
34	20
35	13
36	16
37	16
38	13
39	15
40	10
41	18
42	11
43	12
44	15
45	8
46	12
47	21
48	17
49	10
50	10
51	22
52	11
53	12
54	12
55	16
56	16
57	13
58	11
59	6
60	17
61	13
62	10
63	7
64	9
65	14
66	6
67	10
68	9
69	9
70	6
71	9
72	3
73	9
74	5
75	5
76	5
77	6
78	6
79	13
80	3
81	9
82	9
83	8
84	12
85	5
86	7
87	6
88	2
89	7
90	8
91	3
92	7
93	9
94	14
95	9
96	12
97	12
98	8
99	11
100	9
101	4
102	9
103	11
104	6
105	4
106	7
107	7
108	10
109	12
110	7
111	4
112	10
113	5
114	6
115	4
116	7
117	5
118	3
119	7
120	4
121	5
122	4
123	5
124	2
125	3
126	4
127	5
128	1
129	3
130	8
131	4
132	3
133	3
134	6
135	6
136	4
137	4
138	5
139	6
140	3
141	5
142	1
143	0
144	4
145	0
146	3
147	5
148	4
149	10
150	4
151	5
152	2
153	3
154	0
155	6
156	7
157	5
158	10
159	15
160	13
161	25
162	29
163	20
164	31
165	15
166	29
167	14
168	13
169	8
170	9
171	5
172	6
173	5
174	5
175	6
176	7
177	3
178	11
179	8
180	21
181	20
182	27
183	13
184	11
185	12
186	4
187	11
188	4
189	5
190	2
191	6
192	3
193	13
194	11
195	12
196	27
197	46
198	81
199	108
200	178
201	271
202	283
203	310
204	291
205	244
206	174
207	129
208	67
209	37
210	24
211	19
212	9
213	6
214	5
215	15
216	19
217	31
218	34
219	48
220	43
221	46
222	54
223	31
224	32
225	23
226	17
227	11
228	7
229	6
230	3
231	3
232	12
233	3
234	5
235	4
236	5
237	8
238	2
239	4
240	10
241	20
242	24
243	51
244	84
245	100
246	141
247	137
248	151
249	155
250	124
251	101
252	87
253	62
254	53
255	45
256	39
257	31
258	28
259	15
260	22
261	15
262	13
263	10
264	9
265	15
266	11
267	25
268	33
269	28
270	52
271	38
272	49
273	33
274	18
275	14
276	18
277	14
278	9
279	9
280	9
281	10
282	7
283	8
284	9
285	6
286	20
287	16
288	15
289	11
290	12
291	11
292	25
293	7
294	15
295	16
296	22
297	22
298	20
299	21
300	10
301	11
302	7
303	10
304	13
305	8
306	11
307	11
308	15
309	8
310	15
311	13
312	12
313	10
314	19
315	25
316	30
317	41
318	45
319	69
320	103
321	136
322	171
323	154
324	173
325	146
326	126
327	101
328	93
329	48
330	46
331	26
332	34
333	25
334	26
335	30
336	19
337	37
338	45
339	53
340	111
341	182
342	357
343	626
344	1148
345	1864
346	2822
347	4141
348	5549
349	6687
350	7560
351	7853
352	7394
353	6641
354	5304
355	4115
356	2736
357	1755
358	982
359	563
360	309
361	157
362	100
363	68
364	45
365	39
366	36
367	36
368	33
369	48
370	48
371	45
372	41
373	53
374	68
375	54
376	86
377	102
378	129
379	187
380	298
381	428
382	604
383	820
384	990
385	1173
386	1331
387	1325
388	1227
389	1079
390	883
391	668
392	460
393	348
394	229
395	124
396	75
397	49
398	28
399	20
400	29
401	30
402	30
403	26
404	26
405	39
406	18
407	29
408	25
409	35
410	43
411	30
412	25
413	28
414	36
415	51
416	22
417	31
418	39
419	31
420	28
421	27
422	29
423	34
424	42
425	29
426	33
427	27
428	27
429	35
430	33
431	29
432	37
433	44
434	23
435	42
436	37
437	42
438	59
439	58
440	53
441	61
442	62
443	52
444	58
445	69
446	53
447	59
448	58
449	45
450	57
451	46
452	58
453	72
454	66
455	66
456	71
457	63
458	60
459	68
460	77
461	75
462	76
463	62
464	63
465	54
466	47
467	62
468	56
469	53
470	61
471	49
472	59
473	67
474	61
475	59
476	50
477	56
478	50
479	55
480	49
481	54
482	51
483	41
484	53
485	49
486	63
487	47
488	49
489	55
490	53
491	53
492	53
493	53
494	48
495	48
496	49
497	55
498	59
499	60
500	59
501	54
502	69
503	62
504	66
505	57
506	62
507	76
508	71
509	73
510	59
511	80
512	75
513	69
514	76
515	68
516	65
517	82
518	65
519	74
520	63
521	82
522	81
523	85
524	87
525	92
526	87
527	92
528	85
529	82
530	94
531	92
532	73
533	89
534	92
535	92
536	78
537	68
538	73
539	92
540	80
541	88
542	72
543	79
544	70
545	95
546	78
547	67
548	87
549	64
550	68
551	80
552	66
553	71
554	59
555	78
556	68
557	62
558	61
559	69
560	72
561	68
562	62
563	67
564	72
565	62
566	74
567	81
568	74
569	68
570	88
571	66
572	72
573	75
574	74
575	71
576	87
577	90
578	75
579	87
580	80
581	72
582	86
583	80
584	76
585	66
586	73
587	94
588	91
589	89
590	76
591	87
592	89
593	85
594	92
595	78
596	88
597	111
598	90
599	84
600	97
601	84
602	75
603	108
604	85
605	80
606	95
607	71
608	76
609	92
610	101
611	83
612	87
613	82
614	91
615	102
616	91
617	98
618	85
619	105
620	91
621	96
622	91
623	101
624	91
625	98
626	84
627	96
628	91
629	90
630	83
631	99
632	86
633	90
634	101
635	99
636	100
637	85
638	99
639	92
640	98
641	96
642	94
643	92
644	111
645	110
646	101
647	98
648	97
649	82
650	96
651	94
652	95
653	86
654	106
655	103
656	106
657	84
658	83
659	94
660	110
661	137
662	99
663	101
664	102
665	87
666	101
667	100
668	106
669	86
670	101
671	113
672	103
673	81
674	95
675	104
676	105
677	95
678	106
679	98
680	108
681	88
682	97
683	103
684	100
685	111
686	123
687	109
688	116
689	100
690	107
691	123
692	103
693	86
694	121
695	96
696	133
697	102
698	100
699	121
700	125
701	127
702	113
703	119
704	128
705	106
706	126
707	120
708	106
709	138
710	114
711	118
712	113
713	117
714	122
715	100
716	106
717	91
718	120
719	117
720	98
721	104
722	118
723	128
724	132
725	126
726	114
727	118
728	113
729	133
730	134
731	122
732	140
733	120
734	106
735	146
736	129
737	131
738	112
739	122
740	97
741	123
742	112
743	109
744	126
745	105
746	133
747	127
748	139
749	130
750	112
751	119
752	140
753	119
754	126
755	123
756	113
757	118
758	111
759	128
760	121
761	136
762	136
763	147
764	160
765	158
766	185
767	169
768	217
769	202
770	244
771	274
772	250
773	287
774	262
775	301
776	267
777	212
778	250
779	196
780	186
781	186
782	179
783	150
784	150
785	125
786	124
787	121
788	125
789	137
790	148
791	132
792	124
793	125
794	121
795	128
796	115
797	131
798	121
799	118
800	129
801	106
802	133
803	138
804	127
805	122
806	133
807	132
808	156
809	130
810	146
811	136
812	144
813	154
814	156
815	146
816	149
817	133
818	120
819	129
820	138
821	141
822	125
823	132
824	136
825	143
826	141
827	146
828	133
829	139
830	140
831	135
832	151
833	124
834	142
835	148
836	153
837	133
838	158
839	148
840	135
841	149
842	130
843	144
844	132
845	144
846	154
847	154
848	157
849	143
850	151
851	156
852	144
853	161
854	141
855	158
856	164
857	174
858	181
859	179
860	162
861	162
862	190
863	216
864	217
865	178
866	203
867	188
868	229
869	200
870	205
871	183
872	219
873	213
874	219
875	189
876	215
877	214
878	222
879	253
880	232
881	285
882	265
883	275
884	328
885	325
886	339
887	361
888	381
889	439
890	430
891	465
892	425
893	482
894	506
895	452
896	503
897	501
898	510
899	509
900	504
901	522
902	538
903	510
904	539
905	497
906	486
907	491
908	430
909	409
910	429
911	427
912	386
913	391
914	365
915	355
916	305
917	275
918	282
919	271
920	258
921	262
922	240
923	242
924	223
925	204
926	211
927	200
928	192
929	162
930	183
931	185
932	156
933	159
934	140
935	175
936	164
937	142
938	145
939	170
940	149
941	191
942	181
943	207
944	232
945	242
946	231
947	282
948	289
949	353
950	384
951	411
952	393
953	424
954	421
955	390
956	410
957	395
958	351
959	307
960	297
961	265
962	213
963	198
964	170
965	174
966	161
967	145
968	116
969	118
970	148
971	114
972	128
973	133
974	124
975	112
976	116
977	126
978	117
979	124
980	117
981	122
982	123
983	151
984	123
985	153
986	146
987	135
988	144
989	142
990	152
991	152
992	157
993	141
994	154
995	164
996	163
997	172
998	183
999	156
1000	153
1001	165
1002	166
1003	144
1004	181
1005	165
1006	154
1007	167
1008	149
1009	145
1010	161
1011	159
1012	154
1013	172
1014	146
1015	135
1016	153
1017	139
1018	149
1019	128
1020	134
1021	110
1022	131
1023	144
1024	100
