Date:	08/05/2018		Time:	17:27		Version no:	0.00		Project name:	55		Sample name:	222		Section name:	section		Position	51.915031	mm	E0	0.000000	keV	E1	1.000000	keV/channel	sample surface	5.850646	cm	Tube anode:	Mo		Tube voltage:	30	kV	Tube current:	50	mA	gain	10		std. database			resultfile	result		matrix element	11		sample thickness	1.000000		air passage	0.560000	cm	comments	in position		peaking_time	2.200000	m-sec	trigger_threshold	547.363281	V	mca_bin_width	22.090000	no:	number_mca_channels	1024.000000	no:	gap_time	0.150000	m-sec	trigger_peaking_time	0.200000	m-sec	GAINDAC	18610		HIGHGAIN	1		TAURC	1		RCTAU	1		RCTAUFRAC	1		livetime	9.435338	seconds	runtime	10.000490	seconds	input_count_rate	22349.597750	cps	output_count_rate	18414.196968	cps	triggers	210876	seconds	events_in_run	184151	seconds	channel	content		1	0
2	0
3	0
4	0
5	0
6	0
7	0
8	0
9	0
10	0
11	0
12	0
13	0
14	0
15	0
16	0
17	0
18	0
19	0
20	0
21	0
22	0
23	0
24	0
25	0
26	0
27	0
28	0
29	0
30	0
31	17
32	18
33	13
34	18
35	18
36	13
37	12
38	18
39	20
40	14
41	10
42	13
43	17
44	24
45	14
46	14
47	10
48	12
49	21
50	13
51	15
52	17
53	11
54	12
55	12
56	8
57	17
58	14
59	10
60	15
61	11
62	11
63	16
64	7
65	11
66	10
67	8
68	7
69	11
70	8
71	7
72	9
73	7
74	13
75	14
76	13
77	12
78	10
79	3
80	10
81	18
82	11
83	6
84	7
85	4
86	4
87	4
88	10
89	7
90	5
91	4
92	8
93	14
94	8
95	13
96	15
97	9
98	11
99	10
100	11
101	5
102	5
103	5
104	5
105	4
106	8
107	5
108	7
109	6
110	5
111	9
112	8
113	4
114	8
115	6
116	5
117	6
118	9
119	7
120	0
121	6
122	2
123	2
124	3
125	4
126	6
127	3
128	1
129	4
130	4
131	6
132	3
133	0
134	3
135	2
136	6
137	5
138	2
139	2
140	5
141	5
142	1
143	6
144	4
145	1
146	1
147	4
148	3
149	7
150	6
151	3
152	4
153	8
154	5
155	7
156	6
157	9
158	10
159	18
160	14
161	23
162	27
163	29
164	30
165	14
166	16
167	11
168	3
169	8
170	6
171	6
172	3
173	9
174	6
175	5
176	9
177	8
178	12
179	6
180	12
181	3
182	15
183	8
184	7
185	12
186	8
187	6
188	3
189	4
190	3
191	3
192	1
193	8
194	5
195	6
196	20
197	20
198	38
199	67
200	122
201	131
202	177
203	168
204	158
205	119
206	111
207	59
208	54
209	21
210	11
211	9
212	7
213	5
214	6
215	7
216	11
217	14
218	19
219	38
220	25
221	38
222	30
223	23
224	11
225	17
226	5
227	8
228	5
229	9
230	6
231	7
232	5
233	5
234	6
235	4
236	6
237	2
238	5
239	8
240	9
241	17
242	13
243	26
244	41
245	59
246	66
247	86
248	88
249	81
250	64
251	52
252	47
253	30
254	38
255	23
256	21
257	24
258	18
259	22
260	13
261	17
262	8
263	4
264	7
265	7
266	10
267	16
268	17
269	22
270	20
271	24
272	17
273	23
274	16
275	15
276	12
277	3
278	13
279	11
280	7
281	5
282	11
283	10
284	7
285	8
286	11
287	15
288	11
289	11
290	10
291	9
292	19
293	11
294	10
295	11
296	15
297	9
298	17
299	11
300	11
301	19
302	14
303	15
304	14
305	13
306	15
307	11
308	13
309	10
310	20
311	15
312	14
313	13
314	21
315	39
316	44
317	53
318	112
319	128
320	192
321	257
322	316
323	341
324	311
325	291
326	229
327	170
328	135
329	83
330	61
331	42
332	43
333	34
334	26
335	27
336	23
337	37
338	31
339	45
340	78
341	132
342	256
343	410
344	728
345	1199
346	1886
347	2611
348	3485
349	4219
350	4672
351	4858
352	4545
353	4026
354	3239
355	2481
356	1674
357	1042
358	645
359	379
360	217
361	101
362	77
363	65
364	49
365	37
366	44
367	45
368	36
369	38
370	42
371	38
372	35
373	46
374	46
375	70
376	71
377	79
378	107
379	164
380	202
381	290
382	404
383	525
384	656
385	777
386	881
387	821
388	822
389	754
390	578
391	481
392	314
393	224
394	147
395	81
396	61
397	56
398	48
399	43
400	42
401	38
402	37
403	41
404	41
405	31
406	38
407	33
408	45
409	55
410	51
411	49
412	51
413	47
414	46
415	40
416	42
417	44
418	43
419	43
420	53
421	33
422	34
423	46
424	42
425	35
426	54
427	54
428	55
429	40
430	51
431	46
432	63
433	54
434	55
435	73
436	64
437	89
438	74
439	82
440	80
441	113
442	104
443	91
444	94
445	97
446	76
447	75
448	89
449	100
450	68
451	97
452	91
453	77
454	97
455	88
456	66
457	99
458	99
459	97
460	96
461	98
462	91
463	92
464	91
465	74
466	87
467	58
468	76
469	80
470	79
471	93
472	81
473	59
474	70
475	75
476	76
477	75
478	68
479	93
480	72
481	69
482	70
483	69
484	53
485	73
486	83
487	74
488	79
489	92
490	82
491	75
492	95
493	82
494	74
495	87
496	79
497	70
498	73
499	100
500	77
501	77
502	97
503	94
504	100
505	109
506	105
507	108
508	103
509	112
510	111
511	103
512	109
513	82
514	98
515	116
516	100
517	117
518	115
519	98
520	101
521	129
522	114
523	126
524	118
525	125
526	114
527	130
528	140
529	135
530	132
531	102
532	107
533	102
534	104
535	96
536	120
537	115
538	112
539	109
540	112
541	92
542	93
543	109
544	128
545	117
546	116
547	108
548	113
549	110
550	74
551	135
552	102
553	108
554	91
555	109
556	105
557	103
558	102
559	120
560	97
561	99
562	96
563	113
564	84
565	112
566	116
567	87
568	106
569	102
570	97
571	100
572	97
573	105
574	102
575	129
576	119
577	122
578	102
579	110
580	113
581	115
582	115
583	115
584	127
585	108
586	105
587	122
588	130
589	139
590	123
591	107
592	129
593	119
594	130
595	135
596	115
597	114
598	126
599	111
600	141
601	105
602	97
603	125
604	153
605	136
606	146
607	119
608	124
609	122
610	119
611	129
612	125
613	145
614	114
615	162
616	121
617	135
618	133
619	143
620	147
621	113
622	120
623	136
624	116
625	143
626	155
627	140
628	125
629	132
630	136
631	111
632	119
633	145
634	123
635	137
636	146
637	143
638	125
639	113
640	142
641	134
642	142
643	145
644	151
645	161
646	153
647	179
648	163
649	167
650	169
651	168
652	182
653	182
654	155
655	147
656	146
657	160
658	134
659	141
660	132
661	132
662	125
663	127
664	127
665	153
666	137
667	124
668	140
669	125
670	166
671	136
672	121
673	153
674	130
675	144
676	147
677	153
678	120
679	129
680	136
681	144
682	145
683	128
684	150
685	143
686	115
687	146
688	163
689	163
690	152
691	166
692	142
693	144
694	153
695	165
696	161
697	147
698	135
699	189
700	134
701	138
702	149
703	144
704	147
705	175
706	179
707	150
708	142
709	169
710	155
711	155
712	146
713	141
714	160
715	188
716	160
717	174
718	145
719	158
720	144
721	139
722	162
723	158
724	158
725	180
726	165
727	167
728	173
729	175
730	150
731	156
732	146
733	139
734	158
735	165
736	159
737	140
738	164
739	188
740	153
741	143
742	156
743	150
744	169
745	157
746	168
747	160
748	168
749	182
750	145
751	146
752	155
753	158
754	144
755	160
756	170
757	172
758	151
759	160
760	156
761	160
762	191
763	174
764	177
765	196
766	234
767	213
768	232
769	221
770	255
771	282
772	278
773	277
774	271
775	260
776	263
777	244
778	238
779	212
780	234
781	175
782	202
783	176
784	154
785	165
786	153
787	167
788	148
789	160
790	176
791	150
792	169
793	173
794	160
795	172
796	148
797	166
798	147
799	150
800	145
801	174
802	158
803	175
804	158
805	167
806	140
807	168
808	174
809	152
810	181
811	157
812	183
813	181
814	144
815	167
816	153
817	178
818	179
819	140
820	184
821	155
822	181
823	152
824	187
825	145
826	149
827	153
828	156
829	189
830	168
831	149
832	182
833	170
834	152
835	185
836	166
837	155
838	170
839	170
840	171
841	165
842	162
843	201
844	198
845	175
846	202
847	200
848	182
849	194
850	176
851	187
852	173
853	178
854	196
855	186
856	215
857	207
858	198
859	203
860	216
861	221
862	236
863	236
864	213
865	214
866	248
867	259
868	237
869	208
870	240
871	273
872	268
873	232
874	234
875	264
876	273
877	262
878	292
879	306
880	337
881	296
882	393
883	317
884	401
885	402
886	440
887	439
888	493
889	562
890	557
891	529
892	569
893	589
894	593
895	655
896	694
897	634
898	661
899	661
900	727
901	731
902	682
903	716
904	689
905	640
906	631
907	609
908	611
909	580
910	506
911	507
912	442
913	470
914	468
915	377
916	395
917	382
918	390
919	329
920	286
921	306
922	286
923	267
924	268
925	242
926	250
927	235
928	221
929	224
930	191
931	204
932	196
933	201
934	190
935	182
936	170
937	195
938	185
939	185
940	206
941	192
942	236
943	250
944	256
945	272
946	328
947	352
948	345
949	401
950	405
951	466
952	469
953	419
954	434
955	457
956	421
957	402
958	364
959	339
960	343
961	280
962	260
963	232
964	237
965	187
966	160
967	155
968	157
969	157
970	160
971	146
972	147
973	124
974	129
975	123
976	129
977	143
978	165
979	150
980	143
981	153
982	160
983	144
984	140
985	133
986	156
987	148
988	171
989	184
990	148
991	192
992	164
993	170
994	205
995	188
996	203
997	211
998	201
999	200
1000	199
1001	184
1002	193
1003	207
1004	208
1005	200
1006	186
1007	205
1008	210
1009	201
1010	190
1011	205
1012	194
1013	192
1014	165
1015	180
1016	187
1017	172
1018	178
1019	135
1020	149
1021	160
1022	122
1023	145
1024	127
