Date:	08/05/2018		Time:	17:38		Version no:	0.00		Project name:	55		Sample name:	222		Section name:	section		Position	62.915031	mm	E0	0.000000	keV	E1	1.000000	keV/channel	sample surface	5.914675	cm	Tube anode:	Mo		Tube voltage:	30	kV	Tube current:	50	mA	gain	10		std. database			resultfile	result		matrix element	11		sample thickness	1.000000		air passage	0.560000	cm	comments	in position		peaking_time	2.200000	m-sec	trigger_threshold	547.363281	V	mca_bin_width	22.090000	no:	number_mca_channels	1024.000000	no:	gap_time	0.150000	m-sec	trigger_peaking_time	0.200000	m-sec	GAINDAC	18610		HIGHGAIN	1		TAURC	1		RCTAU	1		RCTAUFRAC	1		livetime	9.408566	seconds	runtime	10.000496	seconds	input_count_rate	26322.926307	cps	output_count_rate	21318.442605	cps	triggers	247661	seconds	events_in_run	213195	seconds	channel	content		1	0
2	0
3	0
4	0
5	0
6	0
7	0
8	0
9	0
10	0
11	0
12	0
13	0
14	0
15	0
16	0
17	0
18	0
19	0
20	0
21	0
22	0
23	0
24	0
25	0
26	0
27	0
28	0
29	0
30	0
31	19
32	9
33	14
34	13
35	15
36	10
37	9
38	12
39	16
40	13
41	14
42	11
43	14
44	17
45	9
46	12
47	15
48	16
49	9
50	10
51	11
52	20
53	13
54	10
55	9
56	13
57	4
58	13
59	11
60	11
61	7
62	4
63	12
64	7
65	9
66	8
67	5
68	9
69	9
70	11
71	9
72	6
73	10
74	7
75	12
76	6
77	13
78	9
79	11
80	5
81	8
82	12
83	10
84	11
85	11
86	5
87	6
88	4
89	7
90	7
91	5
92	3
93	10
94	12
95	22
96	23
97	15
98	11
99	13
100	13
101	8
102	14
103	8
104	7
105	13
106	11
107	5
108	10
109	10
110	14
111	10
112	3
113	2
114	4
115	4
116	6
117	4
118	4
119	5
120	6
121	6
122	6
123	7
124	3
125	6
126	8
127	4
128	7
129	7
130	5
131	5
132	1
133	5
134	3
135	4
136	3
137	4
138	2
139	6
140	2
141	1
142	6
143	6
144	4
145	5
146	4
147	3
148	5
149	3
150	7
151	6
152	6
153	6
154	9
155	3
156	3
157	4
158	10
159	11
160	23
161	24
162	32
163	33
164	29
165	24
166	17
167	20
168	7
169	6
170	4
171	5
172	4
173	6
174	10
175	5
176	7
177	8
178	11
179	16
180	15
181	28
182	17
183	26
184	19
185	13
186	13
187	3
188	6
189	3
190	4
191	6
192	4
193	10
194	10
195	14
196	34
197	57
198	101
199	161
200	247
201	336
202	398
203	411
204	384
205	353
206	246
207	170
208	92
209	59
210	29
211	12
212	10
213	13
214	10
215	16
216	37
217	35
218	56
219	65
220	63
221	60
222	55
223	61
224	31
225	31
226	16
227	8
228	13
229	6
230	9
231	5
232	6
233	5
234	5
235	3
236	3
237	9
238	10
239	8
240	13
241	37
242	39
243	93
244	102
245	171
246	201
247	206
248	217
249	211
250	173
251	139
252	131
253	89
254	83
255	52
256	43
257	40
258	40
259	28
260	21
261	18
262	12
263	18
264	17
265	19
266	37
267	35
268	48
269	51
270	55
271	47
272	52
273	42
274	48
275	25
276	30
277	13
278	10
279	15
280	13
281	16
282	9
283	15
284	13
285	16
286	22
287	9
288	12
289	19
290	12
291	20
292	15
293	26
294	23
295	30
296	16
297	21
298	19
299	19
300	24
301	13
302	15
303	24
304	13
305	19
306	18
307	21
308	13
309	17
310	18
311	15
312	19
313	18
314	26
315	32
316	40
317	59
318	115
319	148
320	210
321	253
322	292
323	333
324	286
325	296
326	241
327	162
328	144
329	74
330	63
331	55
332	37
333	29
334	34
335	42
336	31
337	48
338	63
339	73
340	141
341	223
342	438
343	861
344	1454
345	2520
346	3766
347	5356
348	6970
349	8283
350	9418
351	9680
352	9345
353	8059
354	6420
355	4756
356	3306
357	2137
358	1258
359	658
360	404
361	187
362	115
363	56
364	45
365	52
366	68
367	59
368	30
369	45
370	49
371	42
372	61
373	54
374	68
375	66
376	109
377	115
378	184
379	281
380	390
381	537
382	731
383	1033
384	1316
385	1486
386	1621
387	1579
388	1510
389	1316
390	1153
391	751
392	570
393	391
394	227
395	145
396	85
397	57
398	50
399	41
400	37
401	17
402	27
403	30
404	34
405	26
406	27
407	41
408	33
409	32
410	37
411	36
412	29
413	38
414	30
415	29
416	20
417	28
418	24
419	25
420	24
421	30
422	25
423	32
424	34
425	28
426	34
427	41
428	30
429	33
430	33
431	29
432	47
433	39
434	49
435	40
436	57
437	60
438	58
439	70
440	76
441	83
442	80
443	78
444	62
445	60
446	63
447	69
448	53
449	61
450	65
451	63
452	62
453	68
454	60
455	71
456	83
457	73
458	73
459	95
460	98
461	87
462	75
463	89
464	69
465	57
466	68
467	58
468	56
469	46
470	63
471	74
472	49
473	64
474	61
475	59
476	47
477	59
478	58
479	58
480	54
481	53
482	59
483	47
484	51
485	51
486	51
487	70
488	60
489	73
490	54
491	54
492	57
493	71
494	54
495	51
496	49
497	53
498	56
499	54
500	53
501	65
502	63
503	60
504	83
505	77
506	75
507	75
508	79
509	67
510	79
511	79
512	69
513	82
514	86
515	70
516	78
517	84
518	89
519	98
520	76
521	87
522	80
523	78
524	84
525	107
526	90
527	103
528	91
529	100
530	109
531	91
532	96
533	90
534	82
535	92
536	74
537	70
538	72
539	74
540	75
541	92
542	72
543	66
544	85
545	75
546	73
547	68
548	89
549	76
550	87
551	64
552	64
553	85
554	60
555	81
556	78
557	73
558	81
559	71
560	88
561	59
562	74
563	73
564	68
565	81
566	61
567	75
568	75
569	81
570	68
571	96
572	81
573	80
574	80
575	66
576	99
577	89
578	81
579	88
580	78
581	80
582	77
583	84
584	99
585	89
586	96
587	75
588	91
589	77
590	86
591	82
592	86
593	84
594	65
595	79
596	86
597	90
598	89
599	74
600	88
601	71
602	88
603	90
604	90
605	101
606	79
607	80
608	77
609	82
610	94
611	94
612	96
613	96
614	96
615	109
616	84
617	101
618	100
619	90
620	86
621	91
622	94
623	94
624	99
625	92
626	83
627	100
628	99
629	86
630	83
631	90
632	95
633	97
634	93
635	92
636	103
637	107
638	111
639	117
640	97
641	115
642	89
643	87
644	94
645	113
646	100
647	121
648	106
649	105
650	113
651	98
652	109
653	100
654	109
655	110
656	104
657	101
658	94
659	93
660	103
661	100
662	125
663	112
664	90
665	101
666	99
667	102
668	80
669	109
670	78
671	110
672	94
673	128
674	99
675	111
676	104
677	117
678	105
679	109
680	109
681	120
682	107
683	99
684	84
685	115
686	107
687	108
688	117
689	117
690	114
691	133
692	124
693	129
694	114
695	124
696	117
697	113
698	127
699	119
700	144
701	113
702	132
703	129
704	118
705	116
706	114
707	104
708	114
709	126
710	123
711	128
712	114
713	113
714	127
715	100
716	126
717	106
718	117
719	132
720	122
721	110
722	109
723	114
724	120
725	134
726	131
727	105
728	148
729	110
730	133
731	139
732	107
733	132
734	111
735	120
736	143
737	129
738	120
739	131
740	124
741	135
742	103
743	134
744	133
745	126
746	114
747	150
748	122
749	109
750	122
751	124
752	140
753	123
754	108
755	139
756	121
757	124
758	119
759	125
760	144
761	155
762	141
763	127
764	161
765	176
766	165
767	192
768	234
769	239
770	228
771	253
772	272
773	289
774	260
775	282
776	256
777	249
778	217
779	212
780	170
781	164
782	166
783	169
784	143
785	129
786	137
787	119
788	125
789	124
790	136
791	113
792	142
793	105
794	116
795	100
796	127
797	127
798	118
799	129
800	133
801	141
802	112
803	145
804	125
805	124
806	139
807	126
808	136
809	150
810	142
811	109
812	138
813	147
814	125
815	166
816	126
817	142
818	130
819	131
820	141
821	119
822	133
823	149
824	141
825	135
826	164
827	118
828	145
829	136
830	142
831	141
832	120
833	146
834	136
835	115
836	133
837	132
838	132
839	135
840	126
841	151
842	112
843	117
844	154
845	153
846	134
847	143
848	124
849	156
850	127
851	142
852	175
853	142
854	161
855	181
856	146
857	166
858	190
859	164
860	175
861	187
862	196
863	209
864	209
865	202
866	198
867	225
868	192
869	187
870	212
871	193
872	173
873	220
874	195
875	222
876	225
877	232
878	222
879	263
880	261
881	279
882	302
883	275
884	320
885	332
886	336
887	373
888	359
889	388
890	403
891	426
892	454
893	409
894	490
895	477
896	535
897	468
898	515
899	532
900	518
901	539
902	505
903	471
904	510
905	488
906	458
907	487
908	452
909	467
910	427
911	392
912	416
913	367
914	372
915	338
916	323
917	338
918	296
919	273
920	285
921	257
922	235
923	247
924	209
925	183
926	209
927	172
928	194
929	183
930	191
931	158
932	175
933	160
934	146
935	162
936	147
937	154
938	151
939	165
940	181
941	162
942	185
943	177
944	216
945	260
946	254
947	256
948	350
949	364
950	344
951	383
952	390
953	437
954	434
955	396
956	362
957	392
958	362
959	309
960	299
961	262
962	209
963	214
964	146
965	165
966	148
967	141
968	117
969	140
970	118
971	127
972	126
973	119
974	144
975	122
976	116
977	110
978	128
979	115
980	106
981	123
982	127
983	120
984	126
985	145
986	131
987	117
988	117
989	148
990	140
991	138
992	148
993	151
994	138
995	151
996	155
997	173
998	150
999	182
1000	159
1001	153
1002	159
1003	167
1004	154
1005	154
1006	177
1007	158
1008	139
1009	150
1010	162
1011	167
1012	141
1013	137
1014	161
1015	152
1016	134
1017	134
1018	109
1019	111
1020	122
1021	122
1022	104
1023	91
1024	109
