Date:	08/05/2018		Time:	18:23		Version no:	0.00		Project name:	55		Sample name:	222		Section name:	section		Position	109.915031	mm	E0	0.000000	keV	E1	1.000000	keV/channel	sample surface	5.904702	cm	Tube anode:	Mo		Tube voltage:	30	kV	Tube current:	50	mA	gain	10		std. database			resultfile	result		matrix element	11		sample thickness	1.000000		air passage	0.560000	cm	comments	in position		peaking_time	2.200000	m-sec	trigger_threshold	547.363281	V	mca_bin_width	22.090000	no:	number_mca_channels	1024.000000	no:	gap_time	0.150000	m-sec	trigger_peaking_time	0.200000	m-sec	GAINDAC	18610		HIGHGAIN	1		TAURC	1		RCTAU	1		RCTAUFRAC	1		livetime	9.413497	seconds	runtime	10.000491	seconds	input_count_rate	25279.022775	cps	output_count_rate	20550.290570	cps	triggers	237964	seconds	events_in_run	205513	seconds	channel	content		1	0
2	0
3	0
4	0
5	0
6	0
7	0
8	0
9	0
10	0
11	0
12	0
13	0
14	0
15	0
16	0
17	0
18	0
19	0
20	0
21	0
22	0
23	0
24	0
25	0
26	0
27	0
28	0
29	0
30	0
31	14
32	19
33	9
34	10
35	12
36	8
37	20
38	15
39	12
40	16
41	14
42	14
43	21
44	22
45	16
46	3
47	16
48	13
49	13
50	26
51	18
52	9
53	11
54	16
55	11
56	8
57	4
58	10
59	11
60	12
61	11
62	9
63	11
64	6
65	12
66	15
67	10
68	10
69	8
70	5
71	5
72	10
73	8
74	8
75	4
76	5
77	7
78	10
79	16
80	10
81	11
82	14
83	8
84	19
85	6
86	8
87	3
88	3
89	8
90	4
91	6
92	11
93	11
94	10
95	10
96	19
97	9
98	12
99	8
100	4
101	7
102	11
103	9
104	14
105	9
106	9
107	8
108	13
109	10
110	10
111	7
112	4
113	5
114	3
115	5
116	2
117	1
118	8
119	3
120	3
121	3
122	8
123	8
124	7
125	8
126	5
127	6
128	7
129	7
130	3
131	4
132	4
133	7
134	9
135	2
136	4
137	5
138	1
139	1
140	2
141	7
142	4
143	5
144	7
145	4
146	3
147	2
148	3
149	6
150	3
151	3
152	7
153	7
154	7
155	6
156	2
157	7
158	11
159	19
160	19
161	25
162	24
163	33
164	28
165	15
166	15
167	14
168	9
169	3
170	6
171	5
172	8
173	4
174	8
175	8
176	5
177	6
178	14
179	9
180	15
181	16
182	18
183	18
184	14
185	10
186	11
187	9
188	3
189	2
190	13
191	7
192	2
193	7
194	10
195	16
196	16
197	40
198	69
199	96
200	146
201	214
202	249
203	271
204	269
205	216
206	153
207	102
208	74
209	33
210	15
211	17
212	7
213	5
214	6
215	16
216	14
217	33
218	28
219	40
220	61
221	46
222	45
223	34
224	40
225	18
226	13
227	12
228	10
229	6
230	7
231	1
232	5
233	1
234	3
235	1
236	6
237	5
238	3
239	1
240	12
241	23
242	33
243	58
244	76
245	118
246	135
247	143
248	141
249	143
250	108
251	99
252	82
253	62
254	51
255	49
256	43
257	32
258	31
259	25
260	25
261	18
262	7
263	9
264	11
265	26
266	17
267	27
268	33
269	45
270	43
271	44
272	41
273	48
274	36
275	29
276	16
277	13
278	12
279	6
280	15
281	7
282	4
283	8
284	10
285	9
286	15
287	19
288	12
289	12
290	12
291	23
292	24
293	15
294	23
295	17
296	22
297	14
298	14
299	14
300	11
301	19
302	17
303	11
304	16
305	15
306	20
307	11
308	17
309	13
310	8
311	17
312	14
313	18
314	27
315	28
316	43
317	67
318	77
319	118
320	156
321	193
322	232
323	246
324	277
325	222
326	234
327	143
328	105
329	89
330	54
331	47
332	38
333	32
334	22
335	30
336	26
337	32
338	59
339	88
340	106
341	241
342	396
343	752
344	1320
345	2206
346	3335
347	4785
348	6233
349	7543
350	8475
351	8779
352	8334
353	7278
354	5896
355	4327
356	3085
357	1985
358	1175
359	615
360	372
361	188
362	91
363	77
364	45
365	37
366	40
367	40
368	40
369	48
370	35
371	45
372	52
373	61
374	54
375	81
376	86
377	100
378	148
379	241
380	375
381	464
382	721
383	928
384	1096
385	1350
386	1472
387	1459
388	1349
389	1205
390	1009
391	693
392	463
393	361
394	220
395	121
396	87
397	56
398	24
399	32
400	32
401	27
402	24
403	28
404	33
405	32
406	27
407	28
408	41
409	36
410	33
411	28
412	29
413	44
414	32
415	39
416	29
417	27
418	21
419	35
420	33
421	30
422	39
423	26
424	34
425	40
426	29
427	40
428	27
429	30
430	31
431	33
432	47
433	31
434	38
435	37
436	42
437	62
438	57
439	65
440	71
441	75
442	55
443	83
444	60
445	63
446	58
447	61
448	59
449	54
450	45
451	38
452	58
453	61
454	55
455	62
456	70
457	77
458	68
459	67
460	82
461	68
462	68
463	56
464	60
465	59
466	54
467	48
468	57
469	49
470	53
471	59
472	63
473	61
474	44
475	60
476	67
477	45
478	49
479	54
480	51
481	56
482	54
483	49
484	51
485	50
486	44
487	48
488	41
489	43
490	47
491	51
492	52
493	55
494	43
495	55
496	60
497	61
498	58
499	45
500	56
501	67
502	60
503	84
504	69
505	67
506	71
507	67
508	77
509	100
510	73
511	80
512	86
513	69
514	73
515	74
516	78
517	65
518	89
519	83
520	75
521	96
522	88
523	75
524	81
525	85
526	86
527	95
528	83
529	94
530	101
531	83
532	80
533	89
534	76
535	82
536	80
537	85
538	77
539	90
540	80
541	88
542	91
543	58
544	76
545	87
546	69
547	80
548	70
549	74
550	67
551	98
552	73
553	75
554	59
555	56
556	71
557	72
558	71
559	94
560	77
561	70
562	81
563	77
564	75
565	64
566	78
567	79
568	74
569	82
570	92
571	73
572	79
573	81
574	87
575	72
576	82
577	70
578	76
579	83
580	93
581	89
582	98
583	77
584	71
585	73
586	91
587	90
588	79
589	70
590	91
591	79
592	85
593	94
594	81
595	101
596	79
597	100
598	92
599	110
600	95
601	74
602	80
603	90
604	82
605	71
606	124
607	82
608	91
609	105
610	91
611	119
612	103
613	114
614	97
615	98
616	85
617	102
618	70
619	94
620	107
621	102
622	80
623	91
624	111
625	114
626	93
627	97
628	97
629	102
630	108
631	86
632	109
633	88
634	104
635	92
636	113
637	111
638	101
639	92
640	99
641	115
642	119
643	119
644	117
645	112
646	121
647	122
648	118
649	117
650	105
651	118
652	117
653	102
654	131
655	121
656	115
657	95
658	133
659	94
660	105
661	106
662	111
663	88
664	112
665	105
666	102
667	84
668	96
669	115
670	109
671	98
672	124
673	121
674	118
675	117
676	116
677	108
678	112
679	101
680	111
681	107
682	114
683	120
684	122
685	109
686	97
687	128
688	136
689	108
690	113
691	129
692	109
693	126
694	138
695	122
696	110
697	117
698	121
699	121
700	101
701	113
702	127
703	127
704	119
705	130
706	126
707	109
708	146
709	123
710	118
711	93
712	114
713	141
714	110
715	119
716	126
717	111
718	111
719	123
720	119
721	122
722	107
723	122
724	126
725	134
726	146
727	126
728	140
729	122
730	126
731	127
732	127
733	122
734	123
735	105
736	126
737	152
738	132
739	128
740	152
741	122
742	118
743	138
744	120
745	109
746	130
747	121
748	139
749	126
750	143
751	123
752	122
753	111
754	137
755	138
756	137
757	125
758	121
759	135
760	139
761	155
762	137
763	149
764	167
765	150
766	177
767	204
768	196
769	206
770	227
771	258
772	256
773	259
774	245
775	274
776	259
777	222
778	232
779	201
780	169
781	173
782	162
783	157
784	152
785	138
786	138
787	136
788	143
789	129
790	140
791	138
792	136
793	146
794	136
795	144
796	119
797	121
798	142
799	160
800	134
801	137
802	136
803	137
804	134
805	152
806	131
807	128
808	146
809	127
810	163
811	148
812	124
813	147
814	140
815	144
816	144
817	139
818	156
819	151
820	159
821	144
822	148
823	146
824	143
825	136
826	142
827	135
828	125
829	161
830	118
831	156
832	147
833	145
834	154
835	138
836	144
837	134
838	166
839	163
840	140
841	156
842	148
843	130
844	134
845	140
846	174
847	151
848	171
849	162
850	169
851	170
852	174
853	175
854	171
855	171
856	167
857	180
858	184
859	164
860	150
861	184
862	175
863	195
864	206
865	225
866	235
867	201
868	205
869	227
870	198
871	213
872	175
873	218
874	198
875	223
876	239
877	248
878	275
879	251
880	283
881	288
882	304
883	324
884	336
885	360
886	405
887	395
888	370
889	405
890	448
891	455
892	469
893	478
894	563
895	493
896	558
897	569
898	523
899	587
900	597
901	592
902	579
903	570
904	534
905	539
906	508
907	471
908	533
909	483
910	464
911	411
912	465
913	394
914	391
915	362
916	376
917	309
918	314
919	295
920	280
921	278
922	260
923	255
924	213
925	228
926	206
927	200
928	176
929	177
930	209
931	178
932	159
933	164
934	181
935	143
936	190
937	156
938	157
939	157
940	182
941	177
942	217
943	237
944	244
945	270
946	272
947	310
948	315
949	381
950	367
951	415
952	420
953	395
954	393
955	459
956	408
957	382
958	370
959	329
960	291
961	261
962	225
963	219
964	176
965	169
966	154
967	135
968	127
969	148
970	109
971	136
972	111
973	119
974	127
975	119
976	155
977	146
978	128
979	126
980	156
981	133
982	124
983	126
984	156
985	142
986	144
987	140
988	142
989	130
990	184
991	174
992	159
993	166
994	156
995	154
996	165
997	166
998	187
999	184
1000	197
1001	198
1002	184
1003	188
1004	173
1005	191
1006	162
1007	186
1008	164
1009	168
1010	186
1011	160
1012	160
1013	160
1014	152
1015	143
1016	160
1017	145
1018	144
1019	141
1020	127
1021	136
1022	114
1023	126
1024	116
