Date:	08/05/2018		Time:	19:05		Version no:	0.00		Project name:	55		Sample name:	222		Section name:	section		Position	154.715027	mm	E0	0.000000	keV	E1	1.000000	keV/channel	sample surface	5.897873	cm	Tube anode:	Mo		Tube voltage:	30	kV	Tube current:	50	mA	gain	10		std. database			resultfile	result		matrix element	11		sample thickness	1.000000		air passage	0.560000	cm	comments	in position		peaking_time	2.200000	m-sec	trigger_threshold	547.363281	V	mca_bin_width	22.090000	no:	number_mca_channels	1024.000000	no:	gap_time	0.150000	m-sec	trigger_peaking_time	0.200000	m-sec	GAINDAC	18610		HIGHGAIN	1		TAURC	1		RCTAU	1		RCTAUFRAC	1		livetime	9.479297	seconds	runtime	10.000497	seconds	input_count_rate	22048.048965	cps	output_count_rate	18328.589436	cps	triggers	209000	seconds	events_in_run	183295	seconds	channel	content		1	0
2	0
3	0
4	0
5	0
6	0
7	0
8	0
9	0
10	0
11	0
12	0
13	0
14	0
15	0
16	0
17	0
18	0
19	0
20	0
21	0
22	0
23	0
24	0
25	0
26	0
27	0
28	0
29	0
30	0
31	10
32	17
33	16
34	16
35	11
36	7
37	14
38	11
39	18
40	19
41	14
42	16
43	13
44	11
45	16
46	12
47	15
48	13
49	11
50	6
51	14
52	15
53	13
54	16
55	9
56	10
57	8
58	11
59	7
60	7
61	8
62	7
63	10
64	17
65	8
66	9
67	7
68	11
69	9
70	5
71	8
72	4
73	11
74	6
75	4
76	4
77	11
78	12
79	5
80	10
81	6
82	8
83	4
84	11
85	10
86	10
87	7
88	10
89	6
90	3
91	3
92	4
93	10
94	9
95	18
96	6
97	11
98	9
99	6
100	5
101	7
102	1
103	3
104	8
105	13
106	10
107	5
108	9
109	7
110	6
111	7
112	7
113	8
114	8
115	7
116	5
117	3
118	9
119	6
120	8
121	0
122	2
123	3
124	3
125	8
126	3
127	1
128	5
129	5
130	3
131	4
132	4
133	5
134	2
135	7
136	4
137	3
138	4
139	3
140	6
141	2
142	3
143	6
144	3
145	4
146	2
147	0
148	5
149	6
150	3
151	1
152	4
153	4
154	3
155	5
156	4
157	9
158	15
159	15
160	24
161	22
162	27
163	31
164	17
165	22
166	13
167	10
168	4
169	7
170	4
171	6
172	2
173	5
174	4
175	5
176	5
177	4
178	10
179	12
180	12
181	25
182	15
183	14
184	24
185	9
186	12
187	7
188	9
189	5
190	7
191	8
192	2
193	6
194	15
195	13
196	18
197	32
198	73
199	106
200	167
201	239
202	264
203	276
204	255
205	221
206	156
207	109
208	80
209	39
210	22
211	10
212	14
213	5
214	3
215	15
216	23
217	27
218	41
219	42
220	44
221	48
222	53
223	41
224	28
225	19
226	11
227	10
228	7
229	6
230	4
231	5
232	5
233	2
234	4
235	4
236	7
237	2
238	9
239	10
240	8
241	25
242	39
243	65
244	83
245	119
246	158
247	197
248	195
249	179
250	168
251	124
252	98
253	61
254	59
255	41
256	35
257	32
258	26
259	23
260	16
261	15
262	9
263	10
264	10
265	18
266	26
267	33
268	22
269	43
270	49
271	43
272	39
273	37
274	37
275	20
276	23
277	13
278	9
279	11
280	12
281	10
282	8
283	4
284	12
285	15
286	6
287	8
288	13
289	17
290	12
291	9
292	21
293	19
294	13
295	15
296	16
297	11
298	11
299	14
300	19
301	10
302	7
303	6
304	10
305	16
306	10
307	12
308	16
309	10
310	10
311	17
312	10
313	10
314	20
315	26
316	42
317	64
318	72
319	99
320	124
321	171
322	178
323	245
324	205
325	220
326	160
327	132
328	98
329	56
330	45
331	34
332	32
333	23
334	27
335	23
336	39
337	32
338	40
339	63
340	96
341	171
342	339
343	620
344	1126
345	1849
346	2706
347	3949
348	5132
349	6288
350	6989
351	7361
352	7062
353	6189
354	4943
355	3697
356	2622
357	1716
358	1021
359	565
360	277
361	156
362	89
363	70
364	50
365	32
366	33
367	39
368	33
369	42
370	34
371	42
372	37
373	54
374	61
375	45
376	74
377	94
378	167
379	205
380	322
381	416
382	597
383	724
384	922
385	1072
386	1201
387	1210
388	1206
389	1016
390	834
391	560
392	456
393	292
394	195
395	107
396	74
397	48
398	26
399	29
400	18
401	25
402	24
403	24
404	16
405	25
406	28
407	31
408	28
409	28
410	32
411	23
412	33
413	35
414	30
415	35
416	40
417	26
418	25
419	20
420	27
421	31
422	27
423	27
424	28
425	34
426	30
427	29
428	33
429	37
430	29
431	26
432	33
433	38
434	36
435	45
436	51
437	41
438	51
439	54
440	60
441	80
442	70
443	64
444	57
445	67
446	41
447	60
448	40
449	50
450	56
451	56
452	42
453	50
454	60
455	62
456	63
457	72
458	78
459	62
460	62
461	64
462	74
463	68
464	53
465	61
466	50
467	59
468	52
469	42
470	51
471	54
472	51
473	64
474	55
475	51
476	61
477	39
478	54
479	37
480	45
481	47
482	51
483	66
484	37
485	52
486	60
487	56
488	58
489	49
490	52
491	50
492	52
493	44
494	55
495	61
496	47
497	69
498	54
499	59
500	51
501	51
502	58
503	57
504	62
505	86
506	72
507	68
508	71
509	68
510	74
511	73
512	68
513	60
514	76
515	71
516	79
517	69
518	73
519	61
520	76
521	79
522	53
523	79
524	77
525	72
526	86
527	94
528	81
529	84
530	89
531	80
532	89
533	83
534	97
535	75
536	67
537	72
538	59
539	75
540	85
541	77
542	69
543	87
544	93
545	91
546	75
547	73
548	84
549	54
550	72
551	59
552	58
553	72
554	60
555	61
556	62
557	70
558	71
559	68
560	84
561	57
562	76
563	73
564	75
565	77
566	70
567	59
568	73
569	73
570	67
571	60
572	90
573	75
574	75
575	76
576	81
577	57
578	72
579	76
580	75
581	73
582	78
583	81
584	78
585	75
586	70
587	72
588	69
589	84
590	79
591	71
592	88
593	76
594	90
595	80
596	75
597	84
598	68
599	82
600	77
601	85
602	80
603	77
604	95
605	74
606	90
607	71
608	92
609	80
610	85
611	70
612	91
613	86
614	84
615	95
616	83
617	89
618	91
619	84
620	87
621	89
622	107
623	95
624	75
625	96
626	86
627	106
628	80
629	87
630	89
631	85
632	97
633	80
634	80
635	89
636	100
637	105
638	101
639	88
640	92
641	87
642	103
643	114
644	94
645	101
646	88
647	99
648	90
649	106
650	114
651	110
652	115
653	100
654	109
655	102
656	101
657	94
658	100
659	101
660	109
661	105
662	108
663	105
664	92
665	98
666	113
667	96
668	110
669	102
670	94
671	78
672	101
673	94
674	111
675	103
676	95
677	92
678	90
679	109
680	113
681	83
682	109
683	111
684	112
685	79
686	122
687	107
688	114
689	112
690	87
691	95
692	94
693	112
694	104
695	106
696	115
697	118
698	106
699	126
700	101
701	116
702	125
703	112
704	101
705	132
706	108
707	121
708	125
709	111
710	120
711	130
712	128
713	119
714	105
715	107
716	107
717	120
718	101
719	101
720	111
721	114
722	115
723	109
724	140
725	96
726	114
727	117
728	147
729	115
730	122
731	116
732	127
733	129
734	124
735	124
736	113
737	126
738	123
739	125
740	125
741	120
742	99
743	113
744	123
745	128
746	91
747	146
748	113
749	121
750	119
751	119
752	129
753	126
754	127
755	129
756	108
757	127
758	118
759	114
760	129
761	144
762	118
763	155
764	154
765	141
766	185
767	183
768	231
769	237
770	246
771	254
772	265
773	279
774	299
775	265
776	255
777	249
778	220
779	213
780	188
781	174
782	193
783	157
784	128
785	118
786	131
787	142
788	128
789	129
790	131
791	119
792	121
793	127
794	131
795	121
796	113
797	111
798	148
799	153
800	134
801	129
802	126
803	123
804	122
805	117
806	126
807	129
808	117
809	129
810	134
811	135
812	119
813	153
814	153
815	147
816	148
817	137
818	119
819	132
820	129
821	131
822	127
823	140
824	123
825	126
826	148
827	108
828	131
829	138
830	113
831	128
832	135
833	141
834	147
835	139
836	125
837	143
838	119
839	120
840	126
841	143
842	129
843	145
844	145
845	143
846	128
847	126
848	156
849	152
850	159
851	130
852	161
853	139
854	155
855	155
856	179
857	178
858	164
859	202
860	186
861	178
862	200
863	217
864	203
865	164
866	235
867	192
868	193
869	207
870	214
871	187
872	189
873	202
874	200
875	185
876	194
877	218
878	216
879	252
880	244
881	248
882	256
883	317
884	286
885	311
886	395
887	351
888	391
889	361
890	410
891	402
892	457
893	427
894	509
895	522
896	535
897	503
898	501
899	483
900	560
901	550
902	504
903	502
904	506
905	485
906	501
907	500
908	430
909	434
910	421
911	398
912	382
913	354
914	351
915	283
916	344
917	288
918	279
919	270
920	258
921	242
922	220
923	228
924	196
925	200
926	199
927	173
928	200
929	184
930	168
931	165
932	147
933	166
934	154
935	154
936	171
937	163
938	163
939	169
940	157
941	184
942	193
943	214
944	207
945	251
946	237
947	289
948	306
949	339
950	347
951	378
952	411
953	383
954	409
955	370
956	372
957	380
958	343
959	306
960	248
961	278
962	256
963	208
964	180
965	151
966	146
967	134
968	127
969	132
970	109
971	125
972	103
973	125
974	132
975	129
976	135
977	130
978	123
979	122
980	135
981	115
982	117
983	153
984	119
985	149
986	150
987	123
988	130
989	129
990	142
991	120
992	134
993	147
994	168
995	135
996	137
997	148
998	143
999	145
1000	142
1001	184
1002	158
1003	168
1004	155
1005	152
1006	169
1007	163
1008	158
1009	135
1010	171
1011	138
1012	146
1013	157
1014	142
1015	156
1016	130
1017	136
1018	159
1019	129
1020	122
1021	116
1022	122
1023	98
1024	108
