Date:	08/05/2018		Time:	19:54		Version no:	0.00		Project name:	55		Sample name:	222		Section name:	section		Position	206.315033	mm	E0	0.000000	keV	E1	1.000000	keV/channel	sample surface	5.940463	cm	Tube anode:	Mo		Tube voltage:	30	kV	Tube current:	50	mA	gain	10		std. database			resultfile	result		matrix element	11		sample thickness	1.000000		air passage	0.560000	cm	comments	in position		peaking_time	2.200000	m-sec	trigger_threshold	547.363281	V	mca_bin_width	22.090000	no:	number_mca_channels	1024.000000	no:	gap_time	0.150000	m-sec	trigger_peaking_time	0.200000	m-sec	GAINDAC	18610		HIGHGAIN	1		TAURC	1		RCTAU	1		RCTAUFRAC	1		livetime	9.524556	seconds	runtime	10.000477	seconds	input_count_rate	21172.220521	cps	output_count_rate	17756.253382	cps	triggers	201656	seconds	events_in_run	177571	seconds	channel	content		1	0
2	0
3	0
4	0
5	0
6	0
7	0
8	0
9	0
10	0
11	0
12	0
13	0
14	0
15	0
16	0
17	0
18	0
19	0
20	0
21	0
22	0
23	0
24	0
25	0
26	0
27	0
28	0
29	0
30	0
31	10
32	10
33	8
34	8
35	11
36	13
37	12
38	13
39	12
40	8
41	16
42	14
43	13
44	7
45	16
46	17
47	11
48	9
49	14
50	13
51	12
52	13
53	10
54	2
55	13
56	13
57	9
58	7
59	15
60	5
61	7
62	14
63	8
64	11
65	6
66	3
67	11
68	7
69	10
70	6
71	4
72	10
73	10
74	6
75	6
76	5
77	5
78	9
79	10
80	8
81	8
82	8
83	9
84	10
85	10
86	4
87	5
88	12
89	3
90	3
91	6
92	8
93	6
94	14
95	16
96	16
97	13
98	8
99	12
100	9
101	8
102	6
103	4
104	10
105	9
106	9
107	6
108	9
109	8
110	10
111	9
112	5
113	8
114	8
115	8
116	4
117	7
118	0
119	3
120	6
121	5
122	6
123	3
124	5
125	3
126	5
127	3
128	3
129	5
130	6
131	5
132	3
133	4
134	2
135	3
136	4
137	2
138	1
139	4
140	5
141	0
142	6
143	4
144	1
145	4
146	2
147	4
148	4
149	4
150	2
151	6
152	2
153	4
154	9
155	11
156	4
157	3
158	7
159	9
160	21
161	30
162	25
163	32
164	29
165	14
166	15
167	14
168	6
169	4
170	6
171	7
172	5
173	6
174	7
175	8
176	8
177	7
178	20
179	13
180	12
181	20
182	16
183	28
184	27
185	8
186	7
187	8
188	8
189	4
190	5
191	3
192	4
193	9
194	11
195	20
196	36
197	77
198	107
199	213
200	310
201	410
202	508
203	503
204	478
205	414
206	285
207	217
208	121
209	81
210	27
211	14
212	15
213	11
214	17
215	17
216	37
217	41
218	51
219	75
220	77
221	85
222	81
223	82
224	48
225	34
226	15
227	7
228	8
229	8
230	5
231	0
232	3
233	5
234	5
235	7
236	3
237	5
238	4
239	8
240	18
241	33
242	55
243	93
244	139
245	198
246	262
247	293
248	264
249	272
250	209
251	171
252	116
253	91
254	70
255	54
256	47
257	43
258	25
259	28
260	24
261	11
262	10
263	11
264	8
265	14
266	23
267	38
268	40
269	62
270	61
271	64
272	58
273	50
274	36
275	41
276	20
277	15
278	10
279	6
280	8
281	6
282	7
283	9
284	5
285	9
286	11
287	9
288	8
289	16
290	5
291	14
292	18
293	15
294	11
295	16
296	24
297	15
298	11
299	15
300	14
301	12
302	13
303	9
304	18
305	10
306	12
307	6
308	11
309	7
310	10
311	20
312	10
313	12
314	11
315	19
316	24
317	22
318	31
319	43
320	63
321	82
322	91
323	122
324	102
325	93
326	78
327	65
328	39
329	35
330	40
331	28
332	36
333	16
334	24
335	12
336	38
337	31
338	56
339	63
340	114
341	185
342	356
343	622
344	1146
345	1891
346	2732
347	4008
348	5275
349	6651
350	7409
351	7642
352	7376
353	6413
354	5217
355	3933
356	2633
357	1758
358	971
359	592
360	326
361	166
362	97
363	45
364	40
365	34
366	34
367	25
368	33
369	44
370	38
371	29
372	52
373	49
374	42
375	56
376	83
377	112
378	140
379	192
380	283
381	421
382	577
383	775
384	993
385	1172
386	1286
387	1326
388	1237
389	1091
390	833
391	630
392	459
393	297
394	214
395	141
396	76
397	41
398	22
399	22
400	23
401	20
402	24
403	15
404	22
405	24
406	20
407	27
408	34
409	31
410	30
411	31
412	32
413	33
414	33
415	22
416	28
417	24
418	23
419	15
420	23
421	14
422	25
423	19
424	17
425	37
426	23
427	19
428	26
429	26
430	31
431	25
432	41
433	32
434	32
435	31
436	33
437	34
438	47
439	47
440	38
441	36
442	54
443	44
444	43
445	46
446	41
447	34
448	44
449	37
450	45
451	48
452	48
453	70
454	50
455	46
456	67
457	66
458	58
459	55
460	70
461	53
462	58
463	61
464	61
465	54
466	56
467	53
468	55
469	65
470	58
471	43
472	59
473	56
474	53
475	62
476	48
477	55
478	48
479	43
480	49
481	45
482	29
483	42
484	42
485	39
486	35
487	49
488	42
489	53
490	41
491	42
492	42
493	27
494	49
495	38
496	51
497	35
498	50
499	46
500	37
501	54
502	48
503	52
504	64
505	46
506	46
507	73
508	58
509	60
510	64
511	70
512	59
513	54
514	57
515	55
516	57
517	74
518	64
519	65
520	58
521	88
522	64
523	67
524	67
525	84
526	70
527	92
528	91
529	65
530	79
531	79
532	69
533	82
534	65
535	79
536	63
537	74
538	64
539	54
540	71
541	62
542	80
543	53
544	71
545	74
546	73
547	61
548	63
549	57
550	71
551	69
552	56
553	66
554	65
555	66
556	64
557	64
558	66
559	53
560	61
561	66
562	72
563	67
564	62
565	71
566	52
567	64
568	50
569	67
570	66
571	68
572	56
573	69
574	64
575	64
576	67
577	66
578	83
579	69
580	80
581	72
582	80
583	77
584	82
585	69
586	69
587	78
588	59
589	94
590	65
591	69
592	83
593	47
594	67
595	67
596	76
597	70
598	87
599	82
600	84
601	85
602	71
603	67
604	61
605	77
606	85
607	76
608	72
609	81
610	71
611	76
612	91
613	67
614	75
615	88
616	76
617	94
618	88
619	79
620	76
621	79
622	84
623	74
624	85
625	81
626	81
627	83
628	78
629	78
630	77
631	95
632	83
633	80
634	89
635	80
636	80
637	92
638	79
639	80
640	92
641	72
642	94
643	80
644	78
645	71
646	85
647	67
648	82
649	79
650	86
651	94
652	76
653	96
654	85
655	95
656	82
657	77
658	92
659	79
660	79
661	92
662	96
663	70
664	87
665	94
666	86
667	94
668	94
669	68
670	92
671	98
672	95
673	92
674	86
675	86
676	90
677	93
678	88
679	81
680	105
681	109
682	89
683	102
684	97
685	84
686	104
687	96
688	93
689	96
690	101
691	107
692	93
693	102
694	101
695	86
696	112
697	94
698	101
699	89
700	98
701	97
702	123
703	89
704	95
705	95
706	91
707	97
708	95
709	97
710	117
711	95
712	108
713	107
714	120
715	107
716	99
717	105
718	108
719	90
720	108
721	106
722	95
723	92
724	106
725	91
726	101
727	115
728	112
729	112
730	92
731	100
732	111
733	100
734	106
735	105
736	98
737	113
738	109
739	125
740	96
741	105
742	133
743	95
744	99
745	108
746	95
747	106
748	104
749	111
750	116
751	121
752	94
753	115
754	90
755	99
756	117
757	101
758	93
759	130
760	95
761	122
762	103
763	131
764	147
765	140
766	141
767	170
768	170
769	217
770	209
771	246
772	263
773	281
774	251
775	251
776	250
777	261
778	204
779	202
780	168
781	149
782	144
783	126
784	119
785	124
786	112
787	123
788	130
789	96
790	103
791	103
792	133
793	112
794	120
795	100
796	96
797	112
798	110
799	105
800	111
801	107
802	110
803	121
804	114
805	118
806	98
807	121
808	108
809	114
810	100
811	120
812	108
813	100
814	113
815	128
816	118
817	132
818	131
819	130
820	123
821	123
822	116
823	123
824	110
825	118
826	97
827	130
828	128
829	100
830	103
831	124
832	111
833	102
834	131
835	136
836	111
837	113
838	105
839	107
840	127
841	125
842	98
843	123
844	108
845	125
846	120
847	117
848	122
849	118
850	128
851	136
852	134
853	135
854	142
855	150
856	140
857	172
858	147
859	180
860	189
861	194
862	198
863	172
864	202
865	180
866	183
867	216
868	181
869	173
870	176
871	161
872	195
873	193
874	199
875	202
876	177
877	197
878	217
879	216
880	190
881	224
882	245
883	248
884	254
885	251
886	295
887	311
888	297
889	326
890	363
891	338
892	364
893	367
894	389
895	397
896	400
897	459
898	417
899	461
900	459
901	418
902	439
903	451
904	432
905	365
906	391
907	400
908	406
909	371
910	366
911	374
912	316
913	324
914	310
915	309
916	238
917	244
918	274
919	252
920	240
921	203
922	256
923	205
924	189
925	201
926	191
927	149
928	159
929	161
930	174
931	142
932	141
933	145
934	119
935	133
936	136
937	158
938	132
939	132
940	143
941	133
942	166
943	181
944	205
945	209
946	224
947	253
948	293
949	269
950	338
951	365
952	406
953	403
954	368
955	378
956	398
957	355
958	319
959	289
960	261
961	228
962	221
963	196
964	171
965	119
966	137
967	131
968	103
969	120
970	118
971	110
972	116
973	106
974	92
975	97
976	104
977	102
978	100
979	112
980	98
981	97
982	114
983	119
984	108
985	120
986	99
987	127
988	118
989	125
990	104
991	149
992	114
993	126
994	147
995	122
996	135
997	119
998	138
999	156
1000	139
1001	139
1002	132
1003	141
1004	130
1005	143
1006	149
1007	136
1008	127
1009	135
1010	158
1011	145
1012	152
1013	140
1014	117
1015	126
1016	136
1017	102
1018	114
1019	107
1020	115
1021	93
1022	96
1023	92
1024	90
