Date:	08/05/2018		Time:	18:50		Version no:	0.00		Project name:	55		Sample name:	222		Section name:	section		Position	138.515030	mm	E0	0.000000	keV	E1	1.000000	keV/channel	sample surface	5.915469	cm	Tube anode:	Mo		Tube voltage:	30	kV	Tube current:	50	mA	gain	10		std. database			resultfile	result		matrix element	11		sample thickness	1.000000		air passage	0.560000	cm	comments	in position		peaking_time	2.200000	m-sec	trigger_threshold	547.363281	V	mca_bin_width	22.090000	no:	number_mca_channels	1024.000000	no:	gap_time	0.150000	m-sec	trigger_peaking_time	0.200000	m-sec	GAINDAC	18610		HIGHGAIN	1		TAURC	1		RCTAU	1		RCTAUFRAC	1		livetime	9.454571	seconds	runtime	10.000487	seconds	input_count_rate	23122.042806	cps	output_count_rate	19078.570492	cps	triggers	218609	seconds	events_in_run	190795	seconds	channel	content		1	0
2	0
3	0
4	0
5	0
6	0
7	0
8	0
9	0
10	0
11	0
12	0
13	0
14	0
15	0
16	0
17	0
18	0
19	0
20	0
21	0
22	0
23	0
24	0
25	0
26	0
27	0
28	0
29	0
30	0
31	14
32	15
33	12
34	17
35	14
36	6
37	10
38	13
39	13
40	8
41	14
42	20
43	11
44	15
45	13
46	14
47	7
48	10
49	10
50	14
51	15
52	11
53	12
54	13
55	13
56	8
57	12
58	10
59	12
60	13
61	19
62	12
63	11
64	11
65	9
66	13
67	9
68	10
69	5
70	13
71	6
72	8
73	6
74	4
75	13
76	8
77	6
78	13
79	14
80	11
81	15
82	5
83	10
84	5
85	7
86	8
87	7
88	7
89	9
90	6
91	7
92	7
93	10
94	16
95	15
96	17
97	19
98	19
99	12
100	14
101	7
102	9
103	8
104	17
105	7
106	9
107	9
108	8
109	6
110	5
111	7
112	4
113	8
114	3
115	3
116	2
117	6
118	7
119	3
120	4
121	6
122	8
123	5
124	3
125	5
126	1
127	2
128	8
129	5
130	2
131	6
132	1
133	0
134	4
135	2
136	5
137	3
138	7
139	2
140	2
141	5
142	1
143	9
144	4
145	2
146	8
147	3
148	3
149	2
150	7
151	6
152	0
153	3
154	4
155	5
156	4
157	8
158	4
159	12
160	13
161	26
162	26
163	29
164	21
165	29
166	11
167	12
168	13
169	3
170	2
171	6
172	2
173	6
174	4
175	4
176	4
177	8
178	12
179	14
180	15
181	12
182	16
183	22
184	12
185	9
186	12
187	13
188	6
189	1
190	4
191	5
192	5
193	5
194	9
195	9
196	18
197	31
198	76
199	132
200	158
201	216
202	243
203	293
204	274
205	220
206	170
207	91
208	61
209	28
210	16
211	9
212	10
213	12
214	10
215	15
216	26
217	24
218	37
219	50
220	52
221	43
222	35
223	37
224	29
225	22
226	15
227	18
228	7
229	8
230	6
231	5
232	4
233	4
234	3
235	4
236	2
237	8
238	5
239	9
240	12
241	23
242	29
243	59
244	94
245	98
246	101
247	113
248	136
249	142
250	96
251	94
252	62
253	53
254	52
255	42
256	44
257	24
258	26
259	20
260	15
261	10
262	9
263	7
264	12
265	18
266	21
267	22
268	29
269	33
270	38
271	33
272	45
273	31
274	38
275	27
276	21
277	13
278	8
279	13
280	7
281	8
282	7
283	6
284	4
285	10
286	16
287	13
288	14
289	18
290	11
291	15
292	12
293	19
294	21
295	13
296	12
297	12
298	24
299	11
300	20
301	11
302	9
303	18
304	13
305	12
306	6
307	11
308	17
309	11
310	9
311	12
312	11
313	12
314	15
315	21
316	42
317	57
318	68
319	123
320	138
321	181
322	207
323	241
324	217
325	188
326	184
327	125
328	87
329	65
330	51
331	49
332	33
333	25
334	20
335	27
336	29
337	26
338	47
339	64
340	124
341	190
342	374
343	640
344	1101
345	1870
346	2931
347	4078
348	5535
349	6570
350	7323
351	7644
352	7222
353	6271
354	5164
355	3854
356	2725
357	1783
358	1020
359	549
360	312
361	167
362	90
363	56
364	49
365	36
366	28
367	50
368	36
369	38
370	37
371	49
372	45
373	49
374	51
375	61
376	80
377	103
378	140
379	190
380	295
381	406
382	609
383	738
384	1069
385	1206
386	1292
387	1218
388	1126
389	1053
390	833
391	637
392	436
393	290
394	188
395	108
396	70
397	47
398	33
399	21
400	30
401	29
402	26
403	25
404	32
405	23
406	29
407	31
408	32
409	44
410	37
411	32
412	41
413	38
414	33
415	33
416	31
417	40
418	18
419	23
420	34
421	17
422	24
423	29
424	33
425	34
426	28
427	35
428	27
429	41
430	32
431	44
432	33
433	38
434	38
435	44
436	39
437	46
438	47
439	54
440	51
441	56
442	70
443	61
444	65
445	54
446	51
447	67
448	47
449	55
450	63
451	46
452	55
453	39
454	54
455	59
456	65
457	86
458	71
459	77
460	84
461	74
462	66
463	58
464	63
465	58
466	48
467	47
468	51
469	48
470	48
471	51
472	66
473	51
474	49
475	42
476	66
477	53
478	48
479	52
480	54
481	51
482	49
483	40
484	48
485	45
486	45
487	63
488	64
489	48
490	63
491	57
492	51
493	61
494	65
495	47
496	50
497	63
498	57
499	63
500	67
501	44
502	55
503	70
504	68
505	73
506	70
507	68
508	70
509	78
510	77
511	86
512	68
513	81
514	69
515	66
516	78
517	78
518	82
519	73
520	85
521	75
522	98
523	81
524	85
525	78
526	78
527	91
528	106
529	93
530	74
531	80
532	93
533	92
534	94
535	87
536	75
537	84
538	64
539	77
540	90
541	76
542	75
543	81
544	66
545	90
546	89
547	79
548	64
549	74
550	70
551	77
552	85
553	67
554	70
555	55
556	78
557	61
558	69
559	70
560	77
561	77
562	77
563	84
564	73
565	78
566	88
567	68
568	73
569	65
570	69
571	84
572	76
573	92
574	74
575	82
576	88
577	93
578	89
579	80
580	63
581	70
582	81
583	79
584	75
585	86
586	65
587	75
588	83
589	94
590	78
591	98
592	79
593	95
594	78
595	94
596	75
597	103
598	104
599	86
600	78
601	87
602	98
603	93
604	100
605	98
606	97
607	85
608	88
609	93
610	89
611	95
612	92
613	100
614	101
615	85
616	100
617	104
618	89
619	107
620	98
621	93
622	101
623	106
624	92
625	105
626	109
627	90
628	99
629	93
630	110
631	93
632	106
633	102
634	96
635	105
636	93
637	98
638	101
639	93
640	107
641	105
642	111
643	99
644	92
645	100
646	98
647	109
648	131
649	92
650	108
651	103
652	109
653	97
654	115
655	104
656	117
657	109
658	98
659	110
660	88
661	96
662	123
663	107
664	107
665	103
666	101
667	105
668	108
669	100
670	113
671	115
672	126
673	117
674	103
675	110
676	112
677	106
678	107
679	105
680	106
681	106
682	119
683	117
684	108
685	105
686	102
687	126
688	136
689	113
690	103
691	129
692	139
693	135
694	125
695	101
696	107
697	112
698	111
699	102
700	109
701	142
702	120
703	122
704	123
705	131
706	121
707	126
708	95
709	138
710	128
711	120
712	111
713	131
714	145
715	116
716	123
717	141
718	128
719	116
720	112
721	117
722	126
723	136
724	142
725	132
726	110
727	128
728	111
729	135
730	122
731	126
732	120
733	113
734	117
735	123
736	134
737	133
738	112
739	122
740	144
741	136
742	142
743	108
744	149
745	155
746	122
747	141
748	113
749	142
750	137
751	117
752	136
753	110
754	111
755	138
756	129
757	109
758	128
759	128
760	134
761	165
762	132
763	162
764	169
765	176
766	182
767	183
768	224
769	236
770	270
771	274
772	269
773	294
774	296
775	263
776	256
777	251
778	206
779	210
780	209
781	192
782	151
783	166
784	187
785	135
786	124
787	142
788	129
789	129
790	119
791	139
792	129
793	137
794	110
795	140
796	139
797	155
798	147
799	128
800	130
801	132
802	131
803	120
804	128
805	145
806	129
807	141
808	151
809	154
810	141
811	136
812	155
813	127
814	132
815	137
816	125
817	153
818	144
819	127
820	145
821	161
822	135
823	140
824	138
825	131
826	158
827	139
828	132
829	156
830	128
831	159
832	120
833	146
834	154
835	138
836	170
837	132
838	126
839	143
840	150
841	138
842	156
843	156
844	174
845	147
846	135
847	163
848	152
849	155
850	155
851	160
852	151
853	150
854	172
855	154
856	188
857	172
858	179
859	192
860	191
861	181
862	193
863	220
864	219
865	228
866	248
867	193
868	192
869	206
870	226
871	221
872	200
873	225
874	202
875	224
876	237
877	228
878	243
879	282
880	273
881	285
882	317
883	316
884	338
885	335
886	371
887	395
888	376
889	430
890	421
891	430
892	428
893	461
894	505
895	475
896	548
897	560
898	528
899	535
900	550
901	530
902	529
903	512
904	510
905	495
906	494
907	496
908	473
909	488
910	418
911	436
912	391
913	386
914	352
915	349
916	339
917	363
918	310
919	291
920	275
921	236
922	235
923	218
924	239
925	208
926	224
927	193
928	186
929	166
930	178
931	186
932	178
933	169
934	157
935	173
936	145
937	167
938	178
939	177
940	190
941	186
942	189
943	230
944	218
945	273
946	273
947	276
948	310
949	343
950	359
951	392
952	423
953	403
954	451
955	413
956	395
957	353
958	340
959	302
960	284
961	273
962	256
963	206
964	188
965	156
966	139
967	140
968	131
969	109
970	124
971	134
972	109
973	122
974	121
975	127
976	136
977	121
978	137
979	135
980	139
981	125
982	123
983	112
984	135
985	121
986	167
987	128
988	139
989	154
990	148
991	141
992	154
993	125
994	155
995	175
996	157
997	182
998	167
999	188
1000	162
1001	168
1002	138
1003	168
1004	151
1005	173
1006	156
1007	162
1008	177
1009	152
1010	146
1011	153
1012	158
1013	161
1014	144
1015	168
1016	140
1017	146
1018	116
1019	143
1020	130
1021	129
1022	115
1023	101
1024	113
