Date:	08/05/2018		Time:	17:40		Version no:	0.00		Project name:	55		Sample name:	222		Section name:	section		Position	64.915031	mm	E0	0.000000	keV	E1	1.000000	keV/channel	sample surface	5.924081	cm	Tube anode:	Mo		Tube voltage:	30	kV	Tube current:	50	mA	gain	10		std. database			resultfile	result		matrix element	11		sample thickness	1.000000		air passage	0.560000	cm	comments	in position		peaking_time	2.200000	m-sec	trigger_threshold	547.363281	V	mca_bin_width	22.090000	no:	number_mca_channels	1024.000000	no:	gap_time	0.150000	m-sec	trigger_peaking_time	0.200000	m-sec	GAINDAC	18610		HIGHGAIN	1		TAURC	1		RCTAU	1		RCTAUFRAC	1		livetime	9.448952	seconds	runtime	10.000494	seconds	input_count_rate	24342.487929	cps	output_count_rate	19954.015070	cps	triggers	230011	seconds	events_in_run	199550	seconds	channel	content		1	0
2	0
3	0
4	0
5	0
6	0
7	0
8	0
9	0
10	0
11	0
12	0
13	0
14	0
15	0
16	0
17	0
18	0
19	0
20	0
21	0
22	0
23	0
24	0
25	0
26	0
27	0
28	0
29	0
30	0
31	23
32	11
33	18
34	13
35	12
36	11
37	16
38	8
39	14
40	13
41	12
42	10
43	7
44	17
45	12
46	10
47	16
48	11
49	11
50	11
51	11
52	11
53	12
54	13
55	11
56	5
57	8
58	9
59	18
60	11
61	9
62	10
63	14
64	12
65	9
66	11
67	11
68	7
69	5
70	12
71	6
72	4
73	5
74	13
75	6
76	7
77	4
78	8
79	12
80	17
81	10
82	8
83	8
84	5
85	6
86	7
87	7
88	6
89	4
90	6
91	6
92	12
93	13
94	10
95	20
96	18
97	9
98	14
99	9
100	9
101	7
102	7
103	7
104	12
105	5
106	5
107	7
108	4
109	13
110	7
111	5
112	1
113	6
114	7
115	5
116	6
117	7
118	7
119	9
120	5
121	3
122	5
123	3
124	6
125	3
126	6
127	5
128	5
129	7
130	7
131	4
132	8
133	3
134	5
135	5
136	5
137	0
138	7
139	4
140	5
141	2
142	0
143	2
144	5
145	2
146	2
147	6
148	3
149	5
150	7
151	7
152	7
153	5
154	3
155	6
156	4
157	7
158	8
159	13
160	16
161	31
162	20
163	28
164	29
165	19
166	18
167	10
168	5
169	6
170	3
171	3
172	4
173	11
174	6
175	5
176	4
177	11
178	13
179	14
180	22
181	29
182	26
183	28
184	15
185	21
186	8
187	8
188	9
189	5
190	5
191	10
192	6
193	6
194	13
195	18
196	33
197	53
198	102
199	166
200	263
201	315
202	396
203	418
204	380
205	341
206	254
207	168
208	117
209	63
210	27
211	19
212	11
213	8
214	10
215	22
216	32
217	52
218	60
219	46
220	68
221	79
222	52
223	59
224	29
225	26
226	14
227	16
228	9
229	8
230	7
231	5
232	5
233	3
234	5
235	2
236	7
237	5
238	4
239	9
240	19
241	25
242	54
243	87
244	105
245	174
246	208
247	236
248	211
249	220
250	191
251	144
252	132
253	93
254	57
255	55
256	48
257	33
258	30
259	29
260	18
261	14
262	16
263	13
264	14
265	16
266	18
267	38
268	45
269	65
270	54
271	65
272	59
273	54
274	32
275	29
276	22
277	19
278	19
279	5
280	8
281	11
282	13
283	9
284	11
285	14
286	16
287	18
288	10
289	14
290	23
291	19
292	17
293	18
294	18
295	23
296	13
297	21
298	15
299	17
300	14
301	15
302	10
303	18
304	20
305	13
306	14
307	14
308	13
309	20
310	20
311	12
312	11
313	14
314	26
315	24
316	45
317	52
318	85
319	133
320	151
321	198
322	220
323	262
324	265
325	238
326	203
327	171
328	102
329	69
330	69
331	48
332	39
333	23
334	44
335	37
336	37
337	37
338	57
339	77
340	114
341	194
342	419
343	767
344	1360
345	2220
346	3302
347	4851
348	6280
349	7689
350	8743
351	8990
352	8520
353	7483
354	6050
355	4488
356	3132
357	1994
358	1160
359	671
360	386
361	182
362	107
363	61
364	50
365	48
366	39
367	51
368	38
369	31
370	45
371	51
372	48
373	67
374	65
375	75
376	85
377	87
378	161
379	246
380	342
381	471
382	715
383	896
384	1087
385	1302
386	1428
387	1444
388	1407
389	1225
390	1003
391	724
392	459
393	349
394	224
395	132
396	73
397	52
398	35
399	35
400	27
401	33
402	34
403	26
404	30
405	24
406	23
407	38
408	37
409	37
410	41
411	39
412	36
413	39
414	39
415	30
416	35
417	35
418	30
419	22
420	39
421	32
422	35
423	24
424	38
425	28
426	29
427	32
428	29
429	44
430	37
431	37
432	45
433	41
434	36
435	47
436	37
437	45
438	52
439	60
440	61
441	60
442	55
443	63
444	70
445	69
446	45
447	52
448	65
449	56
450	50
451	48
452	60
453	61
454	57
455	89
456	66
457	84
458	77
459	80
460	76
461	81
462	63
463	75
464	85
465	55
466	69
467	42
468	58
469	66
470	73
471	62
472	68
473	58
474	49
475	50
476	59
477	47
478	56
479	62
480	63
481	44
482	59
483	63
484	55
485	60
486	57
487	58
488	47
489	55
490	56
491	51
492	62
493	41
494	53
495	49
496	72
497	51
498	61
499	59
500	60
501	58
502	62
503	70
504	74
505	67
506	72
507	61
508	74
509	74
510	67
511	76
512	81
513	85
514	83
515	58
516	82
517	68
518	78
519	69
520	76
521	84
522	78
523	85
524	87
525	78
526	77
527	86
528	90
529	83
530	80
531	84
532	90
533	81
534	97
535	82
536	65
537	75
538	78
539	82
540	84
541	79
542	83
543	75
544	70
545	87
546	80
547	84
548	77
549	70
550	68
551	77
552	71
553	81
554	72
555	62
556	73
557	70
558	78
559	80
560	67
561	80
562	59
563	57
564	76
565	76
566	81
567	78
568	55
569	69
570	75
571	82
572	68
573	77
574	83
575	77
576	80
577	71
578	69
579	60
580	90
581	96
582	82
583	83
584	93
585	78
586	81
587	77
588	77
589	67
590	77
591	88
592	87
593	93
594	85
595	91
596	83
597	91
598	77
599	94
600	80
601	76
602	90
603	90
604	66
605	103
606	83
607	88
608	98
609	89
610	86
611	97
612	109
613	86
614	62
615	91
616	93
617	85
618	80
619	94
620	81
621	85
622	102
623	98
624	91
625	89
626	92
627	82
628	86
629	104
630	85
631	78
632	99
633	99
634	88
635	105
636	80
637	93
638	102
639	91
640	87
641	110
642	97
643	79
644	81
645	98
646	142
647	110
648	77
649	91
650	101
651	100
652	96
653	121
654	111
655	99
656	112
657	102
658	114
659	100
660	106
661	106
662	87
663	95
664	95
665	93
666	80
667	117
668	111
669	82
670	89
671	92
672	112
673	93
674	95
675	108
676	108
677	96
678	101
679	91
680	95
681	126
682	101
683	112
684	107
685	109
686	97
687	105
688	108
689	136
690	110
691	102
692	115
693	107
694	110
695	105
696	128
697	111
698	115
699	131
700	119
701	121
702	123
703	135
704	122
705	129
706	127
707	123
708	121
709	107
710	105
711	106
712	124
713	115
714	118
715	102
716	101
717	114
718	111
719	125
720	102
721	105
722	100
723	99
724	106
725	140
726	109
727	112
728	119
729	121
730	87
731	112
732	95
733	128
734	122
735	127
736	104
737	115
738	118
739	129
740	125
741	117
742	110
743	94
744	97
745	114
746	124
747	116
748	119
749	101
750	104
751	104
752	123
753	115
754	114
755	125
756	118
757	126
758	128
759	128
760	122
761	131
762	123
763	161
764	127
765	155
766	166
767	175
768	176
769	214
770	225
771	254
772	236
773	274
774	266
775	264
776	236
777	258
778	210
779	184
780	169
781	162
782	167
783	147
784	155
785	144
786	133
787	131
788	128
789	124
790	103
791	108
792	118
793	101
794	131
795	114
796	110
797	121
798	112
799	119
800	106
801	114
802	125
803	121
804	122
805	118
806	129
807	95
808	128
809	144
810	111
811	130
812	115
813	131
814	142
815	131
816	137
817	142
818	149
819	137
820	122
821	139
822	148
823	123
824	111
825	127
826	124
827	96
828	134
829	119
830	128
831	130
832	142
833	132
834	123
835	134
836	140
837	130
838	129
839	133
840	152
841	134
842	144
843	117
844	115
845	132
846	158
847	155
848	148
849	127
850	140
851	164
852	128
853	159
854	131
855	153
856	161
857	177
858	193
859	181
860	200
861	190
862	171
863	204
864	195
865	202
866	217
867	211
868	175
869	217
870	198
871	187
872	193
873	194
874	202
875	203
876	210
877	215
878	196
879	214
880	247
881	253
882	258
883	243
884	281
885	319
886	312
887	330
888	332
889	309
890	369
891	398
892	357
893	412
894	431
895	423
896	444
897	465
898	476
899	480
900	502
901	482
902	478
903	476
904	463
905	476
906	398
907	447
908	434
909	428
910	445
911	389
912	367
913	372
914	316
915	305
916	291
917	293
918	290
919	264
920	243
921	238
922	232
923	209
924	204
925	178
926	203
927	166
928	198
929	169
930	158
931	133
932	185
933	159
934	131
935	164
936	147
937	140
938	147
939	141
940	180
941	169
942	168
943	202
944	214
945	227
946	257
947	270
948	292
949	332
950	356
951	352
952	398
953	383
954	403
955	374
956	372
957	372
958	325
959	283
960	266
961	219
962	218
963	188
964	155
965	138
966	144
967	153
968	117
969	103
970	116
971	115
972	107
973	108
974	94
975	113
976	102
977	110
978	114
979	107
980	113
981	106
982	115
983	97
984	98
985	116
986	111
987	121
988	120
989	122
990	111
991	137
992	154
993	148
994	128
995	159
996	124
997	138
998	134
999	144
1000	160
1001	157
1002	165
1003	137
1004	165
1005	140
1006	150
1007	128
1008	165
1009	139
1010	164
1011	141
1012	151
1013	147
1014	131
1015	130
1016	130
1017	106
1018	121
1019	125
1020	127
1021	120
1022	102
1023	120
1024	98
