Date:	08/05/2018		Time:	18:26		Version no:	0.00		Project name:	55		Sample name:	222		Section name:	section		Position	113.715034	mm	E0	0.000000	keV	E1	1.000000	keV/channel	sample surface	5.908302	cm	Tube anode:	Mo		Tube voltage:	30	kV	Tube current:	50	mA	gain	10		std. database			resultfile	result		matrix element	11		sample thickness	1.000000		air passage	0.560000	cm	comments	in position		peaking_time	2.200000	m-sec	trigger_threshold	547.363281	V	mca_bin_width	22.090000	no:	number_mca_channels	1024.000000	no:	gap_time	0.150000	m-sec	trigger_peaking_time	0.200000	m-sec	GAINDAC	18610		HIGHGAIN	1		TAURC	1		RCTAU	1		RCTAUFRAC	1		livetime	9.430636	seconds	runtime	10.000487	seconds	input_count_rate	23731.591379	cps	output_count_rate	19438.152973	cps	triggers	223804	seconds	events_in_run	194391	seconds	channel	content		1	0
2	0
3	0
4	0
5	0
6	0
7	0
8	0
9	0
10	0
11	0
12	0
13	0
14	0
15	0
16	0
17	0
18	0
19	0
20	0
21	0
22	0
23	0
24	0
25	0
26	0
27	0
28	0
29	0
30	0
31	13
32	11
33	9
34	10
35	13
36	19
37	15
38	15
39	16
40	8
41	12
42	15
43	17
44	17
45	19
46	7
47	18
48	14
49	10
50	10
51	11
52	14
53	14
54	11
55	15
56	9
57	17
58	10
59	16
60	8
61	11
62	12
63	8
64	9
65	8
66	12
67	8
68	8
69	17
70	8
71	8
72	10
73	9
74	8
75	5
76	8
77	7
78	11
79	9
80	10
81	12
82	13
83	9
84	12
85	6
86	8
87	9
88	12
89	5
90	8
91	3
92	5
93	9
94	9
95	15
96	15
97	19
98	9
99	5
100	11
101	10
102	7
103	7
104	6
105	9
106	15
107	13
108	10
109	5
110	7
111	2
112	16
113	4
114	2
115	5
116	2
117	7
118	3
119	7
120	8
121	7
122	6
123	7
124	5
125	5
126	7
127	3
128	4
129	5
130	5
131	3
132	6
133	2
134	2
135	3
136	2
137	2
138	1
139	5
140	3
141	2
142	4
143	2
144	4
145	6
146	3
147	3
148	3
149	4
150	3
151	4
152	7
153	5
154	5
155	6
156	5
157	7
158	7
159	17
160	22
161	26
162	29
163	35
164	35
165	18
166	19
167	14
168	5
169	5
170	7
171	5
172	3
173	4
174	10
175	4
176	4
177	6
178	8
179	13
180	23
181	18
182	19
183	16
184	17
185	13
186	7
187	9
188	6
189	2
190	1
191	4
192	6
193	3
194	13
195	20
196	15
197	34
198	81
199	109
200	187
201	214
202	236
203	278
204	254
205	237
206	145
207	128
208	73
209	32
210	23
211	14
212	6
213	5
214	10
215	5
216	13
217	25
218	32
219	37
220	51
221	45
222	42
223	37
224	32
225	21
226	18
227	12
228	5
229	1
230	5
231	6
232	5
233	9
234	4
235	4
236	5
237	6
238	7
239	9
240	11
241	23
242	36
243	69
244	109
245	140
246	139
247	189
248	169
249	158
250	157
251	141
252	73
253	61
254	47
255	37
256	45
257	23
258	19
259	20
260	20
261	11
262	15
263	13
264	11
265	16
266	21
267	20
268	30
269	33
270	37
271	33
272	48
273	42
274	40
275	30
276	15
277	13
278	13
279	8
280	11
281	6
282	11
283	8
284	9
285	13
286	11
287	19
288	14
289	16
290	11
291	10
292	12
293	16
294	21
295	22
296	23
297	11
298	15
299	13
300	20
301	14
302	22
303	10
304	10
305	14
306	8
307	5
308	16
309	18
310	8
311	12
312	10
313	13
314	27
315	16
316	26
317	32
318	40
319	62
320	68
321	87
322	116
323	124
324	105
325	131
326	82
327	78
328	60
329	49
330	34
331	24
332	30
333	28
334	38
335	32
336	46
337	32
338	48
339	83
340	99
341	171
342	344
343	644
344	1147
345	1878
346	2888
347	4039
348	5382
349	6653
350	7194
351	7434
352	6909
353	6286
354	5176
355	3709
356	2605
357	1632
358	984
359	526
360	280
361	156
362	98
363	52
364	47
365	39
366	36
367	35
368	36
369	32
370	43
371	40
372	45
373	48
374	57
375	53
376	92
377	90
378	145
379	218
380	270
381	440
382	638
383	761
384	1002
385	1096
386	1212
387	1267
388	1173
389	1057
390	819
391	611
392	481
393	282
394	182
395	115
396	63
397	33
398	40
399	29
400	24
401	18
402	29
403	30
404	22
405	26
406	42
407	36
408	34
409	32
410	38
411	30
412	41
413	46
414	31
415	38
416	21
417	28
418	40
419	36
420	44
421	29
422	23
423	27
424	24
425	32
426	38
427	30
428	35
429	39
430	33
431	32
432	22
433	40
434	49
435	47
436	57
437	55
438	62
439	57
440	52
441	73
442	76
443	71
444	93
445	59
446	67
447	59
448	64
449	59
450	44
451	45
452	45
453	60
454	63
455	66
456	71
457	87
458	86
459	83
460	93
461	71
462	77
463	79
464	55
465	56
466	61
467	59
468	61
469	54
470	55
471	72
472	60
473	62
474	73
475	70
476	54
477	60
478	50
479	51
480	69
481	53
482	63
483	55
484	46
485	59
486	43
487	55
488	68
489	43
490	56
491	58
492	59
493	60
494	56
495	58
496	53
497	60
498	50
499	62
500	60
501	59
502	62
503	85
504	77
505	79
506	79
507	79
508	87
509	73
510	80
511	60
512	87
513	77
514	66
515	85
516	73
517	72
518	76
519	74
520	57
521	76
522	79
523	74
524	95
525	103
526	95
527	83
528	90
529	80
530	102
531	101
532	99
533	89
534	77
535	93
536	72
537	81
538	90
539	66
540	98
541	73
542	74
543	92
544	72
545	92
546	83
547	73
548	85
549	67
550	70
551	64
552	73
553	72
554	82
555	75
556	71
557	71
558	72
559	86
560	90
561	76
562	82
563	92
564	79
565	66
566	78
567	80
568	84
569	76
570	76
571	77
572	86
573	73
574	94
575	90
576	95
577	94
578	74
579	65
580	93
581	83
582	84
583	97
584	87
585	74
586	78
587	81
588	107
589	99
590	69
591	68
592	103
593	79
594	99
595	105
596	104
597	92
598	95
599	104
600	76
601	95
602	103
603	78
604	82
605	101
606	102
607	92
608	98
609	72
610	92
611	103
612	93
613	104
614	100
615	106
616	90
617	98
618	80
619	81
620	99
621	121
622	101
623	80
624	115
625	110
626	97
627	95
628	84
629	111
630	103
631	87
632	121
633	91
634	115
635	112
636	105
637	99
638	108
639	117
640	124
641	93
642	92
643	110
644	116
645	119
646	104
647	130
648	130
649	113
650	97
651	112
652	111
653	116
654	125
655	104
656	100
657	129
658	111
659	98
660	114
661	98
662	95
663	100
664	95
665	114
666	89
667	108
668	109
669	100
670	100
671	91
672	111
673	110
674	116
675	112
676	112
677	119
678	124
679	95
680	119
681	136
682	106
683	114
684	119
685	111
686	107
687	117
688	141
689	110
690	126
691	115
692	116
693	127
694	138
695	122
696	150
697	144
698	146
699	110
700	140
701	155
702	138
703	139
704	131
705	118
706	141
707	106
708	114
709	123
710	110
711	114
712	118
713	138
714	126
715	119
716	124
717	123
718	126
719	117
720	136
721	114
722	115
723	119
724	131
725	133
726	148
727	118
728	130
729	115
730	133
731	134
732	133
733	145
734	136
735	140
736	124
737	139
738	147
739	137
740	143
741	123
742	139
743	129
744	157
745	150
746	126
747	124
748	155
749	130
750	137
751	151
752	128
753	120
754	132
755	128
756	113
757	133
758	126
759	145
760	138
761	135
762	141
763	151
764	164
765	163
766	186
767	197
768	220
769	208
770	220
771	232
772	243
773	245
774	246
775	262
776	249
777	246
778	194
779	198
780	173
781	189
782	161
783	154
784	141
785	136
786	143
787	136
788	165
789	140
790	135
791	137
792	135
793	135
794	138
795	138
796	153
797	145
798	155
799	125
800	132
801	150
802	131
803	155
804	161
805	142
806	139
807	135
808	126
809	140
810	128
811	143
812	168
813	150
814	146
815	151
816	171
817	145
818	137
819	165
820	157
821	128
822	155
823	148
824	157
825	157
826	125
827	151
828	149
829	118
830	142
831	155
832	136
833	148
834	136
835	151
836	160
837	148
838	162
839	165
840	155
841	158
842	160
843	154
844	152
845	165
846	160
847	163
848	178
849	176
850	152
851	185
852	171
853	179
854	162
855	179
856	182
857	164
858	173
859	189
860	192
861	194
862	226
863	217
864	240
865	195
866	234
867	212
868	219
869	224
870	217
871	199
872	206
873	206
874	236
875	257
876	233
877	240
878	254
879	252
880	288
881	291
882	335
883	323
884	354
885	370
886	350
887	390
888	417
889	451
890	458
891	461
892	542
893	515
894	533
895	548
896	572
897	540
898	561
899	567
900	658
901	627
902	590
903	553
904	582
905	616
906	495
907	558
908	533
909	517
910	484
911	439
912	467
913	423
914	380
915	386
916	372
917	349
918	314
919	303
920	302
921	278
922	232
923	250
924	243
925	229
926	229
927	205
928	214
929	182
930	201
931	174
932	208
933	192
934	181
935	169
936	149
937	151
938	165
939	172
940	171
941	188
942	214
943	206
944	238
945	250
946	288
947	292
948	323
949	339
950	400
951	405
952	427
953	442
954	425
955	404
956	429
957	408
958	364
959	329
960	312
961	277
962	238
963	213
964	192
965	176
966	171
967	149
968	148
969	135
970	131
971	128
972	126
973	120
974	123
975	125
976	126
977	126
978	158
979	138
980	149
981	135
982	142
983	133
984	161
985	119
986	139
987	155
988	161
989	170
990	140
991	179
992	172
993	175
994	163
995	172
996	153
997	187
998	171
999	175
1000	184
1001	183
1002	218
1003	196
1004	199
1005	178
1006	182
1007	204
1008	174
1009	174
1010	178
1011	163
1012	161
1013	150
1014	149
1015	172
1016	155
1017	145
1018	147
1019	126
1020	141
1021	130
1022	137
1023	113
1024	129
