Date:	08/05/2018		Time:	17:51		Version no:	0.00		Project name:	55		Sample name:	222		Section name:	section		Position	76.515030	mm	E0	0.000000	keV	E1	1.000000	keV/channel	sample surface	5.955469	cm	Tube anode:	Mo		Tube voltage:	30	kV	Tube current:	50	mA	gain	10		std. database			resultfile	result		matrix element	11		sample thickness	1.000000		air passage	0.560000	cm	comments	in position		peaking_time	2.200000	m-sec	trigger_threshold	547.363281	V	mca_bin_width	22.090000	no:	number_mca_channels	1024.000000	no:	gap_time	0.150000	m-sec	trigger_peaking_time	0.200000	m-sec	GAINDAC	18610		HIGHGAIN	1		TAURC	1		RCTAU	1		RCTAUFRAC	1		livetime	9.454356	seconds	runtime	10.000490	seconds	input_count_rate	23787.024732	cps	output_count_rate	19580.241351	cps	triggers	224891	seconds	events_in_run	195812	seconds	channel	content		1	0
2	0
3	0
4	0
5	0
6	0
7	0
8	0
9	0
10	0
11	0
12	0
13	0
14	0
15	0
16	0
17	0
18	0
19	0
20	0
21	0
22	0
23	0
24	0
25	0
26	0
27	0
28	0
29	0
30	0
31	17
32	15
33	8
34	22
35	9
36	11
37	15
38	11
39	12
40	8
41	11
42	12
43	22
44	10
45	16
46	9
47	15
48	11
49	15
50	14
51	10
52	11
53	10
54	9
55	13
56	8
57	12
58	12
59	12
60	10
61	13
62	13
63	9
64	7
65	7
66	17
67	9
68	10
69	9
70	11
71	6
72	8
73	8
74	10
75	4
76	11
77	8
78	4
79	11
80	8
81	8
82	9
83	7
84	11
85	8
86	5
87	9
88	2
89	7
90	6
91	4
92	8
93	15
94	9
95	7
96	8
97	17
98	21
99	13
100	14
101	7
102	5
103	7
104	5
105	6
106	8
107	13
108	10
109	13
110	15
111	4
112	2
113	9
114	4
115	3
116	1
117	3
118	5
119	7
120	1
121	5
122	5
123	3
124	7
125	5
126	9
127	3
128	3
129	6
130	4
131	4
132	4
133	2
134	7
135	6
136	4
137	4
138	3
139	5
140	6
141	1
142	6
143	3
144	3
145	2
146	3
147	3
148	2
149	5
150	3
151	7
152	5
153	3
154	6
155	7
156	4
157	3
158	2
159	11
160	19
161	27
162	31
163	26
164	27
165	22
166	17
167	6
168	8
169	10
170	5
171	5
172	4
173	2
174	6
175	10
176	9
177	9
178	13
179	23
180	23
181	17
182	32
183	25
184	20
185	17
186	10
187	11
188	10
189	7
190	5
191	5
192	7
193	9
194	11
195	19
196	35
197	72
198	141
199	191
200	305
201	425
202	498
203	536
204	520
205	380
206	329
207	208
208	115
209	60
210	36
211	13
212	11
213	16
214	13
215	23
216	40
217	55
218	53
219	70
220	93
221	93
222	93
223	67
224	45
225	37
226	27
227	18
228	11
229	8
230	5
231	5
232	4
233	5
234	10
235	6
236	5
237	10
238	6
239	10
240	18
241	33
242	56
243	90
244	148
245	179
246	223
247	279
248	247
249	258
250	197
251	162
252	122
253	87
254	77
255	50
256	39
257	27
258	23
259	23
260	17
261	11
262	9
263	16
264	16
265	23
266	23
267	27
268	46
269	53
270	48
271	57
272	67
273	44
274	35
275	33
276	22
277	16
278	15
279	9
280	11
281	13
282	11
283	8
284	8
285	10
286	16
287	11
288	13
289	9
290	16
291	14
292	14
293	19
294	19
295	19
296	17
297	13
298	29
299	24
300	11
301	21
302	12
303	13
304	18
305	14
306	6
307	9
308	11
309	11
310	17
311	14
312	9
313	14
314	15
315	16
316	20
317	33
318	48
319	74
320	94
321	136
322	151
323	167
324	163
325	156
326	119
327	106
328	76
329	57
330	31
331	30
332	34
333	29
334	37
335	39
336	28
337	44
338	67
339	77
340	122
341	213
342	368
343	684
344	1281
345	2125
346	3255
347	4649
348	6090
349	7412
350	8293
351	8642
352	8190
353	7221
354	5948
355	4264
356	3016
357	1906
358	1105
359	603
360	345
361	201
362	98
363	60
364	44
365	48
366	48
367	57
368	31
369	45
370	46
371	43
372	38
373	47
374	73
375	62
376	67
377	91
378	136
379	245
380	312
381	471
382	692
383	908
384	1062
385	1295
386	1386
387	1406
388	1313
389	1165
390	956
391	717
392	505
393	333
394	246
395	123
396	78
397	57
398	37
399	28
400	29
401	24
402	27
403	39
404	29
405	20
406	30
407	26
408	29
409	31
410	31
411	34
412	29
413	32
414	25
415	30
416	42
417	26
418	24
419	39
420	18
421	35
422	36
423	36
424	29
425	36
426	28
427	42
428	25
429	31
430	24
431	26
432	31
433	40
434	30
435	48
436	59
437	46
438	50
439	54
440	57
441	59
442	57
443	52
444	71
445	59
446	49
447	47
448	60
449	37
450	47
451	45
452	70
453	62
454	71
455	72
456	56
457	79
458	70
459	68
460	86
461	72
462	71
463	61
464	62
465	57
466	61
467	56
468	68
469	62
470	52
471	46
472	62
473	61
474	52
475	61
476	55
477	57
478	48
479	58
480	41
481	46
482	57
483	48
484	39
485	58
486	56
487	44
488	46
489	47
490	45
491	66
492	56
493	46
494	69
495	60
496	62
497	52
498	53
499	61
500	46
501	71
502	44
503	74
504	73
505	52
506	60
507	68
508	67
509	68
510	58
511	74
512	72
513	62
514	65
515	77
516	70
517	80
518	61
519	82
520	65
521	78
522	78
523	81
524	91
525	69
526	90
527	81
528	85
529	95
530	93
531	85
532	90
533	82
534	83
535	70
536	68
537	77
538	88
539	63
540	70
541	64
542	62
543	82
544	78
545	87
546	67
547	86
548	70
549	57
550	70
551	74
552	63
553	49
554	70
555	62
556	60
557	70
558	66
559	61
560	76
561	75
562	77
563	61
564	89
565	58
566	67
567	51
568	83
569	65
570	76
571	74
572	65
573	75
574	56
575	71
576	61
577	76
578	60
579	73
580	74
581	61
582	67
583	69
584	76
585	85
586	80
587	89
588	74
589	84
590	87
591	88
592	74
593	96
594	93
595	81
596	87
597	94
598	77
599	86
600	92
601	82
602	89
603	74
604	106
605	79
606	76
607	89
608	84
609	80
610	88
611	69
612	70
613	80
614	78
615	79
616	102
617	94
618	92
619	112
620	88
621	112
622	84
623	84
624	109
625	74
626	89
627	98
628	82
629	76
630	95
631	101
632	69
633	94
634	105
635	102
636	96
637	81
638	87
639	105
640	79
641	112
642	117
643	75
644	85
645	106
646	101
647	109
648	95
649	105
650	96
651	103
652	93
653	92
654	88
655	81
656	102
657	78
658	105
659	96
660	79
661	107
662	98
663	97
664	100
665	87
666	82
667	99
668	97
669	94
670	98
671	105
672	93
673	100
674	124
675	86
676	83
677	105
678	91
679	110
680	102
681	108
682	117
683	105
684	116
685	89
686	85
687	93
688	102
689	93
690	94
691	103
692	98
693	94
694	117
695	98
696	108
697	121
698	107
699	107
700	116
701	121
702	114
703	112
704	131
705	118
706	87
707	118
708	103
709	90
710	98
711	106
712	103
713	108
714	86
715	107
716	118
717	110
718	109
719	112
720	101
721	110
722	101
723	93
724	96
725	94
726	128
727	129
728	113
729	110
730	116
731	117
732	110
733	119
734	116
735	126
736	113
737	116
738	87
739	136
740	101
741	123
742	108
743	119
744	109
745	104
746	124
747	108
748	117
749	127
750	91
751	98
752	114
753	127
754	113
755	106
756	111
757	106
758	115
759	114
760	130
761	118
762	129
763	120
764	125
765	149
766	172
767	187
768	216
769	232
770	226
771	254
772	248
773	252
774	282
775	252
776	253
777	242
778	201
779	204
780	185
781	166
782	147
783	140
784	125
785	119
786	127
787	117
788	123
789	111
790	114
791	106
792	132
793	113
794	111
795	110
796	138
797	112
798	104
799	113
800	103
801	117
802	137
803	109
804	129
805	99
806	125
807	122
808	140
809	141
810	142
811	141
812	123
813	130
814	125
815	121
816	128
817	145
818	154
819	138
820	120
821	155
822	119
823	130
824	134
825	121
826	125
827	129
828	112
829	109
830	126
831	126
832	113
833	119
834	130
835	126
836	131
837	113
838	144
839	124
840	136
841	134
842	129
843	144
844	131
845	170
846	138
847	139
848	140
849	136
850	138
851	156
852	147
853	141
854	156
855	158
856	156
857	151
858	194
859	173
860	204
861	187
862	219
863	205
864	197
865	187
866	195
867	203
868	195
869	203
870	187
871	169
872	205
873	193
874	205
875	192
876	189
877	184
878	224
879	227
880	241
881	239
882	261
883	243
884	298
885	288
886	311
887	304
888	350
889	337
890	349
891	430
892	400
893	405
894	400
895	463
896	464
897	447
898	482
899	474
900	474
901	522
902	495
903	458
904	427
905	433
906	434
907	428
908	412
909	402
910	394
911	393
912	378
913	337
914	342
915	291
916	291
917	297
918	290
919	281
920	227
921	239
922	226
923	225
924	211
925	204
926	185
927	171
928	169
929	163
930	151
931	185
932	160
933	148
934	162
935	147
936	145
937	160
938	151
939	144
940	170
941	175
942	186
943	191
944	195
945	223
946	269
947	285
948	305
949	324
950	355
951	375
952	372
953	431
954	398
955	393
956	398
957	290
958	317
959	295
960	264
961	254
962	234
963	203
964	154
965	156
966	125
967	139
968	154
969	107
970	118
971	110
972	121
973	116
974	116
975	111
976	119
977	117
978	118
979	131
980	106
981	96
982	130
983	111
984	128
985	120
986	113
987	126
988	151
989	137
990	134
991	144
992	151
993	140
994	160
995	144
996	155
997	171
998	146
999	148
1000	140
1001	150
1002	168
1003	172
1004	175
1005	163
1006	140
1007	142
1008	152
1009	170
1010	168
1011	134
1012	163
1013	147
1014	146
1015	142
1016	140
1017	139
1018	118
1019	144
1020	143
1021	118
1022	117
1023	106
1024	100
