Date:	08/05/2018		Time:	18:05		Version no:	0.00		Project name:	55		Sample name:	222		Section name:	section		Position	91.115028	mm	E0	0.000000	keV	E1	1.000000	keV/channel	sample surface	5.967999	cm	Tube anode:	Mo		Tube voltage:	30	kV	Tube current:	50	mA	gain	10		std. database			resultfile	result		matrix element	11		sample thickness	1.000000		air passage	0.560000	cm	comments	in position		peaking_time	2.200000	m-sec	trigger_threshold	547.363281	V	mca_bin_width	22.090000	no:	number_mca_channels	1024.000000	no:	gap_time	0.150000	m-sec	trigger_peaking_time	0.200000	m-sec	GAINDAC	18610		HIGHGAIN	1		TAURC	1		RCTAU	1		RCTAUFRAC	1		livetime	9.473530	seconds	runtime	10.000492	seconds	input_count_rate	22953.322660	cps	output_count_rate	18971.766589	cps	triggers	217449	seconds	events_in_run	189727	seconds	channel	content		1	0
2	0
3	0
4	0
5	0
6	0
7	0
8	0
9	0
10	0
11	0
12	0
13	0
14	0
15	0
16	0
17	0
18	0
19	0
20	0
21	0
22	0
23	0
24	0
25	0
26	0
27	0
28	0
29	0
30	0
31	10
32	16
33	13
34	17
35	12
36	9
37	14
38	13
39	16
40	23
41	15
42	10
43	10
44	15
45	14
46	16
47	10
48	11
49	17
50	8
51	15
52	14
53	18
54	9
55	9
56	8
57	9
58	7
59	7
60	14
61	10
62	10
63	13
64	8
65	12
66	16
67	8
68	4
69	2
70	5
71	7
72	10
73	7
74	2
75	10
76	5
77	7
78	6
79	11
80	5
81	10
82	13
83	11
84	11
85	7
86	8
87	5
88	4
89	5
90	3
91	6
92	7
93	6
94	13
95	18
96	19
97	8
98	15
99	16
100	8
101	10
102	3
103	6
104	5
105	12
106	6
107	17
108	12
109	8
110	8
111	4
112	7
113	8
114	1
115	7
116	9
117	4
118	3
119	6
120	6
121	6
122	7
123	4
124	7
125	3
126	3
127	4
128	4
129	5
130	0
131	4
132	3
133	5
134	0
135	5
136	2
137	3
138	4
139	6
140	5
141	6
142	3
143	2
144	3
145	3
146	3
147	3
148	4
149	3
150	4
151	4
152	4
153	7
154	2
155	10
156	11
157	8
158	21
159	8
160	22
161	29
162	22
163	36
164	29
165	26
166	16
167	10
168	5
169	11
170	8
171	4
172	5
173	6
174	4
175	10
176	6
177	11
178	7
179	12
180	16
181	14
182	15
183	24
184	19
185	17
186	12
187	12
188	13
189	4
190	3
191	6
192	6
193	7
194	9
195	27
196	45
197	76
198	106
199	192
200	296
201	423
202	492
203	534
204	458
205	355
206	276
207	197
208	100
209	73
210	29
211	12
212	8
213	15
214	20
215	22
216	27
217	41
218	61
219	71
220	80
221	82
222	84
223	64
224	52
225	24
226	17
227	12
228	7
229	5
230	2
231	8
232	5
233	6
234	5
235	4
236	5
237	6
238	7
239	7
240	20
241	31
242	49
243	90
244	149
245	204
246	262
247	269
248	274
249	238
250	183
251	165
252	100
253	95
254	78
255	40
256	37
257	34
258	27
259	37
260	22
261	18
262	13
263	25
264	16
265	25
266	15
267	32
268	50
269	54
270	66
271	64
272	56
273	65
274	38
275	29
276	21
277	13
278	12
279	16
280	13
281	12
282	7
283	7
284	8
285	11
286	17
287	11
288	15
289	15
290	20
291	13
292	15
293	14
294	15
295	17
296	17
297	22
298	11
299	13
300	17
301	11
302	15
303	9
304	8
305	18
306	10
307	14
308	19
309	9
310	11
311	12
312	16
313	15
314	21
315	16
316	34
317	53
318	46
319	69
320	94
321	109
322	141
323	152
324	143
325	139
326	109
327	86
328	66
329	45
330	35
331	32
332	25
333	24
334	26
335	25
336	29
337	43
338	67
339	78
340	108
341	184
342	371
343	741
344	1239
345	2028
346	3100
347	4432
348	5813
349	7210
350	7955
351	8121
352	7674
353	6946
354	5561
355	4196
356	2860
357	1781
358	1056
359	578
360	302
361	162
362	94
363	69
364	49
365	38
366	39
367	29
368	48
369	35
370	37
371	53
372	58
373	51
374	56
375	73
376	78
377	99
378	139
379	234
380	317
381	455
382	583
383	811
384	1119
385	1225
386	1414
387	1364
388	1290
389	1127
390	914
391	663
392	445
393	326
394	188
395	120
396	66
397	49
398	32
399	25
400	23
401	25
402	18
403	33
404	26
405	21
406	27
407	33
408	20
409	33
410	28
411	35
412	39
413	32
414	35
415	25
416	27
417	18
418	28
419	24
420	28
421	29
422	15
423	31
424	33
425	30
426	30
427	38
428	32
429	33
430	28
431	18
432	33
433	29
434	36
435	39
436	35
437	39
438	48
439	44
440	47
441	51
442	57
443	57
444	59
445	51
446	51
447	47
448	53
449	59
450	58
451	64
452	53
453	42
454	52
455	60
456	53
457	68
458	73
459	72
460	82
461	71
462	66
463	82
464	65
465	57
466	53
467	58
468	50
469	64
470	54
471	48
472	51
473	56
474	56
475	58
476	51
477	57
478	54
479	47
480	40
481	54
482	43
483	52
484	56
485	52
486	64
487	59
488	52
489	46
490	54
491	49
492	46
493	47
494	39
495	46
496	53
497	47
498	73
499	61
500	63
501	54
502	58
503	52
504	52
505	71
506	73
507	59
508	64
509	80
510	63
511	76
512	74
513	71
514	66
515	72
516	63
517	68
518	76
519	66
520	74
521	90
522	69
523	88
524	77
525	81
526	79
527	94
528	85
529	100
530	88
531	71
532	94
533	76
534	81
535	79
536	75
537	72
538	69
539	74
540	67
541	66
542	63
543	78
544	73
545	62
546	72
547	65
548	76
549	63
550	63
551	54
552	45
553	71
554	66
555	65
556	64
557	68
558	60
559	64
560	73
561	64
562	68
563	77
564	64
565	82
566	67
567	65
568	60
569	69
570	60
571	59
572	65
573	62
574	68
575	79
576	71
577	79
578	66
579	66
580	74
581	79
582	66
583	67
584	75
585	60
586	78
587	72
588	84
589	87
590	76
591	79
592	75
593	90
594	86
595	67
596	82
597	75
598	92
599	99
600	86
601	73
602	72
603	79
604	68
605	98
606	84
607	74
608	62
609	93
610	87
611	86
612	92
613	83
614	97
615	69
616	87
617	91
618	86
619	93
620	80
621	74
622	94
623	80
624	84
625	97
626	85
627	91
628	84
629	99
630	90
631	76
632	75
633	78
634	98
635	93
636	90
637	97
638	106
639	96
640	81
641	76
642	110
643	98
644	84
645	107
646	95
647	94
648	95
649	82
650	113
651	88
652	99
653	96
654	82
655	92
656	110
657	84
658	98
659	97
660	108
661	89
662	100
663	84
664	94
665	97
666	87
667	97
668	97
669	99
670	97
671	102
672	93
673	99
674	109
675	101
676	113
677	77
678	97
679	93
680	108
681	103
682	95
683	103
684	91
685	114
686	99
687	112
688	120
689	107
690	96
691	87
692	99
693	121
694	93
695	103
696	101
697	118
698	117
699	118
700	110
701	102
702	119
703	101
704	103
705	111
706	90
707	100
708	99
709	108
710	125
711	127
712	104
713	100
714	100
715	117
716	101
717	107
718	102
719	107
720	123
721	130
722	110
723	112
724	97
725	108
726	131
727	111
728	126
729	123
730	107
731	99
732	120
733	91
734	104
735	136
736	110
737	108
738	121
739	137
740	117
741	123
742	117
743	93
744	117
745	115
746	84
747	114
748	112
749	152
750	116
751	141
752	121
753	123
754	122
755	124
756	116
757	128
758	101
759	118
760	129
761	112
762	120
763	138
764	163
765	146
766	148
767	188
768	190
769	205
770	228
771	268
772	257
773	257
774	285
775	251
776	263
777	222
778	190
779	175
780	178
781	146
782	148
783	148
784	114
785	133
786	97
787	114
788	111
789	129
790	104
791	113
792	89
793	125
794	131
795	119
796	124
797	103
798	127
799	116
800	118
801	120
802	144
803	128
804	120
805	123
806	126
807	125
808	141
809	132
810	136
811	110
812	132
813	105
814	109
815	113
816	135
817	129
818	135
819	125
820	131
821	121
822	125
823	116
824	127
825	124
826	129
827	125
828	131
829	110
830	126
831	129
832	123
833	123
834	137
835	132
836	117
837	153
838	125
839	127
840	123
841	142
842	135
843	121
844	141
845	123
846	129
847	138
848	150
849	142
850	156
851	148
852	121
853	160
854	149
855	161
856	166
857	160
858	183
859	186
860	184
861	192
862	180
863	196
864	238
865	189
866	186
867	218
868	189
869	195
870	193
871	172
872	177
873	178
874	194
875	180
876	186
877	200
878	203
879	230
880	234
881	224
882	265
883	278
884	273
885	295
886	328
887	340
888	323
889	332
890	365
891	390
892	411
893	411
894	414
895	455
896	477
897	458
898	465
899	495
900	506
901	439
902	460
903	472
904	468
905	469
906	428
907	432
908	436
909	397
910	396
911	356
912	355
913	352
914	326
915	353
916	301
917	293
918	233
919	251
920	265
921	246
922	221
923	204
924	203
925	181
926	201
927	175
928	187
929	164
930	171
931	171
932	150
933	186
934	156
935	161
936	153
937	143
938	161
939	154
940	148
941	167
942	190
943	186
944	219
945	257
946	227
947	268
948	294
949	297
950	343
951	385
952	387
953	413
954	404
955	385
956	386
957	362
958	313
959	338
960	274
961	248
962	218
963	192
964	170
965	133
966	147
967	147
968	132
969	138
970	128
971	115
972	114
973	122
974	91
975	99
976	121
977	102
978	98
979	132
980	101
981	107
982	112
983	110
984	120
985	114
986	108
987	116
988	100
989	139
990	130
991	126
992	120
993	122
994	141
995	142
996	164
997	129
998	138
999	129
1000	162
1001	133
1002	128
1003	155
1004	171
1005	156
1006	146
1007	135
1008	133
1009	151
1010	148
1011	136
1012	136
1013	147
1014	138
1015	139
1016	125
1017	106
1018	119
1019	117
1020	127
1021	117
1022	126
1023	112
1024	93
