Date:	08/05/2018		Time:	18:27		Version no:	0.00		Project name:	55		Sample name:	222		Section name:	section		Position	114.315033	mm	E0	0.000000	keV	E1	1.000000	keV/channel	sample surface	5.909369	cm	Tube anode:	Mo		Tube voltage:	30	kV	Tube current:	50	mA	gain	10		std. database			resultfile	result		matrix element	11		sample thickness	1.000000		air passage	0.560000	cm	comments	in position		peaking_time	2.200000	m-sec	trigger_threshold	547.363281	V	mca_bin_width	22.090000	no:	number_mca_channels	1024.000000	no:	gap_time	0.150000	m-sec	trigger_peaking_time	0.200000	m-sec	GAINDAC	18610		HIGHGAIN	1		TAURC	1		RCTAU	1		RCTAUFRAC	1		livetime	9.422959	seconds	runtime	10.000488	seconds	input_count_rate	23930.168349	cps	output_count_rate	19553.045811	cps	triggers	225493	seconds	events_in_run	195540	seconds	channel	content		1	0
2	0
3	0
4	0
5	0
6	0
7	0
8	0
9	0
10	0
11	0
12	0
13	0
14	0
15	0
16	0
17	0
18	0
19	0
20	0
21	0
22	0
23	0
24	0
25	0
26	0
27	0
28	0
29	0
30	0
31	16
32	16
33	13
34	14
35	20
36	12
37	17
38	20
39	17
40	12
41	8
42	22
43	18
44	12
45	15
46	18
47	14
48	18
49	15
50	16
51	15
52	16
53	13
54	14
55	15
56	19
57	9
58	11
59	14
60	13
61	14
62	10
63	12
64	10
65	13
66	8
67	11
68	8
69	11
70	12
71	5
72	10
73	6
74	8
75	7
76	7
77	6
78	14
79	4
80	12
81	16
82	17
83	18
84	4
85	11
86	7
87	3
88	8
89	7
90	5
91	10
92	7
93	15
94	15
95	17
96	17
97	19
98	13
99	18
100	5
101	5
102	9
103	6
104	7
105	7
106	11
107	8
108	7
109	7
110	7
111	10
112	6
113	5
114	5
115	8
116	3
117	6
118	7
119	3
120	4
121	5
122	2
123	8
124	6
125	6
126	9
127	8
128	2
129	2
130	2
131	2
132	2
133	1
134	3
135	3
136	7
137	2
138	2
139	3
140	4
141	4
142	7
143	3
144	5
145	6
146	1
147	2
148	3
149	7
150	5
151	6
152	2
153	2
154	9
155	2
156	5
157	4
158	9
159	14
160	18
161	16
162	29
163	18
164	28
165	20
166	29
167	14
168	16
169	7
170	1
171	10
172	5
173	10
174	4
175	7
176	8
177	7
178	7
179	9
180	10
181	13
182	22
183	18
184	19
185	18
186	8
187	3
188	4
189	4
190	1
191	2
192	0
193	1
194	8
195	9
196	28
197	44
198	80
199	104
200	182
201	238
202	270
203	306
204	268
205	234
206	186
207	107
208	69
209	52
210	19
211	12
212	5
213	7
214	7
215	19
216	15
217	25
218	27
219	58
220	53
221	51
222	49
223	40
224	23
225	18
226	14
227	15
228	5
229	3
230	4
231	5
232	1
233	6
234	6
235	8
236	9
237	8
238	9
239	10
240	14
241	18
242	22
243	55
244	82
245	122
246	135
247	163
248	166
249	161
250	133
251	137
252	76
253	66
254	51
255	43
256	29
257	35
258	22
259	17
260	17
261	11
262	10
263	10
264	12
265	22
266	26
267	29
268	30
269	42
270	39
271	46
272	53
273	48
274	36
275	21
276	18
277	24
278	10
279	13
280	9
281	9
282	9
283	12
284	9
285	8
286	10
287	10
288	10
289	12
290	10
291	13
292	13
293	11
294	13
295	12
296	17
297	19
298	16
299	16
300	13
301	11
302	11
303	15
304	11
305	15
306	13
307	14
308	5
309	18
310	17
311	16
312	9
313	13
314	15
315	17
316	20
317	31
318	42
319	69
320	65
321	114
322	127
323	108
324	126
325	110
326	89
327	89
328	66
329	47
330	35
331	33
332	28
333	28
334	32
335	22
336	34
337	30
338	44
339	64
340	102
341	173
342	317
343	629
344	1102
345	1781
346	2727
347	3978
348	5109
349	6308
350	7192
351	7236
352	6754
353	6133
354	5068
355	3654
356	2496
357	1611
358	981
359	531
360	289
361	146
362	89
363	61
364	35
365	35
366	28
367	55
368	48
369	41
370	46
371	55
372	39
373	50
374	50
375	64
376	73
377	95
378	158
379	198
380	279
381	391
382	532
383	802
384	959
385	1128
386	1224
387	1247
388	1133
389	1014
390	805
391	638
392	469
393	286
394	218
395	117
396	61
397	56
398	23
399	34
400	25
401	29
402	30
403	34
404	35
405	29
406	36
407	32
408	42
409	29
410	29
411	42
412	35
413	34
414	24
415	27
416	24
417	34
418	40
419	33
420	27
421	34
422	31
423	27
424	29
425	17
426	34
427	30
428	33
429	30
430	40
431	32
432	31
433	49
434	47
435	41
436	51
437	71
438	57
439	65
440	69
441	64
442	56
443	51
444	78
445	59
446	54
447	60
448	63
449	62
450	62
451	62
452	59
453	54
454	64
455	74
456	70
457	74
458	69
459	85
460	100
461	62
462	80
463	73
464	73
465	67
466	61
467	72
468	62
469	50
470	51
471	55
472	66
473	72
474	71
475	53
476	53
477	51
478	44
479	47
480	65
481	57
482	57
483	60
484	60
485	63
486	55
487	57
488	57
489	65
490	66
491	61
492	55
493	63
494	66
495	51
496	60
497	61
498	56
499	56
500	58
501	63
502	72
503	79
504	69
505	80
506	76
507	64
508	65
509	82
510	75
511	72
512	90
513	88
514	80
515	65
516	82
517	72
518	91
519	85
520	79
521	86
522	85
523	101
524	88
525	85
526	109
527	115
528	92
529	105
530	91
531	83
532	101
533	93
534	84
535	94
536	77
537	76
538	76
539	86
540	69
541	73
542	72
543	82
544	90
545	86
546	77
547	78
548	96
549	80
550	81
551	91
552	73
553	77
554	71
555	61
556	72
557	83
558	85
559	78
560	83
561	90
562	77
563	76
564	86
565	74
566	84
567	89
568	66
569	90
570	97
571	100
572	66
573	83
574	80
575	75
576	81
577	81
578	84
579	87
580	82
581	93
582	103
583	81
584	96
585	94
586	98
587	81
588	77
589	97
590	87
591	88
592	92
593	91
594	87
595	82
596	88
597	84
598	98
599	95
600	100
601	82
602	96
603	101
604	105
605	97
606	95
607	102
608	96
609	85
610	91
611	98
612	108
613	119
614	102
615	98
616	126
617	104
618	115
619	108
620	87
621	106
622	99
623	116
624	93
625	99
626	84
627	120
628	89
629	100
630	91
631	120
632	106
633	83
634	99
635	103
636	121
637	101
638	110
639	104
640	123
641	101
642	104
643	92
644	99
645	123
646	108
647	116
648	107
649	112
650	136
651	111
652	140
653	138
654	128
655	103
656	95
657	110
658	111
659	131
660	105
661	126
662	103
663	116
664	102
665	139
666	121
667	109
668	104
669	118
670	109
671	108
672	129
673	92
674	125
675	128
676	125
677	102
678	126
679	116
680	127
681	127
682	110
683	130
684	103
685	109
686	105
687	121
688	123
689	129
690	131
691	127
692	135
693	110
694	119
695	144
696	136
697	130
698	126
699	115
700	142
701	145
702	132
703	145
704	140
705	123
706	111
707	131
708	110
709	135
710	120
711	128
712	130
713	143
714	134
715	131
716	133
717	123
718	126
719	132
720	121
721	128
722	136
723	133
724	139
725	121
726	142
727	133
728	135
729	123
730	141
731	145
732	152
733	157
734	152
735	147
736	129
737	146
738	132
739	128
740	141
741	137
742	134
743	130
744	130
745	148
746	118
747	134
748	140
749	122
750	140
751	122
752	132
753	145
754	124
755	137
756	151
757	144
758	155
759	137
760	138
761	159
762	138
763	167
764	177
765	181
766	201
767	197
768	237
769	229
770	259
771	255
772	281
773	247
774	294
775	252
776	253
777	222
778	215
779	230
780	208
781	173
782	209
783	156
784	138
785	141
786	143
787	137
788	151
789	105
790	136
791	146
792	142
793	120
794	146
795	117
796	136
797	152
798	139
799	141
800	134
801	153
802	131
803	148
804	155
805	164
806	144
807	153
808	166
809	146
810	148
811	121
812	174
813	159
814	158
815	157
816	168
817	162
818	150
819	154
820	142
821	153
822	164
823	148
824	134
825	158
826	154
827	154
828	146
829	157
830	153
831	168
832	154
833	172
834	147
835	167
836	156
837	141
838	154
839	153
840	172
841	136
842	133
843	165
844	166
845	148
846	162
847	148
848	173
849	133
850	157
851	158
852	162
853	179
854	180
855	167
856	167
857	185
858	185
859	194
860	203
861	208
862	216
863	227
864	249
865	239
866	227
867	205
868	235
869	211
870	216
871	205
872	252
873	232
874	254
875	241
876	265
877	236
878	261
879	286
880	303
881	280
882	331
883	305
884	355
885	367
886	374
887	422
888	447
889	455
890	484
891	512
892	501
893	541
894	535
895	566
896	566
897	603
898	566
899	585
900	664
901	627
902	596
903	628
904	566
905	587
906	556
907	500
908	505
909	486
910	502
911	499
912	408
913	420
914	386
915	333
916	340
917	357
918	331
919	358
920	318
921	271
922	278
923	234
924	236
925	235
926	207
927	222
928	204
929	187
930	208
931	197
932	200
933	161
934	189
935	168
936	198
937	176
938	187
939	187
940	184
941	173
942	216
943	196
944	246
945	240
946	298
947	292
948	333
949	397
950	392
951	425
952	426
953	439
954	425
955	418
956	442
957	416
958	369
959	360
960	319
961	274
962	257
963	195
964	177
965	172
966	169
967	146
968	160
969	135
970	135
971	148
972	144
973	137
974	139
975	164
976	141
977	142
978	144
979	136
980	145
981	135
982	148
983	143
984	162
985	139
986	146
987	165
988	173
989	160
990	167
991	147
992	160
993	163
994	178
995	181
996	175
997	175
998	178
999	194
1000	169
1001	195
1002	203
1003	213
1004	196
1005	175
1006	168
1007	194
1008	184
1009	177
1010	187
1011	173
1012	202
1013	170
1014	170
1015	176
1016	138
1017	162
1018	170
1019	155
1020	145
1021	144
1022	121
1023	108
1024	147
