Date:	08/05/2018		Time:	20:28		Version no:	0.00		Project name:	55		Sample name:	222		Section name:	section		Position	241.715027	mm	E0	0.000000	keV	E1	1.000000	keV/channel	sample surface	5.946641	cm	Tube anode:	Mo		Tube voltage:	30	kV	Tube current:	50	mA	gain	10		std. database			resultfile	result		matrix element	11		sample thickness	1.000000		air passage	0.560000	cm	comments	in position		peaking_time	2.200000	m-sec	trigger_threshold	547.363281	V	mca_bin_width	22.090000	no:	number_mca_channels	1024.000000	no:	gap_time	0.150000	m-sec	trigger_peaking_time	0.200000	m-sec	GAINDAC	18610		HIGHGAIN	1		TAURC	1		RCTAU	1		RCTAUFRAC	1		livetime	9.468888	seconds	runtime	10.000491	seconds	input_count_rate	21837.094282	cps	output_count_rate	18122.109842	cps	triggers	206773	seconds	events_in_run	181230	seconds	channel	content		1	0
2	0
3	0
4	0
5	0
6	0
7	0
8	0
9	0
10	0
11	0
12	0
13	0
14	0
15	0
16	0
17	0
18	0
19	0
20	0
21	0
22	0
23	0
24	0
25	0
26	0
27	0
28	0
29	0
30	0
31	13
32	10
33	18
34	16
35	9
36	16
37	15
38	11
39	10
40	20
41	11
42	9
43	11
44	15
45	15
46	14
47	12
48	14
49	16
50	18
51	10
52	7
53	14
54	14
55	12
56	12
57	13
58	8
59	14
60	13
61	7
62	8
63	10
64	2
65	12
66	8
67	9
68	5
69	10
70	7
71	3
72	8
73	7
74	2
75	8
76	6
77	4
78	7
79	7
80	14
81	9
82	14
83	14
84	6
85	10
86	9
87	6
88	5
89	5
90	6
91	5
92	4
93	8
94	13
95	9
96	16
97	12
98	9
99	15
100	5
101	5
102	10
103	4
104	7
105	5
106	13
107	10
108	4
109	7
110	9
111	7
112	12
113	4
114	5
115	7
116	5
117	4
118	2
119	6
120	6
121	1
122	5
123	8
124	6
125	4
126	7
127	7
128	1
129	3
130	7
131	2
132	6
133	2
134	7
135	4
136	3
137	6
138	2
139	4
140	2
141	4
142	1
143	4
144	3
145	7
146	6
147	5
148	3
149	4
150	4
151	7
152	6
153	8
154	2
155	3
156	4
157	11
158	8
159	12
160	21
161	25
162	37
163	29
164	26
165	22
166	15
167	10
168	10
169	5
170	4
171	5
172	3
173	7
174	10
175	5
176	9
177	5
178	11
179	19
180	14
181	14
182	19
183	23
184	17
185	18
186	13
187	12
188	3
189	4
190	6
191	6
192	3
193	4
194	3
195	11
196	29
197	29
198	75
199	105
200	168
201	253
202	292
203	282
204	253
205	202
206	154
207	121
208	71
209	39
210	21
211	12
212	4
213	6
214	17
215	16
216	18
217	25
218	43
219	56
220	39
221	54
222	38
223	40
224	23
225	16
226	23
227	11
228	5
229	6
230	7
231	2
232	5
233	6
234	7
235	4
236	4
237	7
238	1
239	6
240	6
241	14
242	28
243	63
244	77
245	112
246	115
247	149
248	141
249	154
250	111
251	90
252	86
253	57
254	52
255	39
256	35
257	25
258	26
259	28
260	17
261	6
262	6
263	7
264	12
265	15
266	7
267	19
268	21
269	50
270	32
271	49
272	35
273	40
274	24
275	18
276	15
277	16
278	16
279	9
280	4
281	10
282	6
283	9
284	4
285	6
286	15
287	11
288	9
289	9
290	15
291	13
292	14
293	12
294	16
295	14
296	13
297	17
298	15
299	24
300	10
301	17
302	13
303	7
304	10
305	7
306	11
307	18
308	12
309	13
310	5
311	12
312	13
313	16
314	10
315	19
316	32
317	35
318	55
319	83
320	116
321	139
322	182
323	165
324	142
325	140
326	119
327	106
328	72
329	61
330	42
331	27
332	23
333	21
334	27
335	25
336	23
337	43
338	38
339	61
340	96
341	188
342	308
343	560
344	989
345	1672
346	2456
347	3626
348	4686
349	5801
350	6457
351	6616
352	6364
353	5504
354	4507
355	3331
356	2294
357	1581
358	893
359	491
360	266
361	157
362	82
363	57
364	43
365	29
366	48
367	29
368	38
369	33
370	28
371	34
372	41
373	51
374	52
375	65
376	71
377	90
378	99
379	171
380	275
381	380
382	547
383	714
384	850
385	1018
386	1151
387	1110
388	1065
389	948
390	753
391	517
392	399
393	300
394	179
395	119
396	72
397	31
398	31
399	24
400	21
401	23
402	22
403	29
404	36
405	32
406	26
407	34
408	33
409	40
410	38
411	38
412	29
413	23
414	23
415	22
416	32
417	26
418	25
419	31
420	32
421	20
422	25
423	18
424	37
425	27
426	36
427	36
428	35
429	42
430	37
431	40
432	34
433	20
434	42
435	41
436	40
437	45
438	55
439	66
440	69
441	70
442	70
443	74
444	75
445	80
446	54
447	66
448	69
449	60
450	64
451	64
452	39
453	62
454	72
455	61
456	72
457	63
458	70
459	72
460	70
461	68
462	83
463	58
464	54
465	52
466	64
467	61
468	59
469	54
470	66
471	58
472	61
473	51
474	61
475	56
476	66
477	57
478	57
479	53
480	49
481	59
482	56
483	54
484	61
485	45
486	58
487	64
488	61
489	47
490	58
491	57
492	62
493	53
494	52
495	58
496	48
497	54
498	55
499	67
500	46
501	64
502	65
503	70
504	68
505	87
506	80
507	63
508	72
509	64
510	77
511	81
512	73
513	69
514	83
515	71
516	85
517	94
518	90
519	76
520	69
521	81
522	98
523	83
524	95
525	87
526	88
527	77
528	100
529	101
530	101
531	98
532	101
533	65
534	85
535	75
536	89
537	72
538	81
539	73
540	85
541	101
542	81
543	76
544	78
545	89
546	73
547	78
548	69
549	70
550	71
551	47
552	66
553	68
554	62
555	70
556	79
557	80
558	62
559	70
560	74
561	70
562	76
563	89
564	64
565	74
566	73
567	83
568	74
569	85
570	79
571	73
572	74
573	79
574	71
575	75
576	83
577	70
578	91
579	89
580	81
581	89
582	75
583	89
584	81
585	75
586	71
587	81
588	68
589	80
590	90
591	95
592	90
593	87
594	91
595	81
596	95
597	91
598	74
599	71
600	81
601	90
602	90
603	94
604	95
605	79
606	98
607	88
608	87
609	94
610	102
611	92
612	91
613	106
614	97
615	94
616	101
617	97
618	95
619	86
620	95
621	100
622	94
623	92
624	100
625	83
626	103
627	91
628	103
629	95
630	102
631	88
632	104
633	82
634	85
635	90
636	96
637	104
638	104
639	83
640	100
641	118
642	106
643	97
644	110
645	98
646	103
647	99
648	131
649	102
650	97
651	84
652	112
653	91
654	104
655	95
656	106
657	102
658	115
659	105
660	92
661	111
662	105
663	120
664	95
665	91
666	102
667	92
668	119
669	117
670	111
671	108
672	116
673	113
674	99
675	116
676	96
677	106
678	108
679	80
680	112
681	100
682	100
683	89
684	107
685	114
686	116
687	115
688	116
689	113
690	122
691	122
692	120
693	95
694	125
695	107
696	109
697	113
698	113
699	130
700	110
701	141
702	110
703	121
704	122
705	135
706	106
707	110
708	140
709	133
710	136
711	131
712	101
713	139
714	124
715	133
716	121
717	122
718	119
719	126
720	120
721	129
722	116
723	107
724	123
725	130
726	133
727	127
728	123
729	131
730	139
731	122
732	144
733	122
734	133
735	127
736	116
737	124
738	142
739	114
740	129
741	121
742	111
743	116
744	135
745	124
746	117
747	125
748	129
749	122
750	126
751	132
752	140
753	121
754	116
755	114
756	144
757	115
758	134
759	117
760	140
761	117
762	137
763	136
764	153
765	166
766	184
767	187
768	201
769	235
770	250
771	254
772	285
773	307
774	292
775	253
776	247
777	252
778	255
779	243
780	200
781	183
782	180
783	156
784	147
785	127
786	141
787	141
788	133
789	129
790	120
791	122
792	150
793	135
794	137
795	137
796	126
797	150
798	146
799	152
800	133
801	132
802	145
803	123
804	141
805	136
806	128
807	137
808	157
809	135
810	138
811	139
812	143
813	157
814	157
815	155
816	144
817	129
818	141
819	141
820	148
821	133
822	136
823	139
824	141
825	129
826	160
827	158
828	159
829	148
830	127
831	150
832	118
833	135
834	132
835	128
836	140
837	122
838	148
839	146
840	149
841	124
842	150
843	132
844	158
845	149
846	139
847	129
848	146
849	140
850	150
851	141
852	153
853	160
854	151
855	170
856	172
857	175
858	192
859	183
860	184
861	215
862	233
863	201
864	239
865	233
866	221
867	211
868	185
869	228
870	214
871	214
872	201
873	201
874	196
875	250
876	212
877	264
878	240
879	237
880	293
881	305
882	319
883	338
884	333
885	334
886	345
887	398
888	393
889	410
890	446
891	452
892	464
893	533
894	506
895	498
896	521
897	512
898	555
899	564
900	536
901	520
902	579
903	534
904	516
905	499
906	510
907	490
908	495
909	453
910	450
911	456
912	396
913	400
914	366
915	339
916	355
917	294
918	319
919	281
920	276
921	255
922	249
923	229
924	199
925	219
926	202
927	202
928	204
929	197
930	169
931	180
932	168
933	159
934	168
935	148
936	162
937	169
938	166
939	171
940	180
941	166
942	178
943	211
944	227
945	214
946	272
947	293
948	318
949	314
950	361
951	421
952	394
953	394
954	464
955	422
956	433
957	378
958	356
959	350
960	287
961	290
962	253
963	211
964	180
965	171
966	147
967	174
968	135
969	140
970	133
971	112
972	132
973	120
974	139
975	124
976	126
977	135
978	129
979	145
980	116
981	140
982	146
983	149
984	134
985	120
986	141
987	129
988	139
989	169
990	144
991	150
992	152
993	138
994	141
995	171
996	153
997	181
998	165
999	175
1000	183
1001	176
1002	176
1003	176
1004	161
1005	180
1006	174
1007	195
1008	161
1009	183
1010	169
1011	151
1012	161
1013	169
1014	144
1015	159
1016	148
1017	126
1018	148
1019	142
1020	127
1021	118
1022	156
1023	119
1024	127
