Date:	08/05/2018		Time:	20:08		Version no:	0.00		Project name:	55		Sample name:	222		Section name:	section		Position	220.515030	mm	E0	0.000000	keV	E1	1.000000	keV/channel	sample surface	5.930508	cm	Tube anode:	Mo		Tube voltage:	30	kV	Tube current:	50	mA	gain	10		std. database			resultfile	result		matrix element	11		sample thickness	1.000000		air passage	0.560000	cm	comments	in position		peaking_time	2.200000	m-sec	trigger_threshold	547.363281	V	mca_bin_width	22.090000	no:	number_mca_channels	1024.000000	no:	gap_time	0.150000	m-sec	trigger_peaking_time	0.200000	m-sec	GAINDAC	18610		HIGHGAIN	1		TAURC	1		RCTAU	1		RCTAUFRAC	1		livetime	9.447518	seconds	runtime	10.000486	seconds	input_count_rate	23162.698316	cps	output_count_rate	19092.872850	cps	triggers	218830	seconds	events_in_run	190938	seconds	channel	content		1	0
2	0
3	0
4	0
5	0
6	0
7	0
8	0
9	0
10	0
11	0
12	0
13	0
14	0
15	0
16	0
17	0
18	0
19	0
20	0
21	0
22	0
23	0
24	0
25	0
26	0
27	0
28	0
29	0
30	0
31	15
32	12
33	13
34	10
35	9
36	18
37	25
38	10
39	15
40	19
41	20
42	19
43	13
44	16
45	17
46	17
47	17
48	10
49	11
50	14
51	14
52	20
53	19
54	10
55	14
56	11
57	14
58	16
59	13
60	6
61	7
62	16
63	5
64	13
65	9
66	7
67	8
68	9
69	7
70	9
71	7
72	5
73	6
74	9
75	5
76	6
77	12
78	8
79	10
80	9
81	4
82	9
83	6
84	12
85	10
86	3
87	9
88	4
89	4
90	5
91	10
92	8
93	13
94	9
95	8
96	12
97	17
98	8
99	11
100	9
101	6
102	8
103	6
104	7
105	9
106	8
107	11
108	10
109	11
110	10
111	8
112	9
113	8
114	6
115	4
116	6
117	4
118	6
119	8
120	4
121	6
122	2
123	13
124	4
125	4
126	6
127	9
128	8
129	4
130	3
131	6
132	5
133	4
134	6
135	4
136	3
137	5
138	4
139	1
140	3
141	5
142	5
143	4
144	7
145	5
146	3
147	2
148	4
149	4
150	4
151	7
152	5
153	5
154	4
155	7
156	2
157	6
158	13
159	12
160	19
161	22
162	27
163	30
164	29
165	22
166	18
167	11
168	7
169	6
170	5
171	4
172	6
173	3
174	2
175	5
176	8
177	6
178	7
179	5
180	12
181	15
182	18
183	15
184	15
185	15
186	9
187	5
188	1
189	4
190	4
191	2
192	5
193	5
194	10
195	13
196	19
197	46
198	87
199	146
200	186
201	282
202	288
203	351
204	246
205	244
206	221
207	130
208	65
209	36
210	25
211	11
212	6
213	8
214	11
215	15
216	19
217	25
218	32
219	60
220	48
221	54
222	49
223	35
224	35
225	21
226	21
227	9
228	9
229	7
230	3
231	14
232	4
233	6
234	6
235	7
236	2
237	4
238	9
239	9
240	21
241	30
242	47
243	77
244	121
245	175
246	194
247	206
248	235
249	212
250	168
251	135
252	110
253	59
254	52
255	50
256	39
257	29
258	29
259	14
260	21
261	22
262	11
263	3
264	11
265	14
266	19
267	34
268	41
269	45
270	47
271	59
272	50
273	50
274	50
275	28
276	20
277	17
278	18
279	11
280	5
281	13
282	5
283	11
284	15
285	13
286	14
287	12
288	12
289	16
290	15
291	15
292	13
293	13
294	15
295	22
296	15
297	18
298	23
299	24
300	18
301	12
302	14
303	13
304	9
305	6
306	13
307	17
308	13
309	13
310	13
311	10
312	17
313	10
314	14
315	11
316	36
317	24
318	62
319	79
320	101
321	121
322	138
323	161
324	147
325	139
326	105
327	92
328	74
329	52
330	40
331	33
332	22
333	30
334	31
335	35
336	46
337	51
338	45
339	53
340	81
341	195
342	352
343	633
344	1112
345	1808
346	2776
347	3962
348	5175
349	6336
350	7110
351	7267
352	6972
353	6171
354	4910
355	3764
356	2579
357	1579
358	981
359	557
360	313
361	170
362	95
363	49
364	38
365	35
366	19
367	40
368	30
369	38
370	28
371	43
372	41
373	53
374	51
375	68
376	75
377	98
378	126
379	196
380	299
381	447
382	577
383	746
384	958
385	1131
386	1237
387	1196
388	1182
389	1066
390	839
391	674
392	454
393	296
394	189
395	119
396	71
397	47
398	27
399	36
400	31
401	31
402	25
403	21
404	34
405	23
406	41
407	27
408	27
409	32
410	36
411	25
412	35
413	29
414	27
415	31
416	33
417	23
418	34
419	26
420	25
421	28
422	30
423	36
424	35
425	31
426	26
427	39
428	34
429	24
430	30
431	37
432	28
433	29
434	37
435	40
436	48
437	60
438	52
439	70
440	65
441	59
442	58
443	56
444	62
445	69
446	53
447	65
448	36
449	59
450	43
451	66
452	66
453	56
454	61
455	62
456	66
457	72
458	66
459	66
460	75
461	58
462	74
463	71
464	56
465	45
466	58
467	65
468	53
469	59
470	70
471	57
472	75
473	60
474	65
475	76
476	64
477	50
478	52
479	61
480	36
481	48
482	57
483	51
484	48
485	59
486	40
487	53
488	56
489	52
490	47
491	57
492	55
493	40
494	47
495	64
496	52
497	62
498	54
499	57
500	62
501	62
502	59
503	64
504	68
505	67
506	54
507	61
508	65
509	79
510	81
511	70
512	85
513	66
514	69
515	79
516	69
517	65
518	64
519	88
520	86
521	95
522	84
523	85
524	80
525	92
526	76
527	87
528	76
529	99
530	99
531	82
532	91
533	77
534	90
535	80
536	75
537	67
538	81
539	72
540	70
541	79
542	79
543	73
544	68
545	100
546	64
547	83
548	71
549	78
550	76
551	68
552	76
553	73
554	61
555	65
556	67
557	64
558	68
559	79
560	79
561	61
562	71
563	71
564	79
565	59
566	63
567	75
568	84
569	84
570	64
571	63
572	82
573	79
574	87
575	70
576	67
577	78
578	85
579	85
580	78
581	69
582	82
583	83
584	103
585	72
586	97
587	77
588	95
589	89
590	82
591	94
592	89
593	85
594	91
595	94
596	90
597	79
598	89
599	86
600	99
601	88
602	87
603	100
604	91
605	75
606	86
607	90
608	81
609	89
610	84
611	109
612	106
613	95
614	91
615	93
616	93
617	86
618	108
619	93
620	91
621	99
622	74
623	94
624	87
625	115
626	98
627	99
628	92
629	103
630	83
631	102
632	103
633	113
634	101
635	101
636	89
637	114
638	119
639	85
640	88
641	95
642	128
643	131
644	101
645	88
646	112
647	95
648	119
649	116
650	116
651	105
652	119
653	129
654	111
655	93
656	103
657	114
658	102
659	119
660	102
661	123
662	102
663	103
664	93
665	125
666	116
667	102
668	114
669	117
670	105
671	90
672	122
673	108
674	94
675	112
676	110
677	113
678	100
679	119
680	107
681	126
682	104
683	123
684	109
685	136
686	115
687	112
688	132
689	126
690	107
691	104
692	126
693	106
694	115
695	133
696	109
697	127
698	134
699	105
700	133
701	138
702	139
703	120
704	119
705	127
706	138
707	121
708	111
709	114
710	145
711	110
712	129
713	112
714	125
715	122
716	119
717	140
718	91
719	121
720	125
721	145
722	99
723	125
724	116
725	118
726	122
727	138
728	118
729	130
730	128
731	112
732	145
733	149
734	132
735	141
736	135
737	126
738	130
739	131
740	126
741	120
742	129
743	138
744	115
745	146
746	140
747	112
748	113
749	122
750	142
751	123
752	130
753	121
754	136
755	123
756	113
757	156
758	129
759	137
760	139
761	146
762	144
763	148
764	187
765	165
766	180
767	204
768	221
769	211
770	243
771	233
772	274
773	258
774	250
775	285
776	267
777	261
778	227
779	186
780	185
781	168
782	184
783	157
784	140
785	164
786	104
787	116
788	136
789	124
790	140
791	139
792	145
793	139
794	133
795	117
796	120
797	139
798	129
799	134
800	123
801	134
802	142
803	135
804	139
805	157
806	133
807	134
808	139
809	153
810	147
811	140
812	159
813	178
814	151
815	134
816	146
817	136
818	135
819	143
820	137
821	132
822	148
823	148
824	140
825	146
826	128
827	133
828	152
829	142
830	143
831	153
832	165
833	144
834	136
835	135
836	136
837	136
838	158
839	146
840	155
841	150
842	140
843	139
844	144
845	138
846	153
847	155
848	160
849	126
850	169
851	156
852	147
853	170
854	189
855	170
856	172
857	186
858	170
859	168
860	199
861	224
862	229
863	232
864	229
865	190
866	217
867	223
868	218
869	224
870	224
871	219
872	237
873	240
874	218
875	235
876	218
877	261
878	245
879	235
880	267
881	295
882	308
883	334
884	365
885	356
886	337
887	364
888	387
889	410
890	450
891	442
892	470
893	510
894	500
895	532
896	548
897	551
898	591
899	553
900	530
901	599
902	555
903	577
904	544
905	564
906	496
907	500
908	468
909	483
910	464
911	433
912	424
913	397
914	392
915	369
916	311
917	325
918	338
919	280
920	280
921	237
922	244
923	243
924	235
925	237
926	243
927	188
928	184
929	200
930	170
931	158
932	202
933	177
934	159
935	168
936	153
937	159
938	176
939	190
940	144
941	196
942	187
943	193
944	241
945	274
946	287
947	279
948	338
949	340
950	358
951	392
952	409
953	420
954	426
955	434
956	434
957	371
958	344
959	282
960	263
961	286
962	232
963	229
964	195
965	170
966	175
967	153
968	141
969	129
970	150
971	138
972	112
973	125
974	130
975	107
976	142
977	135
978	141
979	123
980	138
981	139
982	137
983	155
984	131
985	160
986	139
987	152
988	136
989	154
990	144
991	156
992	137
993	138
994	158
995	166
996	177
997	185
998	184
999	170
1000	179
1001	198
1002	175
1003	180
1004	181
1005	174
1006	195
1007	168
1008	152
1009	186
1010	174
1011	192
1012	170
1013	172
1014	156
1015	141
1016	177
1017	142
1018	146
1019	134
1020	131
1021	144
1022	115
1023	112
1024	119
