Date:	08/05/2018		Time:	18:01		Version no:	0.00		Project name:	55		Sample name:	222		Section name:	section		Position	86.915031	mm	E0	0.000000	keV	E1	1.000000	keV/channel	sample surface	5.957591	cm	Tube anode:	Mo		Tube voltage:	30	kV	Tube current:	50	mA	gain	10		std. database			resultfile	result		matrix element	11		sample thickness	1.000000		air passage	0.560000	cm	comments	in position		peaking_time	2.200000	m-sec	trigger_threshold	547.363281	V	mca_bin_width	22.090000	no:	number_mca_channels	1024.000000	no:	gap_time	0.150000	m-sec	trigger_peaking_time	0.200000	m-sec	GAINDAC	18610		HIGHGAIN	1		TAURC	1		RCTAU	1		RCTAUFRAC	1		livetime	9.444498	seconds	runtime	10.000491	seconds	input_count_rate	23877.395024	cps	output_count_rate	19593.437570	cps	triggers	225510	seconds	events_in_run	195944	seconds	channel	content		1	0
2	0
3	0
4	0
5	0
6	0
7	0
8	0
9	0
10	0
11	0
12	0
13	0
14	0
15	0
16	0
17	0
18	0
19	0
20	0
21	0
22	0
23	0
24	0
25	0
26	0
27	0
28	0
29	0
30	0
31	13
32	17
33	6
34	8
35	21
36	13
37	6
38	12
39	18
40	20
41	6
42	13
43	13
44	15
45	9
46	14
47	11
48	12
49	10
50	13
51	11
52	12
53	18
54	13
55	14
56	12
57	10
58	9
59	9
60	12
61	6
62	7
63	8
64	8
65	13
66	7
67	11
68	8
69	8
70	10
71	3
72	3
73	7
74	2
75	11
76	10
77	8
78	8
79	11
80	6
81	8
82	14
83	7
84	16
85	13
86	8
87	7
88	6
89	4
90	4
91	6
92	5
93	9
94	14
95	15
96	12
97	18
98	11
99	20
100	8
101	8
102	10
103	11
104	6
105	7
106	7
107	13
108	15
109	13
110	13
111	10
112	8
113	4
114	4
115	7
116	7
117	4
118	4
119	2
120	5
121	2
122	6
123	6
124	7
125	5
126	6
127	1
128	5
129	5
130	5
131	8
132	2
133	5
134	5
135	6
136	1
137	1
138	4
139	5
140	1
141	7
142	8
143	4
144	3
145	5
146	5
147	4
148	2
149	2
150	4
151	3
152	6
153	4
154	8
155	3
156	4
157	7
158	14
159	12
160	16
161	23
162	19
163	40
164	27
165	21
166	19
167	11
168	3
169	6
170	5
171	4
172	3
173	5
174	5
175	9
176	5
177	8
178	17
179	18
180	18
181	26
182	25
183	30
184	19
185	22
186	13
187	6
188	4
189	1
190	5
191	5
192	2
193	12
194	6
195	20
196	36
197	65
198	101
199	173
200	263
201	337
202	383
203	449
204	395
205	335
206	267
207	176
208	116
209	59
210	34
211	11
212	8
213	8
214	11
215	25
216	36
217	36
218	48
219	66
220	81
221	67
222	45
223	63
224	51
225	30
226	18
227	14
228	11
229	5
230	8
231	4
232	6
233	4
234	0
235	6
236	1
237	3
238	11
239	16
240	18
241	34
242	53
243	82
244	93
245	157
246	194
247	248
248	228
249	236
250	203
251	148
252	101
253	72
254	62
255	55
256	40
257	37
258	36
259	23
260	13
261	17
262	14
263	11
264	14
265	22
266	25
267	32
268	45
269	42
270	55
271	50
272	58
273	44
274	29
275	36
276	19
277	21
278	19
279	6
280	7
281	13
282	9
283	6
284	7
285	4
286	15
287	12
288	15
289	14
290	9
291	6
292	12
293	13
294	15
295	15
296	17
297	17
298	13
299	17
300	12
301	9
302	11
303	13
304	20
305	14
306	6
307	20
308	12
309	15
310	17
311	13
312	10
313	12
314	19
315	23
316	25
317	25
318	53
319	74
320	108
321	111
322	141
323	162
324	149
325	132
326	117
327	97
328	78
329	53
330	41
331	33
332	29
333	28
334	28
335	43
336	36
337	27
338	43
339	72
340	114
341	225
342	417
343	685
344	1183
345	2000
346	3101
347	4351
348	6001
349	7171
350	7926
351	8137
352	7865
353	6869
354	5698
355	4220
356	2826
357	1873
358	1092
359	608
360	314
361	190
362	103
363	54
364	33
365	31
366	42
367	30
368	32
369	55
370	53
371	49
372	32
373	52
374	74
375	83
376	80
377	101
378	171
379	236
380	298
381	482
382	679
383	841
384	1032
385	1248
386	1372
387	1377
388	1297
389	1172
390	883
391	712
392	462
393	331
394	208
395	116
396	65
397	56
398	45
399	25
400	26
401	28
402	17
403	34
404	32
405	45
406	32
407	36
408	28
409	42
410	29
411	29
412	46
413	31
414	28
415	26
416	24
417	34
418	28
419	21
420	30
421	24
422	31
423	23
424	27
425	30
426	29
427	27
428	31
429	32
430	42
431	35
432	25
433	27
434	30
435	32
436	42
437	46
438	55
439	44
440	70
441	71
442	64
443	71
444	57
445	49
446	63
447	58
448	55
449	53
450	61
451	65
452	66
453	60
454	74
455	71
456	68
457	84
458	74
459	70
460	72
461	93
462	77
463	55
464	58
465	62
466	48
467	56
468	48
469	55
470	51
471	70
472	67
473	81
474	72
475	65
476	47
477	57
478	60
479	53
480	57
481	51
482	48
483	50
484	44
485	53
486	37
487	48
488	55
489	61
490	49
491	49
492	65
493	44
494	61
495	62
496	58
497	71
498	71
499	69
500	63
501	57
502	59
503	71
504	55
505	74
506	71
507	64
508	78
509	70
510	98
511	66
512	71
513	79
514	84
515	79
516	85
517	71
518	89
519	91
520	95
521	80
522	89
523	74
524	68
525	95
526	100
527	77
528	91
529	82
530	95
531	86
532	66
533	90
534	83
535	72
536	71
537	83
538	75
539	77
540	74
541	81
542	83
543	90
544	84
545	85
546	80
547	80
548	75
549	69
550	68
551	66
552	70
553	70
554	79
555	82
556	66
557	82
558	74
559	72
560	74
561	83
562	77
563	73
564	69
565	89
566	86
567	76
568	71
569	82
570	67
571	74
572	74
573	78
574	92
575	74
576	80
577	82
578	75
579	76
580	85
581	84
582	75
583	79
584	73
585	87
586	86
587	84
588	80
589	79
590	88
591	66
592	95
593	93
594	92
595	88
596	95
597	83
598	90
599	78
600	95
601	102
602	91
603	94
604	89
605	87
606	90
607	88
608	80
609	96
610	101
611	93
612	104
613	91
614	99
615	85
616	104
617	80
618	94
619	96
620	102
621	85
622	88
623	105
624	89
625	111
626	87
627	96
628	90
629	93
630	87
631	81
632	90
633	95
634	103
635	115
636	103
637	103
638	79
639	92
640	102
641	99
642	104
643	83
644	126
645	98
646	100
647	99
648	98
649	118
650	85
651	117
652	95
653	110
654	112
655	109
656	95
657	106
658	105
659	98
660	102
661	102
662	111
663	99
664	103
665	105
666	102
667	119
668	120
669	97
670	87
671	113
672	104
673	101
674	101
675	102
676	101
677	103
678	93
679	85
680	96
681	118
682	93
683	105
684	112
685	103
686	107
687	109
688	107
689	129
690	99
691	114
692	124
693	122
694	133
695	107
696	118
697	100
698	122
699	106
700	137
701	129
702	108
703	130
704	133
705	138
706	116
707	107
708	118
709	122
710	120
711	115
712	102
713	115
714	122
715	114
716	121
717	108
718	116
719	117
720	106
721	121
722	120
723	111
724	131
725	115
726	113
727	119
728	129
729	110
730	134
731	129
732	96
733	119
734	133
735	129
736	141
737	126
738	145
739	137
740	139
741	120
742	127
743	139
744	137
745	117
746	101
747	129
748	115
749	101
750	126
751	107
752	146
753	106
754	135
755	114
756	130
757	124
758	131
759	143
760	129
761	125
762	171
763	140
764	139
765	158
766	168
767	198
768	207
769	207
770	259
771	214
772	292
773	251
774	297
775	250
776	258
777	235
778	209
779	199
780	190
781	152
782	136
783	177
784	132
785	129
786	108
787	144
788	124
789	134
790	123
791	140
792	126
793	117
794	126
795	114
796	130
797	109
798	117
799	125
800	134
801	144
802	103
803	134
804	125
805	167
806	151
807	135
808	147
809	147
810	113
811	145
812	138
813	154
814	143
815	142
816	121
817	144
818	155
819	166
820	166
821	165
822	125
823	134
824	138
825	117
826	122
827	127
828	134
829	126
830	147
831	112
832	124
833	141
834	138
835	120
836	122
837	141
838	135
839	119
840	145
841	133
842	147
843	138
844	151
845	148
846	145
847	152
848	136
849	154
850	146
851	133
852	169
853	163
854	144
855	177
856	176
857	180
858	163
859	196
860	195
861	190
862	189
863	200
864	228
865	190
866	212
867	208
868	195
869	188
870	191
871	189
872	200
873	205
874	181
875	195
876	224
877	230
878	235
879	260
880	249
881	303
882	237
883	264
884	300
885	295
886	362
887	340
888	391
889	370
890	407
891	413
892	458
893	469
894	460
895	480
896	502
897	509
898	531
899	501
900	512
901	508
902	502
903	508
904	460
905	486
906	509
907	448
908	440
909	449
910	429
911	413
912	380
913	333
914	319
915	307
916	330
917	307
918	287
919	296
920	262
921	229
922	249
923	231
924	231
925	199
926	199
927	172
928	175
929	197
930	175
931	153
932	162
933	163
934	175
935	133
936	165
937	174
938	171
939	146
940	167
941	157
942	205
943	196
944	225
945	255
946	249
947	275
948	307
949	327
950	369
951	422
952	384
953	420
954	407
955	399
956	384
957	360
958	349
959	323
960	290
961	229
962	215
963	186
964	189
965	181
966	126
967	146
968	129
969	125
970	131
971	130
972	123
973	112
974	124
975	113
976	140
977	127
978	111
979	113
980	139
981	116
982	120
983	110
984	119
985	141
986	146
987	123
988	138
989	115
990	162
991	130
992	154
993	125
994	151
995	140
996	156
997	148
998	158
999	161
1000	165
1001	176
1002	172
1003	185
1004	154
1005	165
1006	149
1007	167
1008	159
1009	157
1010	157
1011	157
1012	146
1013	184
1014	152
1015	127
1016	140
1017	138
1018	138
1019	120
1020	134
1021	132
1022	102
1023	106
1024	106
