Date:	08/05/2018		Time:	19:10		Version no:	0.00		Project name:	55		Sample name:	222		Section name:	section		Position	159.915024	mm	E0	0.000000	keV	E1	1.000000	keV/channel	sample surface	5.888567	cm	Tube anode:	Mo		Tube voltage:	30	kV	Tube current:	50	mA	gain	10		std. database			resultfile	result		matrix element	11		sample thickness	1.000000		air passage	0.560000	cm	comments	in position		peaking_time	2.200000	m-sec	trigger_threshold	547.363281	V	mca_bin_width	22.090000	no:	number_mca_channels	1024.000000	no:	gap_time	0.150000	m-sec	trigger_peaking_time	0.200000	m-sec	GAINDAC	18610		HIGHGAIN	1		TAURC	1		RCTAU	1		RCTAUFRAC	1		livetime	9.441020	seconds	runtime	10.000490	seconds	input_count_rate	23708.561151	cps	output_count_rate	19475.946458	cps	triggers	223833	seconds	events_in_run	194769	seconds	channel	content		1	0
2	0
3	0
4	0
5	0
6	0
7	0
8	0
9	0
10	0
11	0
12	0
13	0
14	0
15	0
16	0
17	0
18	0
19	0
20	0
21	0
22	0
23	0
24	0
25	0
26	0
27	0
28	0
29	0
30	0
31	21
32	19
33	15
34	11
35	9
36	12
37	19
38	16
39	10
40	15
41	8
42	14
43	18
44	15
45	17
46	15
47	11
48	10
49	15
50	12
51	6
52	12
53	13
54	12
55	13
56	15
57	14
58	14
59	9
60	7
61	6
62	15
63	10
64	13
65	11
66	11
67	14
68	9
69	5
70	5
71	6
72	12
73	10
74	10
75	4
76	9
77	4
78	6
79	8
80	11
81	11
82	10
83	8
84	9
85	7
86	3
87	10
88	11
89	7
90	4
91	3
92	5
93	7
94	7
95	17
96	16
97	9
98	11
99	10
100	3
101	7
102	4
103	4
104	12
105	4
106	8
107	3
108	11
109	11
110	11
111	10
112	4
113	1
114	7
115	7
116	4
117	4
118	4
119	4
120	8
121	6
122	8
123	4
124	3
125	4
126	4
127	3
128	1
129	1
130	3
131	2
132	2
133	2
134	2
135	1
136	5
137	1
138	3
139	3
140	4
141	2
142	6
143	4
144	1
145	2
146	4
147	2
148	2
149	5
150	4
151	1
152	4
153	6
154	3
155	3
156	7
157	8
158	16
159	5
160	19
161	32
162	26
163	32
164	25
165	27
166	16
167	14
168	10
169	4
170	6
171	4
172	2
173	6
174	4
175	6
176	9
177	4
178	12
179	13
180	11
181	14
182	15
183	12
184	13
185	13
186	14
187	7
188	7
189	2
190	8
191	6
192	6
193	1
194	12
195	15
196	21
197	45
198	85
199	112
200	172
201	232
202	255
203	249
204	277
205	239
206	177
207	114
208	59
209	42
210	23
211	7
212	9
213	9
214	16
215	11
216	21
217	35
218	40
219	44
220	38
221	43
222	37
223	45
224	28
225	19
226	16
227	7
228	8
229	6
230	7
231	2
232	8
233	3
234	4
235	2
236	3
237	2
238	6
239	7
240	9
241	14
242	35
243	64
244	91
245	110
246	132
247	161
248	167
249	129
250	120
251	114
252	76
253	73
254	37
255	57
256	36
257	35
258	21
259	30
260	14
261	18
262	10
263	7
264	15
265	10
266	30
267	31
268	32
269	36
270	47
271	38
272	43
273	36
274	32
275	14
276	23
277	17
278	13
279	5
280	13
281	13
282	14
283	12
284	10
285	10
286	13
287	13
288	19
289	21
290	16
291	14
292	16
293	21
294	18
295	20
296	28
297	10
298	15
299	15
300	22
301	20
302	10
303	10
304	13
305	13
306	14
307	14
308	17
309	10
310	16
311	15
312	13
313	22
314	20
315	27
316	41
317	57
318	101
319	132
320	167
321	234
322	279
323	279
324	282
325	229
326	226
327	198
328	127
329	95
330	68
331	43
332	34
333	22
334	32
335	27
336	28
337	41
338	48
339	63
340	95
341	203
342	338
343	682
344	1166
345	1869
346	2924
347	4208
348	5595
349	6658
350	7614
351	8041
352	7619
353	6444
354	5366
355	3996
356	2671
357	1854
358	1041
359	601
360	344
361	179
362	103
363	68
364	40
365	46
366	35
367	41
368	39
369	33
370	40
371	34
372	32
373	39
374	59
375	62
376	78
377	102
378	139
379	221
380	318
381	461
382	627
383	784
384	1112
385	1223
386	1294
387	1302
388	1214
389	1063
390	891
391	625
392	457
393	354
394	213
395	132
396	73
397	48
398	31
399	32
400	22
401	24
402	29
403	26
404	18
405	26
406	29
407	38
408	36
409	21
410	28
411	47
412	35
413	30
414	28
415	37
416	31
417	27
418	36
419	27
420	37
421	34
422	33
423	25
424	27
425	22
426	28
427	31
428	31
429	28
430	30
431	40
432	36
433	25
434	47
435	45
436	52
437	45
438	44
439	50
440	47
441	57
442	85
443	60
444	52
445	68
446	50
447	53
448	55
449	69
450	54
451	46
452	54
453	60
454	60
455	62
456	76
457	85
458	55
459	76
460	84
461	73
462	73
463	61
464	53
465	63
466	45
467	50
468	59
469	48
470	59
471	54
472	73
473	54
474	45
475	71
476	54
477	44
478	33
479	53
480	52
481	45
482	41
483	56
484	51
485	52
486	45
487	44
488	55
489	59
490	51
491	45
492	60
493	52
494	55
495	45
496	56
497	57
498	65
499	58
500	61
501	52
502	57
503	69
504	49
505	63
506	75
507	70
508	74
509	84
510	72
511	71
512	81
513	78
514	81
515	66
516	72
517	73
518	88
519	87
520	76
521	90
522	79
523	83
524	83
525	86
526	88
527	79
528	89
529	92
530	84
531	82
532	83
533	87
534	99
535	83
536	81
537	83
538	90
539	78
540	67
541	68
542	89
543	83
544	77
545	86
546	62
547	88
548	95
549	78
550	68
551	66
552	62
553	80
554	75
555	78
556	88
557	55
558	75
559	60
560	73
561	55
562	73
563	95
564	78
565	91
566	81
567	81
568	78
569	78
570	84
571	77
572	70
573	85
574	83
575	88
576	88
577	82
578	78
579	89
580	77
581	91
582	70
583	78
584	84
585	76
586	82
587	83
588	82
589	79
590	79
591	91
592	77
593	94
594	96
595	81
596	81
597	90
598	80
599	95
600	96
601	75
602	96
603	88
604	96
605	77
606	89
607	98
608	95
609	74
610	92
611	69
612	92
613	84
614	97
615	82
616	106
617	110
618	94
619	114
620	104
621	98
622	111
623	85
624	84
625	87
626	98
627	100
628	112
629	86
630	86
631	82
632	88
633	86
634	113
635	71
636	127
637	117
638	98
639	101
640	115
641	121
642	101
643	108
644	96
645	97
646	103
647	107
648	119
649	96
650	108
651	118
652	108
653	109
654	89
655	114
656	119
657	86
658	122
659	112
660	118
661	129
662	107
663	93
664	102
665	114
666	100
667	110
668	91
669	109
670	106
671	105
672	109
673	91
674	100
675	95
676	104
677	118
678	121
679	115
680	100
681	107
682	115
683	109
684	110
685	123
686	103
687	109
688	118
689	114
690	106
691	108
692	102
693	112
694	116
695	115
696	116
697	104
698	129
699	101
700	114
701	112
702	119
703	141
704	123
705	126
706	132
707	110
708	116
709	136
710	121
711	109
712	122
713	116
714	125
715	100
716	112
717	126
718	123
719	88
720	114
721	112
722	124
723	115
724	131
725	130
726	108
727	144
728	124
729	118
730	128
731	140
732	135
733	148
734	139
735	106
736	139
737	116
738	128
739	126
740	126
741	148
742	112
743	152
744	115
745	114
746	112
747	121
748	128
749	141
750	125
751	116
752	121
753	145
754	119
755	147
756	151
757	133
758	127
759	150
760	126
761	143
762	131
763	154
764	171
765	191
766	193
767	208
768	187
769	246
770	252
771	273
772	303
773	267
774	259
775	301
776	279
777	257
778	248
779	216
780	178
781	179
782	158
783	142
784	161
785	144
786	145
787	138
788	122
789	130
790	141
791	114
792	115
793	130
794	129
795	123
796	128
797	118
798	144
799	124
800	135
801	133
802	160
803	118
804	158
805	118
806	154
807	127
808	132
809	118
810	139
811	97
812	168
813	137
814	154
815	135
816	157
817	153
818	149
819	145
820	162
821	126
822	143
823	141
824	141
825	136
826	165
827	128
828	141
829	143
830	118
831	151
832	131
833	132
834	135
835	150
836	134
837	159
838	161
839	149
840	168
841	146
842	158
843	140
844	178
845	144
846	141
847	156
848	148
849	157
850	161
851	176
852	149
853	175
854	176
855	189
856	174
857	172
858	188
859	187
860	186
861	202
862	197
863	234
864	214
865	212
866	223
867	190
868	231
869	226
870	202
871	222
872	201
873	213
874	231
875	203
876	212
877	231
878	271
879	256
880	268
881	294
882	272
883	312
884	315
885	320
886	323
887	398
888	387
889	403
890	402
891	456
892	472
893	493
894	531
895	493
896	553
897	493
898	543
899	540
900	570
901	588
902	536
903	549
904	472
905	522
906	495
907	517
908	462
909	463
910	468
911	427
912	406
913	369
914	354
915	335
916	398
917	321
918	290
919	253
920	260
921	241
922	226
923	228
924	224
925	212
926	209
927	214
928	171
929	184
930	182
931	179
932	182
933	165
934	185
935	167
936	160
937	169
938	182
939	161
940	177
941	163
942	189
943	198
944	249
945	256
946	253
947	273
948	318
949	377
950	380
951	327
952	383
953	417
954	400
955	427
956	426
957	343
958	347
959	307
960	285
961	291
962	254
963	191
964	165
965	167
966	140
967	143
968	127
969	123
970	128
971	120
972	151
973	137
974	111
975	138
976	118
977	133
978	133
979	130
980	138
981	142
982	135
983	137
984	135
985	152
986	157
987	143
988	127
989	141
990	157
991	158
992	129
993	163
994	137
995	160
996	147
997	153
998	167
999	187
1000	166
1001	169
1002	183
1003	195
1004	180
1005	161
1006	165
1007	162
1008	187
1009	171
1010	165
1011	174
1012	163
1013	147
1014	164
1015	139
1016	162
1017	142
1018	143
1019	137
1020	134
1021	133
1022	118
1023	126
1024	118
