Date:	08/05/2018		Time:	18:54		Version no:	0.00		Project name:	55		Sample name:	222		Section name:	section		Position	142.515030	mm	E0	0.000000	keV	E1	1.000000	keV/channel	sample surface	5.918726	cm	Tube anode:	Mo		Tube voltage:	30	kV	Tube current:	50	mA	gain	10		std. database			resultfile	result		matrix element	11		sample thickness	1.000000		air passage	0.560000	cm	comments	in position		peaking_time	2.200000	m-sec	trigger_threshold	547.363281	V	mca_bin_width	22.090000	no:	number_mca_channels	1024.000000	no:	gap_time	0.150000	m-sec	trigger_peaking_time	0.200000	m-sec	GAINDAC	18610		HIGHGAIN	1		TAURC	1		RCTAU	1		RCTAUFRAC	1		livetime	9.467778	seconds	runtime	10.000494	seconds	input_count_rate	22188.417269	cps	output_count_rate	18386.090992	cps	triggers	210075	seconds	events_in_run	183870	seconds	channel	content		1	0
2	0
3	0
4	0
5	0
6	0
7	0
8	0
9	0
10	0
11	0
12	0
13	0
14	0
15	0
16	0
17	0
18	0
19	0
20	0
21	0
22	0
23	0
24	0
25	0
26	0
27	0
28	0
29	0
30	0
31	18
32	19
33	14
34	9
35	8
36	17
37	19
38	19
39	15
40	12
41	13
42	18
43	14
44	9
45	10
46	11
47	13
48	13
49	12
50	11
51	9
52	11
53	15
54	17
55	12
56	11
57	13
58	13
59	3
60	6
61	7
62	7
63	14
64	10
65	7
66	12
67	5
68	7
69	5
70	14
71	12
72	6
73	9
74	8
75	10
76	12
77	13
78	11
79	4
80	15
81	14
82	7
83	8
84	13
85	7
86	7
87	9
88	4
89	8
90	13
91	6
92	7
93	5
94	13
95	10
96	7
97	15
98	8
99	11
100	8
101	4
102	5
103	2
104	4
105	5
106	9
107	6
108	3
109	10
110	7
111	12
112	3
113	4
114	7
115	4
116	8
117	7
118	4
119	3
120	2
121	3
122	5
123	8
124	3
125	4
126	4
127	2
128	5
129	4
130	2
131	6
132	8
133	5
134	2
135	2
136	7
137	2
138	3
139	1
140	2
141	4
142	1
143	1
144	7
145	6
146	4
147	3
148	3
149	5
150	5
151	5
152	8
153	3
154	4
155	7
156	11
157	5
158	10
159	13
160	16
161	23
162	28
163	27
164	37
165	27
166	23
167	11
168	6
169	7
170	3
171	3
172	2
173	1
174	6
175	7
176	14
177	12
178	5
179	8
180	12
181	18
182	30
183	22
184	19
185	16
186	12
187	4
188	1
189	4
190	4
191	4
192	6
193	6
194	4
195	7
196	29
197	41
198	83
199	125
200	170
201	222
202	256
203	287
204	259
205	192
206	164
207	105
208	64
209	36
210	19
211	9
212	11
213	5
214	9
215	16
216	21
217	34
218	27
219	43
220	53
221	44
222	31
223	32
224	31
225	17
226	15
227	10
228	6
229	5
230	6
231	6
232	5
233	3
234	3
235	9
236	6
237	2
238	4
239	4
240	13
241	24
242	29
243	60
244	65
245	94
246	114
247	108
248	145
249	141
250	101
251	87
252	75
253	47
254	43
255	39
256	37
257	19
258	18
259	27
260	17
261	6
262	11
263	9
264	9
265	14
266	22
267	25
268	36
269	25
270	36
271	38
272	39
273	30
274	37
275	18
276	18
277	10
278	9
279	12
280	7
281	9
282	4
283	10
284	9
285	10
286	15
287	8
288	10
289	11
290	12
291	10
292	15
293	26
294	10
295	23
296	13
297	20
298	15
299	20
300	10
301	16
302	13
303	5
304	16
305	6
306	16
307	13
308	13
309	10
310	10
311	9
312	12
313	6
314	25
315	17
316	23
317	36
318	67
319	96
320	142
321	153
322	174
323	167
324	196
325	176
326	160
327	116
328	88
329	54
330	44
331	29
332	27
333	28
334	20
335	29
336	33
337	32
338	47
339	60
340	80
341	160
342	341
343	604
344	1046
345	1761
346	2672
347	3882
348	4934
349	6085
350	6755
351	6982
352	6619
353	5935
354	4779
355	3612
356	2537
357	1586
358	918
359	525
360	276
361	150
362	89
363	54
364	49
365	37
366	31
367	37
368	43
369	24
370	39
371	41
372	42
373	46
374	46
375	62
376	93
377	79
378	158
379	198
380	299
381	375
382	551
383	696
384	945
385	1081
386	1243
387	1146
388	1120
389	953
390	792
391	593
392	429
393	305
394	156
395	108
396	60
397	52
398	28
399	28
400	27
401	31
402	26
403	17
404	24
405	22
406	31
407	43
408	32
409	40
410	26
411	38
412	33
413	29
414	24
415	36
416	30
417	12
418	23
419	31
420	24
421	20
422	30
423	29
424	32
425	25
426	26
427	26
428	31
429	39
430	31
431	30
432	47
433	42
434	34
435	42
436	44
437	49
438	74
439	58
440	58
441	48
442	59
443	53
444	54
445	53
446	56
447	64
448	64
449	47
450	46
451	79
452	63
453	47
454	62
455	61
456	64
457	66
458	76
459	78
460	61
461	77
462	68
463	44
464	49
465	50
466	52
467	52
468	49
469	49
470	59
471	54
472	59
473	58
474	62
475	57
476	61
477	59
478	38
479	46
480	60
481	49
482	51
483	46
484	49
485	58
486	56
487	60
488	56
489	55
490	46
491	53
492	52
493	52
494	44
495	53
496	60
497	50
498	46
499	42
500	57
501	64
502	74
503	68
504	60
505	71
506	69
507	84
508	71
509	72
510	81
511	70
512	63
513	79
514	65
515	69
516	64
517	74
518	72
519	87
520	80
521	64
522	72
523	73
524	85
525	96
526	96
527	101
528	90
529	77
530	88
531	76
532	97
533	84
534	76
535	88
536	82
537	63
538	66
539	74
540	61
541	69
542	66
543	82
544	81
545	63
546	74
547	89
548	82
549	83
550	73
551	75
552	73
553	70
554	63
555	59
556	83
557	62
558	57
559	79
560	49
561	64
562	59
563	68
564	96
565	73
566	81
567	67
568	74
569	67
570	67
571	77
572	73
573	72
574	74
575	74
576	66
577	81
578	87
579	76
580	84
581	84
582	76
583	86
584	75
585	79
586	84
587	85
588	92
589	69
590	68
591	68
592	89
593	93
594	74
595	83
596	87
597	86
598	108
599	68
600	82
601	79
602	99
603	84
604	85
605	77
606	90
607	96
608	71
609	85
610	93
611	91
612	85
613	85
614	83
615	97
616	92
617	86
618	96
619	77
620	89
621	103
622	94
623	90
624	85
625	95
626	105
627	82
628	92
629	98
630	97
631	103
632	102
633	111
634	81
635	112
636	105
637	119
638	100
639	84
640	93
641	104
642	96
643	96
644	106
645	104
646	87
647	81
648	105
649	112
650	122
651	94
652	111
653	104
654	103
655	103
656	92
657	104
658	106
659	99
660	105
661	109
662	130
663	105
664	95
665	93
666	108
667	108
668	112
669	112
670	106
671	123
672	106
673	108
674	122
675	98
676	118
677	109
678	105
679	109
680	116
681	110
682	103
683	119
684	112
685	113
686	114
687	114
688	115
689	116
690	124
691	96
692	117
693	101
694	124
695	104
696	116
697	114
698	115
699	124
700	118
701	119
702	124
703	135
704	146
705	124
706	106
707	119
708	110
709	119
710	139
711	117
712	111
713	106
714	136
715	112
716	123
717	105
718	107
719	123
720	111
721	133
722	133
723	106
724	130
725	115
726	116
727	112
728	141
729	118
730	117
731	132
732	128
733	127
734	130
735	121
736	127
737	135
738	140
739	131
740	101
741	110
742	127
743	129
744	114
745	117
746	117
747	121
748	132
749	99
750	132
751	118
752	118
753	131
754	138
755	134
756	105
757	135
758	139
759	146
760	127
761	122
762	152
763	135
764	162
765	158
766	183
767	193
768	235
769	258
770	317
771	282
772	318
773	296
774	323
775	258
776	297
777	281
778	253
779	223
780	195
781	189
782	169
783	156
784	178
785	152
786	133
787	122
788	114
789	122
790	122
791	157
792	123
793	117
794	111
795	134
796	130
797	120
798	123
799	112
800	127
801	128
802	110
803	135
804	142
805	143
806	119
807	123
808	117
809	134
810	134
811	137
812	141
813	139
814	154
815	145
816	155
817	141
818	158
819	147
820	151
821	147
822	138
823	130
824	127
825	131
826	124
827	130
828	137
829	140
830	157
831	149
832	152
833	128
834	161
835	151
836	136
837	126
838	141
839	138
840	150
841	150
842	135
843	165
844	152
845	174
846	154
847	157
848	134
849	136
850	182
851	147
852	152
853	158
854	160
855	163
856	174
857	199
858	166
859	201
860	183
861	200
862	224
863	212
864	205
865	193
866	187
867	209
868	219
869	228
870	210
871	200
872	210
873	215
874	243
875	216
876	248
877	246
878	248
879	263
880	258
881	260
882	280
883	318
884	305
885	336
886	334
887	384
888	368
889	409
890	420
891	445
892	469
893	481
894	499
895	491
896	533
897	516
898	548
899	562
900	498
901	548
902	562
903	532
904	545
905	482
906	504
907	460
908	477
909	470
910	457
911	420
912	428
913	386
914	337
915	347
916	329
917	320
918	295
919	283
920	284
921	263
922	189
923	242
924	252
925	209
926	200
927	207
928	220
929	183
930	177
931	171
932	190
933	176
934	184
935	174
936	173
937	138
938	174
939	144
940	160
941	204
942	213
943	192
944	228
945	225
946	276
947	295
948	316
949	320
950	370
951	371
952	396
953	410
954	431
955	369
956	368
957	417
958	311
959	305
960	254
961	263
962	224
963	220
964	184
965	154
966	159
967	129
968	125
969	116
970	133
971	118
972	109
973	105
974	97
975	121
976	130
977	138
978	135
979	150
980	131
981	124
982	112
983	141
984	142
985	120
986	135
987	146
988	145
989	136
990	152
991	171
992	137
993	147
994	149
995	154
996	145
997	157
998	185
999	152
1000	167
1001	185
1002	189
1003	183
1004	194
1005	166
1006	175
1007	185
1008	164
1009	159
1010	172
1011	159
1012	148
1013	162
1014	171
1015	146
1016	144
1017	138
1018	138
1019	136
1020	135
1021	145
1022	134
1023	118
1024	110
