Date:	08/05/2018		Time:	17:30		Version no:	0.00		Project name:	55		Sample name:	222		Section name:	section		Position	54.315029	mm	E0	0.000000	keV	E1	1.000000	keV/channel	sample surface	5.877113	cm	Tube anode:	Mo		Tube voltage:	30	kV	Tube current:	50	mA	gain	10		std. database			resultfile	result		matrix element	11		sample thickness	1.000000		air passage	0.560000	cm	comments	in position		peaking_time	2.200000	m-sec	trigger_threshold	547.363281	V	mca_bin_width	22.090000	no:	number_mca_channels	1024.000000	no:	gap_time	0.150000	m-sec	trigger_peaking_time	0.200000	m-sec	GAINDAC	18610		HIGHGAIN	1		TAURC	1		RCTAU	1		RCTAUFRAC	1		livetime	9.456520	seconds	runtime	10.000119	seconds	input_count_rate	22461.011027	cps	output_count_rate	18500.379475	cps	triggers	212403	seconds	events_in_run	185006	seconds	channel	content		1	0
2	0
3	0
4	0
5	0
6	0
7	0
8	0
9	0
10	0
11	0
12	0
13	0
14	0
15	0
16	0
17	0
18	0
19	0
20	0
21	0
22	0
23	0
24	0
25	0
26	0
27	0
28	0
29	0
30	0
31	16
32	14
33	11
34	17
35	16
36	16
37	21
38	14
39	22
40	13
41	13
42	14
43	12
44	8
45	14
46	17
47	18
48	11
49	10
50	19
51	16
52	14
53	15
54	7
55	17
56	13
57	13
58	19
59	15
60	14
61	14
62	11
63	12
64	9
65	12
66	9
67	11
68	7
69	11
70	6
71	4
72	12
73	5
74	6
75	9
76	7
77	10
78	6
79	12
80	10
81	19
82	9
83	11
84	9
85	8
86	7
87	4
88	8
89	10
90	9
91	10
92	3
93	8
94	17
95	9
96	14
97	12
98	13
99	13
100	8
101	7
102	8
103	5
104	9
105	6
106	10
107	8
108	9
109	4
110	6
111	5
112	9
113	4
114	9
115	6
116	7
117	6
118	6
119	4
120	5
121	3
122	4
123	7
124	9
125	3
126	3
127	6
128	6
129	5
130	3
131	4
132	3
133	5
134	10
135	5
136	3
137	7
138	5
139	5
140	2
141	4
142	3
143	2
144	2
145	8
146	1
147	2
148	2
149	6
150	3
151	4
152	3
153	3
154	4
155	3
156	6
157	11
158	5
159	5
160	22
161	29
162	26
163	42
164	28
165	17
166	14
167	19
168	11
169	7
170	3
171	4
172	3
173	1
174	4
175	1
176	7
177	7
178	9
179	9
180	13
181	10
182	15
183	21
184	19
185	7
186	6
187	11
188	10
189	2
190	4
191	3
192	4
193	5
194	15
195	18
196	29
197	29
198	66
199	97
200	139
201	182
202	249
203	251
204	228
205	188
206	120
207	103
208	57
209	32
210	12
211	8
212	9
213	5
214	5
215	3
216	15
217	17
218	36
219	44
220	43
221	36
222	50
223	42
224	33
225	11
226	14
227	11
228	6
229	7
230	2
231	3
232	8
233	4
234	8
235	3
236	3
237	4
238	4
239	9
240	17
241	16
242	26
243	43
244	55
245	91
246	110
247	118
248	106
249	95
250	81
251	66
252	67
253	49
254	38
255	33
256	22
257	16
258	18
259	12
260	15
261	4
262	15
263	3
264	5
265	14
266	10
267	19
268	26
269	21
270	30
271	38
272	33
273	27
274	16
275	20
276	22
277	21
278	13
279	10
280	14
281	8
282	11
283	5
284	10
285	12
286	15
287	12
288	8
289	13
290	11
291	13
292	15
293	21
294	15
295	19
296	20
297	20
298	9
299	16
300	14
301	10
302	11
303	15
304	12
305	11
306	14
307	17
308	6
309	14
310	17
311	15
312	14
313	19
314	20
315	31
316	48
317	74
318	126
319	153
320	230
321	309
322	329
323	383
324	362
325	325
326	250
327	226
328	147
329	100
330	66
331	49
332	33
333	28
334	37
335	32
336	32
337	38
338	58
339	52
340	79
341	159
342	279
343	501
344	867
345	1440
346	2110
347	3110
348	4037
349	4969
350	5491
351	5632
352	5351
353	4590
354	3834
355	2973
356	1997
357	1165
358	755
359	413
360	273
361	130
362	86
363	59
364	55
365	38
366	33
367	30
368	36
369	52
370	38
371	40
372	44
373	48
374	61
375	55
376	53
377	90
378	111
379	156
380	199
381	350
382	455
383	635
384	759
385	852
386	933
387	954
388	910
389	771
390	603
391	455
392	319
393	214
394	147
395	83
396	73
397	43
398	45
399	37
400	18
401	37
402	23
403	33
404	30
405	26
406	39
407	34
408	41
409	46
410	32
411	38
412	46
413	35
414	35
415	29
416	38
417	33
418	31
419	26
420	34
421	30
422	36
423	46
424	42
425	32
426	34
427	35
428	40
429	38
430	37
431	35
432	41
433	45
434	54
435	62
436	52
437	67
438	59
439	74
440	78
441	75
442	74
443	81
444	76
445	66
446	85
447	72
448	84
449	69
450	80
451	58
452	69
453	77
454	71
455	72
456	95
457	72
458	80
459	84
460	87
461	81
462	66
463	95
464	66
465	64
466	70
467	66
468	57
469	62
470	64
471	73
472	79
473	65
474	68
475	66
476	44
477	53
478	67
479	51
480	68
481	58
482	63
483	66
484	60
485	51
486	67
487	58
488	63
489	68
490	70
491	57
492	57
493	65
494	56
495	58
496	66
497	67
498	63
499	72
500	68
501	61
502	71
503	72
504	83
505	92
506	57
507	110
508	80
509	104
510	120
511	101
512	101
513	75
514	93
515	76
516	77
517	96
518	112
519	87
520	95
521	106
522	86
523	110
524	85
525	100
526	90
527	102
528	125
529	121
530	118
531	106
532	102
533	92
534	110
535	96
536	95
537	92
538	104
539	100
540	114
541	86
542	94
543	97
544	96
545	98
546	80
547	106
548	85
549	98
550	79
551	86
552	79
553	74
554	69
555	88
556	85
557	77
558	100
559	100
560	93
561	75
562	83
563	86
564	103
565	102
566	98
567	83
568	86
569	98
570	101
571	81
572	87
573	95
574	66
575	86
576	81
577	82
578	91
579	99
580	112
581	101
582	104
583	92
584	87
585	106
586	110
587	102
588	101
589	82
590	100
591	90
592	115
593	113
594	101
595	115
596	106
597	99
598	109
599	108
600	100
601	104
602	112
603	108
604	117
605	99
606	103
607	111
608	126
609	107
610	102
611	95
612	120
613	105
614	116
615	132
616	116
617	103
618	115
619	118
620	108
621	123
622	126
623	104
624	117
625	129
626	116
627	103
628	121
629	110
630	103
631	112
632	123
633	129
634	118
635	127
636	119
637	109
638	125
639	125
640	122
641	122
642	143
643	113
644	135
645	125
646	140
647	151
648	155
649	138
650	146
651	152
652	136
653	138
654	133
655	147
656	145
657	145
658	140
659	142
660	126
661	119
662	119
663	113
664	127
665	133
666	101
667	129
668	119
669	135
670	117
671	126
672	116
673	129
674	110
675	151
676	154
677	138
678	123
679	109
680	119
681	102
682	117
683	156
684	114
685	116
686	148
687	136
688	153
689	145
690	144
691	140
692	136
693	123
694	137
695	132
696	135
697	148
698	149
699	145
700	132
701	128
702	138
703	128
704	137
705	139
706	138
707	140
708	139
709	153
710	140
711	142
712	136
713	136
714	170
715	128
716	143
717	122
718	145
719	143
720	152
721	160
722	126
723	159
724	131
725	155
726	156
727	146
728	136
729	139
730	140
731	159
732	158
733	129
734	158
735	162
736	138
737	147
738	146
739	131
740	141
741	137
742	150
743	142
744	156
745	179
746	162
747	133
748	154
749	137
750	166
751	161
752	129
753	146
754	167
755	141
756	163
757	157
758	160
759	144
760	144
761	135
762	132
763	166
764	156
765	167
766	193
767	192
768	223
769	234
770	238
771	290
772	277
773	278
774	254
775	259
776	250
777	236
778	245
779	202
780	207
781	164
782	174
783	164
784	170
785	139
786	153
787	159
788	166
789	166
790	155
791	136
792	156
793	168
794	138
795	127
796	150
797	169
798	156
799	168
800	149
801	154
802	163
803	153
804	165
805	153
806	145
807	159
808	155
809	148
810	162
811	163
812	147
813	150
814	148
815	172
816	122
817	171
818	193
819	167
820	181
821	176
822	153
823	177
824	152
825	178
826	163
827	164
828	148
829	180
830	179
831	168
832	160
833	166
834	141
835	155
836	159
837	176
838	176
839	177
840	173
841	179
842	156
843	137
844	172
845	173
846	165
847	185
848	161
849	182
850	163
851	166
852	186
853	201
854	184
855	180
856	174
857	183
858	153
859	215
860	185
861	197
862	252
863	220
864	249
865	220
866	248
867	234
868	242
869	225
870	205
871	229
872	230
873	256
874	236
875	273
876	267
877	247
878	286
879	312
880	301
881	338
882	323
883	358
884	390
885	360
886	397
887	409
888	476
889	458
890	462
891	505
892	572
893	553
894	581
895	619
896	630
897	603
898	630
899	632
900	637
901	650
902	680
903	687
904	631
905	615
906	618
907	587
908	568
909	534
910	495
911	439
912	473
913	436
914	436
915	388
916	433
917	354
918	338
919	307
920	320
921	297
922	279
923	271
924	249
925	212
926	216
927	206
928	205
929	206
930	223
931	185
932	182
933	157
934	168
935	172
936	191
937	171
938	201
939	171
940	174
941	191
942	207
943	236
944	254
945	276
946	280
947	303
948	331
949	354
950	397
951	445
952	449
953	442
954	421
955	420
956	365
957	396
958	355
959	351
960	296
961	282
962	239
963	235
964	178
965	149
966	202
967	152
968	160
969	138
970	136
971	155
972	147
973	139
974	135
975	116
976	156
977	127
978	122
979	142
980	148
981	151
982	166
983	149
984	155
985	158
986	141
987	162
988	148
989	179
990	163
991	163
992	192
993	183
994	197
995	190
996	162
997	190
998	207
999	196
1000	185
1001	201
1002	197
1003	207
1004	195
1005	180
1006	203
1007	179
1008	217
1009	184
1010	179
1011	186
1012	169
1013	168
1014	166
1015	179
1016	164
1017	141
1018	145
1019	134
1020	141
1021	161
1022	118
1023	124
1024	130
