Date:	08/05/2018		Time:	20:01		Version no:	0.00		Project name:	55		Sample name:	222		Section name:	section		Position	212.715027	mm	E0	0.000000	keV	E1	1.000000	keV/channel	sample surface	5.913984	cm	Tube anode:	Mo		Tube voltage:	30	kV	Tube current:	50	mA	gain	10		std. database			resultfile	result		matrix element	11		sample thickness	1.000000		air passage	0.560000	cm	comments	in position		peaking_time	2.200000	m-sec	trigger_threshold	547.363281	V	mca_bin_width	22.090000	no:	number_mca_channels	1024.000000	no:	gap_time	0.150000	m-sec	trigger_peaking_time	0.200000	m-sec	GAINDAC	18610		HIGHGAIN	1		TAURC	1		RCTAU	1		RCTAUFRAC	1		livetime	9.466754	seconds	runtime	10.000199	seconds	input_count_rate	22200.322425	cps	output_count_rate	18425.232969	cps	triggers	210165	seconds	events_in_run	184256	seconds	channel	content		1	0
2	0
3	0
4	0
5	0
6	0
7	0
8	0
9	0
10	0
11	0
12	0
13	0
14	0
15	0
16	0
17	0
18	0
19	0
20	0
21	0
22	0
23	0
24	0
25	0
26	0
27	0
28	0
29	0
30	0
31	12
32	17
33	14
34	17
35	12
36	9
37	13
38	19
39	20
40	8
41	13
42	20
43	15
44	10
45	11
46	9
47	11
48	10
49	9
50	12
51	6
52	14
53	20
54	19
55	13
56	12
57	17
58	7
59	20
60	13
61	8
62	6
63	13
64	11
65	11
66	6
67	6
68	12
69	10
70	7
71	9
72	14
73	5
74	3
75	8
76	10
77	6
78	7
79	9
80	6
81	8
82	5
83	8
84	4
85	6
86	10
87	4
88	8
89	6
90	6
91	7
92	4
93	18
94	16
95	19
96	17
97	9
98	17
99	8
100	16
101	3
102	5
103	5
104	10
105	7
106	9
107	7
108	9
109	4
110	12
111	7
112	7
113	8
114	7
115	3
116	11
117	2
118	3
119	4
120	5
121	7
122	3
123	6
124	4
125	7
126	3
127	6
128	11
129	4
130	5
131	3
132	5
133	1
134	4
135	5
136	6
137	7
138	3
139	5
140	4
141	3
142	2
143	5
144	4
145	3
146	6
147	3
148	3
149	4
150	4
151	6
152	5
153	10
154	7
155	3
156	7
157	5
158	7
159	16
160	16
161	24
162	29
163	20
164	30
165	23
166	19
167	10
168	7
169	8
170	6
171	3
172	4
173	9
174	8
175	9
176	4
177	7
178	8
179	15
180	16
181	18
182	20
183	12
184	15
185	18
186	9
187	10
188	8
189	3
190	3
191	1
192	3
193	4
194	5
195	11
196	33
197	53
198	91
199	132
200	204
201	264
202	291
203	360
204	342
205	280
206	203
207	135
208	76
209	40
210	19
211	13
212	11
213	8
214	9
215	13
216	18
217	44
218	38
219	53
220	54
221	58
222	53
223	43
224	37
225	20
226	19
227	12
228	7
229	6
230	4
231	5
232	0
233	1
234	3
235	5
236	4
237	1
238	7
239	10
240	15
241	22
242	41
243	68
244	100
245	142
246	155
247	173
248	167
249	169
250	143
251	105
252	88
253	57
254	55
255	43
256	40
257	38
258	27
259	33
260	24
261	15
262	10
263	14
264	8
265	15
266	18
267	18
268	30
269	39
270	47
271	45
272	28
273	32
274	27
275	31
276	24
277	6
278	12
279	7
280	12
281	8
282	9
283	17
284	7
285	13
286	13
287	7
288	12
289	10
290	20
291	17
292	15
293	20
294	19
295	21
296	18
297	22
298	13
299	15
300	13
301	10
302	10
303	12
304	7
305	12
306	11
307	13
308	10
309	16
310	13
311	15
312	11
313	13
314	17
315	23
316	35
317	50
318	56
319	92
320	135
321	162
322	177
323	204
324	198
325	180
326	162
327	114
328	98
329	49
330	40
331	36
332	22
333	23
334	24
335	29
336	24
337	37
338	41
339	50
340	100
341	168
342	295
343	619
344	1043
345	1678
346	2625
347	3681
348	4959
349	6033
350	6779
351	7124
352	6819
353	5871
354	4826
355	3553
356	2459
357	1643
358	999
359	578
360	268
361	155
362	90
363	65
364	48
365	45
366	35
367	27
368	37
369	37
370	39
371	27
372	48
373	45
374	48
375	59
376	76
377	89
378	119
379	173
380	263
381	361
382	552
383	724
384	905
385	1091
386	1150
387	1186
388	1117
389	994
390	814
391	621
392	452
393	260
394	157
395	107
396	75
397	38
398	31
399	35
400	17
401	18
402	19
403	29
404	34
405	36
406	22
407	26
408	35
409	31
410	30
411	24
412	30
413	35
414	32
415	36
416	43
417	33
418	27
419	24
420	30
421	22
422	36
423	22
424	25
425	24
426	27
427	30
428	31
429	37
430	35
431	31
432	20
433	41
434	45
435	37
436	38
437	52
438	46
439	59
440	58
441	64
442	60
443	61
444	58
445	47
446	57
447	67
448	47
449	50
450	52
451	49
452	67
453	69
454	71
455	53
456	77
457	69
458	75
459	63
460	66
461	65
462	63
463	80
464	67
465	64
466	49
467	54
468	54
469	58
470	53
471	56
472	65
473	47
474	70
475	54
476	54
477	55
478	44
479	46
480	48
481	65
482	34
483	62
484	36
485	37
486	40
487	49
488	45
489	52
490	46
491	54
492	59
493	45
494	57
495	43
496	57
497	49
498	52
499	49
500	58
501	56
502	64
503	64
504	55
505	71
506	73
507	79
508	69
509	83
510	72
511	71
512	60
513	73
514	64
515	64
516	74
517	71
518	65
519	80
520	75
521	61
522	82
523	55
524	74
525	98
526	76
527	94
528	104
529	88
530	86
531	80
532	78
533	92
534	77
535	83
536	73
537	74
538	88
539	74
540	84
541	87
542	82
543	86
544	81
545	87
546	78
547	67
548	74
549	67
550	91
551	57
552	68
553	77
554	83
555	71
556	71
557	78
558	55
559	64
560	56
561	66
562	65
563	59
564	75
565	59
566	60
567	60
568	56
569	90
570	72
571	82
572	70
573	76
574	81
575	75
576	73
577	90
578	75
579	73
580	77
581	76
582	87
583	90
584	78
585	82
586	78
587	105
588	81
589	85
590	81
591	85
592	72
593	87
594	88
595	87
596	85
597	69
598	91
599	87
600	82
601	76
602	98
603	85
604	103
605	80
606	85
607	91
608	78
609	105
610	90
611	92
612	96
613	102
614	80
615	80
616	103
617	94
618	90
619	80
620	87
621	79
622	90
623	90
624	76
625	82
626	89
627	86
628	86
629	103
630	86
631	100
632	69
633	99
634	74
635	87
636	82
637	107
638	94
639	104
640	112
641	88
642	87
643	111
644	110
645	107
646	94
647	100
648	99
649	96
650	96
651	109
652	97
653	100
654	116
655	97
656	100
657	88
658	89
659	106
660	114
661	91
662	93
663	108
664	94
665	118
666	107
667	118
668	102
669	99
670	98
671	118
672	115
673	83
674	94
675	98
676	101
677	101
678	98
679	104
680	110
681	103
682	90
683	108
684	116
685	109
686	109
687	111
688	84
689	117
690	100
691	136
692	108
693	117
694	111
695	100
696	103
697	107
698	119
699	141
700	115
701	130
702	125
703	93
704	130
705	122
706	109
707	121
708	115
709	104
710	105
711	115
712	115
713	109
714	115
715	107
716	99
717	112
718	128
719	108
720	117
721	114
722	122
723	131
724	131
725	120
726	147
727	114
728	100
729	126
730	129
731	125
732	121
733	109
734	130
735	135
736	113
737	117
738	135
739	128
740	126
741	132
742	119
743	128
744	126
745	135
746	127
747	139
748	118
749	125
750	130
751	126
752	143
753	121
754	139
755	129
756	113
757	123
758	135
759	130
760	132
761	148
762	122
763	125
764	140
765	174
766	190
767	183
768	212
769	242
770	238
771	254
772	299
773	290
774	294
775	314
776	271
777	253
778	231
779	243
780	195
781	200
782	163
783	158
784	149
785	145
786	145
787	147
788	143
789	115
790	134
791	139
792	109
793	149
794	115
795	133
796	135
797	141
798	128
799	123
800	136
801	139
802	111
803	151
804	130
805	109
806	117
807	133
808	123
809	135
810	125
811	123
812	141
813	115
814	126
815	124
816	133
817	155
818	148
819	154
820	164
821	158
822	122
823	158
824	131
825	152
826	129
827	128
828	128
829	127
830	143
831	149
832	137
833	136
834	134
835	145
836	135
837	135
838	153
839	149
840	127
841	151
842	175
843	155
844	160
845	176
846	146
847	147
848	149
849	155
850	151
851	145
852	150
853	162
854	146
855	147
856	162
857	189
858	179
859	175
860	193
861	179
862	208
863	203
864	211
865	188
866	234
867	231
868	224
869	227
870	212
871	221
872	215
873	224
874	227
875	228
876	238
877	231
878	249
879	271
880	244
881	259
882	326
883	306
884	348
885	324
886	343
887	367
888	374
889	385
890	415
891	449
892	443
893	470
894	534
895	531
896	516
897	580
898	524
899	523
900	550
901	571
902	526
903	558
904	529
905	491
906	484
907	453
908	465
909	446
910	426
911	422
912	400
913	372
914	359
915	331
916	328
917	330
918	286
919	271
920	253
921	230
922	238
923	251
924	232
925	195
926	203
927	192
928	213
929	175
930	169
931	135
932	176
933	162
934	157
935	157
936	138
937	167
938	178
939	152
940	154
941	184
942	171
943	212
944	211
945	241
946	284
947	284
948	309
949	348
950	355
951	372
952	398
953	399
954	411
955	417
956	387
957	381
958	390
959	332
960	322
961	250
962	222
963	221
964	182
965	154
966	157
967	143
968	156
969	129
970	143
971	125
972	124
973	117
974	112
975	120
976	118
977	116
978	123
979	117
980	125
981	131
982	136
983	138
984	153
985	159
986	134
987	129
988	148
989	148
990	159
991	151
992	145
993	151
994	164
995	156
996	157
997	148
998	155
999	161
1000	144
1001	196
1002	163
1003	166
1004	169
1005	171
1006	173
1007	164
1008	189
1009	180
1010	185
1011	172
1012	165
1013	147
1014	146
1015	160
1016	152
1017	157
1018	137
1019	131
1020	165
1021	127
1022	126
1023	103
1024	126
