Date:	08/05/2018		Time:	18:34		Version no:	0.00		Project name:	55		Sample name:	222		Section name:	section		Position	121.915031	mm	E0	0.000000	keV	E1	1.000000	keV/channel	sample surface	5.892150	cm	Tube anode:	Mo		Tube voltage:	30	kV	Tube current:	50	mA	gain	10		std. database			resultfile	result		matrix element	11		sample thickness	1.000000		air passage	0.560000	cm	comments	in position		peaking_time	2.200000	m-sec	trigger_threshold	547.363281	V	mca_bin_width	22.090000	no:	number_mca_channels	1024.000000	no:	gap_time	0.150000	m-sec	trigger_peaking_time	0.200000	m-sec	GAINDAC	18610		HIGHGAIN	1		TAURC	1		RCTAU	1		RCTAUFRAC	1		livetime	9.413611	seconds	runtime	10.000493	seconds	input_count_rate	24340.499637	cps	output_count_rate	19865.421032	cps	triggers	229132	seconds	events_in_run	198664	seconds	channel	content		1	0
2	0
3	0
4	0
5	0
6	0
7	0
8	0
9	0
10	0
11	0
12	0
13	0
14	0
15	0
16	0
17	0
18	0
19	0
20	0
21	0
22	0
23	0
24	0
25	0
26	0
27	0
28	0
29	0
30	0
31	14
32	18
33	19
34	18
35	10
36	22
37	14
38	18
39	14
40	12
41	18
42	14
43	24
44	18
45	21
46	13
47	13
48	17
49	14
50	9
51	9
52	6
53	16
54	14
55	13
56	13
57	6
58	12
59	16
60	15
61	13
62	12
63	11
64	6
65	7
66	9
67	9
68	9
69	8
70	5
71	6
72	8
73	11
74	8
75	4
76	4
77	10
78	13
79	10
80	8
81	9
82	13
83	11
84	10
85	11
86	11
87	10
88	5
89	8
90	3
91	8
92	6
93	16
94	16
95	21
96	22
97	20
98	13
99	14
100	12
101	10
102	5
103	12
104	10
105	6
106	9
107	8
108	9
109	10
110	8
111	7
112	14
113	10
114	3
115	5
116	2
117	9
118	3
119	4
120	4
121	6
122	8
123	5
124	4
125	12
126	3
127	5
128	5
129	4
130	4
131	5
132	5
133	4
134	2
135	3
136	4
137	3
138	4
139	3
140	6
141	1
142	5
143	5
144	9
145	1
146	2
147	2
148	2
149	7
150	8
151	3
152	6
153	3
154	2
155	4
156	4
157	3
158	9
159	9
160	18
161	27
162	36
163	26
164	17
165	27
166	26
167	12
168	12
169	3
170	7
171	6
172	8
173	10
174	5
175	11
176	11
177	11
178	10
179	15
180	10
181	16
182	21
183	27
184	19
185	15
186	5
187	10
188	3
189	6
190	2
191	3
192	4
193	7
194	11
195	20
196	34
197	49
198	65
199	149
200	192
201	261
202	279
203	293
204	318
205	258
206	203
207	134
208	70
209	38
210	19
211	10
212	7
213	9
214	9
215	13
216	33
217	29
218	36
219	46
220	50
221	59
222	52
223	34
224	29
225	22
226	11
227	15
228	7
229	8
230	4
231	3
232	3
233	5
234	8
235	8
236	7
237	3
238	9
239	6
240	13
241	21
242	31
243	58
244	99
245	140
246	128
247	177
248	190
249	167
250	120
251	100
252	87
253	75
254	51
255	36
256	33
257	33
258	27
259	27
260	18
261	15
262	10
263	7
264	17
265	19
266	16
267	27
268	19
269	38
270	51
271	44
272	44
273	31
274	32
275	31
276	21
277	15
278	11
279	6
280	10
281	9
282	16
283	8
284	11
285	9
286	10
287	9
288	9
289	8
290	13
291	13
292	16
293	9
294	22
295	8
296	19
297	15
298	24
299	23
300	18
301	12
302	14
303	14
304	14
305	15
306	5
307	13
308	10
309	13
310	12
311	7
312	12
313	12
314	24
315	10
316	24
317	28
318	38
319	58
320	70
321	108
322	119
323	104
324	119
325	113
326	104
327	86
328	64
329	43
330	37
331	29
332	29
333	23
334	27
335	36
336	27
337	44
338	50
339	83
340	113
341	185
342	339
343	619
344	1056
345	1762
346	2834
347	3962
348	5249
349	6224
350	7143
351	7215
352	6790
353	6020
354	4793
355	3745
356	2524
357	1663
358	960
359	534
360	310
361	189
362	99
363	72
364	47
365	39
366	43
367	40
368	39
369	31
370	54
371	41
372	49
373	46
374	56
375	66
376	72
377	109
378	125
379	192
380	260
381	438
382	611
383	753
384	983
385	1122
386	1229
387	1191
388	1177
389	1016
390	825
391	625
392	443
393	305
394	209
395	113
396	70
397	45
398	35
399	36
400	45
401	29
402	24
403	23
404	30
405	37
406	27
407	45
408	38
409	46
410	50
411	40
412	33
413	41
414	29
415	25
416	34
417	19
418	34
419	32
420	40
421	38
422	33
423	46
424	31
425	40
426	41
427	21
428	32
429	34
430	31
431	32
432	33
433	41
434	42
435	52
436	54
437	74
438	69
439	62
440	70
441	76
442	74
443	77
444	74
445	70
446	72
447	61
448	66
449	62
450	78
451	67
452	76
453	69
454	65
455	65
456	72
457	60
458	80
459	81
460	84
461	79
462	85
463	60
464	75
465	52
466	64
467	59
468	59
469	56
470	70
471	82
472	74
473	73
474	78
475	70
476	58
477	63
478	59
479	49
480	75
481	48
482	60
483	53
484	74
485	66
486	74
487	71
488	68
489	69
490	60
491	74
492	52
493	66
494	62
495	53
496	58
497	71
498	63
499	66
500	68
501	80
502	70
503	65
504	58
505	71
506	91
507	84
508	90
509	93
510	72
511	80
512	92
513	68
514	80
515	81
516	84
517	84
518	77
519	79
520	82
521	78
522	86
523	89
524	108
525	112
526	111
527	88
528	103
529	106
530	115
531	100
532	120
533	85
534	106
535	82
536	92
537	84
538	79
539	96
540	91
541	96
542	80
543	89
544	96
545	85
546	100
547	101
548	91
549	91
550	92
551	85
552	74
553	80
554	85
555	79
556	84
557	101
558	83
559	90
560	91
561	94
562	79
563	75
564	70
565	89
566	87
567	94
568	96
569	75
570	72
571	77
572	91
573	76
574	78
575	80
576	93
577	93
578	74
579	92
580	88
581	93
582	85
583	79
584	87
585	103
586	85
587	80
588	104
589	90
590	82
591	109
592	106
593	90
594	107
595	79
596	82
597	101
598	104
599	95
600	98
601	129
602	86
603	92
604	104
605	90
606	107
607	106
608	110
609	110
610	107
611	111
612	89
613	81
614	103
615	107
616	103
617	118
618	97
619	105
620	98
621	86
622	119
623	104
624	95
625	95
626	96
627	99
628	114
629	130
630	115
631	117
632	106
633	112
634	111
635	106
636	110
637	125
638	124
639	111
640	112
641	109
642	122
643	111
644	104
645	111
646	105
647	121
648	109
649	102
650	133
651	109
652	108
653	102
654	137
655	126
656	115
657	127
658	129
659	120
660	103
661	116
662	116
663	125
664	130
665	123
666	121
667	130
668	119
669	125
670	129
671	111
672	125
673	137
674	117
675	101
676	117
677	123
678	117
679	117
680	125
681	152
682	107
683	111
684	113
685	132
686	129
687	117
688	119
689	130
690	151
691	143
692	139
693	114
694	129
695	101
696	137
697	135
698	139
699	167
700	145
701	126
702	141
703	131
704	128
705	112
706	122
707	141
708	156
709	142
710	134
711	153
712	123
713	127
714	131
715	136
716	144
717	142
718	149
719	127
720	153
721	142
722	133
723	119
724	126
725	129
726	145
727	138
728	116
729	148
730	160
731	139
732	165
733	128
734	134
735	147
736	130
737	157
738	122
739	128
740	133
741	143
742	136
743	140
744	153
745	162
746	140
747	131
748	124
749	129
750	146
751	138
752	158
753	133
754	135
755	139
756	168
757	169
758	148
759	145
760	151
761	139
762	182
763	149
764	149
765	192
766	208
767	219
768	230
769	245
770	251
771	307
772	300
773	285
774	290
775	291
776	274
777	278
778	234
779	205
780	219
781	171
782	170
783	163
784	148
785	163
786	173
787	176
788	139
789	127
790	156
791	148
792	136
793	133
794	162
795	133
796	148
797	145
798	147
799	169
800	171
801	162
802	146
803	152
804	148
805	147
806	137
807	132
808	152
809	155
810	140
811	156
812	159
813	177
814	153
815	150
816	144
817	135
818	143
819	173
820	177
821	150
822	161
823	146
824	150
825	148
826	140
827	144
828	144
829	150
830	145
831	174
832	141
833	156
834	169
835	158
836	182
837	186
838	182
839	153
840	158
841	155
842	157
843	162
844	153
845	190
846	152
847	182
848	163
849	181
850	187
851	179
852	160
853	191
854	174
855	164
856	198
857	221
858	198
859	198
860	229
861	209
862	206
863	219
864	218
865	225
866	248
867	224
868	265
869	244
870	248
871	212
872	228
873	228
874	222
875	266
876	239
877	263
878	255
879	300
880	276
881	300
882	325
883	333
884	344
885	373
886	384
887	401
888	440
889	498
890	497
891	483
892	518
893	529
894	569
895	544
896	584
897	573
898	652
899	613
900	633
901	640
902	618
903	596
904	574
905	587
906	556
907	536
908	546
909	525
910	487
911	452
912	435
913	481
914	394
915	419
916	358
917	360
918	318
919	332
920	273
921	269
922	256
923	279
924	225
925	247
926	205
927	226
928	206
929	201
930	203
931	175
932	192
933	193
934	191
935	179
936	197
937	172
938	162
939	187
940	210
941	183
942	198
943	217
944	251
945	277
946	306
947	342
948	362
949	380
950	389
951	402
952	414
953	429
954	439
955	434
956	425
957	408
958	380
959	360
960	313
961	289
962	252
963	231
964	227
965	193
966	164
967	145
968	164
969	143
970	110
971	149
972	166
973	121
974	139
975	143
976	160
977	130
978	150
979	130
980	136
981	152
982	146
983	150
984	141
985	160
986	169
987	151
988	158
989	167
990	170
991	173
992	163
993	160
994	173
995	182
996	166
997	195
998	191
999	177
1000	189
1001	199
1002	190
1003	190
1004	191
1005	195
1006	180
1007	191
1008	186
1009	199
1010	202
1011	188
1012	187
1013	184
1014	183
1015	183
1016	158
1017	161
1018	171
1019	135
1020	124
1021	155
1022	139
1023	135
1024	109
