Date:	08/05/2018		Time:	18:51		Version no:	0.00		Project name:	55		Sample name:	222		Section name:	section		Position	139.115036	mm	E0	0.000000	keV	E1	1.000000	keV/channel	sample surface	5.914782	cm	Tube anode:	Mo		Tube voltage:	30	kV	Tube current:	50	mA	gain	10		std. database			resultfile	result		matrix element	11		sample thickness	1.000000		air passage	0.560000	cm	comments	in position		peaking_time	2.200000	m-sec	trigger_threshold	547.363281	V	mca_bin_width	22.090000	no:	number_mca_channels	1024.000000	no:	gap_time	0.150000	m-sec	trigger_peaking_time	0.200000	m-sec	GAINDAC	18610		HIGHGAIN	1		TAURC	1		RCTAU	1		RCTAUFRAC	1		livetime	9.478687	seconds	runtime	10.000495	seconds	input_count_rate	21919.913129	cps	output_count_rate	18236.796914	cps	triggers	207772	seconds	events_in_run	182377	seconds	channel	content		1	0
2	0
3	0
4	0
5	0
6	0
7	0
8	0
9	0
10	0
11	0
12	0
13	0
14	0
15	0
16	0
17	0
18	0
19	0
20	0
21	0
22	0
23	0
24	0
25	0
26	0
27	0
28	0
29	0
30	0
31	19
32	16
33	18
34	13
35	13
36	20
37	13
38	11
39	10
40	15
41	9
42	14
43	13
44	16
45	15
46	16
47	16
48	15
49	18
50	14
51	9
52	9
53	9
54	6
55	14
56	14
57	12
58	17
59	10
60	9
61	7
62	13
63	18
64	13
65	6
66	9
67	11
68	8
69	8
70	8
71	9
72	14
73	8
74	7
75	8
76	5
77	6
78	5
79	16
80	6
81	19
82	8
83	11
84	5
85	8
86	7
87	7
88	8
89	5
90	8
91	7
92	9
93	8
94	10
95	13
96	13
97	17
98	14
99	9
100	10
101	13
102	5
103	3
104	5
105	6
106	10
107	11
108	6
109	11
110	10
111	3
112	7
113	5
114	4
115	8
116	4
117	3
118	8
119	3
120	6
121	7
122	9
123	7
124	2
125	5
126	6
127	4
128	3
129	3
130	5
131	5
132	4
133	3
134	4
135	2
136	8
137	3
138	1
139	2
140	2
141	1
142	5
143	4
144	7
145	4
146	6
147	2
148	1
149	3
150	0
151	2
152	3
153	6
154	3
155	2
156	1
157	5
158	7
159	9
160	9
161	24
162	34
163	31
164	29
165	23
166	15
167	11
168	5
169	7
170	8
171	1
172	6
173	8
174	6
175	8
176	7
177	2
178	3
179	16
180	22
181	19
182	17
183	25
184	8
185	12
186	12
187	7
188	7
189	1
190	5
191	1
192	3
193	4
194	2
195	16
196	23
197	34
198	80
199	129
200	220
201	211
202	281
203	322
204	278
205	227
206	200
207	111
208	71
209	41
210	13
211	14
212	9
213	6
214	9
215	16
216	22
217	27
218	38
219	47
220	44
221	45
222	51
223	38
224	34
225	17
226	16
227	11
228	5
229	11
230	4
231	4
232	4
233	5
234	4
235	2
236	3
237	3
238	5
239	10
240	12
241	12
242	32
243	49
244	61
245	93
246	127
247	120
248	128
249	131
250	94
251	100
252	50
253	45
254	51
255	25
256	30
257	26
258	22
259	18
260	9
261	7
262	11
263	12
264	6
265	14
266	15
267	30
268	20
269	21
270	34
271	40
272	39
273	40
274	38
275	23
276	17
277	22
278	13
279	8
280	7
281	17
282	3
283	8
284	11
285	13
286	7
287	11
288	12
289	12
290	7
291	15
292	20
293	14
294	18
295	14
296	13
297	20
298	18
299	15
300	16
301	12
302	12
303	10
304	9
305	13
306	13
307	8
308	12
309	20
310	12
311	15
312	10
313	21
314	19
315	29
316	48
317	71
318	95
319	140
320	209
321	278
322	313
323	337
324	331
325	273
326	232
327	204
328	146
329	109
330	67
331	53
332	34
333	27
334	33
335	28
336	38
337	25
338	44
339	64
340	109
341	169
342	305
343	577
344	1051
345	1677
346	2553
347	3625
348	4854
349	5961
350	6718
351	6833
352	6411
353	5826
354	4653
355	3512
356	2412
357	1622
358	940
359	562
360	274
361	150
362	84
363	55
364	39
365	33
366	30
367	26
368	34
369	41
370	41
371	37
372	43
373	46
374	49
375	60
376	80
377	91
378	128
379	196
380	255
381	433
382	570
383	749
384	854
385	985
386	1121
387	1127
388	1083
389	915
390	753
391	561
392	423
393	273
394	196
395	110
396	96
397	46
398	42
399	21
400	21
401	43
402	29
403	23
404	19
405	35
406	21
407	25
408	30
409	38
410	39
411	37
412	25
413	32
414	32
415	28
416	27
417	30
418	39
419	33
420	32
421	24
422	31
423	29
424	28
425	35
426	27
427	37
428	39
429	29
430	28
431	26
432	28
433	30
434	36
435	54
436	51
437	52
438	45
439	56
440	68
441	52
442	74
443	71
444	60
445	60
446	75
447	59
448	61
449	43
450	53
451	67
452	61
453	52
454	61
455	66
456	58
457	81
458	74
459	75
460	62
461	68
462	83
463	66
464	70
465	56
466	63
467	65
468	57
469	44
470	59
471	58
472	45
473	61
474	52
475	61
476	58
477	61
478	44
479	56
480	47
481	39
482	41
483	56
484	48
485	46
486	49
487	59
488	65
489	48
490	49
491	52
492	62
493	58
494	50
495	64
496	53
497	61
498	55
499	76
500	61
501	71
502	50
503	54
504	67
505	75
506	60
507	60
508	69
509	76
510	74
511	84
512	86
513	57
514	77
515	79
516	70
517	67
518	80
519	103
520	92
521	75
522	83
523	89
524	94
525	97
526	82
527	92
528	71
529	95
530	105
531	74
532	84
533	83
534	82
535	94
536	93
537	73
538	79
539	78
540	62
541	69
542	78
543	71
544	71
545	85
546	79
547	89
548	80
549	83
550	65
551	85
552	72
553	78
554	66
555	59
556	72
557	67
558	84
559	76
560	65
561	80
562	76
563	83
564	76
565	70
566	86
567	75
568	89
569	72
570	72
571	80
572	71
573	104
574	82
575	84
576	79
577	88
578	77
579	72
580	75
581	81
582	92
583	74
584	102
585	102
586	64
587	67
588	73
589	97
590	81
591	94
592	65
593	83
594	75
595	103
596	89
597	83
598	86
599	89
600	80
601	103
602	93
603	86
604	97
605	97
606	94
607	97
608	86
609	93
610	80
611	94
612	70
613	96
614	91
615	97
616	98
617	95
618	93
619	116
620	109
621	103
622	100
623	102
624	112
625	83
626	104
627	104
628	109
629	95
630	101
631	115
632	98
633	107
634	94
635	99
636	111
637	106
638	95
639	109
640	94
641	123
642	91
643	110
644	118
645	103
646	99
647	107
648	106
649	99
650	95
651	105
652	131
653	87
654	113
655	106
656	117
657	89
658	99
659	91
660	105
661	92
662	112
663	97
664	117
665	99
666	101
667	104
668	115
669	93
670	108
671	116
672	128
673	113
674	116
675	111
676	121
677	124
678	94
679	106
680	107
681	105
682	120
683	112
684	111
685	95
686	114
687	101
688	109
689	123
690	120
691	136
692	124
693	112
694	98
695	112
696	107
697	133
698	124
699	119
700	112
701	125
702	118
703	146
704	130
705	109
706	124
707	132
708	125
709	109
710	120
711	109
712	118
713	126
714	99
715	111
716	128
717	115
718	127
719	114
720	123
721	121
722	128
723	119
724	144
725	150
726	116
727	134
728	124
729	109
730	124
731	108
732	121
733	121
734	133
735	127
736	152
737	126
738	127
739	124
740	149
741	117
742	136
743	117
744	148
745	123
746	142
747	124
748	130
749	140
750	135
751	125
752	142
753	128
754	151
755	142
756	124
757	150
758	111
759	129
760	122
761	125
762	160
763	150
764	158
765	162
766	186
767	175
768	216
769	229
770	248
771	258
772	266
773	281
774	280
775	280
776	257
777	240
778	225
779	216
780	201
781	172
782	172
783	141
784	153
785	106
786	141
787	141
788	122
789	132
790	144
791	130
792	125
793	134
794	130
795	135
796	132
797	150
798	129
799	120
800	151
801	129
802	137
803	137
804	126
805	121
806	133
807	134
808	134
809	120
810	137
811	141
812	123
813	149
814	142
815	150
816	123
817	155
818	139
819	146
820	130
821	136
822	149
823	144
824	135
825	120
826	140
827	153
828	136
829	135
830	154
831	134
832	137
833	128
834	154
835	139
836	154
837	131
838	151
839	135
840	133
841	143
842	156
843	135
844	145
845	137
846	150
847	148
848	163
849	148
850	156
851	168
852	158
853	161
854	161
855	171
856	165
857	168
858	187
859	179
860	177
861	183
862	196
863	190
864	202
865	214
866	170
867	201
868	199
869	225
870	183
871	221
872	206
873	210
874	234
875	211
876	202
877	239
878	233
879	271
880	250
881	270
882	265
883	320
884	297
885	371
886	340
887	357
888	395
889	395
890	405
891	478
892	425
893	431
894	485
895	527
896	474
897	509
898	520
899	551
900	540
901	556
902	536
903	521
904	521
905	482
906	501
907	487
908	460
909	420
910	474
911	425
912	382
913	373
914	333
915	348
916	297
917	309
918	275
919	295
920	263
921	250
922	247
923	230
924	216
925	173
926	197
927	184
928	178
929	167
930	159
931	195
932	160
933	162
934	155
935	175
936	150
937	130
938	146
939	173
940	173
941	177
942	177
943	220
944	220
945	235
946	286
947	249
948	328
949	330
950	340
951	386
952	365
953	389
954	419
955	377
956	391
957	404
958	352
959	310
960	294
961	262
962	212
963	217
964	194
965	163
966	152
967	131
968	128
969	138
970	122
971	123
972	108
973	122
974	119
975	149
976	135
977	116
978	141
979	117
980	121
981	120
982	136
983	122
984	123
985	132
986	127
987	133
988	140
989	125
990	126
991	151
992	143
993	170
994	127
995	173
996	152
997	153
998	186
999	142
1000	149
1001	167
1002	149
1003	164
1004	156
1005	174
1006	196
1007	142
1008	168
1009	165
1010	155
1011	162
1012	155
1013	157
1014	141
1015	143
1016	145
1017	121
1018	155
1019	127
1020	128
1021	112
1022	120
1023	119
1024	128
