Date:	08/05/2018		Time:	19:25		Version no:	0.00		Project name:	55		Sample name:	222		Section name:	section		Position	175.315033	mm	E0	0.000000	keV	E1	1.000000	keV/channel	sample surface	5.858240	cm	Tube anode:	Mo		Tube voltage:	30	kV	Tube current:	50	mA	gain	10		std. database			resultfile	result		matrix element	11		sample thickness	1.000000		air passage	0.560000	cm	comments	in position		peaking_time	2.200000	m-sec	trigger_threshold	547.363281	V	mca_bin_width	22.090000	no:	number_mca_channels	1024.000000	no:	gap_time	0.150000	m-sec	trigger_peaking_time	0.200000	m-sec	GAINDAC	18610		HIGHGAIN	1		TAURC	1		RCTAU	1		RCTAUFRAC	1		livetime	9.467102	seconds	runtime	10.000492	seconds	input_count_rate	22197.501292	cps	output_count_rate	18392.095109	cps	triggers	210146	seconds	events_in_run	183930	seconds	channel	content		1	0
2	0
3	0
4	0
5	0
6	0
7	0
8	0
9	0
10	0
11	0
12	0
13	0
14	0
15	0
16	0
17	0
18	0
19	0
20	0
21	0
22	0
23	0
24	0
25	0
26	0
27	0
28	0
29	0
30	0
31	19
32	15
33	14
34	11
35	12
36	9
37	18
38	11
39	9
40	11
41	15
42	10
43	12
44	14
45	12
46	21
47	8
48	11
49	8
50	15
51	20
52	15
53	9
54	13
55	12
56	11
57	9
58	11
59	9
60	9
61	9
62	14
63	7
64	10
65	14
66	7
67	11
68	12
69	15
70	8
71	13
72	16
73	14
74	8
75	1
76	6
77	7
78	9
79	10
80	10
81	11
82	11
83	11
84	10
85	9
86	9
87	5
88	7
89	8
90	9
91	5
92	6
93	13
94	9
95	13
96	12
97	16
98	6
99	6
100	4
101	5
102	2
103	5
104	5
105	8
106	6
107	5
108	11
109	6
110	9
111	5
112	5
113	1
114	2
115	6
116	6
117	5
118	5
119	2
120	6
121	7
122	5
123	3
124	3
125	1
126	2
127	4
128	3
129	3
130	2
131	5
132	2
133	2
134	3
135	6
136	3
137	4
138	4
139	7
140	4
141	4
142	4
143	7
144	2
145	6
146	2
147	2
148	4
149	3
150	1
151	2
152	4
153	4
154	2
155	5
156	5
157	5
158	7
159	15
160	22
161	21
162	24
163	20
164	28
165	30
166	13
167	18
168	9
169	8
170	4
171	3
172	3
173	2
174	7
175	6
176	5
177	8
178	7
179	5
180	12
181	12
182	19
183	16
184	15
185	11
186	13
187	7
188	9
189	4
190	3
191	3
192	4
193	6
194	7
195	7
196	22
197	36
198	59
199	133
200	145
201	198
202	255
203	261
204	219
205	205
206	144
207	105
208	67
209	41
210	35
211	11
212	7
213	5
214	8
215	11
216	23
217	27
218	38
219	39
220	59
221	49
222	47
223	27
224	26
225	19
226	13
227	13
228	11
229	7
230	2
231	1
232	3
233	1
234	2
235	3
236	9
237	4
238	5
239	9
240	10
241	22
242	36
243	56
244	83
245	110
246	141
247	156
248	139
249	158
250	111
251	94
252	74
253	58
254	37
255	41
256	29
257	34
258	19
259	16
260	12
261	15
262	14
263	12
264	13
265	17
266	18
267	31
268	26
269	33
270	26
271	43
272	33
273	37
274	33
275	25
276	23
277	13
278	14
279	8
280	15
281	7
282	7
283	8
284	5
285	9
286	6
287	15
288	6
289	13
290	15
291	15
292	14
293	19
294	19
295	15
296	17
297	22
298	22
299	11
300	11
301	14
302	13
303	19
304	19
305	11
306	10
307	14
308	15
309	10
310	13
311	13
312	18
313	21
314	21
315	26
316	23
317	40
318	64
319	91
320	108
321	137
322	189
323	207
324	197
325	158
326	148
327	124
328	80
329	78
330	40
331	32
332	33
333	27
334	28
335	26
336	36
337	28
338	42
339	61
340	96
341	159
342	307
343	614
344	1032
345	1684
346	2713
347	3663
348	4803
349	6023
350	6798
351	6883
352	6705
353	5720
354	4604
355	3507
356	2571
357	1610
358	997
359	526
360	283
361	170
362	78
363	52
364	49
365	38
366	21
367	45
368	34
369	38
370	39
371	35
372	39
373	38
374	53
375	60
376	79
377	89
378	115
379	171
380	282
381	397
382	545
383	735
384	945
385	1002
386	1202
387	1157
388	1152
389	979
390	795
391	578
392	431
393	287
394	172
395	121
396	55
397	37
398	23
399	22
400	28
401	26
402	33
403	30
404	27
405	34
406	34
407	38
408	28
409	27
410	39
411	38
412	31
413	33
414	23
415	34
416	37
417	21
418	34
419	24
420	29
421	32
422	35
423	37
424	28
425	25
426	34
427	44
428	30
429	26
430	21
431	38
432	32
433	35
434	37
435	41
436	39
437	47
438	59
439	55
440	61
441	66
442	61
443	56
444	54
445	50
446	65
447	59
448	36
449	58
450	61
451	70
452	45
453	65
454	63
455	60
456	67
457	68
458	83
459	83
460	63
461	80
462	76
463	74
464	43
465	66
466	54
467	60
468	58
469	51
470	58
471	53
472	61
473	55
474	61
475	52
476	50
477	49
478	48
479	51
480	58
481	57
482	54
483	56
484	52
485	70
486	56
487	62
488	50
489	53
490	55
491	62
492	52
493	55
494	40
495	61
496	61
497	59
498	62
499	62
500	62
501	69
502	70
503	83
504	67
505	79
506	60
507	69
508	57
509	83
510	77
511	80
512	78
513	56
514	81
515	66
516	65
517	75
518	82
519	74
520	73
521	79
522	79
523	71
524	72
525	87
526	91
527	91
528	83
529	89
530	81
531	106
532	88
533	95
534	78
535	81
536	67
537	71
538	63
539	70
540	70
541	81
542	88
543	59
544	69
545	88
546	67
547	83
548	86
549	74
550	65
551	73
552	74
553	63
554	67
555	82
556	74
557	75
558	74
559	75
560	73
561	65
562	86
563	67
564	81
565	98
566	71
567	66
568	68
569	72
570	77
571	58
572	65
573	72
574	71
575	84
576	91
577	79
578	85
579	80
580	68
581	85
582	75
583	66
584	88
585	69
586	78
587	85
588	90
589	93
590	91
591	86
592	97
593	79
594	91
595	87
596	85
597	84
598	96
599	90
600	93
601	91
602	83
603	97
604	116
605	81
606	67
607	99
608	93
609	87
610	95
611	98
612	95
613	96
614	118
615	109
616	113
617	113
618	101
619	95
620	87
621	95
622	88
623	86
624	88
625	89
626	104
627	100
628	93
629	87
630	100
631	85
632	100
633	103
634	98
635	117
636	108
637	92
638	91
639	88
640	107
641	96
642	96
643	93
644	108
645	95
646	101
647	117
648	102
649	88
650	108
651	98
652	106
653	106
654	94
655	108
656	99
657	112
658	108
659	97
660	99
661	101
662	98
663	117
664	119
665	107
666	118
667	108
668	98
669	99
670	97
671	107
672	117
673	101
674	110
675	85
676	111
677	110
678	93
679	116
680	111
681	96
682	104
683	129
684	100
685	113
686	104
687	108
688	121
689	123
690	114
691	117
692	110
693	98
694	120
695	127
696	122
697	117
698	113
699	120
700	112
701	124
702	128
703	131
704	131
705	116
706	117
707	130
708	125
709	124
710	107
711	115
712	106
713	127
714	137
715	123
716	116
717	139
718	109
719	131
720	130
721	128
722	95
723	142
724	142
725	125
726	101
727	123
728	127
729	117
730	127
731	137
732	141
733	131
734	127
735	122
736	120
737	133
738	109
739	126
740	121
741	126
742	131
743	104
744	128
745	128
746	126
747	145
748	147
749	128
750	124
751	123
752	125
753	119
754	129
755	135
756	136
757	139
758	148
759	127
760	116
761	155
762	138
763	155
764	147
765	191
766	183
767	228
768	237
769	221
770	245
771	271
772	288
773	279
774	285
775	298
776	282
777	252
778	248
779	209
780	214
781	179
782	181
783	172
784	144
785	124
786	160
787	139
788	141
789	124
790	147
791	138
792	130
793	115
794	148
795	131
796	145
797	152
798	115
799	127
800	154
801	126
802	130
803	124
804	139
805	130
806	123
807	159
808	137
809	147
810	159
811	123
812	150
813	128
814	124
815	131
816	179
817	130
818	132
819	167
820	146
821	153
822	151
823	144
824	141
825	129
826	139
827	143
828	138
829	152
830	141
831	135
832	142
833	124
834	127
835	127
836	147
837	135
838	109
839	128
840	150
841	156
842	151
843	149
844	132
845	133
846	147
847	135
848	153
849	155
850	162
851	158
852	155
853	156
854	155
855	144
856	157
857	166
858	193
859	196
860	200
861	190
862	208
863	210
864	223
865	242
866	220
867	236
868	208
869	226
870	216
871	205
872	200
873	232
874	218
875	216
876	243
877	233
878	231
879	232
880	252
881	278
882	268
883	289
884	301
885	351
886	321
887	394
888	384
889	409
890	444
891	437
892	492
893	524
894	523
895	506
896	533
897	541
898	562
899	532
900	555
901	517
902	511
903	562
904	537
905	518
906	554
907	484
908	489
909	506
910	465
911	372
912	402
913	391
914	376
915	361
916	347
917	314
918	316
919	272
920	275
921	241
922	245
923	269
924	245
925	213
926	190
927	213
928	179
929	163
930	172
931	153
932	166
933	176
934	184
935	149
936	175
937	163
938	137
939	188
940	168
941	196
942	192
943	195
944	229
945	262
946	303
947	271
948	315
949	360
950	341
951	410
952	421
953	416
954	414
955	420
956	409
957	342
958	315
959	293
960	277
961	251
962	227
963	195
964	175
965	182
966	154
967	133
968	146
969	110
970	127
971	131
972	138
973	122
974	127
975	125
976	115
977	132
978	138
979	104
980	134
981	131
982	114
983	127
984	132
985	147
986	140
987	141
988	131
989	156
990	153
991	179
992	145
993	150
994	170
995	168
996	180
997	162
998	167
999	159
1000	190
1001	151
1002	167
1003	168
1004	188
1005	166
1006	156
1007	165
1008	183
1009	162
1010	182
1011	162
1012	165
1013	163
1014	136
1015	173
1016	130
1017	123
1018	141
1019	143
1020	117
1021	132
1022	123
1023	122
1024	102
