Date:	08/05/2018		Time:	20:07		Version no:	0.00		Project name:	55		Sample name:	222		Section name:	section		Position	219.115036	mm	E0	0.000000	keV	E1	1.000000	keV/channel	sample surface	5.919075	cm	Tube anode:	Mo		Tube voltage:	30	kV	Tube current:	50	mA	gain	10		std. database			resultfile	result		matrix element	11		sample thickness	1.000000		air passage	0.560000	cm	comments	in position		peaking_time	2.200000	m-sec	trigger_threshold	547.363281	V	mca_bin_width	22.090000	no:	number_mca_channels	1024.000000	no:	gap_time	0.150000	m-sec	trigger_peaking_time	0.200000	m-sec	GAINDAC	18610		HIGHGAIN	1		TAURC	1		RCTAU	1		RCTAUFRAC	1		livetime	9.426105	seconds	runtime	10.000494	seconds	input_count_rate	24243.099865	cps	output_count_rate	19838.119203	cps	triggers	228518	seconds	events_in_run	198391	seconds	channel	content		1	0
2	0
3	0
4	0
5	0
6	0
7	0
8	0
9	0
10	0
11	0
12	0
13	0
14	0
15	0
16	0
17	0
18	0
19	0
20	0
21	0
22	0
23	0
24	0
25	0
26	0
27	0
28	0
29	0
30	0
31	12
32	13
33	14
34	13
35	17
36	15
37	17
38	22
39	11
40	13
41	14
42	19
43	13
44	17
45	9
46	10
47	12
48	12
49	14
50	16
51	12
52	9
53	11
54	15
55	14
56	18
57	19
58	7
59	10
60	12
61	11
62	6
63	11
64	4
65	10
66	9
67	17
68	19
69	8
70	13
71	4
72	7
73	12
74	7
75	8
76	9
77	9
78	8
79	11
80	9
81	18
82	12
83	15
84	11
85	8
86	5
87	5
88	6
89	4
90	7
91	9
92	11
93	8
94	13
95	9
96	12
97	9
98	15
99	9
100	2
101	13
102	12
103	9
104	6
105	7
106	7
107	13
108	12
109	8
110	7
111	5
112	6
113	4
114	7
115	4
116	4
117	3
118	7
119	1
120	5
121	5
122	4
123	2
124	9
125	3
126	2
127	3
128	7
129	5
130	1
131	2
132	3
133	3
134	2
135	3
136	1
137	3
138	2
139	1
140	2
141	2
142	0
143	2
144	4
145	1
146	4
147	3
148	6
149	7
150	9
151	7
152	7
153	7
154	4
155	1
156	10
157	4
158	5
159	13
160	30
161	20
162	22
163	27
164	27
165	20
166	20
167	13
168	9
169	5
170	6
171	11
172	9
173	4
174	4
175	7
176	6
177	11
178	7
179	9
180	8
181	20
182	19
183	14
184	16
185	13
186	9
187	8
188	7
189	8
190	3
191	5
192	4
193	3
194	6
195	8
196	20
197	45
198	72
199	134
200	188
201	247
202	280
203	299
204	281
205	256
206	195
207	143
208	81
209	53
210	12
211	13
212	4
213	9
214	12
215	16
216	17
217	25
218	41
219	48
220	47
221	57
222	55
223	41
224	31
225	30
226	14
227	9
228	13
229	5
230	2
231	7
232	4
233	3
234	5
235	1
236	3
237	3
238	8
239	7
240	13
241	26
242	49
243	72
244	123
245	144
246	207
247	224
248	219
249	209
250	177
251	137
252	121
253	87
254	61
255	53
256	38
257	19
258	26
259	32
260	16
261	12
262	16
263	7
264	20
265	11
266	25
267	36
268	36
269	44
270	44
271	60
272	51
273	54
274	38
275	33
276	22
277	19
278	10
279	16
280	11
281	9
282	10
283	15
284	13
285	7
286	9
287	12
288	16
289	19
290	10
291	13
292	17
293	20
294	14
295	16
296	22
297	18
298	14
299	19
300	17
301	13
302	19
303	14
304	14
305	7
306	13
307	11
308	14
309	14
310	15
311	17
312	18
313	20
314	19
315	22
316	32
317	48
318	71
319	98
320	150
321	184
322	217
323	209
324	248
325	211
326	158
327	151
328	109
329	70
330	53
331	28
332	43
333	39
334	21
335	35
336	41
337	36
338	43
339	68
340	122
341	181
342	421
343	657
344	1151
345	1946
346	2977
347	4230
348	5552
349	6613
350	7446
351	7598
352	7297
353	6483
354	5210
355	3910
356	2742
357	1790
358	1050
359	576
360	318
361	184
362	84
363	59
364	54
365	44
366	36
367	33
368	31
369	39
370	51
371	32
372	50
373	53
374	56
375	72
376	68
377	82
378	142
379	183
380	315
381	464
382	572
383	797
384	967
385	1161
386	1247
387	1350
388	1238
389	1085
390	890
391	661
392	489
393	303
394	202
395	135
396	72
397	56
398	37
399	15
400	34
401	23
402	36
403	35
404	39
405	33
406	31
407	34
408	42
409	37
410	36
411	38
412	45
413	45
414	28
415	38
416	20
417	31
418	41
419	31
420	35
421	36
422	32
423	38
424	31
425	30
426	33
427	34
428	30
429	38
430	39
431	39
432	30
433	30
434	47
435	53
436	48
437	51
438	62
439	76
440	67
441	83
442	73
443	74
444	72
445	70
446	59
447	51
448	46
449	53
450	56
451	59
452	59
453	65
454	75
455	67
456	68
457	86
458	75
459	91
460	80
461	75
462	92
463	72
464	61
465	64
466	56
467	57
468	74
469	52
470	41
471	73
472	83
473	58
474	62
475	59
476	77
477	60
478	61
479	69
480	53
481	63
482	48
483	47
484	48
485	63
486	47
487	53
488	63
489	64
490	61
491	61
492	52
493	45
494	54
495	67
496	60
497	56
498	63
499	77
500	65
501	67
502	66
503	73
504	71
505	73
506	77
507	72
508	78
509	76
510	82
511	91
512	85
513	89
514	75
515	81
516	70
517	81
518	83
519	82
520	77
521	75
522	98
523	81
524	104
525	93
526	94
527	99
528	94
529	87
530	99
531	101
532	112
533	90
534	84
535	92
536	90
537	90
538	87
539	77
540	75
541	92
542	90
543	99
544	83
545	79
546	77
547	86
548	97
549	93
550	77
551	74
552	82
553	79
554	77
555	58
556	78
557	61
558	73
559	67
560	67
561	73
562	77
563	67
564	68
565	77
566	77
567	79
568	88
569	64
570	62
571	80
572	72
573	85
574	81
575	88
576	84
577	82
578	81
579	83
580	103
581	85
582	86
583	74
584	79
585	99
586	81
587	79
588	98
589	86
590	90
591	96
592	83
593	95
594	92
595	101
596	78
597	107
598	98
599	108
600	93
601	94
602	109
603	107
604	92
605	94
606	92
607	78
608	93
609	101
610	104
611	87
612	110
613	107
614	104
615	96
616	105
617	130
618	111
619	95
620	116
621	118
622	90
623	104
624	91
625	102
626	73
627	109
628	107
629	102
630	114
631	103
632	104
633	91
634	117
635	90
636	98
637	113
638	105
639	92
640	103
641	109
642	111
643	104
644	102
645	104
646	111
647	94
648	113
649	121
650	103
651	114
652	132
653	114
654	119
655	97
656	123
657	111
658	113
659	128
660	101
661	104
662	119
663	109
664	106
665	110
666	113
667	113
668	96
669	116
670	113
671	112
672	123
673	109
674	107
675	121
676	103
677	105
678	110
679	101
680	103
681	122
682	113
683	138
684	115
685	130
686	121
687	125
688	137
689	102
690	113
691	119
692	112
693	115
694	133
695	111
696	133
697	134
698	136
699	123
700	122
701	117
702	124
703	141
704	109
705	121
706	132
707	120
708	121
709	103
710	131
711	120
712	109
713	128
714	119
715	130
716	128
717	120
718	147
719	138
720	133
721	146
722	117
723	131
724	108
725	131
726	121
727	132
728	118
729	136
730	147
731	114
732	133
733	133
734	111
735	134
736	144
737	139
738	122
739	135
740	149
741	121
742	146
743	137
744	138
745	161
746	128
747	134
748	132
749	140
750	119
751	131
752	124
753	119
754	126
755	134
756	126
757	117
758	150
759	134
760	141
761	137
762	144
763	177
764	159
765	177
766	204
767	186
768	196
769	236
770	278
771	281
772	267
773	294
774	289
775	279
776	282
777	241
778	244
779	221
780	199
781	189
782	173
783	164
784	151
785	155
786	127
787	138
788	145
789	149
790	147
791	137
792	137
793	135
794	126
795	134
796	129
797	116
798	121
799	122
800	140
801	153
802	121
803	150
804	118
805	135
806	155
807	135
808	120
809	132
810	142
811	147
812	135
813	151
814	136
815	156
816	164
817	147
818	144
819	147
820	146
821	143
822	154
823	169
824	131
825	168
826	156
827	125
828	162
829	137
830	137
831	145
832	148
833	151
834	123
835	130
836	161
837	135
838	168
839	165
840	145
841	144
842	158
843	151
844	151
845	145
846	159
847	160
848	164
849	151
850	150
851	143
852	173
853	174
854	190
855	172
856	186
857	184
858	173
859	184
860	206
861	216
862	212
863	193
864	227
865	211
866	252
867	217
868	211
869	200
870	237
871	206
872	227
873	226
874	224
875	246
876	255
877	252
878	254
879	258
880	268
881	298
882	318
883	336
884	303
885	360
886	378
887	398
888	408
889	426
890	456
891	501
892	492
893	496
894	560
895	514
896	572
897	540
898	577
899	621
900	580
901	572
902	570
903	548
904	546
905	568
906	550
907	530
908	493
909	503
910	482
911	453
912	461
913	425
914	378
915	370
916	329
917	306
918	286
919	284
920	291
921	278
922	237
923	264
924	234
925	223
926	221
927	204
928	202
929	171
930	190
931	193
932	176
933	153
934	167
935	158
936	172
937	165
938	148
939	170
940	176
941	193
942	189
943	212
944	246
945	252
946	260
947	306
948	313
949	361
950	383
951	421
952	405
953	418
954	451
955	437
956	409
957	387
958	374
959	308
960	312
961	255
962	237
963	197
964	191
965	168
966	158
967	142
968	126
969	142
970	112
971	119
972	130
973	129
974	156
975	144
976	110
977	128
978	140
979	130
980	146
981	113
982	175
983	126
984	129
985	125
986	140
987	163
988	154
989	144
990	149
991	153
992	158
993	146
994	158
995	169
996	144
997	171
998	192
999	184
1000	164
1001	168
1002	167
1003	182
1004	175
1005	170
1006	192
1007	169
1008	182
1009	186
1010	192
1011	151
1012	186
1013	174
1014	150
1015	173
1016	170
1017	166
1018	150
1019	129
1020	129
1021	124
1022	142
1023	112
1024	111
