Date:	08/05/2018		Time:	18:55		Version no:	0.00		Project name:	55		Sample name:	222		Section name:	section		Position	143.915024	mm	E0	0.000000	keV	E1	1.000000	keV/channel	sample surface	5.909291	cm	Tube anode:	Mo		Tube voltage:	30	kV	Tube current:	50	mA	gain	10		std. database			resultfile	result		matrix element	11		sample thickness	1.000000		air passage	0.560000	cm	comments	in position		peaking_time	2.200000	m-sec	trigger_threshold	547.363281	V	mca_bin_width	22.090000	no:	number_mca_channels	1024.000000	no:	gap_time	0.150000	m-sec	trigger_peaking_time	0.200000	m-sec	GAINDAC	18610		HIGHGAIN	1		TAURC	1		RCTAU	1		RCTAUFRAC	1		livetime	9.471626	seconds	runtime	10.000495	seconds	input_count_rate	22050.597101	cps	output_count_rate	18267.595389	cps	triggers	208855	seconds	events_in_run	182685	seconds	channel	content		1	0
2	0
3	0
4	0
5	0
6	0
7	0
8	0
9	0
10	0
11	0
12	0
13	0
14	0
15	0
16	0
17	0
18	0
19	0
20	0
21	0
22	0
23	0
24	0
25	0
26	0
27	0
28	0
29	0
30	0
31	20
32	12
33	13
34	11
35	25
36	16
37	16
38	17
39	17
40	12
41	16
42	18
43	15
44	14
45	16
46	18
47	17
48	9
49	18
50	12
51	13
52	10
53	18
54	17
55	9
56	5
57	15
58	15
59	6
60	16
61	13
62	8
63	10
64	10
65	6
66	14
67	9
68	6
69	8
70	3
71	8
72	9
73	10
74	10
75	5
76	7
77	9
78	12
79	12
80	7
81	5
82	13
83	8
84	11
85	11
86	7
87	6
88	8
89	2
90	9
91	5
92	5
93	8
94	5
95	9
96	14
97	19
98	14
99	10
100	3
101	10
102	6
103	2
104	5
105	7
106	10
107	6
108	9
109	5
110	3
111	8
112	10
113	3
114	3
115	4
116	2
117	5
118	3
119	6
120	1
121	6
122	4
123	4
124	8
125	3
126	4
127	3
128	5
129	3
130	2
131	3
132	3
133	3
134	2
135	1
136	0
137	2
138	6
139	4
140	5
141	3
142	1
143	5
144	6
145	2
146	6
147	3
148	0
149	3
150	5
151	1
152	5
153	4
154	3
155	4
156	6
157	4
158	12
159	12
160	20
161	23
162	29
163	30
164	30
165	26
166	17
167	8
168	5
169	4
170	4
171	3
172	1
173	8
174	4
175	7
176	8
177	11
178	8
179	17
180	19
181	19
182	16
183	11
184	13
185	9
186	12
187	6
188	8
189	6
190	2
191	6
192	2
193	5
194	11
195	6
196	24
197	32
198	73
199	132
200	161
201	231
202	272
203	285
204	266
205	227
206	153
207	103
208	67
209	27
210	26
211	11
212	11
213	9
214	8
215	14
216	12
217	20
218	31
219	56
220	47
221	49
222	54
223	34
224	35
225	26
226	11
227	10
228	4
229	5
230	6
231	3
232	3
233	7
234	2
235	3
236	8
237	6
238	4
239	11
240	8
241	16
242	26
243	49
244	69
245	102
246	122
247	132
248	154
249	118
250	99
251	86
252	81
253	57
254	50
255	41
256	38
257	24
258	22
259	31
260	15
261	14
262	9
263	9
264	7
265	20
266	22
267	23
268	27
269	35
270	27
271	35
272	33
273	42
274	29
275	33
276	15
277	18
278	6
279	7
280	10
281	11
282	10
283	15
284	9
285	12
286	10
287	5
288	9
289	12
290	9
291	12
292	14
293	19
294	19
295	21
296	14
297	15
298	15
299	12
300	10
301	9
302	7
303	12
304	13
305	14
306	12
307	8
308	10
309	9
310	17
311	5
312	19
313	17
314	12
315	24
316	28
317	43
318	67
319	100
320	110
321	143
322	196
323	194
324	192
325	187
326	147
327	112
328	100
329	57
330	53
331	35
332	31
333	34
334	37
335	34
336	24
337	34
338	36
339	49
340	101
341	180
342	302
343	565
344	999
345	1700
346	2577
347	3741
348	4790
349	5980
350	6676
351	6942
352	6441
353	5566
354	4654
355	3426
356	2347
357	1522
358	919
359	518
360	253
361	161
362	74
363	54
364	43
365	42
366	40
367	36
368	39
369	42
370	40
371	39
372	42
373	33
374	44
375	54
376	75
377	95
378	135
379	182
380	289
381	394
382	549
383	735
384	892
385	1015
386	1198
387	1151
388	1153
389	980
390	764
391	609
392	390
393	274
394	200
395	130
396	71
397	39
398	33
399	20
400	24
401	23
402	39
403	19
404	36
405	29
406	32
407	20
408	25
409	29
410	28
411	38
412	32
413	38
414	34
415	23
416	35
417	26
418	31
419	28
420	29
421	24
422	19
423	27
424	32
425	28
426	33
427	27
428	32
429	26
430	47
431	33
432	29
433	37
434	46
435	37
436	43
437	46
438	39
439	60
440	59
441	68
442	65
443	50
444	72
445	63
446	63
447	54
448	56
449	52
450	51
451	63
452	68
453	45
454	54
455	68
456	48
457	76
458	67
459	73
460	77
461	68
462	69
463	68
464	64
465	58
466	51
467	55
468	61
469	53
470	59
471	61
472	54
473	65
474	53
475	51
476	56
477	59
478	48
479	57
480	53
481	66
482	54
483	51
484	62
485	41
486	58
487	58
488	38
489	41
490	58
491	59
492	66
493	57
494	46
495	66
496	71
497	56
498	43
499	53
500	58
501	58
502	61
503	50
504	59
505	81
506	73
507	71
508	74
509	79
510	81
511	72
512	70
513	67
514	72
515	60
516	69
517	66
518	67
519	70
520	85
521	73
522	81
523	91
524	99
525	81
526	75
527	99
528	107
529	86
530	96
531	87
532	91
533	75
534	78
535	93
536	73
537	74
538	83
539	66
540	65
541	79
542	78
543	77
544	83
545	81
546	68
547	79
548	80
549	77
550	70
551	92
552	79
553	65
554	70
555	68
556	56
557	91
558	69
559	72
560	73
561	59
562	71
563	71
564	72
565	69
566	72
567	78
568	83
569	70
570	77
571	78
572	62
573	77
574	82
575	70
576	69
577	73
578	95
579	82
580	79
581	79
582	83
583	79
584	75
585	72
586	77
587	77
588	88
589	101
590	87
591	91
592	73
593	77
594	77
595	86
596	87
597	87
598	73
599	85
600	83
601	78
602	105
603	80
604	101
605	94
606	70
607	76
608	96
609	83
610	86
611	97
612	91
613	95
614	101
615	96
616	98
617	93
618	98
619	94
620	79
621	87
622	108
623	104
624	83
625	80
626	101
627	80
628	88
629	96
630	107
631	95
632	88
633	92
634	96
635	88
636	90
637	118
638	101
639	87
640	111
641	91
642	109
643	84
644	91
645	116
646	90
647	105
648	113
649	114
650	113
651	120
652	96
653	111
654	103
655	110
656	94
657	98
658	106
659	105
660	95
661	108
662	109
663	98
664	115
665	94
666	108
667	103
668	99
669	98
670	111
671	89
672	111
673	108
674	125
675	110
676	121
677	99
678	110
679	99
680	101
681	128
682	113
683	104
684	116
685	104
686	126
687	109
688	97
689	122
690	97
691	127
692	114
693	111
694	117
695	112
696	122
697	121
698	125
699	106
700	122
701	113
702	119
703	133
704	103
705	130
706	111
707	109
708	139
709	114
710	107
711	129
712	111
713	107
714	125
715	135
716	120
717	135
718	103
719	110
720	125
721	133
722	110
723	124
724	135
725	134
726	111
727	139
728	127
729	120
730	130
731	145
732	125
733	121
734	109
735	143
736	127
737	114
738	145
739	119
740	125
741	120
742	125
743	132
744	118
745	119
746	131
747	143
748	137
749	144
750	136
751	132
752	137
753	125
754	134
755	129
756	132
757	125
758	135
759	120
760	122
761	152
762	152
763	136
764	169
765	144
766	172
767	211
768	208
769	237
770	267
771	262
772	265
773	281
774	301
775	313
776	253
777	263
778	250
779	231
780	175
781	195
782	171
783	151
784	157
785	120
786	141
787	129
788	142
789	142
790	143
791	126
792	125
793	134
794	133
795	108
796	136
797	127
798	129
799	127
800	139
801	134
802	138
803	162
804	125
805	141
806	146
807	132
808	153
809	129
810	130
811	160
812	141
813	141
814	142
815	145
816	137
817	153
818	144
819	138
820	129
821	137
822	143
823	125
824	141
825	143
826	124
827	142
828	137
829	134
830	136
831	158
832	148
833	114
834	130
835	141
836	150
837	110
838	133
839	128
840	147
841	141
842	155
843	155
844	153
845	133
846	156
847	134
848	161
849	138
850	156
851	161
852	142
853	168
854	151
855	157
856	187
857	168
858	185
859	183
860	206
861	188
862	227
863	201
864	199
865	225
866	194
867	216
868	217
869	195
870	232
871	199
872	206
873	225
874	224
875	229
876	220
877	249
878	230
879	240
880	271
881	273
882	295
883	323
884	325
885	293
886	351
887	384
888	390
889	383
890	433
891	445
892	505
893	472
894	509
895	505
896	484
897	534
898	520
899	528
900	541
901	548
902	536
903	591
904	561
905	530
906	537
907	496
908	495
909	477
910	421
911	458
912	422
913	409
914	395
915	354
916	319
917	322
918	278
919	283
920	241
921	251
922	239
923	238
924	267
925	211
926	203
927	187
928	225
929	181
930	169
931	161
932	160
933	156
934	166
935	187
936	157
937	164
938	174
939	201
940	203
941	188
942	217
943	189
944	260
945	261
946	267
947	283
948	344
949	329
950	384
951	408
952	426
953	417
954	428
955	380
956	385
957	384
958	339
959	329
960	278
961	255
962	226
963	208
964	194
965	154
966	149
967	124
968	145
969	127
970	130
971	130
972	134
973	131
974	143
975	137
976	129
977	132
978	127
979	122
980	127
981	106
982	125
983	139
984	127
985	108
986	138
987	145
988	142
989	153
990	144
991	152
992	140
993	185
994	154
995	142
996	166
997	167
998	163
999	162
1000	166
1001	163
1002	168
1003	163
1004	182
1005	189
1006	186
1007	177
1008	165
1009	143
1010	173
1011	144
1012	153
1013	166
1014	142
1015	136
1016	139
1017	134
1018	138
1019	119
1020	120
1021	118
1022	140
1023	111
1024	110
