Date:	08/05/2018		Time:	18:06		Version no:	0.00		Project name:	55		Sample name:	222		Section name:	section		Position	92.115028	mm	E0	0.000000	keV	E1	1.000000	keV/channel	sample surface	5.970804	cm	Tube anode:	Mo		Tube voltage:	30	kV	Tube current:	50	mA	gain	10		std. database			resultfile	result		matrix element	11		sample thickness	1.000000		air passage	0.560000	cm	comments	in position		peaking_time	2.200000	m-sec	trigger_threshold	547.363281	V	mca_bin_width	22.090000	no:	number_mca_channels	1024.000000	no:	gap_time	0.150000	m-sec	trigger_peaking_time	0.200000	m-sec	GAINDAC	18610		HIGHGAIN	1		TAURC	1		RCTAU	1		RCTAUFRAC	1		livetime	9.473966	seconds	runtime	10.000492	seconds	input_count_rate	23092.439931	cps	output_count_rate	19093.660592	cps	triggers	218777	seconds	events_in_run	190946	seconds	channel	content		1	0
2	0
3	0
4	0
5	0
6	0
7	0
8	0
9	0
10	0
11	0
12	0
13	0
14	0
15	0
16	0
17	0
18	0
19	0
20	0
21	0
22	0
23	0
24	0
25	0
26	0
27	0
28	0
29	0
30	0
31	16
32	9
33	9
34	14
35	9
36	10
37	15
38	11
39	10
40	17
41	7
42	8
43	12
44	13
45	15
46	15
47	11
48	12
49	8
50	14
51	7
52	11
53	12
54	12
55	11
56	9
57	9
58	19
59	10
60	4
61	10
62	9
63	10
64	6
65	6
66	8
67	9
68	9
69	8
70	9
71	8
72	7
73	4
74	11
75	5
76	4
77	7
78	8
79	13
80	11
81	17
82	13
83	12
84	8
85	6
86	10
87	4
88	6
89	8
90	3
91	8
92	10
93	11
94	17
95	12
96	18
97	15
98	17
99	11
100	7
101	3
102	8
103	10
104	6
105	12
106	13
107	13
108	9
109	3
110	6
111	8
112	4
113	5
114	4
115	6
116	5
117	6
118	4
119	6
120	3
121	1
122	2
123	6
124	8
125	7
126	4
127	3
128	2
129	10
130	2
131	5
132	3
133	2
134	5
135	6
136	5
137	3
138	1
139	2
140	3
141	2
142	3
143	6
144	5
145	7
146	4
147	3
148	9
149	6
150	3
151	8
152	6
153	5
154	4
155	4
156	7
157	5
158	5
159	14
160	27
161	19
162	23
163	29
164	26
165	26
166	18
167	18
168	4
169	7
170	3
171	6
172	7
173	7
174	8
175	4
176	6
177	14
178	5
179	19
180	15
181	22
182	29
183	11
184	22
185	13
186	16
187	11
188	9
189	4
190	6
191	5
192	2
193	2
194	8
195	14
196	44
197	66
198	112
199	188
200	299
201	405
202	442
203	476
204	439
205	372
206	298
207	184
208	129
209	60
210	25
211	9
212	8
213	11
214	10
215	20
216	41
217	54
218	45
219	81
220	78
221	69
222	68
223	62
224	51
225	30
226	20
227	12
228	8
229	8
230	3
231	2
232	4
233	3
234	7
235	3
236	7
237	3
238	18
239	9
240	26
241	32
242	61
243	80
244	145
245	204
246	247
247	281
248	287
249	252
250	220
251	151
252	127
253	92
254	62
255	55
256	41
257	33
258	33
259	27
260	21
261	14
262	15
263	12
264	24
265	15
266	26
267	35
268	42
269	57
270	63
271	66
272	61
273	44
274	41
275	49
276	27
277	20
278	9
279	8
280	12
281	8
282	6
283	6
284	7
285	13
286	20
287	14
288	14
289	20
290	18
291	9
292	14
293	18
294	14
295	19
296	19
297	25
298	20
299	24
300	13
301	13
302	22
303	16
304	21
305	10
306	6
307	13
308	6
309	9
310	11
311	18
312	10
313	16
314	15
315	17
316	35
317	36
318	63
319	85
320	102
321	142
322	172
323	182
324	153
325	148
326	117
327	111
328	100
329	44
330	37
331	40
332	25
333	22
334	31
335	29
336	37
337	41
338	63
339	75
340	90
341	202
342	383
343	709
344	1251
345	2121
346	3132
347	4571
348	6008
349	7264
350	8267
351	8458
352	8046
353	6971
354	5675
355	4213
356	2957
357	1857
358	1094
359	654
360	314
361	175
362	93
363	53
364	47
365	45
366	37
367	34
368	40
369	48
370	48
371	37
372	48
373	49
374	66
375	62
376	68
377	107
378	150
379	221
380	357
381	432
382	656
383	881
384	1111
385	1281
386	1413
387	1345
388	1308
389	1149
390	917
391	765
392	502
393	308
394	192
395	134
396	79
397	48
398	38
399	29
400	32
401	19
402	23
403	24
404	26
405	30
406	23
407	37
408	30
409	34
410	27
411	32
412	25
413	33
414	31
415	30
416	26
417	21
418	22
419	36
420	20
421	29
422	24
423	37
424	22
425	20
426	35
427	19
428	26
429	34
430	33
431	28
432	39
433	35
434	36
435	40
436	42
437	55
438	56
439	60
440	52
441	65
442	54
443	49
444	43
445	56
446	57
447	48
448	52
449	58
450	49
451	51
452	66
453	52
454	55
455	54
456	63
457	66
458	95
459	67
460	57
461	63
462	83
463	67
464	67
465	49
466	55
467	43
468	64
469	51
470	51
471	46
472	61
473	55
474	52
475	65
476	60
477	59
478	40
479	37
480	58
481	36
482	43
483	50
484	53
485	48
486	43
487	54
488	52
489	57
490	53
491	46
492	61
493	51
494	48
495	48
496	42
497	51
498	58
499	62
500	58
501	62
502	53
503	48
504	67
505	66
506	57
507	71
508	74
509	71
510	73
511	62
512	64
513	73
514	68
515	54
516	69
517	68
518	78
519	90
520	84
521	74
522	75
523	95
524	84
525	99
526	78
527	91
528	97
529	74
530	66
531	67
532	82
533	77
534	74
535	88
536	63
537	65
538	79
539	77
540	65
541	61
542	63
543	75
544	72
545	72
546	71
547	67
548	75
549	67
550	61
551	60
552	70
553	78
554	78
555	85
556	73
557	66
558	67
559	76
560	55
561	69
562	76
563	63
564	87
565	78
566	58
567	72
568	66
569	70
570	59
571	66
572	67
573	79
574	76
575	80
576	61
577	57
578	74
579	80
580	74
581	73
582	69
583	68
584	63
585	94
586	73
587	73
588	70
589	71
590	83
591	84
592	78
593	79
594	70
595	87
596	93
597	95
598	99
599	86
600	74
601	82
602	79
603	81
604	96
605	76
606	79
607	73
608	64
609	88
610	86
611	82
612	88
613	87
614	87
615	85
616	76
617	109
618	85
619	90
620	79
621	92
622	108
623	76
624	88
625	82
626	101
627	88
628	89
629	86
630	77
631	81
632	93
633	84
634	73
635	85
636	74
637	86
638	107
639	83
640	107
641	81
642	78
643	90
644	76
645	96
646	102
647	80
648	95
649	109
650	80
651	91
652	109
653	103
654	96
655	86
656	90
657	106
658	87
659	83
660	86
661	86
662	80
663	88
664	80
665	101
666	108
667	79
668	84
669	78
670	86
671	89
672	105
673	89
674	95
675	97
676	90
677	88
678	116
679	94
680	118
681	90
682	106
683	108
684	89
685	108
686	99
687	96
688	117
689	106
690	107
691	98
692	109
693	85
694	122
695	94
696	116
697	100
698	101
699	113
700	119
701	100
702	96
703	109
704	118
705	117
706	109
707	107
708	105
709	99
710	117
711	98
712	100
713	108
714	123
715	98
716	109
717	101
718	109
719	113
720	91
721	101
722	113
723	98
724	103
725	91
726	104
727	101
728	110
729	106
730	109
731	121
732	110
733	106
734	125
735	116
736	124
737	117
738	103
739	108
740	107
741	112
742	125
743	130
744	127
745	117
746	95
747	98
748	116
749	116
750	124
751	107
752	118
753	129
754	104
755	101
756	128
757	106
758	117
759	110
760	123
761	130
762	142
763	152
764	138
765	157
766	157
767	184
768	194
769	188
770	247
771	225
772	273
773	272
774	259
775	228
776	233
777	207
778	237
779	183
780	156
781	155
782	127
783	122
784	123
785	128
786	125
787	135
788	118
789	132
790	107
791	124
792	115
793	116
794	123
795	127
796	119
797	121
798	130
799	94
800	134
801	113
802	114
803	110
804	103
805	100
806	117
807	119
808	138
809	129
810	110
811	140
812	92
813	120
814	144
815	129
816	131
817	141
818	128
819	137
820	139
821	124
822	139
823	137
824	133
825	115
826	112
827	119
828	136
829	125
830	121
831	130
832	124
833	139
834	104
835	118
836	115
837	121
838	131
839	116
840	127
841	119
842	162
843	139
844	134
845	149
846	129
847	112
848	125
849	133
850	154
851	136
852	126
853	148
854	162
855	132
856	153
857	164
858	167
859	175
860	191
861	188
862	153
863	186
864	173
865	184
866	198
867	203
868	202
869	198
870	199
871	187
872	186
873	167
874	183
875	193
876	222
877	198
878	223
879	228
880	232
881	203
882	231
883	268
884	280
885	284
886	281
887	324
888	341
889	373
890	375
891	393
892	399
893	401
894	410
895	401
896	503
897	480
898	460
899	478
900	464
901	459
902	431
903	469
904	438
905	469
906	437
907	427
908	448
909	361
910	420
911	374
912	345
913	337
914	328
915	321
916	285
917	256
918	233
919	230
920	271
921	226
922	208
923	200
924	198
925	197
926	187
927	178
928	195
929	182
930	135
931	160
932	129
933	152
934	148
935	131
936	142
937	148
938	149
939	136
940	171
941	170
942	179
943	192
944	194
945	238
946	229
947	271
948	298
949	320
950	355
951	375
952	377
953	403
954	404
955	379
956	383
957	352
958	362
959	307
960	243
961	260
962	203
963	194
964	154
965	147
966	140
967	108
968	122
969	110
970	116
971	107
972	96
973	102
974	107
975	107
976	99
977	113
978	121
979	117
980	105
981	132
982	113
983	107
984	146
985	125
986	117
987	134
988	130
989	121
990	121
991	127
992	131
993	117
994	136
995	163
996	135
997	163
998	127
999	158
1000	151
1001	162
1002	165
1003	146
1004	145
1005	160
1006	148
1007	141
1008	180
1009	151
1010	154
1011	153
1012	133
1013	124
1014	133
1015	112
1016	133
1017	147
1018	143
1019	98
1020	137
1021	118
1022	121
1023	101
1024	96
