Date:	08/05/2018		Time:	17:21		Version no:	0.00		Project name:	55		Sample name:	222		Section name:	section		Position	45.515030	mm	E0	0.000000	keV	E1	1.000000	keV/channel	sample surface	5.706221	cm	Tube anode:	Mo		Tube voltage:	30	kV	Tube current:	50	mA	gain	10		std. database			resultfile	result		matrix element	11		sample thickness	1.000000		air passage	0.560000	cm	comments	in position		peaking_time	2.200000	m-sec	trigger_threshold	547.363281	V	mca_bin_width	22.090000	no:	number_mca_channels	1024.000000	no:	gap_time	0.150000	m-sec	trigger_peaking_time	0.200000	m-sec	GAINDAC	18610		HIGHGAIN	1		TAURC	1		RCTAU	1		RCTAUFRAC	1		livetime	9.555222	seconds	runtime	10.000493	seconds	input_count_rate	16373.140619	cps	output_count_rate	14038.208197	cps	triggers	156449	seconds	events_in_run	140389	seconds	channel	content		1	0
2	0
3	0
4	0
5	0
6	0
7	0
8	0
9	0
10	0
11	0
12	0
13	0
14	0
15	0
16	0
17	0
18	0
19	0
20	0
21	0
22	0
23	0
24	0
25	0
26	0
27	0
28	0
29	0
30	0
31	14
32	12
33	18
34	13
35	15
36	14
37	16
38	16
39	10
40	11
41	17
42	12
43	23
44	8
45	16
46	15
47	11
48	20
49	11
50	11
51	16
52	13
53	10
54	8
55	15
56	15
57	15
58	8
59	8
60	14
61	12
62	11
63	13
64	3
65	8
66	7
67	6
68	5
69	10
70	11
71	8
72	7
73	7
74	8
75	11
76	6
77	9
78	5
79	6
80	4
81	5
82	7
83	9
84	5
85	9
86	7
87	7
88	5
89	8
90	6
91	6
92	5
93	8
94	7
95	10
96	10
97	14
98	17
99	9
100	6
101	10
102	5
103	8
104	3
105	3
106	5
107	9
108	6
109	4
110	9
111	6
112	4
113	8
114	6
115	4
116	8
117	7
118	2
119	8
120	1
121	2
122	1
123	3
124	5
125	4
126	5
127	7
128	6
129	1
130	6
131	4
132	3
133	5
134	3
135	4
136	2
137	1
138	1
139	2
140	3
141	3
142	5
143	3
144	3
145	5
146	3
147	1
148	2
149	2
150	5
151	4
152	4
153	5
154	2
155	6
156	2
157	4
158	10
159	13
160	23
161	34
162	32
163	20
164	26
165	26
166	26
167	10
168	9
169	2
170	2
171	4
172	2
173	3
174	5
175	2
176	7
177	4
178	4
179	7
180	7
181	9
182	16
183	9
184	11
185	6
186	6
187	6
188	3
189	3
190	5
191	3
192	3
193	3
194	5
195	8
196	10
197	19
198	37
199	55
200	85
201	133
202	135
203	151
204	130
205	142
206	99
207	65
208	44
209	12
210	12
211	7
212	5
213	3
214	6
215	8
216	15
217	9
218	18
219	25
220	27
221	27
222	32
223	17
224	23
225	8
226	6
227	11
228	7
229	5
230	3
231	3
232	3
233	6
234	3
235	0
236	3
237	5
238	1
239	7
240	6
241	15
242	13
243	10
244	25
245	32
246	43
247	54
248	42
249	41
250	36
251	32
252	32
253	24
254	24
255	18
256	19
257	15
258	13
259	13
260	9
261	2
262	6
263	6
264	2
265	7
266	14
267	12
268	12
269	18
270	12
271	13
272	9
273	11
274	8
275	9
276	10
277	5
278	10
279	4
280	11
281	10
282	3
283	8
284	8
285	4
286	11
287	8
288	9
289	11
290	7
291	9
292	12
293	8
294	10
295	14
296	7
297	14
298	9
299	10
300	10
301	6
302	9
303	7
304	9
305	9
306	10
307	5
308	15
309	10
310	10
311	9
312	15
313	15
314	15
315	23
316	31
317	80
318	97
319	136
320	179
321	254
322	259
323	310
324	282
325	236
326	212
327	147
328	137
329	82
330	63
331	38
332	34
333	20
334	15
335	15
336	21
337	17
338	32
339	34
340	41
341	90
342	130
343	249
344	359
345	664
346	944
347	1394
348	1860
349	2237
350	2397
351	2437
352	2391
353	2100
354	1721
355	1317
356	884
357	621
358	370
359	217
360	129
361	87
362	54
363	24
364	32
365	27
366	22
367	23
368	22
369	22
370	23
371	28
372	31
373	33
374	37
375	27
376	41
377	45
378	54
379	82
380	102
381	157
382	236
383	294
384	340
385	420
386	431
387	430
388	421
389	383
390	313
391	238
392	199
393	108
394	93
395	39
396	42
397	33
398	26
399	24
400	29
401	26
402	37
403	27
404	30
405	27
406	26
407	35
408	34
409	31
410	33
411	31
412	39
413	37
414	33
415	38
416	32
417	30
418	44
419	40
420	25
421	30
422	36
423	29
424	27
425	42
426	33
427	29
428	28
429	42
430	37
431	32
432	34
433	45
434	37
435	43
436	42
437	52
438	46
439	54
440	58
441	69
442	62
443	65
444	60
445	57
446	58
447	60
448	55
449	57
450	63
451	54
452	68
453	74
454	55
455	59
456	55
457	71
458	75
459	69
460	83
461	66
462	67
463	59
464	63
465	52
466	45
467	41
468	50
469	37
470	61
471	59
472	56
473	47
474	57
475	48
476	62
477	46
478	54
479	55
480	46
481	47
482	54
483	49
484	55
485	48
486	55
487	51
488	62
489	52
490	49
491	47
492	57
493	57
494	62
495	61
496	48
497	54
498	71
499	71
500	54
501	63
502	69
503	59
504	56
505	68
506	77
507	73
508	66
509	88
510	75
511	104
512	87
513	88
514	71
515	87
516	76
517	65
518	68
519	74
520	85
521	78
522	82
523	98
524	101
525	98
526	99
527	80
528	86
529	84
530	99
531	99
532	79
533	92
534	76
535	76
536	87
537	86
538	65
539	58
540	78
541	97
542	70
543	70
544	81
545	105
546	69
547	71
548	78
549	84
550	75
551	91
552	81
553	68
554	89
555	71
556	59
557	85
558	65
559	81
560	84
561	74
562	78
563	80
564	69
565	79
566	83
567	85
568	90
569	70
570	81
571	86
572	84
573	77
574	84
575	65
576	75
577	70
578	90
579	90
580	75
581	83
582	80
583	73
584	99
585	84
586	88
587	84
588	101
589	95
590	78
591	93
592	95
593	81
594	101
595	94
596	75
597	117
598	102
599	107
600	88
601	95
602	107
603	97
604	92
605	92
606	82
607	85
608	76
609	80
610	64
611	110
612	101
613	100
614	104
615	103
616	109
617	107
618	107
619	114
620	110
621	105
622	91
623	104
624	88
625	102
626	112
627	102
628	94
629	101
630	105
631	116
632	121
633	100
634	100
635	127
636	100
637	111
638	100
639	95
640	112
641	90
642	96
643	120
644	121
645	125
646	118
647	103
648	135
649	128
650	147
651	147
652	125
653	145
654	123
655	126
656	123
657	134
658	132
659	129
660	112
661	106
662	112
663	128
664	135
665	117
666	106
667	99
668	108
669	124
670	114
671	105
672	108
673	123
674	94
675	122
676	97
677	100
678	119
679	131
680	128
681	132
682	108
683	101
684	129
685	112
686	127
687	110
688	147
689	109
690	129
691	112
692	126
693	105
694	123
695	135
696	102
697	107
698	121
699	120
700	108
701	114
702	149
703	120
704	142
705	112
706	111
707	133
708	105
709	128
710	117
711	113
712	113
713	101
714	130
715	100
716	143
717	125
718	126
719	131
720	124
721	136
722	117
723	121
724	128
725	142
726	136
727	146
728	117
729	133
730	130
731	131
732	141
733	119
734	143
735	137
736	144
737	132
738	120
739	135
740	123
741	148
742	148
743	141
744	122
745	148
746	119
747	131
748	150
749	151
750	128
751	155
752	124
753	113
754	128
755	137
756	126
757	125
758	144
759	125
760	142
761	137
762	128
763	142
764	166
765	152
766	190
767	160
768	179
769	181
770	202
771	184
772	210
773	253
774	208
775	225
776	226
777	194
778	172
779	179
780	166
781	163
782	151
783	153
784	164
785	179
786	152
787	152
788	142
789	148
790	130
791	149
792	152
793	138
794	140
795	130
796	151
797	139
798	123
799	131
800	146
801	141
802	162
803	152
804	121
805	161
806	133
807	158
808	135
809	151
810	154
811	135
812	140
813	126
814	134
815	156
816	146
817	148
818	151
819	145
820	124
821	143
822	148
823	166
824	129
825	128
826	151
827	131
828	162
829	133
830	161
831	150
832	144
833	150
834	162
835	137
836	142
837	147
838	149
839	149
840	153
841	153
842	165
843	143
844	147
845	158
846	165
847	131
848	153
849	150
850	147
851	146
852	150
853	162
854	181
855	165
856	174
857	171
858	159
859	163
860	200
861	205
862	219
863	199
864	205
865	218
866	210
867	213
868	190
869	200
870	229
871	233
872	197
873	223
874	218
875	252
876	243
877	261
878	255
879	275
880	274
881	295
882	310
883	341
884	328
885	379
886	400
887	397
888	432
889	447
890	462
891	475
892	519
893	525
894	518
895	566
896	573
897	599
898	600
899	614
900	580
901	610
902	623
903	575
904	607
905	599
906	576
907	549
908	501
909	495
910	490
911	457
912	446
913	424
914	422
915	383
916	376
917	352
918	347
919	331
920	289
921	311
922	268
923	265
924	213
925	234
926	210
927	197
928	203
929	214
930	176
931	184
932	191
933	178
934	170
935	165
936	169
937	164
938	151
939	179
940	190
941	182
942	197
943	218
944	239
945	235
946	280
947	286
948	318
949	336
950	323
951	370
952	392
953	383
954	425
955	396
956	378
957	383
958	345
959	331
960	313
961	235
962	249
963	195
964	184
965	145
966	164
967	140
968	139
969	125
970	121
971	126
972	134
973	134
974	125
975	124
976	107
977	132
978	141
979	145
980	123
981	131
982	120
983	126
984	146
985	141
986	163
987	153
988	163
989	159
990	173
991	165
992	196
993	169
994	176
995	160
996	164
997	187
998	191
999	167
1000	201
1001	176
1002	192
1003	200
1004	178
1005	177
1006	183
1007	182
1008	160
1009	197
1010	184
1011	187
1012	186
1013	151
1014	163
1015	158
1016	181
1017	149
1018	134
1019	115
1020	133
1021	169
1022	147
1023	146
1024	140
