Date:	08/05/2018		Time:	18:56		Version no:	0.00		Project name:	55		Sample name:	222		Section name:	section		Position	145.315033	mm	E0	0.000000	keV	E1	1.000000	keV/channel	sample surface	5.908571	cm	Tube anode:	Mo		Tube voltage:	30	kV	Tube current:	50	mA	gain	10		std. database			resultfile	result		matrix element	11		sample thickness	1.000000		air passage	0.560000	cm	comments	in position		peaking_time	2.200000	m-sec	trigger_threshold	547.363281	V	mca_bin_width	22.090000	no:	number_mca_channels	1024.000000	no:	gap_time	0.150000	m-sec	trigger_peaking_time	0.200000	m-sec	GAINDAC	18610		HIGHGAIN	1		TAURC	1		RCTAU	1		RCTAUFRAC	1		livetime	9.480135	seconds	runtime	10.000494	seconds	input_count_rate	21670.577019	cps	output_count_rate	18035.908305	cps	triggers	205440	seconds	events_in_run	180368	seconds	channel	content		1	0
2	0
3	0
4	0
5	0
6	0
7	0
8	0
9	0
10	0
11	0
12	0
13	0
14	0
15	0
16	0
17	0
18	0
19	0
20	0
21	0
22	0
23	0
24	0
25	0
26	0
27	0
28	0
29	0
30	0
31	18
32	17
33	12
34	17
35	14
36	15
37	18
38	7
39	13
40	10
41	17
42	19
43	13
44	10
45	16
46	14
47	9
48	17
49	15
50	14
51	12
52	7
53	15
54	9
55	11
56	11
57	13
58	11
59	13
60	11
61	6
62	13
63	12
64	8
65	11
66	4
67	2
68	7
69	9
70	10
71	8
72	8
73	9
74	8
75	6
76	6
77	8
78	11
79	8
80	6
81	7
82	12
83	12
84	11
85	6
86	5
87	8
88	8
89	3
90	7
91	12
92	4
93	12
94	7
95	14
96	11
97	13
98	10
99	11
100	12
101	2
102	9
103	6
104	7
105	7
106	6
107	11
108	6
109	5
110	13
111	8
112	2
113	7
114	4
115	3
116	9
117	5
118	2
119	7
120	7
121	7
122	8
123	4
124	2
125	5
126	5
127	3
128	7
129	2
130	3
131	1
132	5
133	5
134	4
135	4
136	5
137	1
138	6
139	4
140	3
141	3
142	2
143	1
144	2
145	1
146	4
147	3
148	3
149	2
150	4
151	4
152	7
153	4
154	3
155	10
156	3
157	5
158	5
159	14
160	14
161	30
162	30
163	27
164	23
165	20
166	23
167	16
168	11
169	5
170	3
171	6
172	1
173	5
174	5
175	5
176	8
177	11
178	9
179	8
180	14
181	18
182	14
183	13
184	18
185	18
186	15
187	1
188	6
189	6
190	5
191	3
192	10
193	4
194	8
195	14
196	23
197	44
198	61
199	102
200	165
201	228
202	255
203	288
204	253
205	213
206	162
207	91
208	59
209	41
210	19
211	12
212	8
213	3
214	10
215	13
216	16
217	21
218	52
219	37
220	57
221	54
222	44
223	43
224	27
225	19
226	20
227	8
228	9
229	4
230	6
231	4
232	1
233	7
234	3
235	3
236	3
237	6
238	3
239	9
240	6
241	17
242	35
243	38
244	75
245	101
246	157
247	146
248	155
249	120
250	111
251	112
252	68
253	54
254	47
255	42
256	34
257	34
258	19
259	18
260	13
261	11
262	5
263	12
264	10
265	13
266	20
267	23
268	29
269	35
270	27
271	43
272	34
273	42
274	24
275	22
276	21
277	10
278	9
279	9
280	9
281	6
282	12
283	7
284	9
285	7
286	9
287	12
288	13
289	11
290	8
291	22
292	14
293	15
294	17
295	14
296	23
297	9
298	13
299	21
300	11
301	16
302	16
303	8
304	10
305	10
306	10
307	13
308	6
309	11
310	10
311	23
312	7
313	16
314	17
315	22
316	27
317	35
318	57
319	90
320	105
321	124
322	162
323	169
324	176
325	144
326	140
327	129
328	88
329	53
330	55
331	29
332	22
333	19
334	16
335	41
336	32
337	35
338	44
339	63
340	105
341	184
342	292
343	568
344	977
345	1587
346	2694
347	3764
348	4860
349	5770
350	6676
351	6749
352	6382
353	5572
354	4703
355	3444
356	2435
357	1581
358	914
359	495
360	269
361	139
362	81
363	52
364	46
365	45
366	46
367	27
368	36
369	32
370	42
371	41
372	40
373	54
374	53
375	71
376	66
377	100
378	126
379	178
380	267
381	427
382	557
383	729
384	922
385	1043
386	1090
387	1095
388	1094
389	929
390	830
391	555
392	381
393	302
394	162
395	98
396	77
397	49
398	43
399	23
400	30
401	26
402	25
403	17
404	28
405	27
406	32
407	30
408	31
409	33
410	34
411	30
412	30
413	28
414	33
415	21
416	29
417	28
418	34
419	30
420	30
421	49
422	29
423	30
424	27
425	31
426	38
427	29
428	35
429	32
430	36
431	35
432	48
433	32
434	38
435	30
436	35
437	55
438	46
439	62
440	64
441	72
442	52
443	56
444	54
445	44
446	58
447	54
448	51
449	50
450	40
451	64
452	52
453	62
454	53
455	64
456	68
457	76
458	70
459	72
460	71
461	74
462	72
463	62
464	48
465	52
466	56
467	49
468	50
469	54
470	45
471	51
472	54
473	60
474	60
475	66
476	64
477	64
478	45
479	55
480	37
481	46
482	54
483	41
484	61
485	47
486	46
487	51
488	35
489	48
490	58
491	58
492	52
493	50
494	46
495	53
496	72
497	50
498	69
499	55
500	51
501	65
502	55
503	55
504	72
505	60
506	55
507	55
508	74
509	72
510	86
511	82
512	79
513	81
514	68
515	60
516	71
517	77
518	69
519	82
520	78
521	80
522	93
523	80
524	81
525	92
526	108
527	82
528	101
529	98
530	76
531	86
532	76
533	92
534	69
535	88
536	79
537	80
538	70
539	81
540	74
541	73
542	76
543	90
544	88
545	62
546	61
547	80
548	71
549	84
550	78
551	73
552	68
553	70
554	66
555	74
556	84
557	66
558	74
559	59
560	65
561	62
562	61
563	53
564	70
565	82
566	83
567	70
568	76
569	92
570	75
571	71
572	68
573	76
574	73
575	72
576	72
577	85
578	68
579	89
580	93
581	83
582	76
583	76
584	76
585	66
586	87
587	85
588	74
589	92
590	66
591	84
592	75
593	98
594	95
595	99
596	85
597	77
598	64
599	86
600	84
601	88
602	80
603	88
604	93
605	86
606	88
607	97
608	89
609	95
610	98
611	75
612	93
613	89
614	105
615	82
616	97
617	85
618	90
619	98
620	84
621	84
622	101
623	85
624	112
625	92
626	98
627	108
628	84
629	78
630	104
631	88
632	105
633	98
634	100
635	88
636	84
637	115
638	98
639	101
640	99
641	76
642	102
643	90
644	100
645	102
646	108
647	115
648	104
649	98
650	90
651	114
652	92
653	95
654	104
655	104
656	95
657	110
658	103
659	114
660	110
661	105
662	95
663	112
664	105
665	92
666	103
667	113
668	87
669	114
670	102
671	94
672	120
673	111
674	92
675	106
676	102
677	126
678	118
679	109
680	101
681	123
682	99
683	110
684	105
685	120
686	116
687	111
688	103
689	115
690	111
691	124
692	108
693	107
694	105
695	127
696	99
697	112
698	118
699	131
700	116
701	129
702	113
703	128
704	107
705	113
706	113
707	111
708	111
709	114
710	115
711	129
712	109
713	134
714	130
715	108
716	101
717	131
718	90
719	115
720	118
721	138
722	119
723	113
724	115
725	118
726	123
727	107
728	113
729	122
730	133
731	131
732	133
733	118
734	97
735	121
736	131
737	119
738	121
739	120
740	100
741	104
742	136
743	112
744	134
745	128
746	125
747	127
748	100
749	111
750	130
751	120
752	121
753	132
754	113
755	120
756	135
757	135
758	129
759	129
760	131
761	127
762	137
763	147
764	144
765	155
766	195
767	197
768	225
769	229
770	238
771	265
772	282
773	291
774	284
775	278
776	269
777	246
778	241
779	212
780	224
781	188
782	167
783	149
784	144
785	135
786	131
787	141
788	133
789	125
790	135
791	121
792	133
793	99
794	147
795	127
796	118
797	129
798	112
799	112
800	126
801	135
802	127
803	128
804	136
805	140
806	122
807	124
808	138
809	114
810	146
811	165
812	143
813	138
814	139
815	133
816	144
817	148
818	126
819	144
820	127
821	139
822	123
823	143
824	136
825	135
826	129
827	134
828	138
829	129
830	125
831	150
832	159
833	128
834	117
835	145
836	148
837	155
838	121
839	128
840	151
841	139
842	149
843	125
844	146
845	148
846	146
847	172
848	148
849	159
850	175
851	154
852	138
853	170
854	171
855	158
856	161
857	171
858	157
859	167
860	165
861	201
862	185
863	198
864	171
865	221
866	210
867	213
868	218
869	199
870	223
871	222
872	206
873	214
874	216
875	204
876	235
877	228
878	265
879	267
880	291
881	273
882	297
883	296
884	306
885	335
886	345
887	361
888	353
889	425
890	432
891	386
892	472
893	468
894	529
895	509
896	516
897	550
898	604
899	532
900	535
901	517
902	553
903	535
904	538
905	535
906	447
907	454
908	447
909	475
910	415
911	451
912	421
913	384
914	369
915	343
916	333
917	334
918	270
919	277
920	272
921	261
922	260
923	239
924	222
925	214
926	197
927	183
928	197
929	180
930	179
931	161
932	152
933	153
934	157
935	151
936	154
937	164
938	159
939	164
940	173
941	191
942	204
943	227
944	224
945	224
946	242
947	294
948	324
949	309
950	358
951	411
952	437
953	426
954	416
955	407
956	409
957	365
958	376
959	350
960	274
961	266
962	225
963	194
964	181
965	149
966	157
967	130
968	110
969	116
970	131
971	121
972	112
973	125
974	126
975	120
976	125
977	152
978	129
979	125
980	128
981	140
982	125
983	124
984	118
985	150
986	155
987	135
988	133
989	140
990	153
991	156
992	140
993	148
994	191
995	141
996	144
997	149
998	171
999	164
1000	163
1001	157
1002	158
1003	178
1004	178
1005	161
1006	171
1007	161
1008	150
1009	190
1010	159
1011	154
1012	170
1013	131
1014	149
1015	146
1016	137
1017	163
1018	125
1019	136
1020	134
1021	120
1022	89
1023	130
1024	111
