Date:	08/05/2018		Time:	17:36		Version no:	0.00		Project name:	55		Sample name:	222		Section name:	section		Position	60.915031	mm	E0	0.000000	keV	E1	1.000000	keV/channel	sample surface	5.902951	cm	Tube anode:	Mo		Tube voltage:	30	kV	Tube current:	50	mA	gain	10		std. database			resultfile	result		matrix element	11		sample thickness	1.000000		air passage	0.560000	cm	comments	in position		peaking_time	2.200000	m-sec	trigger_threshold	547.363281	V	mca_bin_width	22.090000	no:	number_mca_channels	1024.000000	no:	gap_time	0.150000	m-sec	trigger_peaking_time	0.200000	m-sec	GAINDAC	18610		HIGHGAIN	1		TAURC	1		RCTAU	1		RCTAUFRAC	1		livetime	9.412951	seconds	runtime	10.000486	seconds	input_count_rate	25514.421025	cps	output_count_rate	20753.890531	cps	triggers	240166	seconds	events_in_run	207549	seconds	channel	content		1	0
2	0
3	0
4	0
5	0
6	0
7	0
8	0
9	0
10	0
11	0
12	0
13	0
14	0
15	0
16	0
17	0
18	0
19	0
20	0
21	0
22	0
23	0
24	0
25	0
26	0
27	0
28	0
29	0
30	0
31	14
32	17
33	17
34	14
35	20
36	17
37	15
38	10
39	11
40	14
41	11
42	11
43	13
44	17
45	8
46	12
47	15
48	15
49	14
50	12
51	13
52	16
53	10
54	12
55	11
56	8
57	9
58	18
59	15
60	7
61	15
62	14
63	3
64	10
65	9
66	6
67	12
68	9
69	8
70	9
71	2
72	9
73	9
74	6
75	4
76	5
77	5
78	12
79	9
80	16
81	8
82	8
83	12
84	12
85	7
86	7
87	11
88	9
89	6
90	6
91	12
92	5
93	12
94	11
95	17
96	20
97	10
98	14
99	4
100	10
101	11
102	10
103	8
104	7
105	16
106	11
107	13
108	12
109	9
110	7
111	6
112	5
113	7
114	8
115	5
116	7
117	3
118	10
119	5
120	6
121	6
122	5
123	6
124	3
125	6
126	5
127	4
128	7
129	7
130	4
131	3
132	4
133	3
134	3
135	2
136	6
137	8
138	6
139	1
140	6
141	1
142	8
143	2
144	2
145	2
146	5
147	2
148	4
149	4
150	5
151	3
152	4
153	8
154	1
155	5
156	3
157	12
158	20
159	20
160	27
161	21
162	34
163	29
164	30
165	25
166	21
167	11
168	11
169	2
170	7
171	6
172	9
173	4
174	9
175	11
176	11
177	13
178	13
179	19
180	11
181	23
182	22
183	20
184	24
185	14
186	10
187	7
188	10
189	3
190	3
191	4
192	3
193	6
194	9
195	16
196	36
197	36
198	105
199	165
200	217
201	287
202	367
203	410
204	327
205	288
206	227
207	141
208	100
209	47
210	26
211	15
212	3
213	8
214	13
215	15
216	24
217	39
218	52
219	53
220	66
221	79
222	58
223	55
224	40
225	20
226	16
227	12
228	7
229	9
230	12
231	9
232	4
233	7
234	3
235	6
236	5
237	8
238	10
239	8
240	21
241	25
242	38
243	70
244	86
245	138
246	149
247	189
248	196
249	169
250	180
251	117
252	86
253	64
254	52
255	47
256	47
257	41
258	38
259	29
260	9
261	11
262	16
263	10
264	17
265	17
266	23
267	26
268	32
269	48
270	36
271	56
272	45
273	44
274	31
275	26
276	20
277	17
278	12
279	12
280	13
281	6
282	8
283	6
284	12
285	13
286	17
287	10
288	17
289	16
290	17
291	18
292	15
293	20
294	21
295	18
296	13
297	12
298	24
299	23
300	20
301	20
302	23
303	17
304	14
305	15
306	17
307	12
308	15
309	10
310	15
311	18
312	23
313	23
314	19
315	26
316	41
317	73
318	94
319	126
320	176
321	244
322	264
323	313
324	299
325	278
326	231
327	184
328	122
329	88
330	62
331	58
332	45
333	41
334	28
335	33
336	41
337	45
338	46
339	83
340	140
341	235
342	431
343	693
344	1324
345	2225
346	3368
347	4752
348	6299
349	7717
350	8661
351	8841
352	8208
353	7506
354	6010
355	4478
356	3071
357	1958
358	1152
359	638
360	362
361	180
362	120
363	60
364	36
365	47
366	47
367	44
368	40
369	48
370	38
371	54
372	58
373	63
374	64
375	85
376	90
377	119
378	148
379	257
380	341
381	484
382	668
383	908
384	1114
385	1368
386	1502
387	1481
388	1370
389	1203
390	956
391	780
392	511
393	391
394	212
395	136
396	75
397	57
398	46
399	32
400	32
401	28
402	36
403	27
404	38
405	36
406	25
407	42
408	39
409	41
410	32
411	48
412	46
413	38
414	35
415	33
416	19
417	29
418	40
419	32
420	33
421	30
422	26
423	40
424	35
425	36
426	34
427	44
428	28
429	34
430	42
431	43
432	40
433	37
434	40
435	39
436	45
437	49
438	61
439	61
440	65
441	52
442	76
443	85
444	69
445	67
446	72
447	61
448	50
449	68
450	57
451	65
452	67
453	52
454	52
455	61
456	75
457	74
458	91
459	102
460	100
461	67
462	66
463	71
464	70
465	65
466	77
467	71
468	62
469	57
470	61
471	76
472	58
473	64
474	52
475	72
476	70
477	52
478	44
479	55
480	45
481	53
482	46
483	75
484	51
485	60
486	44
487	59
488	55
489	52
490	83
491	57
492	54
493	58
494	44
495	59
496	72
497	68
498	66
499	63
500	58
501	65
502	84
503	72
504	56
505	77
506	76
507	68
508	88
509	89
510	74
511	78
512	90
513	78
514	76
515	73
516	76
517	80
518	77
519	81
520	67
521	92
522	85
523	74
524	95
525	80
526	76
527	116
528	94
529	97
530	86
531	103
532	111
533	91
534	96
535	79
536	73
537	85
538	100
539	79
540	85
541	80
542	74
543	82
544	100
545	98
546	78
547	71
548	102
549	91
550	83
551	75
552	83
553	70
554	83
555	69
556	65
557	61
558	73
559	68
560	58
561	74
562	84
563	80
564	82
565	77
566	91
567	72
568	95
569	81
570	93
571	89
572	93
573	86
574	73
575	100
576	91
577	93
578	89
579	93
580	74
581	80
582	90
583	84
584	81
585	87
586	86
587	76
588	82
589	104
590	78
591	77
592	83
593	91
594	96
595	82
596	107
597	95
598	82
599	96
600	99
601	87
602	98
603	102
604	103
605	100
606	90
607	83
608	101
609	85
610	97
611	118
612	116
613	93
614	89
615	112
616	107
617	103
618	103
619	103
620	102
621	106
622	102
623	112
624	99
625	87
626	107
627	97
628	118
629	95
630	104
631	114
632	116
633	100
634	83
635	104
636	90
637	102
638	113
639	99
640	110
641	110
642	93
643	92
644	115
645	115
646	117
647	119
648	127
649	103
650	117
651	128
652	105
653	111
654	103
655	104
656	108
657	117
658	112
659	108
660	100
661	98
662	99
663	86
664	94
665	114
666	95
667	104
668	127
669	104
670	106
671	110
672	105
673	117
674	110
675	111
676	102
677	114
678	109
679	109
680	120
681	99
682	109
683	121
684	107
685	114
686	102
687	131
688	140
689	121
690	106
691	116
692	117
693	121
694	119
695	126
696	120
697	133
698	136
699	132
700	130
701	134
702	130
703	126
704	122
705	122
706	113
707	118
708	119
709	99
710	115
711	119
712	112
713	129
714	111
715	121
716	123
717	102
718	138
719	131
720	150
721	134
722	140
723	111
724	123
725	119
726	111
727	149
728	141
729	126
730	128
731	150
732	128
733	117
734	146
735	125
736	134
737	126
738	143
739	112
740	130
741	101
742	135
743	121
744	147
745	129
746	126
747	121
748	121
749	125
750	115
751	115
752	132
753	113
754	122
755	145
756	130
757	119
758	131
759	115
760	139
761	141
762	139
763	132
764	151
765	171
766	181
767	175
768	237
769	240
770	253
771	265
772	263
773	264
774	285
775	252
776	244
777	256
778	220
779	212
780	181
781	183
782	170
783	158
784	144
785	132
786	116
787	131
788	145
789	122
790	127
791	142
792	126
793	137
794	144
795	130
796	131
797	133
798	142
799	148
800	144
801	146
802	122
803	123
804	142
805	155
806	171
807	121
808	131
809	144
810	129
811	136
812	123
813	139
814	127
815	172
816	125
817	141
818	147
819	166
820	142
821	134
822	136
823	131
824	153
825	135
826	138
827	121
828	137
829	157
830	141
831	135
832	138
833	168
834	155
835	131
836	137
837	148
838	131
839	152
840	126
841	140
842	161
843	150
844	145
845	144
846	165
847	146
848	133
849	156
850	168
851	131
852	162
853	180
854	164
855	187
856	164
857	181
858	197
859	180
860	220
861	180
862	179
863	201
864	199
865	217
866	204
867	195
868	218
869	202
870	224
871	223
872	211
873	223
874	224
875	238
876	236
877	250
878	250
879	268
880	263
881	249
882	268
883	285
884	352
885	342
886	322
887	357
888	383
889	407
890	388
891	418
892	490
893	458
894	500
895	505
896	514
897	506
898	546
899	563
900	521
901	555
902	550
903	553
904	580
905	523
906	505
907	473
908	490
909	498
910	462
911	454
912	406
913	422
914	360
915	356
916	336
917	321
918	299
919	274
920	272
921	254
922	253
923	247
924	229
925	224
926	214
927	184
928	212
929	188
930	177
931	158
932	173
933	152
934	160
935	165
936	160
937	145
938	150
939	186
940	161
941	186
942	183
943	204
944	220
945	243
946	266
947	256
948	323
949	324
950	363
951	397
952	391
953	446
954	443
955	447
956	397
957	361
958	367
959	299
960	283
961	277
962	249
963	207
964	170
965	192
966	145
967	149
968	115
969	149
970	118
971	143
972	141
973	127
974	122
975	114
976	116
977	114
978	110
979	113
980	133
981	135
982	129
983	142
984	131
985	143
986	140
987	134
988	147
989	140
990	124
991	152
992	165
993	148
994	151
995	165
996	141
997	176
998	180
999	167
1000	183
1001	156
1002	194
1003	166
1004	170
1005	143
1006	177
1007	169
1008	163
1009	148
1010	164
1011	154
1012	139
1013	181
1014	135
1015	158
1016	180
1017	152
1018	133
1019	141
1020	137
1021	116
1022	117
1023	120
1024	121
