Date:	08/05/2018		Time:	18:17		Version no:	0.00		Project name:	55		Sample name:	222		Section name:	section		Position	103.715034	mm	E0	0.000000	keV	E1	1.000000	keV/channel	sample surface	5.934011	cm	Tube anode:	Mo		Tube voltage:	30	kV	Tube current:	50	mA	gain	10		std. database			resultfile	result		matrix element	11		sample thickness	1.000000		air passage	0.560000	cm	comments	in position		peaking_time	2.200000	m-sec	trigger_threshold	547.363281	V	mca_bin_width	22.090000	no:	number_mca_channels	1024.000000	no:	gap_time	0.150000	m-sec	trigger_peaking_time	0.200000	m-sec	GAINDAC	18610		HIGHGAIN	1		TAURC	1		RCTAU	1		RCTAUFRAC	1		livetime	9.426077	seconds	runtime	10.000494	seconds	input_count_rate	24226.728134	cps	output_count_rate	19803.720904	cps	triggers	228363	seconds	events_in_run	198047	seconds	channel	content		1	0
2	0
3	0
4	0
5	0
6	0
7	0
8	0
9	0
10	0
11	0
12	0
13	0
14	0
15	0
16	0
17	0
18	0
19	0
20	0
21	0
22	0
23	0
24	0
25	0
26	0
27	0
28	0
29	0
30	0
31	15
32	15
33	15
34	17
35	19
36	25
37	10
38	14
39	17
40	20
41	10
42	13
43	11
44	12
45	17
46	17
47	20
48	10
49	9
50	12
51	19
52	15
53	16
54	19
55	10
56	11
57	12
58	21
59	14
60	15
61	12
62	16
63	7
64	9
65	9
66	13
67	11
68	16
69	8
70	10
71	11
72	12
73	1
74	8
75	15
76	8
77	8
78	10
79	10
80	11
81	13
82	10
83	15
84	10
85	10
86	7
87	3
88	6
89	10
90	6
91	5
92	10
93	10
94	23
95	16
96	20
97	17
98	10
99	16
100	12
101	14
102	13
103	10
104	13
105	6
106	9
107	10
108	4
109	6
110	12
111	3
112	4
113	6
114	6
115	2
116	7
117	2
118	3
119	4
120	8
121	2
122	6
123	4
124	7
125	3
126	4
127	5
128	3
129	7
130	4
131	3
132	4
133	3
134	1
135	5
136	3
137	7
138	3
139	2
140	2
141	3
142	5
143	3
144	3
145	5
146	5
147	1
148	3
149	1
150	2
151	2
152	9
153	5
154	2
155	5
156	3
157	7
158	14
159	17
160	29
161	21
162	22
163	39
164	21
165	18
166	16
167	16
168	4
169	8
170	7
171	8
172	3
173	2
174	6
175	7
176	9
177	4
178	14
179	17
180	10
181	22
182	20
183	20
184	12
185	22
186	12
187	7
188	3
189	5
190	7
191	2
192	6
193	8
194	5
195	14
196	26
197	43
198	77
199	136
200	178
201	243
202	319
203	304
204	282
205	256
206	178
207	132
208	74
209	39
210	21
211	6
212	3
213	3
214	12
215	13
216	24
217	19
218	45
219	46
220	63
221	62
222	43
223	44
224	36
225	21
226	18
227	15
228	4
229	3
230	2
231	6
232	4
233	4
234	3
235	4
236	7
237	8
238	9
239	8
240	10
241	18
242	37
243	62
244	81
245	106
246	165
247	183
248	176
249	150
250	132
251	105
252	79
253	61
254	61
255	41
256	52
257	31
258	27
259	21
260	20
261	11
262	8
263	13
264	17
265	18
266	23
267	22
268	34
269	36
270	37
271	62
272	45
273	34
274	36
275	23
276	15
277	24
278	10
279	7
280	9
281	11
282	7
283	10
284	12
285	11
286	11
287	13
288	10
289	15
290	15
291	17
292	16
293	16
294	13
295	21
296	21
297	13
298	18
299	15
300	17
301	7
302	12
303	10
304	9
305	17
306	14
307	8
308	12
309	10
310	13
311	9
312	13
313	11
314	18
315	22
316	27
317	45
318	62
319	93
320	107
321	131
322	157
323	158
324	163
325	143
326	129
327	97
328	73
329	51
330	36
331	22
332	30
333	30
334	20
335	33
336	40
337	37
338	61
339	68
340	116
341	185
342	380
343	629
344	1239
345	2008
346	3066
347	4243
348	5491
349	6645
350	7550
351	7805
352	7524
353	6532
354	5272
355	4007
356	2680
357	1778
358	1068
359	574
360	305
361	173
362	93
363	65
364	50
365	38
366	45
367	48
368	49
369	55
370	29
371	45
372	38
373	48
374	57
375	59
376	94
377	114
378	141
379	223
380	312
381	450
382	640
383	790
384	1021
385	1224
386	1332
387	1346
388	1212
389	1052
390	805
391	642
392	427
393	329
394	215
395	103
396	64
397	54
398	34
399	48
400	20
401	28
402	30
403	30
404	27
405	36
406	30
407	37
408	29
409	38
410	39
411	38
412	38
413	38
414	41
415	25
416	28
417	28
418	30
419	23
420	21
421	32
422	32
423	30
424	26
425	23
426	29
427	38
428	25
429	29
430	30
431	26
432	36
433	25
434	33
435	40
436	50
437	44
438	50
439	68
440	70
441	66
442	71
443	56
444	76
445	63
446	63
447	65
448	65
449	52
450	56
451	56
452	52
453	51
454	63
455	60
456	63
457	63
458	78
459	80
460	67
461	68
462	59
463	57
464	69
465	61
466	46
467	45
468	38
469	50
470	65
471	54
472	63
473	49
474	65
475	61
476	65
477	50
478	69
479	38
480	46
481	49
482	54
483	57
484	51
485	50
486	71
487	50
488	46
489	50
490	55
491	64
492	56
493	56
494	61
495	55
496	68
497	55
498	66
499	78
500	48
501	59
502	77
503	70
504	69
505	78
506	65
507	73
508	73
509	78
510	64
511	74
512	73
513	69
514	86
515	74
516	82
517	68
518	98
519	84
520	91
521	83
522	79
523	87
524	75
525	88
526	94
527	102
528	91
529	95
530	84
531	89
532	95
533	88
534	81
535	83
536	77
537	69
538	81
539	67
540	76
541	85
542	69
543	92
544	91
545	76
546	91
547	73
548	68
549	64
550	74
551	76
552	85
553	70
554	79
555	78
556	65
557	81
558	72
559	71
560	65
561	68
562	65
563	76
564	88
565	70
566	68
567	88
568	65
569	83
570	85
571	70
572	69
573	89
574	72
575	79
576	76
577	89
578	88
579	87
580	88
581	88
582	80
583	79
584	82
585	80
586	83
587	78
588	82
589	91
590	85
591	96
592	105
593	78
594	89
595	101
596	65
597	104
598	91
599	99
600	112
601	94
602	79
603	85
604	92
605	84
606	113
607	102
608	89
609	88
610	89
611	86
612	107
613	84
614	96
615	98
616	115
617	114
618	94
619	107
620	121
621	82
622	96
623	93
624	109
625	99
626	125
627	94
628	89
629	94
630	109
631	89
632	102
633	102
634	95
635	131
636	96
637	105
638	104
639	106
640	111
641	117
642	107
643	103
644	115
645	106
646	106
647	112
648	104
649	111
650	115
651	106
652	118
653	116
654	115
655	103
656	99
657	122
658	108
659	111
660	130
661	117
662	124
663	116
664	100
665	113
666	116
667	121
668	94
669	125
670	121
671	112
672	104
673	121
674	107
675	100
676	106
677	107
678	117
679	104
680	108
681	108
682	120
683	128
684	128
685	131
686	135
687	98
688	120
689	117
690	100
691	110
692	129
693	114
694	121
695	123
696	115
697	108
698	116
699	111
700	109
701	137
702	122
703	132
704	132
705	134
706	122
707	139
708	124
709	121
710	114
711	115
712	83
713	105
714	115
715	113
716	111
717	139
718	139
719	127
720	124
721	141
722	119
723	133
724	107
725	126
726	110
727	132
728	125
729	150
730	123
731	154
732	138
733	117
734	120
735	148
736	138
737	144
738	135
739	134
740	154
741	134
742	131
743	127
744	133
745	129
746	124
747	156
748	132
749	141
750	141
751	114
752	122
753	129
754	122
755	123
756	114
757	140
758	120
759	127
760	143
761	130
762	139
763	157
764	188
765	157
766	196
767	190
768	215
769	232
770	250
771	269
772	282
773	283
774	260
775	271
776	269
777	250
778	219
779	229
780	195
781	174
782	176
783	174
784	167
785	175
786	144
787	136
788	130
789	137
790	153
791	139
792	134
793	130
794	126
795	136
796	126
797	151
798	149
799	137
800	129
801	143
802	112
803	134
804	148
805	139
806	151
807	140
808	128
809	124
810	153
811	150
812	115
813	138
814	140
815	144
816	142
817	138
818	151
819	161
820	141
821	154
822	163
823	160
824	145
825	148
826	157
827	153
828	155
829	155
830	130
831	159
832	151
833	125
834	152
835	138
836	160
837	156
838	183
839	145
840	148
841	169
842	138
843	155
844	131
845	163
846	148
847	129
848	156
849	133
850	163
851	155
852	182
853	170
854	145
855	186
856	184
857	210
858	183
859	180
860	190
861	226
862	198
863	207
864	229
865	220
866	214
867	240
868	216
869	218
870	216
871	219
872	245
873	244
874	245
875	220
876	250
877	220
878	269
879	268
880	276
881	296
882	296
883	343
884	325
885	386
886	384
887	397
888	396
889	385
890	419
891	484
892	517
893	528
894	501
895	560
896	578
897	574
898	605
899	603
900	619
901	559
902	574
903	544
904	543
905	547
906	521
907	534
908	476
909	494
910	464
911	406
912	461
913	460
914	406
915	339
916	335
917	314
918	309
919	353
920	298
921	267
922	258
923	245
924	251
925	221
926	236
927	189
928	218
929	208
930	193
931	209
932	191
933	161
934	183
935	151
936	171
937	155
938	185
939	174
940	166
941	194
942	204
943	204
944	224
945	259
946	288
947	297
948	343
949	350
950	369
951	389
952	405
953	456
954	460
955	427
956	429
957	381
958	342
959	323
960	303
961	258
962	246
963	209
964	182
965	180
966	137
967	154
968	139
969	124
970	132
971	114
972	124
973	140
974	115
975	131
976	146
977	139
978	137
979	138
980	137
981	132
982	153
983	137
984	153
985	129
986	158
987	155
988	153
989	157
990	160
991	159
992	166
993	175
994	176
995	174
996	160
997	199
998	189
999	177
1000	169
1001	193
1002	189
1003	175
1004	190
1005	153
1006	171
1007	178
1008	137
1009	168
1010	199
1011	169
1012	163
1013	160
1014	170
1015	169
1016	158
1017	145
1018	152
1019	145
1020	136
1021	145
1022	128
1023	111
1024	118
