Date:	08/05/2018		Time:	19:02		Version no:	0.00		Project name:	55		Sample name:	222		Section name:	section		Position	151.315033	mm	E0	0.000000	keV	E1	1.000000	keV/channel	sample surface	5.908489	cm	Tube anode:	Mo		Tube voltage:	30	kV	Tube current:	50	mA	gain	10		std. database			resultfile	result		matrix element	11		sample thickness	1.000000		air passage	0.560000	cm	comments	in position		peaking_time	2.200000	m-sec	trigger_threshold	547.363281	V	mca_bin_width	22.090000	no:	number_mca_channels	1024.000000	no:	gap_time	0.150000	m-sec	trigger_peaking_time	0.200000	m-sec	GAINDAC	18610		HIGHGAIN	1		TAURC	1		RCTAU	1		RCTAUFRAC	1		livetime	9.480794	seconds	runtime	10.000491	seconds	input_count_rate	21915.464967	cps	output_count_rate	18234.304331	cps	triggers	207776	seconds	events_in_run	182352	seconds	channel	content		1	0
2	0
3	0
4	0
5	0
6	0
7	0
8	0
9	0
10	0
11	0
12	0
13	0
14	0
15	0
16	0
17	0
18	0
19	0
20	0
21	0
22	0
23	0
24	0
25	0
26	0
27	0
28	0
29	0
30	0
31	9
32	14
33	10
34	14
35	14
36	8
37	12
38	16
39	13
40	18
41	8
42	15
43	15
44	21
45	7
46	12
47	16
48	12
49	25
50	8
51	11
52	8
53	9
54	13
55	5
56	3
57	10
58	13
59	13
60	6
61	9
62	12
63	8
64	5
65	8
66	5
67	11
68	11
69	6
70	7
71	9
72	9
73	10
74	10
75	12
76	4
77	8
78	7
79	6
80	9
81	15
82	9
83	8
84	8
85	10
86	8
87	6
88	8
89	6
90	3
91	6
92	6
93	9
94	5
95	5
96	13
97	6
98	6
99	9
100	9
101	7
102	9
103	8
104	6
105	9
106	12
107	10
108	10
109	11
110	3
111	9
112	9
113	6
114	3
115	6
116	2
117	7
118	4
119	6
120	2
121	6
122	2
123	3
124	6
125	8
126	6
127	1
128	6
129	6
130	2
131	6
132	3
133	6
134	4
135	3
136	3
137	2
138	2
139	5
140	3
141	4
142	3
143	3
144	4
145	5
146	2
147	3
148	8
149	6
150	5
151	3
152	3
153	5
154	4
155	2
156	8
157	9
158	10
159	14
160	22
161	19
162	42
163	33
164	28
165	20
166	29
167	13
168	7
169	5
170	7
171	2
172	4
173	7
174	5
175	8
176	7
177	7
178	12
179	8
180	16
181	15
182	17
183	16
184	14
185	11
186	13
187	9
188	8
189	5
190	5
191	3
192	2
193	9
194	12
195	20
196	28
197	60
198	87
199	115
200	167
201	263
202	314
203	348
204	294
205	300
206	217
207	125
208	84
209	49
210	20
211	16
212	9
213	7
214	9
215	23
216	21
217	27
218	52
219	49
220	43
221	50
222	57
223	39
224	34
225	24
226	12
227	13
228	3
229	4
230	4
231	2
232	5
233	5
234	8
235	3
236	1
237	6
238	7
239	3
240	26
241	31
242	43
243	74
244	120
245	155
246	204
247	227
248	235
249	214
250	197
251	161
252	112
253	74
254	65
255	48
256	47
257	34
258	24
259	17
260	16
261	11
262	12
263	10
264	12
265	10
266	22
267	29
268	49
269	54
270	53
271	51
272	48
273	31
274	34
275	31
276	20
277	16
278	14
279	10
280	11
281	10
282	15
283	11
284	8
285	8
286	5
287	9
288	16
289	9
290	21
291	16
292	17
293	28
294	13
295	12
296	24
297	18
298	16
299	11
300	13
301	8
302	9
303	9
304	13
305	13
306	9
307	14
308	13
309	11
310	14
311	8
312	12
313	14
314	13
315	17
316	17
317	27
318	43
319	64
320	76
321	119
322	143
323	122
324	113
325	108
326	99
327	95
328	57
329	56
330	44
331	30
332	25
333	25
334	37
335	20
336	25
337	44
338	65
339	53
340	93
341	168
342	303
343	605
344	1043
345	1730
346	2740
347	3736
348	5076
349	6138
350	7051
351	7247
352	6834
353	6049
354	5044
355	3718
356	2593
357	1697
358	932
359	533
360	293
361	153
362	80
363	65
364	37
365	42
366	31
367	40
368	39
369	39
370	41
371	33
372	55
373	46
374	49
375	50
376	67
377	107
378	158
379	172
380	303
381	412
382	542
383	758
384	907
385	1103
386	1231
387	1245
388	1174
389	1050
390	905
391	658
392	414
393	301
394	205
395	125
396	67
397	65
398	28
399	31
400	38
401	27
402	20
403	25
404	24
405	29
406	28
407	38
408	33
409	21
410	36
411	24
412	37
413	23
414	24
415	22
416	29
417	33
418	30
419	27
420	32
421	37
422	35
423	35
424	20
425	21
426	23
427	28
428	35
429	33
430	24
431	32
432	39
433	32
434	48
435	42
436	39
437	45
438	51
439	68
440	72
441	58
442	49
443	49
444	56
445	59
446	47
447	66
448	51
449	45
450	46
451	52
452	49
453	49
454	52
455	76
456	62
457	78
458	62
459	72
460	74
461	67
462	73
463	68
464	60
465	53
466	65
467	47
468	48
469	60
470	61
471	58
472	52
473	70
474	58
475	53
476	65
477	46
478	53
479	34
480	44
481	58
482	41
483	49
484	49
485	49
486	52
487	43
488	55
489	53
490	60
491	55
492	58
493	61
494	48
495	56
496	58
497	61
498	46
499	50
500	53
501	53
502	56
503	69
504	57
505	64
506	70
507	66
508	61
509	67
510	58
511	75
512	78
513	73
514	83
515	70
516	76
517	58
518	76
519	62
520	68
521	72
522	80
523	65
524	81
525	77
526	83
527	83
528	93
529	87
530	97
531	108
532	83
533	73
534	69
535	89
536	61
537	72
538	75
539	69
540	74
541	74
542	69
543	77
544	73
545	81
546	62
547	53
548	61
549	62
550	67
551	55
552	81
553	81
554	73
555	78
556	73
557	77
558	77
559	66
560	70
561	60
562	49
563	68
564	60
565	74
566	75
567	72
568	77
569	68
570	79
571	76
572	77
573	81
574	87
575	78
576	73
577	75
578	70
579	70
580	73
581	79
582	69
583	90
584	75
585	74
586	73
587	86
588	88
589	75
590	85
591	79
592	81
593	80
594	93
595	81
596	86
597	89
598	88
599	96
600	99
601	94
602	69
603	67
604	70
605	94
606	99
607	87
608	90
609	84
610	80
611	101
612	87
613	96
614	85
615	100
616	80
617	87
618	97
619	92
620	85
621	95
622	106
623	91
624	82
625	90
626	88
627	97
628	90
629	116
630	113
631	92
632	80
633	88
634	111
635	95
636	104
637	78
638	88
639	89
640	95
641	100
642	103
643	107
644	84
645	93
646	104
647	101
648	107
649	104
650	111
651	92
652	98
653	130
654	110
655	103
656	109
657	103
658	110
659	113
660	100
661	99
662	112
663	87
664	92
665	117
666	109
667	107
668	106
669	92
670	117
671	93
672	83
673	102
674	90
675	110
676	100
677	96
678	83
679	95
680	111
681	101
682	97
683	102
684	96
685	95
686	91
687	125
688	85
689	101
690	119
691	113
692	108
693	139
694	115
695	124
696	124
697	114
698	115
699	108
700	105
701	102
702	109
703	113
704	112
705	120
706	91
707	131
708	108
709	120
710	108
711	90
712	112
713	128
714	125
715	130
716	113
717	128
718	105
719	141
720	99
721	107
722	117
723	125
724	113
725	131
726	103
727	120
728	106
729	103
730	97
731	119
732	131
733	118
734	105
735	117
736	132
737	129
738	116
739	113
740	115
741	108
742	131
743	94
744	118
745	130
746	107
747	117
748	116
749	131
750	130
751	134
752	115
753	126
754	120
755	107
756	116
757	130
758	134
759	120
760	134
761	125
762	122
763	153
764	157
765	182
766	204
767	213
768	184
769	232
770	260
771	249
772	262
773	293
774	291
775	281
776	248
777	247
778	239
779	223
780	197
781	198
782	167
783	142
784	141
785	110
786	161
787	112
788	109
789	137
790	130
791	134
792	125
793	124
794	131
795	129
796	121
797	116
798	116
799	132
800	130
801	104
802	131
803	124
804	129
805	131
806	128
807	158
808	127
809	128
810	122
811	138
812	120
813	132
814	133
815	143
816	118
817	131
818	113
819	158
820	110
821	135
822	131
823	143
824	130
825	132
826	140
827	152
828	127
829	129
830	114
831	139
832	121
833	120
834	143
835	139
836	146
837	148
838	120
839	132
840	140
841	129
842	151
843	145
844	150
845	137
846	152
847	118
848	139
849	131
850	149
851	134
852	156
853	129
854	169
855	166
856	171
857	146
858	205
859	201
860	198
861	207
862	213
863	190
864	208
865	210
866	196
867	219
868	192
869	207
870	199
871	207
872	231
873	196
874	196
875	209
876	217
877	229
878	232
879	257
880	226
881	245
882	288
883	285
884	270
885	354
886	319
887	380
888	347
889	395
890	393
891	455
892	425
893	442
894	496
895	487
896	476
897	529
898	491
899	495
900	510
901	519
902	530
903	494
904	500
905	515
906	480
907	479
908	458
909	431
910	405
911	434
912	398
913	357
914	331
915	344
916	328
917	302
918	266
919	270
920	264
921	241
922	242
923	212
924	209
925	200
926	193
927	188
928	190
929	189
930	145
931	161
932	164
933	175
934	179
935	160
936	153
937	153
938	149
939	161
940	161
941	176
942	171
943	196
944	224
945	220
946	250
947	314
948	288
949	343
950	383
951	386
952	382
953	418
954	366
955	373
956	408
957	340
958	350
959	276
960	244
961	263
962	215
963	199
964	166
965	142
966	145
967	143
968	134
969	139
970	130
971	104
972	118
973	126
974	120
975	123
976	116
977	112
978	105
979	132
980	115
981	121
982	102
983	119
984	122
985	135
986	137
987	119
988	125
989	153
990	125
991	142
992	118
993	132
994	149
995	133
996	166
997	143
998	164
999	175
1000	148
1001	137
1002	150
1003	171
1004	150
1005	144
1006	165
1007	160
1008	153
1009	154
1010	170
1011	136
1012	144
1013	136
1014	132
1015	127
1016	120
1017	124
1018	145
1019	127
1020	121
1021	90
1022	103
1023	118
1024	112
