Date:	08/05/2018		Time:	19:42		Version no:	0.00		Project name:	55		Sample name:	222		Section name:	section		Position	192.915024	mm	E0	0.000000	keV	E1	1.000000	keV/channel	sample surface	5.906730	cm	Tube anode:	Mo		Tube voltage:	30	kV	Tube current:	50	mA	gain	10		std. database			resultfile	result		matrix element	11		sample thickness	1.000000		air passage	0.560000	cm	comments	in position		peaking_time	2.200000	m-sec	trigger_threshold	547.363281	V	mca_bin_width	22.090000	no:	number_mca_channels	1024.000000	no:	gap_time	0.150000	m-sec	trigger_peaking_time	0.200000	m-sec	GAINDAC	18610		HIGHGAIN	1		TAURC	1		RCTAU	1		RCTAUFRAC	1		livetime	9.482695	seconds	runtime	10.000494	seconds	input_count_rate	21670.737661	cps	output_count_rate	18039.108146	cps	triggers	205497	seconds	events_in_run	180400	seconds	channel	content		1	0
2	0
3	0
4	0
5	0
6	0
7	0
8	0
9	0
10	0
11	0
12	0
13	0
14	0
15	0
16	0
17	0
18	0
19	0
20	0
21	0
22	0
23	0
24	0
25	0
26	0
27	0
28	0
29	0
30	0
31	17
32	11
33	11
34	14
35	14
36	12
37	19
38	9
39	16
40	10
41	20
42	16
43	13
44	19
45	14
46	12
47	7
48	13
49	10
50	9
51	14
52	6
53	9
54	18
55	13
56	13
57	8
58	10
59	16
60	8
61	10
62	2
63	5
64	7
65	11
66	9
67	7
68	13
69	9
70	6
71	8
72	6
73	6
74	7
75	12
76	5
77	11
78	10
79	12
80	1
81	12
82	11
83	5
84	11
85	9
86	7
87	5
88	3
89	7
90	7
91	7
92	5
93	7
94	8
95	10
96	11
97	12
98	15
99	11
100	14
101	8
102	8
103	7
104	5
105	6
106	8
107	8
108	8
109	7
110	6
111	9
112	4
113	7
114	6
115	8
116	4
117	5
118	5
119	5
120	6
121	3
122	5
123	4
124	3
125	1
126	6
127	5
128	2
129	3
130	3
131	6
132	5
133	6
134	2
135	3
136	3
137	8
138	3
139	7
140	5
141	2
142	5
143	3
144	1
145	7
146	1
147	5
148	4
149	5
150	4
151	4
152	2
153	6
154	3
155	7
156	4
157	6
158	7
159	13
160	18
161	27
162	28
163	27
164	29
165	20
166	15
167	13
168	12
169	5
170	7
171	3
172	3
173	6
174	7
175	11
176	13
177	11
178	12
179	21
180	24
181	18
182	15
183	20
184	11
185	13
186	17
187	8
188	4
189	4
190	6
191	8
192	4
193	6
194	13
195	11
196	22
197	47
198	85
199	121
200	199
201	264
202	275
203	303
204	307
205	273
206	184
207	133
208	78
209	38
210	27
211	10
212	3
213	6
214	7
215	16
216	20
217	28
218	41
219	45
220	44
221	60
222	58
223	45
224	34
225	18
226	23
227	7
228	6
229	3
230	1
231	5
232	2
233	5
234	3
235	6
236	7
237	3
238	7
239	8
240	9
241	20
242	27
243	47
244	67
245	107
246	147
247	134
248	147
249	132
250	114
251	85
252	85
253	53
254	49
255	46
256	30
257	41
258	20
259	19
260	17
261	15
262	8
263	17
264	10
265	16
266	18
267	21
268	20
269	34
270	35
271	41
272	30
273	32
274	30
275	18
276	15
277	13
278	12
279	12
280	4
281	12
282	6
283	8
284	10
285	5
286	11
287	21
288	14
289	12
290	13
291	14
292	17
293	17
294	12
295	11
296	19
297	17
298	18
299	17
300	14
301	11
302	15
303	15
304	13
305	15
306	8
307	13
308	10
309	15
310	12
311	12
312	15
313	9
314	15
315	25
316	31
317	36
318	35
319	67
320	90
321	97
322	136
323	130
324	140
325	147
326	123
327	86
328	71
329	55
330	44
331	35
332	29
333	23
334	20
335	31
336	22
337	21
338	42
339	54
340	93
341	174
342	275
343	542
344	1016
345	1693
346	2646
347	3762
348	4943
349	5932
350	6685
351	6839
352	6604
353	5949
354	4769
355	3630
356	2419
357	1520
358	914
359	529
360	270
361	149
362	89
363	71
364	41
365	46
366	29
367	36
368	34
369	52
370	37
371	41
372	57
373	37
374	56
375	51
376	72
377	105
378	126
379	190
380	289
381	398
382	548
383	735
384	904
385	1038
386	1100
387	1152
388	1134
389	936
390	746
391	624
392	433
393	307
394	184
395	97
396	83
397	47
398	26
399	24
400	31
401	32
402	28
403	30
404	36
405	32
406	33
407	37
408	30
409	26
410	33
411	25
412	21
413	32
414	30
415	33
416	23
417	28
418	30
419	35
420	29
421	24
422	30
423	26
424	21
425	24
426	30
427	27
428	32
429	41
430	43
431	34
432	47
433	38
434	44
435	43
436	40
437	57
438	57
439	52
440	51
441	66
442	62
443	73
444	59
445	56
446	60
447	53
448	57
449	47
450	48
451	53
452	47
453	64
454	59
455	61
456	67
457	86
458	75
459	83
460	69
461	65
462	52
463	67
464	70
465	49
466	52
467	33
468	39
469	53
470	48
471	54
472	45
473	50
474	67
475	44
476	50
477	57
478	46
479	52
480	46
481	45
482	44
483	48
484	54
485	38
486	50
487	41
488	45
489	65
490	38
491	47
492	47
493	60
494	52
495	47
496	61
497	65
498	59
499	46
500	69
501	67
502	69
503	66
504	83
505	69
506	67
507	73
508	70
509	59
510	83
511	69
512	64
513	77
514	71
515	71
516	88
517	81
518	67
519	89
520	83
521	76
522	74
523	70
524	84
525	73
526	94
527	95
528	72
529	74
530	105
531	74
532	78
533	81
534	77
535	74
536	74
537	70
538	66
539	96
540	63
541	78
542	74
543	62
544	75
545	82
546	86
547	73
548	80
549	74
550	73
551	76
552	68
553	51
554	71
555	68
556	64
557	64
558	62
559	70
560	82
561	69
562	61
563	61
564	64
565	54
566	72
567	71
568	70
569	58
570	73
571	55
572	78
573	76
574	80
575	76
576	86
577	79
578	68
579	80
580	73
581	76
582	76
583	78
584	70
585	80
586	79
587	73
588	96
589	87
590	75
591	88
592	74
593	86
594	65
595	98
596	97
597	92
598	60
599	81
600	64
601	81
602	93
603	83
604	94
605	76
606	91
607	71
608	83
609	88
610	96
611	95
612	94
613	95
614	95
615	101
616	86
617	85
618	110
619	108
620	97
621	99
622	87
623	74
624	86
625	73
626	87
627	105
628	96
629	106
630	112
631	77
632	83
633	93
634	82
635	74
636	109
637	95
638	96
639	90
640	90
641	104
642	88
643	104
644	80
645	102
646	96
647	96
648	97
649	105
650	115
651	115
652	100
653	106
654	97
655	78
656	105
657	105
658	103
659	106
660	89
661	99
662	82
663	77
664	103
665	123
666	115
667	82
668	90
669	112
670	100
671	96
672	99
673	90
674	110
675	101
676	109
677	98
678	112
679	112
680	108
681	111
682	99
683	110
684	100
685	108
686	118
687	115
688	107
689	104
690	130
691	101
692	115
693	103
694	93
695	120
696	104
697	123
698	110
699	116
700	125
701	127
702	115
703	117
704	117
705	115
706	129
707	130
708	122
709	101
710	109
711	108
712	107
713	111
714	113
715	114
716	115
717	118
718	125
719	105
720	115
721	123
722	114
723	114
724	102
725	110
726	115
727	112
728	126
729	118
730	132
731	129
732	113
733	138
734	113
735	133
736	131
737	122
738	115
739	114
740	127
741	108
742	112
743	130
744	115
745	127
746	111
747	114
748	127
749	130
750	120
751	99
752	153
753	137
754	120
755	120
756	137
757	115
758	133
759	125
760	126
761	134
762	148
763	150
764	170
765	173
766	174
767	229
768	215
769	272
770	289
771	274
772	298
773	309
774	297
775	314
776	283
777	258
778	257
779	268
780	235
781	208
782	184
783	165
784	146
785	143
786	129
787	143
788	131
789	134
790	128
791	130
792	120
793	156
794	138
795	119
796	131
797	121
798	135
799	130
800	120
801	123
802	128
803	131
804	135
805	114
806	117
807	124
808	149
809	136
810	129
811	147
812	133
813	140
814	138
815	143
816	126
817	134
818	116
819	150
820	146
821	150
822	122
823	132
824	137
825	126
826	120
827	110
828	127
829	125
830	143
831	154
832	147
833	149
834	125
835	137
836	121
837	120
838	113
839	144
840	149
841	151
842	122
843	143
844	148
845	144
846	148
847	127
848	143
849	161
850	143
851	158
852	157
853	156
854	175
855	164
856	154
857	163
858	186
859	172
860	195
861	193
862	201
863	186
864	193
865	198
866	198
867	201
868	229
869	199
870	212
871	188
872	203
873	187
874	207
875	224
876	236
877	242
878	222
879	249
880	244
881	242
882	262
883	286
884	309
885	328
886	344
887	337
888	350
889	398
890	393
891	406
892	422
893	450
894	449
895	482
896	512
897	495
898	497
899	516
900	500
901	545
902	507
903	497
904	532
905	521
906	478
907	452
908	445
909	440
910	440
911	391
912	368
913	357
914	323
915	339
916	306
917	303
918	291
919	277
920	240
921	245
922	244
923	235
924	194
925	205
926	189
927	196
928	203
929	165
930	190
931	175
932	153
933	163
934	163
935	158
936	158
937	167
938	146
939	165
940	177
941	158
942	158
943	180
944	225
945	251
946	287
947	270
948	294
949	354
950	370
951	356
952	402
953	427
954	399
955	419
956	398
957	403
958	347
959	330
960	262
961	240
962	253
963	189
964	183
965	137
966	154
967	122
968	136
969	139
970	117
971	128
972	118
973	92
974	108
975	155
976	129
977	130
978	114
979	151
980	124
981	124
982	123
983	130
984	149
985	140
986	128
987	138
988	139
989	158
990	173
991	130
992	136
993	165
994	152
995	162
996	144
997	156
998	167
999	153
1000	145
1001	190
1002	160
1003	176
1004	185
1005	159
1006	156
1007	179
1008	171
1009	143
1010	168
1011	177
1012	170
1013	154
1014	143
1015	133
1016	154
1017	141
1018	129
1019	135
1020	142
1021	119
1022	100
1023	105
1024	101
