Date:	08/05/2018		Time:	19:50		Version no:	0.00		Project name:	55		Sample name:	222		Section name:	section		Position	201.115036	mm	E0	0.000000	keV	E1	1.000000	keV/channel	sample surface	5.917467	cm	Tube anode:	Mo		Tube voltage:	30	kV	Tube current:	50	mA	gain	10		std. database			resultfile	result		matrix element	11		sample thickness	1.000000		air passage	0.560000	cm	comments	in position		peaking_time	2.200000	m-sec	trigger_threshold	547.363281	V	mca_bin_width	22.090000	no:	number_mca_channels	1024.000000	no:	gap_time	0.150000	m-sec	trigger_peaking_time	0.200000	m-sec	GAINDAC	18610		HIGHGAIN	1		TAURC	1		RCTAU	1		RCTAUFRAC	1		livetime	9.516493	seconds	runtime	10.000074	seconds	input_count_rate	20856.317991	cps	output_count_rate	17511.171118	cps	triggers	198479	seconds	events_in_run	175113	seconds	channel	content		1	0
2	0
3	0
4	0
5	0
6	0
7	0
8	0
9	0
10	0
11	0
12	0
13	0
14	0
15	0
16	0
17	0
18	0
19	0
20	0
21	0
22	0
23	0
24	0
25	0
26	0
27	0
28	0
29	0
30	0
31	8
32	13
33	13
34	6
35	12
36	9
37	16
38	13
39	12
40	15
41	21
42	10
43	10
44	15
45	12
46	13
47	13
48	9
49	11
50	10
51	8
52	9
53	12
54	10
55	8
56	16
57	16
58	8
59	16
60	11
61	13
62	13
63	5
64	5
65	9
66	8
67	10
68	10
69	6
70	8
71	7
72	4
73	6
74	12
75	7
76	4
77	6
78	8
79	9
80	9
81	10
82	18
83	11
84	7
85	8
86	3
87	5
88	6
89	6
90	7
91	6
92	11
93	8
94	12
95	9
96	14
97	11
98	8
99	5
100	3
101	4
102	7
103	3
104	0
105	9
106	8
107	6
108	8
109	9
110	8
111	4
112	3
113	5
114	3
115	4
116	4
117	4
118	8
119	9
120	3
121	1
122	4
123	6
124	4
125	4
126	5
127	1
128	3
129	4
130	3
131	4
132	1
133	4
134	4
135	5
136	2
137	3
138	3
139	1
140	4
141	3
142	2
143	7
144	4
145	4
146	3
147	3
148	1
149	0
150	4
151	3
152	3
153	2
154	8
155	4
156	5
157	9
158	8
159	11
160	18
161	27
162	33
163	28
164	26
165	20
166	16
167	7
168	12
169	5
170	6
171	8
172	9
173	13
174	5
175	4
176	13
177	6
178	8
179	17
180	20
181	22
182	25
183	22
184	11
185	14
186	6
187	5
188	4
189	2
190	3
191	1
192	6
193	5
194	6
195	13
196	34
197	56
198	100
199	142
200	210
201	278
202	363
203	330
204	319
205	289
206	240
207	132
208	74
209	45
210	31
211	8
212	5
213	4
214	13
215	10
216	26
217	32
218	41
219	67
220	64
221	61
222	68
223	48
224	27
225	25
226	15
227	13
228	10
229	3
230	10
231	3
232	5
233	3
234	3
235	5
236	5
237	5
238	10
239	9
240	21
241	25
242	40
243	73
244	95
245	119
246	144
247	171
248	176
249	175
250	155
251	122
252	95
253	74
254	48
255	37
256	31
257	25
258	26
259	18
260	10
261	12
262	8
263	10
264	16
265	13
266	19
267	18
268	35
269	34
270	47
271	42
272	38
273	54
274	32
275	28
276	21
277	11
278	20
279	8
280	9
281	7
282	5
283	14
284	5
285	9
286	9
287	8
288	7
289	11
290	8
291	17
292	6
293	11
294	14
295	15
296	9
297	16
298	13
299	8
300	18
301	12
302	9
303	11
304	10
305	13
306	11
307	10
308	13
309	7
310	9
311	9
312	12
313	10
314	10
315	20
316	21
317	26
318	34
319	50
320	62
321	93
322	96
323	88
324	111
325	88
326	87
327	76
328	57
329	33
330	29
331	22
332	25
333	21
334	27
335	30
336	29
337	34
338	33
339	59
340	88
341	177
342	313
343	578
344	948
345	1678
346	2553
347	3618
348	4775
349	5860
350	6566
351	6746
352	6388
353	5675
354	4607
355	3387
356	2369
357	1571
358	854
359	513
360	274
361	134
362	72
363	39
364	37
365	35
366	41
367	32
368	35
369	34
370	33
371	36
372	30
373	51
374	41
375	55
376	78
377	80
378	145
379	196
380	248
381	368
382	556
383	740
384	942
385	1005
386	1079
387	1152
388	1053
389	1006
390	768
391	571
392	468
393	278
394	196
395	121
396	73
397	42
398	42
399	22
400	26
401	33
402	24
403	22
404	24
405	26
406	28
407	32
408	32
409	43
410	40
411	43
412	31
413	50
414	40
415	23
416	28
417	27
418	24
419	23
420	22
421	27
422	25
423	34
424	27
425	27
426	24
427	35
428	23
429	28
430	34
431	35
432	48
433	24
434	51
435	30
436	39
437	55
438	57
439	51
440	46
441	61
442	55
443	44
444	63
445	50
446	47
447	43
448	51
449	41
450	57
451	56
452	47
453	58
454	43
455	61
456	65
457	74
458	73
459	72
460	73
461	65
462	74
463	61
464	63
465	43
466	57
467	61
468	60
469	45
470	60
471	59
472	56
473	55
474	45
475	61
476	47
477	52
478	49
479	45
480	51
481	38
482	50
483	41
484	57
485	43
486	47
487	50
488	63
489	49
490	47
491	42
492	43
493	47
494	50
495	45
496	51
497	51
498	44
499	42
500	52
501	43
502	63
503	59
504	64
505	62
506	78
507	54
508	74
509	59
510	69
511	57
512	68
513	70
514	69
515	68
516	69
517	76
518	77
519	62
520	77
521	80
522	66
523	62
524	86
525	100
526	94
527	85
528	92
529	97
530	82
531	83
532	89
533	75
534	70
535	72
536	75
537	77
538	65
539	64
540	59
541	64
542	72
543	71
544	81
545	90
546	72
547	74
548	77
549	87
550	66
551	66
552	70
553	84
554	82
555	69
556	69
557	60
558	62
559	68
560	64
561	61
562	60
563	61
564	70
565	67
566	66
567	50
568	66
569	70
570	88
571	82
572	73
573	75
574	64
575	76
576	68
577	79
578	80
579	67
580	69
581	73
582	76
583	79
584	81
585	73
586	63
587	78
588	87
589	96
590	80
591	78
592	81
593	83
594	89
595	64
596	85
597	84
598	82
599	76
600	88
601	93
602	75
603	78
604	77
605	80
606	88
607	92
608	91
609	80
610	92
611	78
612	82
613	79
614	97
615	94
616	82
617	88
618	69
619	75
620	86
621	103
622	90
623	82
624	87
625	82
626	79
627	81
628	76
629	100
630	83
631	88
632	91
633	88
634	100
635	98
636	76
637	94
638	86
639	101
640	116
641	90
642	91
643	91
644	82
645	105
646	101
647	103
648	90
649	82
650	72
651	98
652	81
653	109
654	123
655	100
656	103
657	105
658	94
659	102
660	94
661	96
662	109
663	115
664	97
665	95
666	72
667	97
668	101
669	92
670	87
671	103
672	97
673	93
674	96
675	116
676	103
677	103
678	98
679	103
680	100
681	86
682	92
683	120
684	104
685	91
686	117
687	96
688	109
689	108
690	126
691	93
692	106
693	100
694	105
695	113
696	136
697	107
698	105
699	103
700	118
701	114
702	127
703	107
704	108
705	112
706	101
707	105
708	130
709	125
710	110
711	114
712	107
713	112
714	98
715	109
716	117
717	104
718	95
719	98
720	101
721	99
722	125
723	109
724	121
725	111
726	114
727	118
728	116
729	110
730	127
731	121
732	111
733	126
734	104
735	118
736	130
737	115
738	121
739	113
740	102
741	115
742	116
743	133
744	114
745	131
746	125
747	114
748	112
749	114
750	119
751	131
752	124
753	110
754	109
755	123
756	121
757	112
758	142
759	122
760	141
761	119
762	132
763	121
764	158
765	138
766	183
767	182
768	208
769	257
770	245
771	256
772	279
773	271
774	285
775	288
776	238
777	245
778	229
779	225
780	206
781	152
782	159
783	151
784	138
785	124
786	132
787	139
788	123
789	127
790	147
791	118
792	112
793	131
794	106
795	146
796	127
797	107
798	129
799	111
800	114
801	120
802	134
803	158
804	141
805	140
806	124
807	145
808	117
809	136
810	118
811	134
812	120
813	138
814	144
815	136
816	132
817	134
818	157
819	140
820	139
821	141
822	115
823	124
824	122
825	118
826	121
827	127
828	114
829	132
830	145
831	131
832	137
833	121
834	124
835	148
836	112
837	131
838	118
839	129
840	146
841	136
842	130
843	156
844	127
845	131
846	153
847	133
848	117
849	145
850	164
851	142
852	130
853	144
854	154
855	138
856	174
857	158
858	193
859	183
860	182
861	194
862	208
863	191
864	196
865	213
866	193
867	203
868	230
869	198
870	176
871	178
872	206
873	201
874	197
875	229
876	215
877	215
878	221
879	228
880	240
881	233
882	278
883	289
884	316
885	315
886	317
887	360
888	332
889	379
890	374
891	436
892	385
893	483
894	441
895	461
896	470
897	509
898	485
899	496
900	538
901	512
902	494
903	488
904	467
905	453
906	439
907	471
908	448
909	429
910	377
911	410
912	384
913	373
914	348
915	333
916	305
917	288
918	318
919	261
920	234
921	256
922	250
923	211
924	199
925	183
926	227
927	176
928	191
929	192
930	164
931	162
932	175
933	153
934	183
935	140
936	164
937	150
938	147
939	150
940	140
941	188
942	191
943	171
944	196
945	226
946	241
947	268
948	323
949	300
950	375
951	374
952	390
953	384
954	397
955	391
956	396
957	354
958	339
959	295
960	276
961	238
962	183
963	184
964	181
965	160
966	158
967	141
968	123
969	129
970	110
971	118
972	114
973	102
974	103
975	103
976	119
977	108
978	117
979	125
980	108
981	119
982	138
983	145
984	117
985	131
986	128
987	131
988	140
989	137
990	140
991	159
992	128
993	154
994	184
995	190
996	149
997	146
998	142
999	145
1000	150
1001	139
1002	162
1003	164
1004	189
1005	147
1006	152
1007	144
1008	154
1009	150
1010	142
1011	161
1012	152
1013	154
1014	156
1015	149
1016	144
1017	128
1018	124
1019	142
1020	144
1021	120
1022	124
1023	106
1024	96
