Date:	08/05/2018		Time:	18:32		Version no:	0.00		Project name:	55		Sample name:	222		Section name:	section		Position	119.315033	mm	E0	0.000000	keV	E1	1.000000	keV/channel	sample surface	5.902903	cm	Tube anode:	Mo		Tube voltage:	30	kV	Tube current:	50	mA	gain	10		std. database			resultfile	result		matrix element	11		sample thickness	1.000000		air passage	0.560000	cm	comments	in position		peaking_time	2.200000	m-sec	trigger_threshold	547.363281	V	mca_bin_width	22.090000	no:	number_mca_channels	1024.000000	no:	gap_time	0.150000	m-sec	trigger_peaking_time	0.200000	m-sec	GAINDAC	18610		HIGHGAIN	1		TAURC	1		RCTAU	1		RCTAUFRAC	1		livetime	9.435562	seconds	runtime	10.000488	seconds	input_count_rate	23295.590732	cps	output_count_rate	19148.965530	cps	triggers	219807	seconds	events_in_run	191499	seconds	channel	content		1	0
2	0
3	0
4	0
5	0
6	0
7	0
8	0
9	0
10	0
11	0
12	0
13	0
14	0
15	0
16	0
17	0
18	0
19	0
20	0
21	0
22	0
23	0
24	0
25	0
26	0
27	0
28	0
29	0
30	0
31	18
32	14
33	11
34	14
35	11
36	12
37	7
38	12
39	12
40	9
41	9
42	14
43	17
44	13
45	12
46	21
47	16
48	13
49	17
50	16
51	14
52	17
53	12
54	13
55	16
56	11
57	9
58	8
59	13
60	10
61	19
62	11
63	8
64	11
65	9
66	9
67	9
68	3
69	10
70	7
71	5
72	7
73	5
74	7
75	8
76	5
77	13
78	9
79	13
80	11
81	16
82	8
83	11
84	11
85	14
86	11
87	5
88	5
89	11
90	7
91	9
92	6
93	12
94	18
95	15
96	26
97	13
98	14
99	15
100	14
101	4
102	5
103	9
104	9
105	5
106	8
107	9
108	12
109	6
110	3
111	3
112	6
113	4
114	4
115	6
116	4
117	3
118	5
119	1
120	9
121	2
122	6
123	5
124	3
125	7
126	6
127	4
128	6
129	3
130	3
131	6
132	4
133	5
134	4
135	4
136	6
137	4
138	2
139	2
140	6
141	2
142	2
143	4
144	2
145	3
146	1
147	1
148	6
149	6
150	1
151	3
152	6
153	7
154	3
155	4
156	3
157	8
158	6
159	11
160	9
161	17
162	26
163	36
164	23
165	28
166	22
167	10
168	5
169	9
170	4
171	1
172	3
173	3
174	4
175	4
176	7
177	10
178	13
179	9
180	15
181	16
182	25
183	15
184	12
185	12
186	14
187	8
188	3
189	8
190	5
191	6
192	1
193	1
194	9
195	9
196	17
197	41
198	63
199	109
200	143
201	241
202	260
203	286
204	227
205	228
206	159
207	116
208	74
209	43
210	20
211	17
212	7
213	7
214	5
215	15
216	19
217	24
218	26
219	50
220	42
221	42
222	42
223	36
224	29
225	15
226	8
227	10
228	6
229	9
230	6
231	3
232	8
233	6
234	2
235	2
236	7
237	8
238	1
239	17
240	18
241	27
242	25
243	54
244	79
245	114
246	153
247	171
248	143
249	170
250	139
251	82
252	67
253	59
254	46
255	39
256	33
257	31
258	30
259	22
260	17
261	13
262	7
263	9
264	13
265	13
266	15
267	20
268	27
269	36
270	36
271	38
272	47
273	39
274	26
275	18
276	16
277	22
278	12
279	9
280	5
281	4
282	8
283	4
284	11
285	15
286	9
287	17
288	13
289	13
290	11
291	16
292	16
293	11
294	11
295	17
296	19
297	17
298	12
299	13
300	11
301	19
302	13
303	17
304	13
305	19
306	13
307	14
308	13
309	16
310	17
311	20
312	16
313	15
314	24
315	23
316	36
317	49
318	71
319	147
320	175
321	181
322	225
323	263
324	235
325	241
326	201
327	128
328	111
329	78
330	66
331	45
332	29
333	29
334	26
335	30
336	29
337	46
338	46
339	61
340	82
341	164
342	294
343	563
344	1029
345	1658
346	2504
347	3569
348	4810
349	5901
350	6535
351	6610
352	6403
353	5636
354	4508
355	3507
356	2376
357	1528
358	905
359	526
360	265
361	137
362	98
363	56
364	47
365	42
366	36
367	34
368	34
369	40
370	33
371	24
372	37
373	60
374	44
375	59
376	69
377	81
378	116
379	190
380	266
381	368
382	564
383	711
384	862
385	1011
386	1077
387	1116
388	1082
389	922
390	815
391	595
392	420
393	285
394	210
395	110
396	69
397	52
398	32
399	31
400	27
401	37
402	37
403	35
404	26
405	38
406	37
407	31
408	44
409	40
410	40
411	39
412	28
413	24
414	38
415	28
416	28
417	34
418	30
419	28
420	29
421	34
422	32
423	20
424	36
425	36
426	35
427	29
428	24
429	31
430	41
431	33
432	34
433	46
434	45
435	51
436	51
437	63
438	50
439	65
440	68
441	75
442	67
443	57
444	71
445	57
446	58
447	55
448	59
449	72
450	67
451	71
452	60
453	47
454	76
455	76
456	74
457	57
458	67
459	86
460	89
461	66
462	64
463	80
464	73
465	61
466	53
467	56
468	66
469	66
470	78
471	62
472	66
473	72
474	59
475	80
476	68
477	56
478	65
479	57
480	73
481	48
482	49
483	57
484	60
485	61
486	55
487	60
488	60
489	41
490	57
491	55
492	57
493	64
494	55
495	59
496	64
497	63
498	62
499	64
500	78
501	51
502	63
503	80
504	75
505	68
506	84
507	86
508	80
509	66
510	77
511	69
512	88
513	76
514	73
515	89
516	87
517	79
518	74
519	92
520	89
521	72
522	94
523	66
524	89
525	103
526	88
527	96
528	98
529	94
530	95
531	90
532	94
533	96
534	79
535	78
536	82
537	80
538	88
539	77
540	81
541	79
542	81
543	85
544	86
545	75
546	101
547	84
548	84
549	85
550	86
551	92
552	71
553	71
554	79
555	99
556	84
557	75
558	82
559	80
560	81
561	78
562	69
563	89
564	75
565	76
566	89
567	93
568	75
569	75
570	99
571	92
572	85
573	73
574	74
575	78
576	94
577	78
578	72
579	70
580	80
581	77
582	68
583	82
584	91
585	90
586	104
587	94
588	87
589	91
590	90
591	75
592	98
593	71
594	97
595	99
596	100
597	85
598	97
599	106
600	104
601	93
602	101
603	104
604	101
605	92
606	85
607	98
608	91
609	114
610	83
611	106
612	77
613	115
614	113
615	99
616	126
617	101
618	101
619	101
620	114
621	100
622	104
623	105
624	106
625	97
626	97
627	117
628	105
629	123
630	99
631	113
632	99
633	111
634	111
635	110
636	107
637	110
638	93
639	112
640	102
641	117
642	121
643	99
644	126
645	116
646	110
647	134
648	131
649	93
650	114
651	131
652	138
653	114
654	128
655	102
656	108
657	96
658	117
659	105
660	126
661	114
662	112
663	104
664	118
665	100
666	103
667	120
668	124
669	130
670	115
671	81
672	122
673	115
674	110
675	117
676	133
677	137
678	98
679	124
680	96
681	111
682	104
683	116
684	137
685	117
686	111
687	122
688	113
689	140
690	112
691	130
692	122
693	146
694	125
695	163
696	112
697	128
698	120
699	116
700	142
701	104
702	120
703	141
704	123
705	134
706	129
707	113
708	104
709	136
710	114
711	140
712	133
713	124
714	124
715	120
716	140
717	138
718	135
719	119
720	136
721	130
722	130
723	116
724	144
725	140
726	140
727	142
728	136
729	151
730	170
731	117
732	144
733	143
734	149
735	130
736	133
737	119
738	134
739	153
740	142
741	131
742	138
743	120
744	145
745	152
746	142
747	127
748	139
749	145
750	148
751	133
752	115
753	153
754	127
755	106
756	138
757	137
758	134
759	133
760	123
761	133
762	177
763	160
764	176
765	169
766	178
767	196
768	229
769	249
770	260
771	258
772	284
773	257
774	276
775	268
776	293
777	230
778	223
779	226
780	211
781	169
782	183
783	168
784	168
785	175
786	148
787	158
788	132
789	142
790	140
791	153
792	146
793	150
794	145
795	136
796	119
797	132
798	144
799	139
800	132
801	130
802	139
803	135
804	118
805	149
806	160
807	139
808	139
809	138
810	156
811	183
812	145
813	150
814	134
815	145
816	180
817	163
818	153
819	180
820	166
821	173
822	172
823	164
824	150
825	166
826	136
827	149
828	137
829	179
830	160
831	170
832	167
833	149
834	141
835	133
836	151
837	156
838	153
839	152
840	149
841	170
842	161
843	150
844	159
845	166
846	149
847	167
848	174
849	170
850	169
851	160
852	174
853	167
854	170
855	162
856	177
857	199
858	192
859	203
860	194
861	225
862	213
863	238
864	245
865	229
866	269
867	229
868	233
869	250
870	247
871	213
872	240
873	255
874	238
875	254
876	240
877	263
878	271
879	297
880	279
881	290
882	327
883	326
884	355
885	369
886	395
887	401
888	446
889	443
890	485
891	498
892	527
893	545
894	587
895	561
896	556
897	577
898	606
899	589
900	592
901	603
902	604
903	644
904	605
905	582
906	563
907	536
908	526
909	513
910	447
911	447
912	488
913	448
914	431
915	396
916	382
917	366
918	284
919	294
920	353
921	293
922	276
923	261
924	273
925	219
926	219
927	224
928	192
929	213
930	202
931	191
932	204
933	200
934	177
935	185
936	150
937	182
938	175
939	191
940	185
941	198
942	204
943	225
944	273
945	257
946	280
947	303
948	325
949	384
950	415
951	467
952	447
953	436
954	457
955	461
956	431
957	405
958	380
959	347
960	287
961	290
962	225
963	232
964	212
965	196
966	187
967	154
968	161
969	153
970	131
971	153
972	153
973	141
974	143
975	138
976	125
977	150
978	138
979	128
980	156
981	160
982	120
983	149
984	141
985	139
986	158
987	145
988	153
989	162
990	151
991	167
992	195
993	185
994	186
995	196
996	174
997	188
998	163
999	205
1000	187
1001	201
1002	203
1003	179
1004	191
1005	187
1006	206
1007	196
1008	192
1009	188
1010	168
1011	196
1012	166
1013	166
1014	157
1015	167
1016	168
1017	151
1018	162
1019	164
1020	124
1021	175
1022	130
1023	130
1024	118
