Date:	08/05/2018		Time:	19:31		Version no:	0.00		Project name:	55		Sample name:	222		Section name:	section		Position	181.915024	mm	E0	0.000000	keV	E1	1.000000	keV/channel	sample surface	5.877432	cm	Tube anode:	Mo		Tube voltage:	30	kV	Tube current:	50	mA	gain	10		std. database			resultfile	result		matrix element	11		sample thickness	1.000000		air passage	0.560000	cm	comments	in position		peaking_time	2.200000	m-sec	trigger_threshold	547.363281	V	mca_bin_width	22.090000	no:	number_mca_channels	1024.000000	no:	gap_time	0.150000	m-sec	trigger_peaking_time	0.200000	m-sec	GAINDAC	18610		HIGHGAIN	1		TAURC	1		RCTAU	1		RCTAUFRAC	1		livetime	9.482981	seconds	runtime	10.000494	seconds	input_count_rate	21129.643118	cps	output_count_rate	17616.430453	cps	triggers	200372	seconds	events_in_run	176173	seconds	channel	content		1	0
2	0
3	0
4	0
5	0
6	0
7	0
8	0
9	0
10	0
11	0
12	0
13	0
14	0
15	0
16	0
17	0
18	0
19	0
20	0
21	0
22	0
23	0
24	0
25	0
26	0
27	0
28	0
29	0
30	0
31	26
32	10
33	16
34	13
35	14
36	17
37	14
38	8
39	11
40	11
41	10
42	17
43	16
44	12
45	15
46	21
47	6
48	15
49	13
50	20
51	15
52	11
53	12
54	10
55	12
56	8
57	16
58	16
59	16
60	9
61	10
62	7
63	7
64	6
65	8
66	12
67	17
68	11
69	13
70	8
71	10
72	8
73	12
74	5
75	6
76	18
77	4
78	9
79	5
80	8
81	10
82	7
83	10
84	8
85	6
86	9
87	4
88	9
89	6
90	5
91	5
92	8
93	11
94	5
95	12
96	13
97	15
98	10
99	12
100	7
101	3
102	3
103	3
104	9
105	5
106	11
107	14
108	6
109	11
110	6
111	3
112	5
113	5
114	2
115	3
116	6
117	7
118	4
119	6
120	3
121	5
122	6
123	2
124	3
125	3
126	4
127	3
128	1
129	6
130	7
131	4
132	5
133	4
134	6
135	9
136	4
137	3
138	1
139	1
140	5
141	3
142	3
143	5
144	4
145	3
146	2
147	5
148	3
149	1
150	3
151	5
152	2
153	4
154	8
155	4
156	6
157	8
158	7
159	11
160	19
161	26
162	33
163	36
164	29
165	23
166	17
167	11
168	5
169	6
170	10
171	4
172	1
173	3
174	5
175	8
176	9
177	7
178	11
179	17
180	19
181	28
182	25
183	21
184	15
185	14
186	6
187	5
188	4
189	3
190	6
191	3
192	10
193	8
194	12
195	14
196	36
197	40
198	68
199	132
200	188
201	251
202	283
203	307
204	299
205	230
206	187
207	108
208	56
209	49
210	22
211	18
212	10
213	5
214	16
215	8
216	27
217	34
218	26
219	52
220	45
221	40
222	42
223	29
224	28
225	18
226	14
227	14
228	6
229	8
230	2
231	3
232	3
233	5
234	2
235	5
236	2
237	4
238	7
239	5
240	4
241	18
242	35
243	48
244	74
245	113
246	125
247	137
248	165
249	130
250	109
251	85
252	66
253	62
254	43
255	38
256	40
257	17
258	32
259	18
260	16
261	17
262	9
263	7
264	7
265	12
266	21
267	13
268	31
269	22
270	42
271	37
272	44
273	25
274	32
275	23
276	16
277	10
278	13
279	10
280	9
281	10
282	8
283	9
284	9
285	5
286	9
287	9
288	15
289	21
290	13
291	12
292	9
293	16
294	8
295	15
296	16
297	13
298	12
299	19
300	14
301	18
302	13
303	14
304	10
305	13
306	11
307	9
308	15
309	17
310	13
311	9
312	11
313	12
314	16
315	28
316	32
317	43
318	40
319	72
320	87
321	120
322	131
323	153
324	147
325	115
326	129
327	81
328	71
329	53
330	25
331	26
332	32
333	16
334	22
335	32
336	43
337	31
338	37
339	49
340	97
341	163
342	313
343	530
344	921
345	1554
346	2392
347	3332
348	4385
349	5259
350	6201
351	6236
352	5993
353	5229
354	4332
355	3174
356	2229
357	1441
358	848
359	453
360	240
361	106
362	68
363	55
364	38
365	32
366	27
367	37
368	27
369	37
370	32
371	35
372	43
373	55
374	47
375	50
376	68
377	92
378	120
379	189
380	235
381	381
382	473
383	667
384	810
385	893
386	1078
387	1037
388	1006
389	935
390	743
391	577
392	392
393	264
394	172
395	104
396	61
397	29
398	41
399	25
400	22
401	26
402	19
403	29
404	36
405	32
406	39
407	30
408	36
409	21
410	41
411	33
412	31
413	34
414	40
415	24
416	29
417	27
418	28
419	35
420	26
421	26
422	24
423	23
424	33
425	30
426	31
427	28
428	31
429	32
430	35
431	33
432	35
433	34
434	41
435	52
436	53
437	47
438	56
439	54
440	59
441	61
442	60
443	58
444	73
445	55
446	58
447	58
448	58
449	52
450	54
451	45
452	59
453	55
454	64
455	75
456	69
457	69
458	83
459	81
460	73
461	85
462	79
463	59
464	62
465	58
466	44
467	54
468	52
469	43
470	58
471	65
472	67
473	62
474	70
475	63
476	47
477	60
478	60
479	55
480	48
481	47
482	50
483	59
484	49
485	47
486	49
487	49
488	61
489	45
490	45
491	58
492	40
493	48
494	50
495	62
496	51
497	61
498	54
499	58
500	56
501	63
502	52
503	64
504	61
505	71
506	75
507	63
508	81
509	75
510	61
511	78
512	51
513	77
514	69
515	81
516	72
517	67
518	72
519	75
520	59
521	90
522	81
523	84
524	93
525	103
526	89
527	98
528	114
529	78
530	106
531	87
532	86
533	94
534	67
535	87
536	65
537	75
538	78
539	77
540	73
541	77
542	83
543	85
544	91
545	86
546	79
547	83
548	69
549	70
550	61
551	70
552	65
553	69
554	72
555	79
556	67
557	74
558	59
559	73
560	85
561	76
562	79
563	77
564	77
565	79
566	72
567	76
568	53
569	70
570	66
571	73
572	74
573	80
574	62
575	69
576	76
577	76
578	80
579	84
580	88
581	87
582	69
583	81
584	92
585	79
586	87
587	75
588	81
589	82
590	80
591	100
592	82
593	80
594	88
595	77
596	97
597	80
598	104
599	96
600	86
601	83
602	94
603	83
604	100
605	77
606	93
607	82
608	94
609	86
610	92
611	106
612	97
613	101
614	88
615	95
616	91
617	101
618	92
619	99
620	91
621	95
622	87
623	91
624	90
625	88
626	100
627	95
628	78
629	93
630	87
631	83
632	103
633	85
634	95
635	91
636	80
637	104
638	94
639	80
640	85
641	84
642	98
643	105
644	93
645	120
646	97
647	112
648	100
649	92
650	114
651	106
652	98
653	104
654	104
655	100
656	100
657	85
658	113
659	103
660	105
661	99
662	110
663	108
664	107
665	92
666	95
667	103
668	115
669	107
670	105
671	94
672	127
673	113
674	104
675	107
676	124
677	94
678	117
679	90
680	115
681	122
682	113
683	122
684	102
685	101
686	126
687	107
688	115
689	126
690	105
691	102
692	108
693	106
694	116
695	114
696	122
697	120
698	106
699	128
700	98
701	120
702	111
703	135
704	124
705	123
706	118
707	98
708	99
709	111
710	110
711	121
712	121
713	113
714	108
715	112
716	145
717	113
718	131
719	117
720	96
721	128
722	131
723	119
724	108
725	116
726	127
727	115
728	147
729	117
730	120
731	121
732	142
733	131
734	130
735	121
736	140
737	142
738	131
739	107
740	121
741	121
742	130
743	116
744	125
745	117
746	112
747	103
748	134
749	109
750	133
751	125
752	120
753	130
754	121
755	118
756	115
757	116
758	111
759	126
760	124
761	131
762	131
763	150
764	162
765	183
766	190
767	169
768	236
769	240
770	255
771	260
772	311
773	287
774	272
775	310
776	302
777	298
778	261
779	246
780	205
781	168
782	181
783	139
784	135
785	141
786	142
787	125
788	128
789	137
790	133
791	127
792	130
793	147
794	125
795	150
796	135
797	124
798	136
799	129
800	148
801	150
802	127
803	148
804	117
805	152
806	134
807	161
808	124
809	137
810	145
811	133
812	133
813	126
814	142
815	139
816	141
817	145
818	149
819	143
820	156
821	141
822	165
823	125
824	139
825	158
826	144
827	134
828	155
829	137
830	135
831	142
832	120
833	153
834	139
835	141
836	124
837	130
838	136
839	131
840	156
841	165
842	130
843	143
844	139
845	153
846	155
847	160
848	142
849	168
850	115
851	158
852	170
853	162
854	161
855	161
856	171
857	162
858	205
859	220
860	199
861	184
862	191
863	206
864	199
865	212
866	230
867	226
868	216
869	205
870	222
871	192
872	206
873	219
874	216
875	200
876	199
877	233
878	256
879	266
880	245
881	236
882	293
883	291
884	320
885	330
886	326
887	366
888	396
889	382
890	404
891	423
892	490
893	487
894	499
895	521
896	510
897	519
898	546
899	539
900	521
901	586
902	565
903	518
904	516
905	490
906	508
907	481
908	483
909	459
910	419
911	409
912	379
913	385
914	398
915	360
916	358
917	290
918	305
919	269
920	288
921	249
922	237
923	227
924	259
925	215
926	200
927	206
928	196
929	184
930	209
931	170
932	164
933	181
934	159
935	152
936	158
937	145
938	152
939	178
940	182
941	156
942	188
943	207
944	238
945	219
946	275
947	302
948	329
949	369
950	332
951	417
952	401
953	421
954	437
955	407
956	378
957	411
958	341
959	367
960	317
961	276
962	220
963	233
964	179
965	160
966	138
967	148
968	122
969	116
970	121
971	136
972	135
973	120
974	144
975	117
976	120
977	129
978	118
979	135
980	127
981	125
982	134
983	144
984	126
985	150
986	134
987	141
988	141
989	149
990	152
991	160
992	169
993	173
994	190
995	160
996	151
997	157
998	179
999	160
1000	177
1001	179
1002	164
1003	173
1004	179
1005	154
1006	156
1007	160
1008	173
1009	148
1010	173
1011	177
1012	160
1013	146
1014	163
1015	139
1016	156
1017	139
1018	139
1019	140
1020	117
1021	132
1022	122
1023	119
1024	123
