Date:	08/05/2018		Time:	17:43		Version no:	0.00		Project name:	55		Sample name:	222		Section name:	section		Position	68.515030	mm	E0	0.000000	keV	E1	1.000000	keV/channel	sample surface	5.940031	cm	Tube anode:	Mo		Tube voltage:	30	kV	Tube current:	50	mA	gain	10		std. database			resultfile	result		matrix element	11		sample thickness	1.000000		air passage	0.560000	cm	comments	in position		peaking_time	2.200000	m-sec	trigger_threshold	547.363281	V	mca_bin_width	22.090000	no:	number_mca_channels	1024.000000	no:	gap_time	0.150000	m-sec	trigger_peaking_time	0.200000	m-sec	GAINDAC	18610		HIGHGAIN	1		TAURC	1		RCTAU	1		RCTAUFRAC	1		livetime	9.393521	seconds	runtime	10.000486	seconds	input_count_rate	26240.427338	cps	output_count_rate	21207.668459	cps	triggers	246490	seconds	events_in_run	212087	seconds	channel	content		1	0
2	0
3	0
4	0
5	0
6	0
7	0
8	0
9	0
10	0
11	0
12	0
13	0
14	0
15	0
16	0
17	0
18	0
19	0
20	0
21	0
22	0
23	0
24	0
25	0
26	0
27	0
28	0
29	0
30	0
31	16
32	13
33	17
34	15
35	17
36	17
37	17
38	12
39	14
40	12
41	17
42	15
43	19
44	11
45	17
46	17
47	14
48	14
49	13
50	19
51	13
52	13
53	21
54	13
55	10
56	9
57	5
58	14
59	17
60	14
61	11
62	12
63	10
64	7
65	4
66	6
67	9
68	9
69	10
70	7
71	11
72	10
73	13
74	6
75	11
76	4
77	5
78	6
79	4
80	14
81	15
82	10
83	8
84	11
85	11
86	7
87	7
88	7
89	9
90	7
91	3
92	4
93	14
94	10
95	13
96	13
97	12
98	22
99	7
100	6
101	13
102	6
103	6
104	5
105	8
106	6
107	7
108	9
109	15
110	8
111	6
112	9
113	4
114	4
115	8
116	8
117	4
118	5
119	4
120	2
121	10
122	5
123	6
124	5
125	4
126	3
127	8
128	2
129	6
130	7
131	8
132	5
133	6
134	5
135	5
136	3
137	6
138	4
139	3
140	7
141	7
142	3
143	2
144	5
145	3
146	1
147	4
148	6
149	2
150	4
151	4
152	5
153	11
154	8
155	3
156	1
157	4
158	9
159	9
160	14
161	26
162	40
163	31
164	25
165	23
166	16
167	11
168	7
169	3
170	5
171	3
172	6
173	8
174	7
175	7
176	13
177	13
178	11
179	12
180	9
181	23
182	18
183	22
184	13
185	17
186	17
187	8
188	11
189	7
190	2
191	4
192	4
193	4
194	10
195	11
196	34
197	57
198	88
199	147
200	227
201	260
202	322
203	359
204	328
205	260
206	217
207	119
208	78
209	41
210	25
211	13
212	7
213	10
214	9
215	10
216	22
217	38
218	36
219	53
220	58
221	54
222	60
223	39
224	29
225	20
226	16
227	14
228	8
229	7
230	9
231	4
232	6
233	3
234	0
235	6
236	5
237	3
238	8
239	8
240	17
241	23
242	34
243	57
244	89
245	148
246	185
247	200
248	183
249	181
250	168
251	143
252	82
253	49
254	71
255	44
256	35
257	39
258	37
259	27
260	16
261	16
262	12
263	11
264	7
265	23
266	34
267	29
268	38
269	37
270	47
271	48
272	38
273	49
274	41
275	28
276	21
277	15
278	14
279	12
280	15
281	13
282	15
283	11
284	8
285	18
286	10
287	18
288	14
289	16
290	27
291	18
292	12
293	27
294	19
295	14
296	21
297	15
298	26
299	27
300	15
301	17
302	11
303	8
304	16
305	15
306	14
307	13
308	9
309	18
310	12
311	15
312	15
313	14
314	22
315	34
316	43
317	54
318	82
319	119
320	199
321	227
322	269
323	298
324	273
325	246
326	234
327	147
328	138
329	77
330	61
331	53
332	41
333	36
334	29
335	38
336	28
337	41
338	46
339	84
340	119
341	207
342	415
343	733
344	1334
345	2238
346	3367
347	4825
348	6456
349	7687
350	8694
351	8899
352	8430
353	7400
354	6045
355	4559
356	3047
357	1969
358	1168
359	654
360	381
361	195
362	109
363	78
364	55
365	53
366	46
367	34
368	34
369	50
370	44
371	61
372	75
373	44
374	65
375	87
376	80
377	123
378	149
379	233
380	385
381	509
382	699
383	921
384	1196
385	1355
386	1436
387	1466
388	1416
389	1197
390	1006
391	804
392	499
393	383
394	201
395	140
396	80
397	66
398	50
399	29
400	26
401	39
402	25
403	32
404	37
405	30
406	27
407	25
408	39
409	40
410	48
411	33
412	39
413	36
414	27
415	36
416	34
417	28
418	40
419	32
420	44
421	27
422	48
423	35
424	29
425	33
426	41
427	31
428	28
429	41
430	40
431	39
432	37
433	38
434	40
435	43
436	57
437	39
438	64
439	57
440	75
441	53
442	81
443	62
444	57
445	68
446	69
447	74
448	63
449	57
450	50
451	72
452	77
453	72
454	71
455	79
456	81
457	78
458	87
459	85
460	91
461	98
462	75
463	75
464	58
465	67
466	60
467	60
468	51
469	60
470	57
471	67
472	71
473	50
474	70
475	66
476	56
477	55
478	59
479	53
480	44
481	55
482	55
483	51
484	49
485	60
486	59
487	61
488	63
489	61
490	61
491	66
492	61
493	56
494	67
495	65
496	66
497	60
498	66
499	56
500	65
501	60
502	81
503	69
504	78
505	63
506	95
507	81
508	74
509	71
510	81
511	78
512	78
513	98
514	104
515	71
516	97
517	64
518	87
519	84
520	82
521	105
522	80
523	80
524	94
525	104
526	80
527	89
528	113
529	90
530	108
531	105
532	88
533	85
534	86
535	74
536	81
537	76
538	75
539	92
540	82
541	85
542	93
543	87
544	75
545	78
546	84
547	73
548	98
549	85
550	81
551	76
552	69
553	80
554	79
555	79
556	84
557	86
558	90
559	91
560	83
561	72
562	82
563	82
564	79
565	91
566	74
567	86
568	89
569	85
570	77
571	78
572	76
573	68
574	80
575	100
576	79
577	105
578	88
579	92
580	94
581	93
582	99
583	96
584	86
585	78
586	94
587	91
588	102
589	93
590	92
591	93
592	116
593	94
594	84
595	106
596	106
597	92
598	106
599	102
600	83
601	114
602	91
603	84
604	98
605	91
606	98
607	103
608	100
609	102
610	108
611	102
612	109
613	108
614	122
615	95
616	111
617	114
618	104
619	112
620	90
621	104
622	93
623	119
624	81
625	108
626	103
627	109
628	105
629	106
630	118
631	89
632	100
633	122
634	119
635	110
636	93
637	114
638	106
639	100
640	107
641	113
642	104
643	100
644	101
645	110
646	121
647	126
648	114
649	116
650	109
651	118
652	133
653	113
654	118
655	108
656	102
657	93
658	101
659	118
660	106
661	98
662	96
663	120
664	110
665	104
666	99
667	104
668	124
669	121
670	98
671	108
672	116
673	128
674	105
675	120
676	115
677	83
678	107
679	96
680	105
681	100
682	115
683	132
684	122
685	111
686	103
687	110
688	115
689	140
690	119
691	115
692	118
693	133
694	109
695	139
696	111
697	116
698	140
699	147
700	127
701	119
702	131
703	127
704	134
705	149
706	118
707	131
708	117
709	100
710	119
711	132
712	118
713	137
714	126
715	126
716	116
717	130
718	126
719	126
720	108
721	144
722	123
723	151
724	144
725	130
726	127
727	125
728	146
729	130
730	131
731	127
732	138
733	136
734	134
735	135
736	134
737	148
738	143
739	118
740	147
741	126
742	119
743	131
744	120
745	123
746	130
747	150
748	121
749	133
750	135
751	122
752	128
753	131
754	128
755	124
756	134
757	129
758	119
759	132
760	135
761	131
762	150
763	158
764	157
765	166
766	200
767	193
768	193
769	195
770	233
771	221
772	242
773	266
774	229
775	260
776	255
777	243
778	210
779	179
780	197
781	185
782	187
783	155
784	180
785	170
786	142
787	151
788	155
789	140
790	137
791	135
792	153
793	143
794	134
795	136
796	144
797	140
798	133
799	143
800	140
801	141
802	146
803	137
804	139
805	115
806	128
807	171
808	138
809	148
810	151
811	158
812	129
813	133
814	155
815	168
816	136
817	126
818	166
819	142
820	149
821	151
822	161
823	155
824	141
825	164
826	138
827	148
828	152
829	145
830	144
831	157
832	131
833	132
834	159
835	155
836	151
837	139
838	175
839	153
840	139
841	152
842	151
843	175
844	144
845	159
846	167
847	144
848	160
849	155
850	145
851	143
852	174
853	172
854	171
855	185
856	187
857	196
858	198
859	187
860	192
861	204
862	184
863	181
864	202
865	213
866	225
867	211
868	212
869	217
870	199
871	218
872	228
873	223
874	214
875	247
876	260
877	241
878	255
879	262
880	290
881	280
882	290
883	294
884	342
885	343
886	378
887	380
888	388
889	472
890	415
891	509
892	489
893	523
894	550
895	577
896	543
897	550
898	586
899	561
900	573
901	594
902	599
903	539
904	568
905	573
906	549
907	510
908	472
909	538
910	515
911	482
912	431
913	409
914	372
915	374
916	337
917	335
918	324
919	308
920	291
921	274
922	250
923	254
924	208
925	199
926	216
927	214
928	209
929	179
930	175
931	178
932	178
933	183
934	181
935	152
936	162
937	171
938	157
939	172
940	172
941	180
942	188
943	238
944	220
945	230
946	289
947	298
948	327
949	366
950	393
951	422
952	393
953	464
954	411
955	451
956	415
957	380
958	344
959	339
960	306
961	251
962	236
963	190
964	202
965	194
966	165
967	164
968	157
969	156
970	142
971	126
972	123
973	130
974	136
975	119
976	162
977	129
978	137
979	131
980	124
981	120
982	117
983	150
984	165
985	158
986	154
987	144
988	155
989	158
990	132
991	164
992	175
993	161
994	176
995	142
996	174
997	165
998	157
999	196
1000	186
1001	176
1002	188
1003	181
1004	172
1005	165
1006	180
1007	178
1008	181
1009	194
1010	174
1011	165
1012	180
1013	184
1014	159
1015	178
1016	174
1017	161
1018	151
1019	166
1020	130
1021	156
1022	156
1023	126
1024	106
