Date:	08/05/2018		Time:	20:29		Version no:	0.00		Project name:	55		Sample name:	222		Section name:	section		Position	242.515030	mm	E0	0.000000	keV	E1	1.000000	keV/channel	sample surface	5.947041	cm	Tube anode:	Mo		Tube voltage:	30	kV	Tube current:	50	mA	gain	10		std. database			resultfile	result		matrix element	11		sample thickness	1.000000		air passage	0.560000	cm	comments	in position		peaking_time	2.200000	m-sec	trigger_threshold	547.363281	V	mca_bin_width	22.090000	no:	number_mca_channels	1024.000000	no:	gap_time	0.150000	m-sec	trigger_peaking_time	0.200000	m-sec	GAINDAC	18610		HIGHGAIN	1		TAURC	1		RCTAU	1		RCTAUFRAC	1		livetime	9.484170	seconds	runtime	10.000490	seconds	input_count_rate	21270.286014	cps	output_count_rate	17715.131250	cps	triggers	201731	seconds	events_in_run	177160	seconds	channel	content		1	0
2	0
3	0
4	0
5	0
6	0
7	0
8	0
9	0
10	0
11	0
12	0
13	0
14	0
15	0
16	0
17	0
18	0
19	0
20	0
21	0
22	0
23	0
24	0
25	0
26	0
27	0
28	0
29	0
30	0
31	13
32	13
33	15
34	11
35	16
36	13
37	10
38	22
39	14
40	21
41	16
42	13
43	15
44	16
45	14
46	13
47	9
48	18
49	15
50	11
51	20
52	12
53	10
54	8
55	10
56	19
57	15
58	9
59	14
60	20
61	11
62	12
63	14
64	14
65	12
66	9
67	11
68	8
69	10
70	7
71	7
72	6
73	4
74	5
75	7
76	11
77	6
78	7
79	8
80	10
81	4
82	9
83	11
84	7
85	9
86	9
87	12
88	4
89	3
90	2
91	5
92	10
93	6
94	16
95	22
96	16
97	16
98	8
99	1
100	4
101	3
102	6
103	3
104	4
105	5
106	6
107	11
108	6
109	7
110	7
111	10
112	2
113	1
114	4
115	7
116	6
117	5
118	3
119	7
120	0
121	5
122	3
123	1
124	10
125	4
126	1
127	2
128	4
129	5
130	2
131	9
132	3
133	3
134	1
135	1
136	2
137	3
138	1
139	2
140	6
141	5
142	4
143	2
144	3
145	3
146	3
147	6
148	3
149	1
150	1
151	7
152	3
153	3
154	5
155	6
156	4
157	8
158	4
159	16
160	25
161	23
162	33
163	29
164	24
165	30
166	14
167	13
168	12
169	2
170	1
171	7
172	1
173	2
174	9
175	5
176	9
177	12
178	8
179	20
180	23
181	19
182	31
183	23
184	16
185	12
186	11
187	5
188	3
189	2
190	3
191	5
192	3
193	6
194	9
195	11
196	28
197	40
198	62
199	116
200	178
201	232
202	258
203	329
204	303
205	232
206	185
207	132
208	77
209	29
210	26
211	21
212	9
213	10
214	11
215	18
216	21
217	26
218	38
219	53
220	50
221	45
222	42
223	40
224	29
225	27
226	10
227	9
228	8
229	7
230	4
231	6
232	7
233	6
234	1
235	4
236	6
237	2
238	4
239	8
240	15
241	20
242	43
243	49
244	65
245	88
246	141
247	157
248	120
249	129
250	99
251	94
252	69
253	66
254	42
255	38
256	34
257	33
258	25
259	18
260	16
261	9
262	12
263	18
264	14
265	10
266	15
267	15
268	28
269	30
270	34
271	36
272	32
273	33
274	34
275	25
276	14
277	13
278	13
279	9
280	7
281	5
282	4
283	5
284	6
285	9
286	10
287	10
288	14
289	14
290	9
291	16
292	17
293	13
294	17
295	15
296	11
297	16
298	12
299	14
300	10
301	9
302	9
303	14
304	15
305	10
306	15
307	9
308	14
309	7
310	9
311	13
312	10
313	17
314	19
315	21
316	30
317	45
318	58
319	104
320	114
321	203
322	204
323	211
324	216
325	203
326	146
327	123
328	91
329	68
330	42
331	37
332	35
333	21
334	26
335	23
336	27
337	34
338	41
339	49
340	93
341	162
342	301
343	546
344	929
345	1554
346	2461
347	3349
348	4482
349	5482
350	6262
351	6369
352	6122
353	5250
354	4484
355	3275
356	2399
357	1462
358	906
359	504
360	295
361	128
362	95
363	57
364	49
365	36
366	28
367	26
368	35
369	27
370	33
371	32
372	45
373	29
374	43
375	63
376	61
377	91
378	131
379	159
380	240
381	364
382	521
383	695
384	851
385	954
386	1083
387	1104
388	1048
389	878
390	738
391	565
392	398
393	256
394	164
395	111
396	63
397	47
398	39
399	26
400	22
401	21
402	22
403	22
404	29
405	23
406	30
407	35
408	36
409	42
410	24
411	29
412	21
413	36
414	23
415	26
416	28
417	26
418	24
419	28
420	29
421	35
422	32
423	31
424	35
425	29
426	36
427	32
428	28
429	33
430	19
431	28
432	32
433	35
434	37
435	38
436	51
437	60
438	50
439	61
440	63
441	53
442	73
443	65
444	61
445	63
446	38
447	53
448	56
449	60
450	50
451	50
452	45
453	65
454	51
455	74
456	78
457	70
458	70
459	62
460	64
461	68
462	56
463	71
464	67
465	65
466	48
467	50
468	53
469	51
470	48
471	61
472	55
473	62
474	46
475	46
476	46
477	56
478	47
479	42
480	48
481	51
482	54
483	50
484	47
485	39
486	48
487	53
488	38
489	61
490	50
491	53
492	59
493	50
494	46
495	54
496	55
497	48
498	54
499	53
500	67
501	64
502	72
503	50
504	76
505	65
506	72
507	67
508	59
509	69
510	64
511	75
512	72
513	66
514	79
515	91
516	74
517	62
518	78
519	62
520	72
521	65
522	84
523	79
524	77
525	85
526	90
527	103
528	87
529	90
530	68
531	84
532	78
533	81
534	67
535	78
536	80
537	67
538	100
539	72
540	90
541	72
542	56
543	79
544	72
545	71
546	91
547	74
548	69
549	64
550	70
551	80
552	58
553	82
554	62
555	64
556	81
557	81
558	82
559	71
560	64
561	83
562	78
563	77
564	71
565	68
566	70
567	77
568	74
569	70
570	75
571	77
572	68
573	76
574	75
575	70
576	76
577	82
578	81
579	80
580	82
581	78
582	76
583	82
584	90
585	99
586	77
587	87
588	77
589	97
590	86
591	93
592	75
593	69
594	69
595	78
596	85
597	105
598	73
599	69
600	96
601	74
602	93
603	90
604	104
605	91
606	93
607	83
608	94
609	91
610	110
611	89
612	110
613	84
614	102
615	76
616	77
617	89
618	103
619	97
620	85
621	96
622	97
623	86
624	87
625	93
626	80
627	100
628	77
629	109
630	76
631	98
632	79
633	87
634	105
635	94
636	100
637	88
638	89
639	87
640	116
641	106
642	96
643	84
644	104
645	93
646	93
647	121
648	85
649	117
650	97
651	98
652	93
653	95
654	114
655	98
656	96
657	116
658	96
659	86
660	114
661	93
662	92
663	96
664	82
665	90
666	107
667	108
668	94
669	100
670	84
671	95
672	92
673	90
674	97
675	116
676	98
677	117
678	107
679	101
680	100
681	108
682	116
683	103
684	121
685	101
686	117
687	113
688	117
689	97
690	106
691	102
692	109
693	113
694	112
695	96
696	111
697	122
698	103
699	111
700	148
701	123
702	126
703	115
704	149
705	124
706	127
707	112
708	120
709	119
710	108
711	134
712	128
713	151
714	112
715	134
716	114
717	100
718	127
719	118
720	128
721	108
722	112
723	118
724	131
725	115
726	134
727	149
728	114
729	131
730	111
731	127
732	110
733	118
734	122
735	127
736	127
737	143
738	120
739	122
740	137
741	123
742	135
743	99
744	115
745	109
746	122
747	143
748	120
749	129
750	126
751	125
752	122
753	130
754	135
755	138
756	108
757	125
758	105
759	110
760	113
761	137
762	149
763	139
764	157
765	138
766	195
767	208
768	218
769	245
770	246
771	289
772	286
773	314
774	286
775	296
776	274
777	271
778	238
779	216
780	195
781	189
782	159
783	147
784	146
785	142
786	128
787	147
788	129
789	109
790	139
791	143
792	145
793	131
794	141
795	128
796	123
797	147
798	133
799	129
800	133
801	138
802	134
803	134
804	124
805	143
806	131
807	157
808	128
809	128
810	140
811	143
812	141
813	132
814	156
815	129
816	153
817	135
818	143
819	157
820	146
821	139
822	118
823	142
824	132
825	139
826	118
827	122
828	134
829	120
830	121
831	122
832	139
833	123
834	123
835	148
836	158
837	152
838	153
839	142
840	171
841	149
842	138
843	173
844	157
845	167
846	160
847	139
848	143
849	136
850	155
851	143
852	161
853	169
854	177
855	173
856	160
857	175
858	192
859	182
860	189
861	189
862	197
863	232
864	214
865	214
866	196
867	187
868	214
869	211
870	254
871	212
872	208
873	206
874	227
875	214
876	214
877	223
878	204
879	206
880	262
881	273
882	266
883	315
884	335
885	354
886	336
887	354
888	410
889	404
890	418
891	425
892	466
893	464
894	463
895	506
896	483
897	531
898	517
899	540
900	523
901	502
902	522
903	525
904	545
905	522
906	444
907	463
908	461
909	482
910	411
911	411
912	409
913	374
914	374
915	335
916	323
917	319
918	306
919	284
920	259
921	284
922	246
923	220
924	212
925	243
926	224
927	186
928	185
929	168
930	162
931	187
932	164
933	169
934	159
935	157
936	154
937	149
938	172
939	151
940	164
941	193
942	204
943	200
944	224
945	237
946	269
947	258
948	329
949	348
950	382
951	411
952	401
953	444
954	401
955	410
956	391
957	384
958	328
959	338
960	331
961	276
962	217
963	199
964	178
965	160
966	160
967	135
968	137
969	143
970	117
971	123
972	112
973	126
974	119
975	132
976	100
977	115
978	118
979	142
980	120
981	131
982	131
983	132
984	131
985	124
986	123
987	147
988	126
989	149
990	139
991	162
992	162
993	138
994	153
995	160
996	166
997	156
998	165
999	160
1000	161
1001	173
1002	140
1003	165
1004	186
1005	176
1006	171
1007	168
1008	155
1009	176
1010	173
1011	160
1012	146
1013	154
1014	153
1015	142
1016	126
1017	167
1018	125
1019	130
1020	112
1021	134
1022	135
1023	114
1024	110
