Date:	08/05/2018		Time:	18:58		Version no:	0.00		Project name:	55		Sample name:	222		Section name:	section		Position	147.515030	mm	E0	0.000000	keV	E1	1.000000	keV/channel	sample surface	5.909641	cm	Tube anode:	Mo		Tube voltage:	30	kV	Tube current:	50	mA	gain	10		std. database			resultfile	result		matrix element	11		sample thickness	1.000000		air passage	0.560000	cm	comments	in position		peaking_time	2.200000	m-sec	trigger_threshold	547.363281	V	mca_bin_width	22.090000	no:	number_mca_channels	1024.000000	no:	gap_time	0.150000	m-sec	trigger_peaking_time	0.200000	m-sec	GAINDAC	18610		HIGHGAIN	1		TAURC	1		RCTAU	1		RCTAUFRAC	1		livetime	9.477087	seconds	runtime	10.000489	seconds	input_count_rate	21668.366626	cps	output_count_rate	18012.519548	cps	triggers	205353	seconds	events_in_run	180134	seconds	channel	content		1	0
2	0
3	0
4	0
5	0
6	0
7	0
8	0
9	0
10	0
11	0
12	0
13	0
14	0
15	0
16	0
17	0
18	0
19	0
20	0
21	0
22	0
23	0
24	0
25	0
26	0
27	0
28	0
29	0
30	0
31	6
32	15
33	15
34	13
35	11
36	10
37	23
38	11
39	14
40	18
41	13
42	15
43	12
44	22
45	8
46	10
47	15
48	8
49	10
50	9
51	16
52	9
53	22
54	12
55	9
56	17
57	18
58	13
59	10
60	12
61	9
62	6
63	5
64	4
65	7
66	9
67	12
68	9
69	12
70	9
71	10
72	5
73	11
74	7
75	9
76	6
77	6
78	5
79	9
80	4
81	7
82	8
83	10
84	8
85	7
86	9
87	4
88	5
89	9
90	4
91	12
92	8
93	11
94	11
95	11
96	15
97	18
98	11
99	7
100	7
101	8
102	12
103	10
104	7
105	12
106	9
107	8
108	10
109	12
110	8
111	5
112	5
113	3
114	6
115	3
116	4
117	8
118	2
119	7
120	6
121	3
122	4
123	6
124	3
125	4
126	5
127	3
128	7
129	5
130	3
131	1
132	2
133	4
134	2
135	1
136	3
137	4
138	4
139	4
140	2
141	3
142	2
143	5
144	8
145	9
146	2
147	4
148	11
149	3
150	6
151	11
152	3
153	5
154	3
155	7
156	5
157	6
158	10
159	12
160	15
161	24
162	23
163	31
164	24
165	21
166	16
167	10
168	8
169	4
170	5
171	2
172	4
173	5
174	6
175	6
176	6
177	8
178	10
179	20
180	15
181	17
182	22
183	14
184	10
185	11
186	6
187	9
188	5
189	1
190	7
191	2
192	6
193	5
194	3
195	10
196	28
197	42
198	72
199	128
200	168
201	232
202	300
203	300
204	286
205	230
206	159
207	105
208	85
209	32
210	20
211	13
212	7
213	5
214	16
215	14
216	23
217	19
218	40
219	44
220	42
221	57
222	60
223	34
224	26
225	23
226	15
227	11
228	6
229	2
230	8
231	6
232	2
233	5
234	6
235	5
236	6
237	5
238	7
239	7
240	10
241	19
242	28
243	65
244	78
245	94
246	152
247	164
248	155
249	165
250	122
251	87
252	71
253	54
254	47
255	30
256	33
257	29
258	26
259	26
260	22
261	17
262	16
263	14
264	12
265	13
266	24
267	38
268	26
269	30
270	42
271	52
272	36
273	53
274	35
275	28
276	21
277	16
278	15
279	13
280	14
281	10
282	6
283	7
284	5
285	12
286	8
287	10
288	11
289	11
290	15
291	14
292	15
293	17
294	19
295	22
296	25
297	13
298	16
299	10
300	11
301	12
302	16
303	13
304	6
305	9
306	3
307	19
308	9
309	16
310	10
311	7
312	11
313	14
314	14
315	17
316	26
317	41
318	50
319	74
320	104
321	113
322	141
323	149
324	116
325	132
326	111
327	94
328	59
329	50
330	35
331	26
332	36
333	25
334	24
335	29
336	25
337	34
338	48
339	49
340	85
341	163
342	292
343	543
344	967
345	1696
346	2530
347	3580
348	4836
349	5699
350	6489
351	6675
352	6327
353	5516
354	4474
355	3436
356	2390
357	1491
358	929
359	475
360	265
361	131
362	73
363	57
364	37
365	29
366	38
367	29
368	32
369	33
370	48
371	39
372	37
373	46
374	57
375	45
376	67
377	82
378	115
379	185
380	252
381	361
382	517
383	693
384	844
385	1061
386	1095
387	1140
388	1084
389	906
390	823
391	554
392	396
393	240
394	174
395	114
396	72
397	40
398	38
399	29
400	30
401	28
402	27
403	32
404	29
405	28
406	21
407	38
408	30
409	42
410	31
411	30
412	34
413	39
414	29
415	19
416	24
417	31
418	27
419	35
420	30
421	27
422	31
423	37
424	16
425	28
426	32
427	30
428	39
429	36
430	35
431	29
432	31
433	37
434	43
435	43
436	42
437	55
438	55
439	65
440	59
441	56
442	50
443	52
444	58
445	52
446	69
447	65
448	35
449	62
450	64
451	68
452	57
453	53
454	64
455	52
456	55
457	75
458	51
459	73
460	69
461	63
462	82
463	69
464	72
465	55
466	60
467	76
468	62
469	47
470	38
471	64
472	52
473	49
474	60
475	61
476	52
477	60
478	46
479	43
480	52
481	52
482	51
483	41
484	47
485	47
486	63
487	49
488	53
489	53
490	59
491	63
492	55
493	52
494	50
495	59
496	40
497	48
498	51
499	60
500	46
501	77
502	61
503	63
504	58
505	65
506	68
507	67
508	58
509	80
510	80
511	71
512	76
513	80
514	82
515	64
516	72
517	67
518	77
519	82
520	75
521	83
522	73
523	81
524	94
525	80
526	92
527	81
528	79
529	89
530	97
531	75
532	87
533	71
534	70
535	70
536	58
537	92
538	66
539	86
540	91
541	67
542	73
543	69
544	72
545	78
546	68
547	103
548	69
549	94
550	74
551	83
552	69
553	77
554	61
555	66
556	45
557	74
558	63
559	67
560	82
561	79
562	83
563	71
564	67
565	88
566	72
567	62
568	108
569	80
570	81
571	73
572	86
573	77
574	84
575	68
576	76
577	79
578	63
579	74
580	102
581	83
582	80
583	80
584	77
585	87
586	84
587	83
588	85
589	70
590	91
591	91
592	81
593	75
594	86
595	81
596	86
597	81
598	89
599	87
600	87
601	72
602	97
603	96
604	81
605	79
606	87
607	96
608	76
609	91
610	92
611	92
612	67
613	95
614	94
615	100
616	108
617	99
618	114
619	85
620	98
621	93
622	96
623	108
624	87
625	72
626	94
627	83
628	79
629	93
630	106
631	93
632	103
633	97
634	109
635	103
636	97
637	109
638	83
639	108
640	79
641	113
642	101
643	83
644	117
645	110
646	97
647	111
648	110
649	114
650	89
651	110
652	101
653	101
654	106
655	90
656	114
657	123
658	98
659	128
660	105
661	105
662	94
663	100
664	104
665	107
666	100
667	110
668	120
669	97
670	98
671	115
672	129
673	125
674	118
675	102
676	98
677	106
678	84
679	112
680	120
681	126
682	113
683	103
684	117
685	106
686	107
687	109
688	102
689	113
690	101
691	111
692	112
693	124
694	129
695	129
696	107
697	112
698	143
699	120
700	123
701	107
702	107
703	115
704	112
705	122
706	126
707	120
708	113
709	120
710	133
711	132
712	92
713	122
714	86
715	120
716	113
717	120
718	111
719	138
720	118
721	123
722	113
723	121
724	135
725	112
726	137
727	128
728	123
729	126
730	134
731	136
732	115
733	119
734	119
735	128
736	116
737	123
738	125
739	131
740	124
741	116
742	103
743	134
744	123
745	110
746	130
747	123
748	119
749	122
750	138
751	103
752	123
753	137
754	150
755	132
756	130
757	142
758	124
759	120
760	129
761	141
762	134
763	151
764	157
765	176
766	167
767	194
768	221
769	236
770	249
771	274
772	266
773	294
774	279
775	292
776	292
777	256
778	220
779	247
780	189
781	172
782	168
783	163
784	154
785	149
786	125
787	131
788	121
789	131
790	141
791	130
792	139
793	110
794	141
795	139
796	123
797	141
798	120
799	140
800	131
801	124
802	114
803	121
804	139
805	154
806	122
807	153
808	125
809	143
810	118
811	146
812	132
813	135
814	139
815	143
816	131
817	174
818	156
819	131
820	134
821	134
822	122
823	113
824	176
825	129
826	115
827	138
828	116
829	115
830	126
831	163
832	126
833	104
834	133
835	150
836	141
837	133
838	153
839	160
840	139
841	161
842	168
843	152
844	137
845	119
846	135
847	144
848	127
849	173
850	165
851	148
852	142
853	178
854	141
855	154
856	151
857	184
858	191
859	184
860	180
861	194
862	201
863	199
864	195
865	207
866	198
867	209
868	194
869	218
870	221
871	208
872	214
873	241
874	213
875	222
876	217
877	255
878	241
879	255
880	257
881	289
882	298
883	297
884	350
885	338
886	354
887	360
888	381
889	362
890	455
891	470
892	465
893	420
894	516
895	544
896	536
897	572
898	563
899	544
900	552
901	531
902	516
903	555
904	555
905	555
906	501
907	527
908	479
909	492
910	433
911	380
912	398
913	381
914	357
915	370
916	362
917	325
918	304
919	264
920	274
921	246
922	239
923	273
924	214
925	217
926	194
927	188
928	173
929	197
930	177
931	167
932	190
933	170
934	166
935	164
936	169
937	163
938	169
939	169
940	164
941	172
942	184
943	200
944	228
945	237
946	259
947	275
948	329
949	356
950	392
951	402
952	415
953	411
954	395
955	415
956	403
957	388
958	341
959	310
960	276
961	253
962	250
963	232
964	171
965	161
966	137
967	136
968	132
969	130
970	116
971	95
972	118
973	131
974	119
975	131
976	134
977	136
978	111
979	132
980	118
981	127
982	102
983	137
984	128
985	118
986	131
987	174
988	120
989	142
990	154
991	156
992	145
993	179
994	147
995	150
996	168
997	152
998	162
999	168
1000	194
1001	178
1002	177
1003	165
1004	167
1005	161
1006	173
1007	185
1008	188
1009	172
1010	157
1011	168
1012	152
1013	159
1014	151
1015	152
1016	132
1017	138
1018	142
1019	139
1020	125
1021	124
1022	115
1023	128
1024	128
