Date:	08/05/2018		Time:	18:43		Version no:	0.00		Project name:	55		Sample name:	222		Section name:	section		Position	131.515030	mm	E0	0.000000	keV	E1	1.000000	keV/channel	sample surface	5.908698	cm	Tube anode:	Mo		Tube voltage:	30	kV	Tube current:	50	mA	gain	10		std. database			resultfile	result		matrix element	11		sample thickness	1.000000		air passage	0.560000	cm	comments	in position		peaking_time	2.200000	m-sec	trigger_threshold	547.363281	V	mca_bin_width	22.090000	no:	number_mca_channels	1024.000000	no:	gap_time	0.150000	m-sec	trigger_peaking_time	0.200000	m-sec	GAINDAC	18610		HIGHGAIN	1		TAURC	1		RCTAU	1		RCTAUFRAC	1		livetime	9.464416	seconds	runtime	10.000492	seconds	input_count_rate	22759.037642	cps	output_count_rate	18830.473541	cps	triggers	215401	seconds	events_in_run	188314	seconds	channel	content		1	0
2	0
3	0
4	0
5	0
6	0
7	0
8	0
9	0
10	0
11	0
12	0
13	0
14	0
15	0
16	0
17	0
18	0
19	0
20	0
21	0
22	0
23	0
24	0
25	0
26	0
27	0
28	0
29	0
30	0
31	16
32	16
33	20
34	18
35	19
36	11
37	8
38	15
39	9
40	10
41	14
42	11
43	10
44	17
45	8
46	19
47	10
48	10
49	15
50	9
51	9
52	8
53	12
54	17
55	13
56	12
57	8
58	9
59	10
60	6
61	13
62	9
63	13
64	13
65	14
66	11
67	10
68	12
69	10
70	9
71	6
72	4
73	11
74	9
75	5
76	12
77	6
78	9
79	9
80	7
81	11
82	20
83	4
84	8
85	8
86	6
87	4
88	5
89	4
90	10
91	3
92	2
93	5
94	9
95	13
96	15
97	8
98	13
99	10
100	8
101	5
102	5
103	3
104	7
105	4
106	7
107	4
108	9
109	8
110	6
111	8
112	7
113	6
114	3
115	5
116	5
117	4
118	4
119	2
120	7
121	7
122	7
123	6
124	12
125	3
126	8
127	3
128	4
129	8
130	3
131	2
132	2
133	4
134	2
135	6
136	1
137	7
138	5
139	5
140	4
141	2
142	1
143	2
144	5
145	3
146	5
147	3
148	0
149	10
150	5
151	5
152	5
153	4
154	3
155	5
156	4
157	9
158	9
159	17
160	15
161	33
162	21
163	31
164	40
165	23
166	17
167	10
168	10
169	10
170	7
171	2
172	4
173	7
174	2
175	9
176	8
177	12
178	10
179	10
180	16
181	21
182	20
183	20
184	15
185	13
186	13
187	16
188	3
189	1
190	2
191	3
192	3
193	8
194	4
195	16
196	27
197	45
198	83
199	148
200	209
201	276
202	341
203	332
204	359
205	257
206	204
207	151
208	103
209	44
210	32
211	11
212	15
213	6
214	9
215	14
216	17
217	27
218	41
219	44
220	55
221	56
222	42
223	32
224	23
225	30
226	12
227	9
228	5
229	7
230	6
231	4
232	4
233	4
234	4
235	5
236	8
237	8
238	13
239	8
240	13
241	29
242	73
243	80
244	131
245	167
246	204
247	226
248	265
249	223
250	197
251	166
252	105
253	83
254	64
255	48
256	54
257	29
258	22
259	20
260	20
261	9
262	13
263	17
264	23
265	19
266	26
267	35
268	45
269	56
270	56
271	62
272	68
273	57
274	37
275	32
276	28
277	15
278	8
279	7
280	9
281	12
282	15
283	9
284	8
285	11
286	13
287	10
288	15
289	17
290	7
291	11
292	17
293	15
294	10
295	14
296	17
297	21
298	9
299	15
300	10
301	13
302	15
303	15
304	10
305	13
306	16
307	12
308	14
309	7
310	11
311	13
312	8
313	12
314	27
315	23
316	23
317	36
318	54
319	79
320	91
321	122
322	135
323	134
324	136
325	143
326	104
327	87
328	74
329	60
330	35
331	27
332	25
333	19
334	30
335	25
336	30
337	36
338	60
339	54
340	123
341	182
342	339
343	600
344	1167
345	1849
346	2900
347	4009
348	5477
349	6558
350	7389
351	7570
352	7310
353	6431
354	5278
355	3869
356	2701
357	1750
358	1034
359	584
360	320
361	180
362	91
363	63
364	47
365	32
366	36
367	26
368	31
369	34
370	51
371	34
372	40
373	48
374	57
375	64
376	85
377	108
378	117
379	224
380	306
381	437
382	596
383	821
384	1029
385	1155
386	1289
387	1248
388	1219
389	1036
390	887
391	635
392	490
393	322
394	201
395	124
396	70
397	44
398	35
399	31
400	29
401	28
402	28
403	26
404	32
405	32
406	42
407	25
408	39
409	30
410	45
411	28
412	28
413	36
414	22
415	30
416	36
417	22
418	30
419	26
420	25
421	25
422	24
423	27
424	25
425	19
426	32
427	31
428	32
429	30
430	31
431	32
432	37
433	23
434	32
435	45
436	27
437	52
438	42
439	45
440	58
441	55
442	62
443	71
444	42
445	58
446	63
447	57
448	61
449	45
450	56
451	61
452	49
453	66
454	48
455	53
456	75
457	73
458	88
459	80
460	66
461	86
462	63
463	82
464	60
465	58
466	47
467	68
468	56
469	55
470	50
471	52
472	76
473	50
474	66
475	54
476	65
477	57
478	46
479	51
480	44
481	39
482	62
483	54
484	43
485	49
486	42
487	46
488	49
489	46
490	42
491	51
492	49
493	52
494	49
495	71
496	62
497	59
498	51
499	62
500	52
501	67
502	59
503	60
504	60
505	63
506	73
507	72
508	63
509	74
510	69
511	83
512	60
513	59
514	60
515	66
516	60
517	74
518	65
519	55
520	68
521	80
522	68
523	78
524	80
525	101
526	95
527	85
528	90
529	92
530	93
531	81
532	86
533	70
534	88
535	95
536	82
537	78
538	79
539	69
540	73
541	92
542	77
543	86
544	73
545	81
546	63
547	79
548	73
549	69
550	65
551	77
552	57
553	71
554	65
555	64
556	82
557	68
558	62
559	72
560	73
561	73
562	60
563	68
564	49
565	71
566	65
567	75
568	68
569	77
570	65
571	52
572	87
573	68
574	69
575	85
576	70
577	77
578	68
579	82
580	72
581	73
582	78
583	81
584	69
585	88
586	84
587	85
588	81
589	86
590	93
591	79
592	98
593	83
594	92
595	84
596	68
597	65
598	92
599	98
600	92
601	92
602	85
603	91
604	94
605	66
606	90
607	98
608	95
609	101
610	88
611	94
612	96
613	100
614	85
615	99
616	95
617	91
618	97
619	79
620	92
621	86
622	104
623	103
624	88
625	89
626	91
627	79
628	101
629	86
630	73
631	87
632	85
633	110
634	98
635	82
636	108
637	96
638	95
639	99
640	99
641	89
642	107
643	76
644	111
645	106
646	117
647	119
648	114
649	103
650	114
651	111
652	113
653	99
654	108
655	96
656	102
657	107
658	107
659	110
660	122
661	88
662	92
663	117
664	109
665	95
666	109
667	112
668	106
669	106
670	93
671	93
672	107
673	104
674	99
675	96
676	88
677	111
678	109
679	109
680	106
681	92
682	106
683	118
684	113
685	101
686	122
687	115
688	107
689	97
690	111
691	91
692	142
693	104
694	111
695	97
696	129
697	119
698	126
699	89
700	115
701	115
702	113
703	129
704	126
705	111
706	109
707	107
708	122
709	99
710	105
711	103
712	116
713	101
714	98
715	106
716	116
717	108
718	118
719	105
720	112
721	101
722	116
723	129
724	115
725	111
726	123
727	124
728	116
729	127
730	121
731	114
732	131
733	125
734	118
735	121
736	112
737	110
738	138
739	123
740	131
741	126
742	116
743	136
744	112
745	105
746	109
747	116
748	99
749	122
750	113
751	121
752	129
753	126
754	135
755	117
756	107
757	118
758	118
759	127
760	140
761	128
762	149
763	148
764	136
765	156
766	190
767	189
768	200
769	206
770	222
771	247
772	266
773	261
774	268
775	252
776	243
777	248
778	229
779	175
780	176
781	156
782	160
783	156
784	163
785	131
786	118
787	119
788	121
789	102
790	121
791	122
792	128
793	128
794	122
795	149
796	134
797	112
798	117
799	141
800	119
801	153
802	141
803	149
804	121
805	137
806	153
807	130
808	132
809	151
810	120
811	146
812	136
813	122
814	139
815	135
816	121
817	135
818	125
819	136
820	151
821	141
822	142
823	125
824	129
825	106
826	143
827	134
828	137
829	129
830	139
831	101
832	151
833	140
834	113
835	131
836	129
837	126
838	139
839	119
840	159
841	136
842	155
843	126
844	135
845	132
846	135
847	138
848	168
849	137
850	158
851	151
852	157
853	172
854	155
855	148
856	166
857	194
858	180
859	186
860	206
861	203
862	207
863	218
864	208
865	225
866	238
867	195
868	211
869	211
870	211
871	204
872	208
873	202
874	199
875	200
876	218
877	193
878	221
879	280
880	260
881	250
882	265
883	284
884	298
885	312
886	320
887	380
888	391
889	398
890	380
891	400
892	435
893	467
894	470
895	537
896	514
897	497
898	521
899	515
900	530
901	524
902	567
903	497
904	508
905	510
906	441
907	466
908	409
909	441
910	417
911	427
912	424
913	353
914	338
915	356
916	326
917	316
918	275
919	294
920	290
921	273
922	247
923	258
924	191
925	193
926	204
927	191
928	177
929	187
930	145
931	176
932	156
933	157
934	148
935	163
936	138
937	126
938	156
939	159
940	167
941	145
942	198
943	215
944	215
945	238
946	265
947	288
948	331
949	324
950	358
951	385
952	371
953	376
954	409
955	382
956	401
957	348
958	355
959	320
960	297
961	249
962	226
963	205
964	176
965	164
966	139
967	118
968	129
969	134
970	130
971	130
972	122
973	102
974	145
975	106
976	117
977	113
978	108
979	117
980	117
981	132
982	141
983	131
984	141
985	120
986	157
987	123
988	145
989	125
990	129
991	148
992	155
993	151
994	148
995	161
996	144
997	158
998	152
999	140
1000	169
1001	182
1002	183
1003	187
1004	157
1005	175
1006	161
1007	157
1008	164
1009	173
1010	164
1011	157
1012	146
1013	161
1014	147
1015	140
1016	132
1017	113
1018	150
1019	129
1020	130
1021	112
1022	111
1023	105
1024	103
