Date:	08/05/2018		Time:	19:50		Version no:	0.00		Project name:	55		Sample name:	222		Section name:	section		Position	202.115036	mm	E0	0.000000	keV	E1	1.000000	keV/channel	sample surface	5.922195	cm	Tube anode:	Mo		Tube voltage:	30	kV	Tube current:	50	mA	gain	10		std. database			resultfile	result		matrix element	11		sample thickness	1.000000		air passage	0.560000	cm	comments	in position		peaking_time	2.200000	m-sec	trigger_threshold	547.363281	V	mca_bin_width	22.090000	no:	number_mca_channels	1024.000000	no:	gap_time	0.150000	m-sec	trigger_peaking_time	0.200000	m-sec	GAINDAC	18610		HIGHGAIN	1		TAURC	1		RCTAU	1		RCTAUFRAC	1		livetime	9.504807	seconds	runtime	10.000496	seconds	input_count_rate	20944.349087	cps	output_count_rate	17554.229310	cps	triggers	199072	seconds	events_in_run	175551	seconds	channel	content		1	0
2	0
3	0
4	0
5	0
6	0
7	0
8	0
9	0
10	0
11	0
12	0
13	0
14	0
15	0
16	0
17	0
18	0
19	0
20	0
21	0
22	0
23	0
24	0
25	0
26	0
27	0
28	0
29	0
30	0
31	11
32	8
33	18
34	17
35	6
36	10
37	11
38	12
39	8
40	12
41	11
42	9
43	13
44	13
45	6
46	20
47	15
48	11
49	7
50	13
51	15
52	10
53	17
54	14
55	8
56	8
57	8
58	13
59	18
60	11
61	6
62	12
63	12
64	13
65	9
66	10
67	6
68	12
69	10
70	9
71	6
72	8
73	5
74	7
75	6
76	11
77	7
78	4
79	4
80	10
81	13
82	9
83	11
84	6
85	11
86	4
87	8
88	2
89	5
90	6
91	6
92	7
93	6
94	15
95	16
96	15
97	20
98	15
99	12
100	7
101	5
102	3
103	6
104	8
105	12
106	14
107	16
108	10
109	10
110	7
111	5
112	5
113	4
114	5
115	5
116	5
117	4
118	6
119	4
120	3
121	5
122	2
123	2
124	9
125	3
126	5
127	7
128	6
129	6
130	7
131	4
132	3
133	1
134	5
135	4
136	3
137	0
138	4
139	5
140	3
141	4
142	3
143	3
144	4
145	1
146	3
147	0
148	5
149	3
150	4
151	7
152	5
153	3
154	6
155	8
156	6
157	3
158	4
159	7
160	13
161	26
162	34
163	26
164	30
165	15
166	18
167	21
168	11
169	4
170	10
171	2
172	5
173	5
174	6
175	5
176	9
177	8
178	10
179	16
180	10
181	24
182	19
183	16
184	9
185	15
186	11
187	5
188	4
189	7
190	6
191	5
192	1
193	4
194	11
195	17
196	23
197	50
198	94
199	137
200	253
201	313
202	337
203	333
204	358
205	343
206	226
207	146
208	84
209	53
210	19
211	9
212	5
213	9
214	11
215	11
216	23
217	26
218	45
219	48
220	47
221	69
222	55
223	55
224	33
225	20
226	10
227	8
228	9
229	11
230	3
231	5
232	4
233	3
234	5
235	2
236	6
237	4
238	6
239	11
240	14
241	23
242	39
243	55
244	103
245	116
246	161
247	183
248	185
249	179
250	149
251	120
252	106
253	71
254	60
255	27
256	43
257	16
258	24
259	22
260	15
261	15
262	19
263	16
264	12
265	14
266	25
267	23
268	26
269	47
270	37
271	33
272	46
273	38
274	38
275	26
276	14
277	16
278	10
279	10
280	9
281	7
282	6
283	8
284	3
285	6
286	16
287	9
288	9
289	10
290	14
291	13
292	14
293	17
294	14
295	14
296	14
297	12
298	16
299	19
300	16
301	15
302	14
303	21
304	5
305	8
306	10
307	9
308	8
309	17
310	4
311	15
312	10
313	12
314	4
315	15
316	21
317	25
318	36
319	50
320	50
321	85
322	93
323	99
324	107
325	96
326	89
327	82
328	59
329	33
330	27
331	23
332	22
333	19
334	21
335	21
336	32
337	21
338	44
339	63
340	110
341	162
342	339
343	637
344	994
345	1733
346	2627
347	3626
348	4903
349	5953
350	6866
351	7041
352	6573
353	5803
354	4782
355	3616
356	2505
357	1615
358	988
359	556
360	277
361	161
362	82
363	58
364	37
365	43
366	26
367	34
368	30
369	42
370	30
371	49
372	38
373	32
374	52
375	56
376	63
377	87
378	119
379	192
380	228
381	382
382	568
383	714
384	895
385	1125
386	1173
387	1144
388	1151
389	942
390	770
391	614
392	424
393	289
394	184
395	114
396	91
397	48
398	38
399	21
400	42
401	23
402	28
403	31
404	21
405	33
406	35
407	26
408	21
409	19
410	32
411	29
412	27
413	26
414	34
415	25
416	31
417	29
418	19
419	24
420	30
421	30
422	21
423	29
424	17
425	20
426	24
427	34
428	28
429	23
430	25
431	28
432	36
433	28
434	34
435	40
436	43
437	39
438	47
439	44
440	45
441	60
442	50
443	57
444	46
445	55
446	53
447	55
448	46
449	57
450	46
451	47
452	34
453	56
454	50
455	52
456	75
457	76
458	64
459	70
460	83
461	84
462	74
463	65
464	55
465	54
466	47
467	55
468	51
469	52
470	42
471	59
472	74
473	55
474	48
475	57
476	50
477	55
478	43
479	46
480	40
481	49
482	40
483	54
484	55
485	52
486	51
487	49
488	54
489	51
490	38
491	45
492	48
493	43
494	53
495	43
496	44
497	59
498	54
499	46
500	53
501	52
502	57
503	58
504	71
505	81
506	49
507	91
508	72
509	56
510	65
511	73
512	70
513	56
514	57
515	70
516	77
517	65
518	74
519	68
520	63
521	75
522	87
523	78
524	74
525	78
526	76
527	66
528	83
529	75
530	77
531	86
532	81
533	69
534	86
535	74
536	72
537	65
538	77
539	70
540	91
541	66
542	63
543	73
544	78
545	79
546	78
547	72
548	77
549	58
550	60
551	65
552	62
553	53
554	76
555	58
556	69
557	80
558	58
559	67
560	73
561	74
562	70
563	65
564	68
565	72
566	76
567	69
568	74
569	62
570	76
571	69
572	66
573	63
574	73
575	78
576	87
577	67
578	80
579	57
580	70
581	78
582	72
583	67
584	73
585	69
586	79
587	62
588	88
589	78
590	85
591	83
592	94
593	83
594	68
595	56
596	67
597	83
598	84
599	85
600	75
601	76
602	74
603	85
604	70
605	88
606	76
607	92
608	71
609	91
610	76
611	94
612	90
613	83
614	81
615	80
616	94
617	104
618	87
619	94
620	83
621	79
622	101
623	82
624	82
625	85
626	93
627	79
628	84
629	75
630	89
631	76
632	69
633	86
634	80
635	112
636	74
637	96
638	97
639	95
640	85
641	81
642	80
643	90
644	85
645	106
646	96
647	87
648	88
649	106
650	92
651	98
652	109
653	93
654	94
655	87
656	99
657	101
658	97
659	85
660	91
661	95
662	112
663	115
664	94
665	97
666	109
667	103
668	99
669	95
670	100
671	93
672	83
673	103
674	87
675	97
676	103
677	106
678	83
679	103
680	98
681	120
682	105
683	109
684	117
685	94
686	77
687	93
688	102
689	98
690	109
691	123
692	112
693	116
694	104
695	93
696	101
697	106
698	105
699	126
700	104
701	117
702	109
703	109
704	121
705	115
706	121
707	93
708	103
709	105
710	100
711	124
712	96
713	106
714	117
715	111
716	99
717	91
718	98
719	116
720	116
721	113
722	110
723	124
724	120
725	121
726	112
727	93
728	127
729	105
730	114
731	115
732	117
733	117
734	126
735	120
736	103
737	130
738	98
739	120
740	106
741	125
742	116
743	100
744	120
745	122
746	105
747	111
748	113
749	118
750	126
751	120
752	117
753	117
754	110
755	119
756	134
757	114
758	131
759	117
760	119
761	120
762	116
763	138
764	140
765	151
766	200
767	188
768	191
769	228
770	245
771	257
772	273
773	324
774	308
775	285
776	240
777	235
778	233
779	218
780	191
781	177
782	152
783	141
784	121
785	129
786	111
787	136
788	121
789	98
790	97
791	125
792	145
793	130
794	148
795	116
796	118
797	125
798	107
799	140
800	99
801	133
802	116
803	120
804	129
805	154
806	125
807	111
808	113
809	117
810	112
811	125
812	131
813	123
814	118
815	125
816	133
817	149
818	119
819	120
820	112
821	154
822	104
823	128
824	158
825	126
826	123
827	133
828	107
829	142
830	154
831	106
832	139
833	117
834	138
835	114
836	133
837	141
838	140
839	115
840	135
841	152
842	134
843	114
844	131
845	129
846	146
847	126
848	114
849	123
850	134
851	119
852	154
853	129
854	159
855	147
856	158
857	170
858	142
859	160
860	192
861	200
862	200
863	188
864	173
865	199
866	193
867	212
868	233
869	201
870	218
871	205
872	179
873	197
874	192
875	200
876	197
877	216
878	235
879	228
880	283
881	266
882	270
883	274
884	281
885	282
886	312
887	343
888	341
889	370
890	391
891	429
892	423
893	408
894	429
895	463
896	456
897	457
898	472
899	493
900	482
901	484
902	480
903	492
904	521
905	500
906	476
907	465
908	417
909	375
910	373
911	385
912	402
913	362
914	328
915	303
916	284
917	259
918	268
919	232
920	256
921	235
922	228
923	200
924	208
925	176
926	192
927	191
928	192
929	169
930	177
931	174
932	179
933	141
934	146
935	156
936	159
937	165
938	151
939	159
940	141
941	154
942	174
943	182
944	212
945	195
946	283
947	278
948	299
949	318
950	359
951	399
952	390
953	378
954	388
955	339
956	337
957	348
958	334
959	271
960	289
961	268
962	238
963	205
964	189
965	156
966	136
967	133
968	101
969	115
970	114
971	112
972	108
973	105
974	115
975	105
976	103
977	115
978	122
979	125
980	119
981	110
982	105
983	127
984	121
985	134
986	132
987	118
988	131
989	117
990	125
991	135
992	118
993	143
994	135
995	160
996	146
997	139
998	152
999	142
1000	159
1001	137
1002	144
1003	167
1004	136
1005	136
1006	148
1007	156
1008	149
1009	152
1010	149
1011	133
1012	128
1013	155
1014	157
1015	133
1016	125
1017	131
1018	120
1019	123
1020	124
1021	121
1022	113
1023	93
1024	108
