Date:	08/05/2018		Time:	19:11		Version no:	0.00		Project name:	55		Sample name:	222		Section name:	section		Position	160.315033	mm	E0	0.000000	keV	E1	1.000000	keV/channel	sample surface	5.888530	cm	Tube anode:	Mo		Tube voltage:	30	kV	Tube current:	50	mA	gain	10		std. database			resultfile	result		matrix element	11		sample thickness	1.000000		air passage	0.560000	cm	comments	in position		peaking_time	2.200000	m-sec	trigger_threshold	547.363281	V	mca_bin_width	22.090000	no:	number_mca_channels	1024.000000	no:	gap_time	0.150000	m-sec	trigger_peaking_time	0.200000	m-sec	GAINDAC	18610		HIGHGAIN	1		TAURC	1		RCTAU	1		RCTAUFRAC	1		livetime	9.451262	seconds	runtime	10.000491	seconds	input_count_rate	23097.657142	cps	output_count_rate	19055.164010	cps	triggers	218302	seconds	events_in_run	190561	seconds	channel	content		1	0
2	0
3	0
4	0
5	0
6	0
7	0
8	0
9	0
10	0
11	0
12	0
13	0
14	0
15	0
16	0
17	0
18	0
19	0
20	0
21	0
22	0
23	0
24	0
25	0
26	0
27	0
28	0
29	0
30	0
31	18
32	15
33	13
34	19
35	15
36	12
37	11
38	11
39	18
40	13
41	14
42	18
43	14
44	16
45	10
46	11
47	15
48	7
49	15
50	10
51	22
52	19
53	14
54	15
55	10
56	5
57	13
58	8
59	9
60	12
61	13
62	9
63	13
64	14
65	12
66	13
67	7
68	10
69	6
70	16
71	7
72	7
73	6
74	10
75	6
76	8
77	7
78	8
79	6
80	8
81	11
82	13
83	11
84	9
85	17
86	11
87	11
88	12
89	5
90	5
91	3
92	7
93	8
94	11
95	17
96	11
97	17
98	7
99	10
100	4
101	7
102	11
103	4
104	7
105	11
106	9
107	12
108	3
109	9
110	8
111	7
112	7
113	4
114	7
115	6
116	1
117	2
118	2
119	5
120	8
121	3
122	5
123	8
124	5
125	0
126	3
127	2
128	4
129	7
130	6
131	5
132	3
133	3
134	3
135	7
136	1
137	5
138	3
139	4
140	4
141	3
142	4
143	6
144	7
145	5
146	5
147	8
148	6
149	4
150	5
151	4
152	4
153	0
154	3
155	6
156	4
157	8
158	2
159	15
160	19
161	26
162	31
163	35
164	26
165	27
166	8
167	6
168	10
169	9
170	3
171	5
172	5
173	8
174	7
175	6
176	6
177	4
178	15
179	14
180	11
181	14
182	16
183	16
184	16
185	12
186	10
187	11
188	9
189	4
190	2
191	6
192	2
193	8
194	9
195	13
196	18
197	43
198	59
199	93
200	145
201	220
202	263
203	271
204	273
205	224
206	153
207	97
208	78
209	29
210	18
211	13
212	5
213	11
214	13
215	14
216	21
217	29
218	39
219	51
220	42
221	40
222	43
223	30
224	25
225	13
226	14
227	10
228	6
229	7
230	4
231	1
232	10
233	6
234	4
235	7
236	3
237	4
238	7
239	12
240	16
241	18
242	36
243	47
244	78
245	113
246	122
247	142
248	153
249	135
250	98
251	87
252	68
253	42
254	54
255	41
256	34
257	26
258	22
259	26
260	14
261	14
262	9
263	12
264	12
265	19
266	22
267	28
268	37
269	37
270	36
271	33
272	42
273	41
274	21
275	13
276	18
277	15
278	7
279	12
280	5
281	6
282	10
283	12
284	8
285	13
286	10
287	12
288	10
289	10
290	15
291	20
292	22
293	24
294	14
295	15
296	11
297	17
298	13
299	16
300	23
301	13
302	7
303	8
304	10
305	9
306	17
307	10
308	18
309	8
310	20
311	13
312	16
313	21
314	21
315	19
316	40
317	48
318	66
319	120
320	162
321	197
322	245
323	250
324	233
325	236
326	198
327	146
328	137
329	69
330	50
331	46
332	28
333	29
334	30
335	26
336	31
337	35
338	42
339	68
340	105
341	176
342	339
343	613
344	1088
345	1818
346	2893
347	4168
348	5337
349	6455
350	7175
351	7534
352	6993
353	6223
354	5018
355	3752
356	2590
357	1715
358	1043
359	581
360	314
361	155
362	109
363	64
364	43
365	46
366	35
367	34
368	27
369	39
370	25
371	29
372	55
373	51
374	48
375	67
376	81
377	105
378	133
379	198
380	305
381	401
382	578
383	809
384	971
385	1099
386	1151
387	1280
388	1215
389	1032
390	816
391	647
392	457
393	286
394	199
395	111
396	86
397	43
398	30
399	35
400	24
401	31
402	13
403	29
404	23
405	34
406	27
407	32
408	37
409	36
410	30
411	36
412	31
413	33
414	30
415	33
416	18
417	27
418	33
419	32
420	29
421	22
422	33
423	32
424	34
425	29
426	33
427	29
428	35
429	26
430	27
431	32
432	33
433	43
434	34
435	38
436	51
437	70
438	54
439	44
440	61
441	68
442	67
443	69
444	49
445	49
446	56
447	68
448	57
449	45
450	42
451	43
452	57
453	46
454	56
455	54
456	63
457	65
458	60
459	63
460	59
461	85
462	64
463	67
464	53
465	57
466	52
467	50
468	47
469	57
470	57
471	55
472	69
473	65
474	67
475	52
476	57
477	61
478	53
479	46
480	46
481	55
482	46
483	49
484	48
485	52
486	56
487	50
488	61
489	52
490	53
491	51
492	62
493	55
494	62
495	49
496	48
497	46
498	64
499	65
500	63
501	68
502	76
503	69
504	63
505	69
506	56
507	63
508	81
509	77
510	76
511	74
512	71
513	61
514	69
515	77
516	56
517	61
518	78
519	66
520	74
521	78
522	79
523	82
524	84
525	70
526	84
527	89
528	77
529	92
530	85
531	87
532	93
533	79
534	77
535	91
536	82
537	67
538	71
539	60
540	95
541	90
542	83
543	74
544	73
545	104
546	57
547	77
548	64
549	68
550	60
551	74
552	70
553	67
554	80
555	74
556	70
557	67
558	71
559	73
560	65
561	76
562	85
563	88
564	66
565	80
566	69
567	66
568	61
569	74
570	72
571	92
572	83
573	62
574	76
575	82
576	85
577	79
578	77
579	76
580	72
581	79
582	83
583	75
584	82
585	74
586	82
587	81
588	79
589	91
590	96
591	85
592	86
593	63
594	92
595	86
596	80
597	92
598	110
599	87
600	83
601	77
602	94
603	84
604	93
605	116
606	100
607	112
608	92
609	86
610	91
611	107
612	110
613	89
614	96
615	100
616	98
617	104
618	88
619	76
620	98
621	98
622	110
623	95
624	109
625	85
626	97
627	90
628	86
629	110
630	93
631	86
632	81
633	102
634	103
635	111
636	100
637	89
638	99
639	99
640	98
641	106
642	98
643	73
644	102
645	109
646	106
647	109
648	105
649	114
650	116
651	99
652	107
653	104
654	101
655	102
656	89
657	103
658	112
659	111
660	116
661	105
662	111
663	93
664	128
665	118
666	114
667	102
668	111
669	102
670	110
671	103
672	107
673	99
674	101
675	100
676	109
677	104
678	104
679	119
680	105
681	121
682	105
683	121
684	111
685	119
686	119
687	109
688	122
689	108
690	102
691	138
692	114
693	108
694	122
695	113
696	109
697	127
698	120
699	137
700	140
701	111
702	123
703	124
704	125
705	116
706	107
707	114
708	124
709	114
710	107
711	103
712	107
713	123
714	146
715	123
716	107
717	126
718	115
719	125
720	108
721	150
722	111
723	126
724	117
725	121
726	123
727	122
728	135
729	136
730	121
731	138
732	139
733	131
734	142
735	129
736	127
737	135
738	128
739	137
740	127
741	114
742	137
743	123
744	118
745	123
746	127
747	119
748	131
749	108
750	123
751	117
752	141
753	116
754	143
755	138
756	135
757	126
758	144
759	137
760	130
761	131
762	153
763	123
764	184
765	159
766	157
767	220
768	213
769	212
770	270
771	274
772	281
773	296
774	287
775	276
776	299
777	266
778	248
779	210
780	209
781	153
782	156
783	167
784	179
785	152
786	149
787	128
788	148
789	137
790	136
791	131
792	136
793	132
794	136
795	135
796	134
797	146
798	136
799	135
800	114
801	137
802	135
803	166
804	118
805	150
806	142
807	122
808	132
809	119
810	126
811	157
812	146
813	155
814	139
815	150
816	127
817	149
818	136
819	145
820	147
821	123
822	142
823	146
824	144
825	163
826	124
827	150
828	148
829	136
830	134
831	138
832	127
833	134
834	137
835	144
836	138
837	161
838	121
839	143
840	167
841	145
842	142
843	139
844	170
845	132
846	139
847	135
848	149
849	155
850	141
851	177
852	164
853	154
854	160
855	181
856	168
857	173
858	170
859	193
860	190
861	218
862	204
863	201
864	202
865	205
866	214
867	214
868	223
869	207
870	199
871	191
872	226
873	195
874	219
875	210
876	235
877	282
878	234
879	273
880	253
881	293
882	321
883	331
884	349
885	354
886	334
887	363
888	404
889	444
890	460
891	436
892	521
893	510
894	532
895	521
896	532
897	521
898	556
899	584
900	589
901	552
902	534
903	565
904	534
905	504
906	516
907	485
908	456
909	448
910	471
911	417
912	397
913	395
914	318
915	345
916	341
917	337
918	289
919	280
920	254
921	266
922	255
923	232
924	209
925	218
926	216
927	210
928	189
929	184
930	177
931	145
932	167
933	199
934	152
935	178
936	171
937	153
938	154
939	169
940	166
941	165
942	195
943	192
944	240
945	248
946	263
947	298
948	350
949	353
950	360
951	409
952	418
953	445
954	452
955	402
956	432
957	380
958	365
959	339
960	288
961	272
962	258
963	184
964	204
965	173
966	154
967	128
968	149
969	129
970	112
971	123
972	134
973	124
974	130
975	112
976	137
977	117
978	134
979	118
980	127
981	135
982	142
983	146
984	144
985	148
986	156
987	156
988	169
989	138
990	170
991	167
992	152
993	157
994	168
995	175
996	167
997	176
998	174
999	161
1000	185
1001	178
1002	184
1003	158
1004	171
1005	189
1006	196
1007	171
1008	187
1009	175
1010	165
1011	173
1012	175
1013	151
1014	159
1015	158
1016	127
1017	146
1018	129
1019	132
1020	134
1021	143
1022	126
1023	121
1024	111
