Date:	08/05/2018		Time:	19:15		Version no:	0.00		Project name:	55		Sample name:	222		Section name:	section		Position	164.915024	mm	E0	0.000000	keV	E1	1.000000	keV/channel	sample surface	5.881950	cm	Tube anode:	Mo		Tube voltage:	30	kV	Tube current:	50	mA	gain	10		std. database			resultfile	result		matrix element	11		sample thickness	1.000000		air passage	0.560000	cm	comments	in position		peaking_time	2.200000	m-sec	trigger_threshold	547.363281	V	mca_bin_width	22.090000	no:	number_mca_channels	1024.000000	no:	gap_time	0.150000	m-sec	trigger_peaking_time	0.200000	m-sec	GAINDAC	18610		HIGHGAIN	1		TAURC	1		RCTAU	1		RCTAUFRAC	1		livetime	9.461023	seconds	runtime	10.000492	seconds	input_count_rate	22224.551780	cps	output_count_rate	18388.195301	cps	triggers	210267	seconds	events_in_run	183891	seconds	channel	content		1	0
2	0
3	0
4	0
5	0
6	0
7	0
8	0
9	0
10	0
11	0
12	0
13	0
14	0
15	0
16	0
17	0
18	0
19	0
20	0
21	0
22	0
23	0
24	0
25	0
26	0
27	0
28	0
29	0
30	0
31	19
32	16
33	15
34	18
35	8
36	9
37	11
38	13
39	10
40	16
41	12
42	14
43	14
44	19
45	11
46	19
47	19
48	15
49	12
50	15
51	14
52	23
53	11
54	18
55	16
56	12
57	12
58	14
59	8
60	11
61	5
62	10
63	10
64	7
65	8
66	8
67	6
68	5
69	5
70	4
71	14
72	9
73	12
74	7
75	10
76	6
77	6
78	13
79	9
80	12
81	9
82	5
83	13
84	9
85	9
86	4
87	7
88	5
89	2
90	6
91	10
92	4
93	11
94	13
95	10
96	12
97	11
98	13
99	11
100	13
101	12
102	7
103	6
104	9
105	5
106	7
107	2
108	11
109	0
110	12
111	8
112	5
113	0
114	1
115	8
116	2
117	4
118	3
119	7
120	1
121	7
122	5
123	2
124	2
125	5
126	3
127	2
128	5
129	2
130	1
131	5
132	3
133	8
134	7
135	1
136	1
137	5
138	2
139	3
140	4
141	2
142	5
143	3
144	2
145	4
146	0
147	6
148	4
149	1
150	6
151	3
152	6
153	5
154	6
155	7
156	6
157	9
158	3
159	14
160	17
161	28
162	27
163	22
164	30
165	23
166	18
167	15
168	9
169	3
170	3
171	6
172	12
173	6
174	5
175	8
176	4
177	10
178	11
179	11
180	9
181	13
182	12
183	17
184	13
185	20
186	13
187	11
188	7
189	4
190	4
191	1
192	3
193	2
194	8
195	8
196	18
197	52
198	52
199	121
200	155
201	213
202	243
203	272
204	257
205	203
206	138
207	109
208	51
209	48
210	17
211	9
212	10
213	6
214	6
215	11
216	18
217	21
218	25
219	42
220	60
221	45
222	53
223	45
224	31
225	19
226	17
227	7
228	13
229	8
230	1
231	7
232	3
233	3
234	3
235	3
236	3
237	2
238	5
239	4
240	6
241	16
242	29
243	56
244	64
245	110
246	109
247	139
248	145
249	144
250	103
251	87
252	64
253	60
254	44
255	37
256	39
257	35
258	24
259	23
260	15
261	11
262	9
263	10
264	12
265	16
266	21
267	22
268	28
269	29
270	46
271	38
272	29
273	38
274	23
275	22
276	11
277	12
278	9
279	10
280	7
281	8
282	10
283	8
284	5
285	9
286	9
287	8
288	11
289	13
290	10
291	13
292	9
293	15
294	17
295	22
296	13
297	20
298	14
299	15
300	16
301	14
302	13
303	12
304	16
305	10
306	13
307	13
308	14
309	19
310	13
311	7
312	21
313	15
314	22
315	22
316	46
317	56
318	87
319	105
320	163
321	183
322	220
323	245
324	278
325	248
326	244
327	124
328	114
329	73
330	48
331	46
332	21
333	29
334	18
335	34
336	18
337	28
338	42
339	59
340	79
341	153
342	338
343	569
344	1004
345	1695
346	2481
347	3673
348	4884
349	5736
350	6504
351	6771
352	6390
353	5614
354	4580
355	3474
356	2404
357	1554
358	919
359	525
360	277
361	143
362	83
363	57
364	47
365	40
366	36
367	41
368	42
369	36
370	31
371	32
372	38
373	53
374	55
375	70
376	63
377	90
378	139
379	169
380	284
381	373
382	510
383	674
384	919
385	1050
386	1160
387	1114
388	1015
389	866
390	707
391	576
392	422
393	276
394	182
395	105
396	67
397	44
398	31
399	35
400	22
401	25
402	34
403	28
404	18
405	31
406	33
407	34
408	30
409	37
410	35
411	35
412	36
413	24
414	36
415	27
416	26
417	25
418	39
419	29
420	31
421	28
422	33
423	31
424	39
425	30
426	33
427	33
428	28
429	31
430	28
431	24
432	30
433	33
434	44
435	36
436	41
437	53
438	64
439	62
440	57
441	55
442	54
443	52
444	73
445	63
446	64
447	53
448	44
449	45
450	50
451	45
452	57
453	46
454	62
455	58
456	70
457	76
458	74
459	67
460	63
461	82
462	66
463	73
464	62
465	60
466	62
467	52
468	51
469	70
470	65
471	57
472	63
473	48
474	65
475	47
476	59
477	61
478	49
479	56
480	55
481	40
482	64
483	40
484	42
485	46
486	66
487	53
488	48
489	61
490	51
491	41
492	61
493	34
494	45
495	49
496	65
497	52
498	51
499	55
500	69
501	61
502	44
503	52
504	59
505	63
506	75
507	63
508	79
509	70
510	69
511	59
512	81
513	67
514	76
515	70
516	69
517	76
518	79
519	87
520	78
521	78
522	72
523	93
524	77
525	94
526	74
527	102
528	96
529	99
530	90
531	114
532	92
533	89
534	75
535	99
536	75
537	76
538	85
539	69
540	73
541	80
542	93
543	62
544	82
545	72
546	80
547	74
548	91
549	66
550	72
551	83
552	70
553	71
554	81
555	62
556	78
557	73
558	70
559	81
560	71
561	83
562	66
563	73
564	71
565	76
566	69
567	77
568	88
569	60
570	69
571	75
572	83
573	76
574	102
575	75
576	67
577	87
578	84
579	71
580	82
581	85
582	78
583	85
584	89
585	69
586	83
587	73
588	86
589	84
590	78
591	86
592	80
593	107
594	96
595	99
596	60
597	82
598	92
599	88
600	85
601	86
602	90
603	92
604	97
605	67
606	101
607	79
608	88
609	98
610	108
611	94
612	109
613	93
614	87
615	94
616	104
617	77
618	102
619	104
620	94
621	82
622	78
623	100
624	101
625	81
626	93
627	102
628	107
629	99
630	95
631	104
632	83
633	91
634	110
635	117
636	93
637	90
638	106
639	88
640	103
641	100
642	108
643	101
644	104
645	117
646	86
647	102
648	117
649	100
650	97
651	114
652	95
653	107
654	105
655	108
656	102
657	108
658	105
659	104
660	94
661	113
662	88
663	120
664	102
665	108
666	117
667	117
668	131
669	113
670	104
671	126
672	101
673	119
674	94
675	112
676	97
677	100
678	105
679	129
680	113
681	130
682	113
683	119
684	103
685	113
686	92
687	114
688	128
689	115
690	113
691	111
692	117
693	101
694	94
695	116
696	87
697	113
698	127
699	131
700	129
701	100
702	119
703	138
704	124
705	130
706	117
707	135
708	116
709	124
710	121
711	115
712	114
713	114
714	115
715	113
716	119
717	120
718	113
719	123
720	123
721	115
722	124
723	131
724	134
725	137
726	134
727	120
728	134
729	128
730	119
731	121
732	121
733	137
734	126
735	120
736	128
737	143
738	143
739	136
740	129
741	127
742	136
743	117
744	130
745	133
746	111
747	129
748	125
749	118
750	141
751	112
752	105
753	113
754	135
755	133
756	119
757	109
758	145
759	152
760	138
761	144
762	145
763	149
764	162
765	165
766	205
767	203
768	219
769	223
770	266
771	306
772	311
773	308
774	325
775	280
776	274
777	272
778	234
779	209
780	212
781	189
782	172
783	166
784	165
785	138
786	127
787	140
788	129
789	132
790	108
791	145
792	135
793	129
794	134
795	117
796	165
797	122
798	153
799	132
800	136
801	126
802	143
803	137
804	128
805	135
806	151
807	143
808	140
809	157
810	142
811	149
812	115
813	150
814	149
815	142
816	137
817	149
818	162
819	134
820	153
821	140
822	150
823	145
824	150
825	124
826	148
827	152
828	140
829	123
830	151
831	146
832	154
833	135
834	135
835	169
836	153
837	158
838	137
839	146
840	153
841	130
842	153
843	176
844	152
845	163
846	167
847	157
848	156
849	147
850	166
851	127
852	154
853	173
854	157
855	169
856	188
857	166
858	204
859	185
860	191
861	214
862	196
863	207
864	208
865	212
866	212
867	217
868	235
869	226
870	227
871	225
872	230
873	201
874	218
875	238
876	243
877	236
878	249
879	257
880	275
881	277
882	322
883	300
884	290
885	347
886	360
887	395
888	403
889	406
890	431
891	490
892	494
893	518
894	511
895	532
896	512
897	543
898	565
899	553
900	598
901	625
902	545
903	593
904	566
905	527
906	503
907	497
908	531
909	454
910	421
911	443
912	387
913	390
914	372
915	353
916	318
917	304
918	302
919	308
920	258
921	228
922	256
923	231
924	223
925	208
926	207
927	205
928	176
929	184
930	179
931	175
932	182
933	183
934	173
935	159
936	160
937	159
938	167
939	157
940	167
941	163
942	206
943	221
944	249
945	250
946	293
947	314
948	302
949	343
950	367
951	422
952	403
953	419
954	410
955	400
956	402
957	362
958	364
959	303
960	327
961	290
962	256
963	210
964	194
965	162
966	144
967	137
968	152
969	141
970	151
971	116
972	137
973	106
974	131
975	144
976	127
977	139
978	131
979	129
980	134
981	128
982	125
983	139
984	147
985	142
986	136
987	158
988	130
989	144
990	172
991	146
992	145
993	171
994	151
995	172
996	193
997	192
998	168
999	166
1000	176
1001	192
1002	162
1003	172
1004	182
1005	176
1006	204
1007	187
1008	189
1009	157
1010	155
1011	164
1012	161
1013	152
1014	171
1015	162
1016	156
1017	127
1018	153
1019	137
1020	112
1021	124
1022	116
1023	111
1024	106
