Date:	08/05/2018		Time:	19:47		Version no:	0.00		Project name:	55		Sample name:	222		Section name:	section		Position	198.515030	mm	E0	0.000000	keV	E1	1.000000	keV/channel	sample surface	5.913678	cm	Tube anode:	Mo		Tube voltage:	30	kV	Tube current:	50	mA	gain	10		std. database			resultfile	result		matrix element	11		sample thickness	1.000000		air passage	0.560000	cm	comments	in position		peaking_time	2.200000	m-sec	trigger_threshold	547.363281	V	mca_bin_width	22.090000	no:	number_mca_channels	1024.000000	no:	gap_time	0.150000	m-sec	trigger_peaking_time	0.200000	m-sec	GAINDAC	18610		HIGHGAIN	1		TAURC	1		RCTAU	1		RCTAUFRAC	1		livetime	9.475446	seconds	runtime	10.000493	seconds	input_count_rate	21885.303209	cps	output_count_rate	18166.404760	cps	triggers	207373	seconds	events_in_run	181673	seconds	channel	content		1	0
2	0
3	0
4	0
5	0
6	0
7	0
8	0
9	0
10	0
11	0
12	0
13	0
14	0
15	0
16	0
17	0
18	0
19	0
20	0
21	0
22	0
23	0
24	0
25	0
26	0
27	0
28	0
29	0
30	0
31	21
32	11
33	13
34	12
35	15
36	11
37	13
38	18
39	20
40	14
41	16
42	13
43	15
44	10
45	16
46	11
47	17
48	10
49	10
50	8
51	14
52	9
53	8
54	9
55	10
56	15
57	7
58	11
59	7
60	12
61	10
62	19
63	8
64	14
65	6
66	7
67	9
68	10
69	8
70	8
71	11
72	9
73	6
74	8
75	9
76	10
77	5
78	11
79	15
80	7
81	13
82	15
83	11
84	12
85	8
86	7
87	4
88	10
89	6
90	8
91	9
92	14
93	11
94	14
95	8
96	18
97	21
98	13
99	14
100	4
101	15
102	8
103	6
104	4
105	10
106	13
107	9
108	9
109	5
110	3
111	6
112	4
113	5
114	6
115	2
116	5
117	4
118	4
119	4
120	8
121	4
122	4
123	3
124	6
125	3
126	9
127	4
128	4
129	5
130	2
131	4
132	4
133	5
134	1
135	1
136	3
137	4
138	7
139	4
140	5
141	4
142	1
143	4
144	7
145	4
146	2
147	4
148	5
149	5
150	5
151	1
152	7
153	6
154	4
155	7
156	9
157	4
158	18
159	6
160	22
161	27
162	35
163	26
164	34
165	30
166	19
167	15
168	7
169	3
170	6
171	7
172	6
173	4
174	5
175	8
176	4
177	8
178	5
179	12
180	17
181	16
182	18
183	11
184	17
185	13
186	9
187	6
188	4
189	4
190	6
191	4
192	5
193	2
194	14
195	16
196	29
197	55
198	96
199	149
200	179
201	238
202	337
203	346
204	326
205	264
206	208
207	129
208	89
209	48
210	24
211	17
212	14
213	12
214	9
215	16
216	19
217	29
218	51
219	57
220	68
221	46
222	54
223	47
224	34
225	16
226	13
227	11
228	4
229	8
230	4
231	4
232	7
233	2
234	1
235	4
236	2
237	2
238	4
239	10
240	9
241	25
242	36
243	59
244	100
245	112
246	119
247	168
248	159
249	169
250	119
251	97
252	58
253	69
254	29
255	33
256	34
257	21
258	17
259	19
260	12
261	11
262	8
263	13
264	13
265	23
266	20
267	24
268	41
269	44
270	34
271	53
272	43
273	33
274	25
275	29
276	18
277	14
278	9
279	5
280	6
281	7
282	16
283	7
284	13
285	7
286	18
287	15
288	11
289	15
290	12
291	11
292	16
293	11
294	7
295	13
296	16
297	15
298	13
299	15
300	14
301	16
302	12
303	6
304	9
305	9
306	5
307	5
308	16
309	18
310	5
311	6
312	10
313	17
314	10
315	18
316	20
317	25
318	47
319	41
320	52
321	99
322	108
323	109
324	106
325	99
326	83
327	74
328	49
329	36
330	42
331	29
332	26
333	26
334	23
335	21
336	22
337	43
338	38
339	70
340	101
341	161
342	339
343	601
344	1033
345	1655
346	2611
347	3584
348	4905
349	5928
350	6736
351	6829
352	6491
353	5681
354	4567
355	3483
356	2359
357	1593
358	918
359	495
360	256
361	134
362	95
363	56
364	44
365	43
366	45
367	37
368	29
369	35
370	40
371	44
372	42
373	52
374	50
375	52
376	68
377	83
378	128
379	180
380	260
381	418
382	560
383	705
384	911
385	1056
386	1107
387	1207
388	1147
389	906
390	824
391	583
392	445
393	274
394	191
395	131
396	74
397	45
398	22
399	23
400	23
401	24
402	24
403	25
404	25
405	37
406	44
407	32
408	27
409	40
410	39
411	36
412	39
413	25
414	30
415	30
416	25
417	36
418	21
419	33
420	30
421	23
422	26
423	27
424	22
425	30
426	28
427	32
428	32
429	26
430	29
431	26
432	26
433	37
434	31
435	35
436	52
437	48
438	51
439	69
440	48
441	52
442	58
443	72
444	62
445	62
446	50
447	51
448	51
449	66
450	62
451	54
452	55
453	65
454	60
455	60
456	71
457	62
458	84
459	90
460	78
461	75
462	78
463	72
464	53
465	52
466	56
467	51
468	55
469	54
470	49
471	71
472	59
473	55
474	67
475	40
476	63
477	52
478	60
479	64
480	47
481	42
482	42
483	54
484	44
485	57
486	47
487	59
488	40
489	72
490	53
491	41
492	64
493	51
494	41
495	63
496	58
497	34
498	53
499	50
500	58
501	66
502	57
503	59
504	68
505	76
506	77
507	66
508	62
509	70
510	75
511	79
512	56
513	87
514	80
515	82
516	81
517	70
518	84
519	91
520	71
521	68
522	81
523	79
524	99
525	73
526	100
527	77
528	98
529	90
530	98
531	85
532	86
533	68
534	74
535	87
536	88
537	63
538	76
539	70
540	64
541	79
542	92
543	69
544	70
545	83
546	71
547	68
548	84
549	73
550	78
551	77
552	82
553	59
554	51
555	80
556	74
557	63
558	69
559	69
560	76
561	52
562	76
563	69
564	70
565	89
566	70
567	54
568	66
569	73
570	76
571	81
572	66
573	67
574	52
575	72
576	71
577	81
578	80
579	83
580	76
581	69
582	60
583	77
584	89
585	78
586	81
587	87
588	72
589	91
590	96
591	82
592	84
593	71
594	86
595	86
596	81
597	112
598	96
599	81
600	82
601	72
602	88
603	84
604	83
605	96
606	91
607	82
608	91
609	95
610	80
611	81
612	93
613	82
614	106
615	88
616	106
617	92
618	99
619	80
620	98
621	89
622	97
623	84
624	86
625	96
626	102
627	80
628	83
629	79
630	103
631	104
632	89
633	103
634	106
635	78
636	97
637	71
638	101
639	85
640	108
641	95
642	100
643	87
644	109
645	87
646	98
647	96
648	109
649	82
650	106
651	107
652	115
653	110
654	88
655	93
656	107
657	102
658	108
659	96
660	119
661	108
662	123
663	93
664	109
665	101
666	114
667	95
668	105
669	93
670	95
671	107
672	115
673	98
674	95
675	105
676	91
677	108
678	92
679	128
680	126
681	96
682	115
683	107
684	118
685	110
686	117
687	88
688	109
689	108
690	108
691	118
692	92
693	114
694	98
695	108
696	102
697	128
698	126
699	136
700	133
701	117
702	108
703	107
704	110
705	121
706	110
707	115
708	108
709	132
710	119
711	92
712	118
713	113
714	109
715	116
716	117
717	85
718	122
719	137
720	136
721	126
722	133
723	131
724	121
725	122
726	132
727	110
728	128
729	107
730	115
731	145
732	116
733	114
734	117
735	102
736	105
737	126
738	125
739	126
740	139
741	125
742	125
743	117
744	135
745	128
746	134
747	121
748	140
749	121
750	133
751	136
752	143
753	132
754	129
755	119
756	123
757	151
758	107
759	145
760	142
761	138
762	152
763	158
764	148
765	161
766	172
767	203
768	221
769	236
770	267
771	254
772	278
773	300
774	266
775	297
776	272
777	271
778	235
779	198
780	203
781	192
782	170
783	147
784	163
785	130
786	155
787	127
788	156
789	122
790	136
791	126
792	108
793	129
794	122
795	129
796	142
797	144
798	113
799	142
800	110
801	113
802	127
803	129
804	133
805	134
806	158
807	141
808	150
809	129
810	122
811	150
812	146
813	138
814	137
815	134
816	157
817	158
818	123
819	133
820	141
821	151
822	125
823	147
824	146
825	148
826	129
827	123
828	125
829	129
830	137
831	129
832	137
833	131
834	152
835	136
836	145
837	148
838	150
839	125
840	160
841	140
842	159
843	152
844	148
845	152
846	137
847	154
848	131
849	154
850	149
851	153
852	169
853	168
854	183
855	152
856	193
857	179
858	192
859	173
860	194
861	192
862	210
863	197
864	221
865	208
866	204
867	198
868	231
869	221
870	202
871	201
872	206
873	191
874	210
875	224
876	200
877	190
878	237
879	257
880	245
881	264
882	283
883	318
884	328
885	337
886	338
887	347
888	369
889	403
890	456
891	484
892	480
893	510
894	489
895	524
896	511
897	507
898	566
899	548
900	576
901	522
902	553
903	496
904	474
905	502
906	556
907	550
908	493
909	452
910	425
911	422
912	418
913	367
914	361
915	345
916	349
917	326
918	283
919	244
920	285
921	258
922	234
923	249
924	221
925	191
926	226
927	216
928	181
929	196
930	179
931	170
932	162
933	164
934	190
935	159
936	165
937	155
938	159
939	177
940	172
941	190
942	194
943	198
944	213
945	225
946	287
947	279
948	285
949	370
950	370
951	369
952	376
953	404
954	405
955	464
956	384
957	394
958	351
959	315
960	305
961	259
962	227
963	220
964	202
965	148
966	168
967	150
968	128
969	123
970	130
971	133
972	132
973	126
974	141
975	121
976	125
977	134
978	122
979	107
980	143
981	146
982	129
983	128
984	137
985	133
986	116
987	137
988	139
989	148
990	136
991	148
992	155
993	150
994	160
995	182
996	152
997	162
998	150
999	161
1000	169
1001	160
1002	165
1003	161
1004	171
1005	171
1006	179
1007	183
1008	173
1009	164
1010	171
1011	136
1012	144
1013	133
1014	160
1015	156
1016	158
1017	150
1018	130
1019	142
1020	133
1021	115
1022	125
1023	125
1024	106
