Date:	08/05/2018		Time:	18:51		Version no:	0.00		Project name:	55		Sample name:	222		Section name:	section		Position	139.315033	mm	E0	0.000000	keV	E1	1.000000	keV/channel	sample surface	5.915017	cm	Tube anode:	Mo		Tube voltage:	30	kV	Tube current:	50	mA	gain	10		std. database			resultfile	result		matrix element	11		sample thickness	1.000000		air passage	0.560000	cm	comments	in position		peaking_time	2.200000	m-sec	trigger_threshold	547.363281	V	mca_bin_width	22.090000	no:	number_mca_channels	1024.000000	no:	gap_time	0.150000	m-sec	trigger_peaking_time	0.200000	m-sec	GAINDAC	18610		HIGHGAIN	1		TAURC	1		RCTAU	1		RCTAUFRAC	1		livetime	9.491988	seconds	runtime	10.000153	seconds	input_count_rate	21289.007108	cps	output_count_rate	17791.828141	cps	triggers	202075	seconds	events_in_run	177921	seconds	channel	content		1	0
2	0
3	0
4	0
5	0
6	0
7	0
8	0
9	0
10	0
11	0
12	0
13	0
14	0
15	0
16	0
17	0
18	0
19	0
20	0
21	0
22	0
23	0
24	0
25	0
26	0
27	0
28	0
29	0
30	0
31	14
32	16
33	15
34	12
35	14
36	18
37	10
38	11
39	12
40	5
41	12
42	14
43	11
44	13
45	17
46	14
47	9
48	10
49	6
50	5
51	13
52	12
53	12
54	14
55	13
56	10
57	13
58	15
59	10
60	11
61	8
62	10
63	6
64	5
65	9
66	7
67	4
68	5
69	7
70	9
71	4
72	11
73	7
74	8
75	3
76	7
77	3
78	5
79	13
80	11
81	9
82	12
83	11
84	1
85	8
86	7
87	8
88	7
89	9
90	5
91	13
92	5
93	11
94	5
95	18
96	9
97	12
98	6
99	18
100	12
101	8
102	9
103	8
104	9
105	13
106	14
107	7
108	4
109	4
110	8
111	2
112	3
113	5
114	4
115	4
116	6
117	2
118	6
119	6
120	5
121	8
122	4
123	1
124	6
125	10
126	5
127	2
128	5
129	1
130	5
131	4
132	3
133	3
134	4
135	5
136	2
137	3
138	4
139	3
140	2
141	4
142	2
143	2
144	0
145	5
146	3
147	4
148	4
149	3
150	4
151	3
152	3
153	9
154	4
155	1
156	7
157	8
158	15
159	6
160	27
161	29
162	29
163	28
164	33
165	22
166	17
167	9
168	10
169	5
170	4
171	6
172	4
173	8
174	9
175	5
176	5
177	8
178	8
179	8
180	17
181	13
182	15
183	17
184	15
185	13
186	12
187	5
188	2
189	6
190	4
191	6
192	2
193	8
194	6
195	11
196	20
197	48
198	79
199	113
200	172
201	209
202	247
203	277
204	258
205	214
206	175
207	106
208	51
209	39
210	16
211	11
212	8
213	9
214	4
215	13
216	21
217	27
218	37
219	36
220	50
221	49
222	57
223	34
224	24
225	15
226	13
227	8
228	10
229	5
230	5
231	5
232	8
233	2
234	3
235	3
236	5
237	5
238	5
239	5
240	8
241	21
242	38
243	51
244	61
245	101
246	120
247	124
248	140
249	102
250	87
251	94
252	70
253	46
254	46
255	35
256	43
257	39
258	23
259	25
260	11
261	14
262	12
263	10
264	9
265	15
266	14
267	29
268	24
269	29
270	33
271	24
272	33
273	31
274	21
275	15
276	10
277	20
278	6
279	8
280	8
281	7
282	5
283	12
284	12
285	11
286	8
287	12
288	9
289	13
290	14
291	12
292	6
293	12
294	14
295	12
296	20
297	18
298	17
299	17
300	13
301	10
302	14
303	7
304	7
305	11
306	10
307	18
308	19
309	12
310	6
311	19
312	13
313	15
314	22
315	24
316	41
317	66
318	103
319	159
320	191
321	230
322	275
323	309
324	281
325	267
326	232
327	159
328	116
329	94
330	64
331	41
332	28
333	29
334	22
335	25
336	28
337	23
338	41
339	67
340	99
341	164
342	330
343	583
344	1024
345	1662
346	2603
347	3617
348	4743
349	5947
350	6509
351	6985
352	6312
353	5607
354	4608
355	3334
356	2321
357	1502
358	895
359	518
360	297
361	141
362	73
363	52
364	48
365	25
366	37
367	27
368	41
369	36
370	38
371	39
372	56
373	48
374	38
375	64
376	69
377	88
378	145
379	187
380	290
381	376
382	517
383	758
384	844
385	975
386	1123
387	1174
388	1076
389	947
390	725
391	590
392	392
393	274
394	186
395	111
396	81
397	44
398	30
399	24
400	29
401	16
402	26
403	25
404	23
405	27
406	34
407	37
408	27
409	30
410	40
411	24
412	45
413	38
414	24
415	35
416	36
417	31
418	33
419	25
420	43
421	33
422	31
423	27
424	21
425	33
426	37
427	32
428	19
429	31
430	42
431	35
432	35
433	43
434	29
435	45
436	36
437	67
438	57
439	43
440	60
441	43
442	58
443	62
444	48
445	76
446	63
447	53
448	44
449	61
450	50
451	53
452	59
453	48
454	59
455	72
456	76
457	73
458	67
459	75
460	86
461	82
462	80
463	63
464	49
465	44
466	43
467	57
468	44
469	48
470	60
471	64
472	62
473	49
474	59
475	58
476	59
477	52
478	64
479	53
480	58
481	50
482	43
483	56
484	43
485	42
486	57
487	48
488	49
489	68
490	51
491	57
492	58
493	65
494	52
495	44
496	48
497	59
498	46
499	54
500	59
501	69
502	63
503	62
504	59
505	68
506	67
507	52
508	77
509	55
510	60
511	66
512	70
513	75
514	66
515	77
516	75
517	90
518	72
519	71
520	86
521	94
522	90
523	66
524	81
525	100
526	90
527	99
528	89
529	103
530	105
531	98
532	85
533	74
534	103
535	88
536	75
537	79
538	87
539	74
540	63
541	83
542	67
543	64
544	55
545	84
546	73
547	71
548	68
549	80
550	68
551	80
552	85
553	62
554	62
555	72
556	77
557	66
558	58
559	67
560	87
561	82
562	82
563	53
564	73
565	77
566	85
567	66
568	60
569	78
570	67
571	83
572	72
573	79
574	84
575	74
576	90
577	72
578	70
579	76
580	73
581	77
582	72
583	92
584	74
585	75
586	80
587	78
588	89
589	91
590	94
591	85
592	86
593	91
594	83
595	81
596	73
597	96
598	83
599	80
600	82
601	80
602	100
603	85
604	90
605	106
606	78
607	107
608	95
609	72
610	89
611	75
612	86
613	103
614	109
615	99
616	92
617	101
618	92
619	86
620	89
621	98
622	98
623	107
624	89
625	96
626	98
627	93
628	104
629	121
630	103
631	106
632	93
633	114
634	95
635	103
636	101
637	101
638	103
639	79
640	90
641	115
642	92
643	91
644	95
645	96
646	119
647	96
648	91
649	112
650	121
651	87
652	95
653	109
654	104
655	114
656	95
657	102
658	114
659	100
660	88
661	103
662	84
663	100
664	120
665	100
666	118
667	106
668	93
669	92
670	102
671	100
672	106
673	111
674	103
675	102
676	105
677	96
678	112
679	106
680	121
681	109
682	109
683	100
684	117
685	117
686	99
687	104
688	119
689	113
690	117
691	112
692	103
693	107
694	113
695	97
696	122
697	116
698	134
699	140
700	132
701	112
702	124
703	116
704	111
705	108
706	114
707	123
708	122
709	98
710	126
711	133
712	113
713	122
714	104
715	111
716	102
717	126
718	118
719	129
720	118
721	127
722	120
723	120
724	118
725	138
726	89
727	133
728	115
729	119
730	121
731	107
732	120
733	139
734	131
735	121
736	135
737	137
738	106
739	125
740	130
741	130
742	133
743	104
744	133
745	123
746	120
747	110
748	106
749	101
750	129
751	122
752	116
753	141
754	128
755	111
756	118
757	128
758	126
759	121
760	117
761	124
762	138
763	147
764	144
765	168
766	162
767	185
768	222
769	233
770	254
771	232
772	281
773	290
774	278
775	274
776	254
777	244
778	200
779	204
780	201
781	164
782	148
783	131
784	137
785	127
786	134
787	130
788	119
789	122
790	124
791	125
792	115
793	132
794	121
795	126
796	108
797	139
798	117
799	115
800	134
801	119
802	132
803	107
804	133
805	137
806	138
807	115
808	124
809	141
810	130
811	122
812	135
813	153
814	147
815	120
816	148
817	145
818	132
819	128
820	129
821	130
822	137
823	143
824	147
825	123
826	133
827	137
828	139
829	132
830	130
831	151
832	150
833	128
834	121
835	125
836	116
837	114
838	155
839	150
840	137
841	138
842	143
843	138
844	140
845	134
846	123
847	146
848	136
849	136
850	161
851	149
852	147
853	155
854	147
855	150
856	142
857	183
858	161
859	179
860	195
861	171
862	208
863	183
864	211
865	202
866	193
867	204
868	201
869	203
870	222
871	177
872	195
873	202
874	205
875	196
876	199
877	236
878	219
879	260
880	271
881	267
882	290
883	303
884	276
885	309
886	379
887	365
888	366
889	390
890	388
891	428
892	410
893	457
894	500
895	524
896	528
897	518
898	487
899	477
900	498
901	504
902	479
903	485
904	484
905	500
906	461
907	486
908	463
909	440
910	382
911	399
912	358
913	394
914	381
915	299
916	309
917	296
918	271
919	300
920	239
921	263
922	245
923	237
924	213
925	218
926	189
927	186
928	203
929	172
930	170
931	164
932	169
933	149
934	163
935	148
936	170
937	146
938	132
939	168
940	167
941	182
942	169
943	192
944	196
945	214
946	239
947	277
948	308
949	334
950	343
951	387
952	374
953	392
954	409
955	381
956	364
957	359
958	309
959	317
960	285
961	253
962	203
963	195
964	168
965	155
966	152
967	151
968	148
969	100
970	116
971	104
972	121
973	115
974	131
975	112
976	100
977	130
978	114
979	137
980	117
981	134
982	127
983	149
984	131
985	122
986	129
987	154
988	133
989	144
990	133
991	154
992	140
993	161
994	163
995	162
996	155
997	152
998	139
999	184
1000	142
1001	165
1002	151
1003	138
1004	147
1005	168
1006	183
1007	161
1008	132
1009	151
1010	165
1011	143
1012	140
1013	127
1014	142
1015	138
1016	128
1017	111
1018	132
1019	136
1020	135
1021	111
1022	123
1023	108
1024	119
