Date:	08/05/2018		Time:	20:02		Version no:	0.00		Project name:	55		Sample name:	222		Section name:	section		Position	214.715027	mm	E0	0.000000	keV	E1	1.000000	keV/channel	sample surface	5.907735	cm	Tube anode:	Mo		Tube voltage:	30	kV	Tube current:	50	mA	gain	10		std. database			resultfile	result		matrix element	11		sample thickness	1.000000		air passage	0.560000	cm	comments	in position		peaking_time	2.200000	m-sec	trigger_threshold	547.363281	V	mca_bin_width	22.090000	no:	number_mca_channels	1024.000000	no:	gap_time	0.150000	m-sec	trigger_peaking_time	0.200000	m-sec	GAINDAC	18610		HIGHGAIN	1		TAURC	1		RCTAU	1		RCTAUFRAC	1		livetime	9.479276	seconds	runtime	10.000494	seconds	input_count_rate	21600.594813	cps	output_count_rate	17998.310164	cps	triggers	204758	seconds	events_in_run	179992	seconds	channel	content		1	0
2	0
3	0
4	0
5	0
6	0
7	0
8	0
9	0
10	0
11	0
12	0
13	0
14	0
15	0
16	0
17	0
18	0
19	0
20	0
21	0
22	0
23	0
24	0
25	0
26	0
27	0
28	0
29	0
30	0
31	14
32	17
33	11
34	18
35	17
36	6
37	14
38	19
39	9
40	16
41	17
42	12
43	8
44	15
45	13
46	15
47	5
48	13
49	16
50	11
51	6
52	18
53	16
54	15
55	16
56	15
57	12
58	11
59	9
60	6
61	9
62	7
63	12
64	9
65	7
66	9
67	11
68	14
69	19
70	3
71	5
72	8
73	11
74	6
75	9
76	11
77	9
78	6
79	15
80	6
81	14
82	12
83	16
84	10
85	6
86	3
87	10
88	6
89	4
90	2
91	5
92	8
93	12
94	13
95	18
96	23
97	15
98	12
99	4
100	10
101	5
102	9
103	10
104	8
105	14
106	9
107	11
108	10
109	13
110	7
111	5
112	8
113	4
114	8
115	5
116	11
117	6
118	2
119	5
120	3
121	9
122	3
123	7
124	5
125	3
126	4
127	4
128	5
129	4
130	4
131	4
132	8
133	4
134	4
135	5
136	2
137	4
138	1
139	1
140	1
141	4
142	5
143	8
144	2
145	8
146	3
147	4
148	7
149	6
150	4
151	4
152	9
153	10
154	5
155	2
156	6
157	8
158	8
159	14
160	13
161	21
162	32
163	28
164	36
165	23
166	24
167	12
168	3
169	5
170	8
171	5
172	5
173	5
174	7
175	7
176	12
177	10
178	14
179	16
180	17
181	15
182	16
183	17
184	17
185	18
186	14
187	5
188	7
189	4
190	4
191	2
192	6
193	4
194	5
195	14
196	37
197	44
198	93
199	151
200	195
201	261
202	322
203	340
204	327
205	276
206	200
207	144
208	87
209	61
210	20
211	9
212	9
213	12
214	16
215	15
216	27
217	32
218	38
219	45
220	56
221	69
222	49
223	47
224	41
225	23
226	13
227	10
228	9
229	6
230	2
231	4
232	2
233	6
234	5
235	2
236	4
237	6
238	6
239	8
240	10
241	11
242	31
243	60
244	87
245	129
246	148
247	151
248	189
249	156
250	112
251	90
252	69
253	65
254	57
255	30
256	31
257	30
258	20
259	18
260	19
261	7
262	9
263	4
264	15
265	14
266	14
267	27
268	30
269	41
270	27
271	43
272	34
273	38
274	23
275	27
276	22
277	13
278	7
279	6
280	5
281	16
282	8
283	10
284	12
285	14
286	12
287	13
288	5
289	12
290	11
291	14
292	13
293	12
294	12
295	14
296	16
297	11
298	8
299	21
300	22
301	19
302	14
303	12
304	18
305	10
306	10
307	13
308	14
309	11
310	12
311	8
312	14
313	11
314	16
315	14
316	30
317	48
318	79
319	117
320	141
321	173
322	192
323	220
324	190
325	193
326	143
327	137
328	87
329	66
330	60
331	33
332	28
333	21
334	24
335	32
336	21
337	39
338	45
339	40
340	86
341	171
342	319
343	594
344	1011
345	1614
346	2544
347	3615
348	4644
349	5753
350	6482
351	6587
352	6326
353	5590
354	4505
355	3353
356	2389
357	1494
358	882
359	501
360	278
361	137
362	99
363	56
364	39
365	34
366	36
367	34
368	29
369	40
370	47
371	34
372	32
373	45
374	45
375	59
376	61
377	97
378	100
379	174
380	263
381	373
382	522
383	700
384	882
385	994
386	1092
387	1089
388	1103
389	948
390	775
391	577
392	408
393	289
394	205
395	114
396	73
397	48
398	29
399	33
400	29
401	27
402	12
403	21
404	22
405	31
406	31
407	21
408	34
409	52
410	23
411	29
412	27
413	31
414	27
415	40
416	24
417	25
418	32
419	26
420	30
421	28
422	23
423	29
424	20
425	20
426	30
427	34
428	24
429	29
430	37
431	37
432	25
433	32
434	28
435	38
436	45
437	50
438	50
439	46
440	56
441	58
442	67
443	51
444	77
445	62
446	49
447	54
448	51
449	48
450	69
451	56
452	62
453	63
454	57
455	62
456	65
457	63
458	81
459	67
460	79
461	66
462	69
463	51
464	57
465	57
466	43
467	43
468	54
469	66
470	50
471	65
472	56
473	52
474	62
475	47
476	46
477	52
478	52
479	31
480	51
481	50
482	52
483	43
484	46
485	38
486	45
487	59
488	53
489	57
490	41
491	61
492	54
493	52
494	57
495	50
496	49
497	47
498	51
499	61
500	55
501	68
502	63
503	67
504	70
505	62
506	70
507	65
508	68
509	74
510	80
511	70
512	60
513	71
514	84
515	63
516	67
517	77
518	65
519	74
520	75
521	78
522	72
523	79
524	72
525	89
526	77
527	88
528	79
529	85
530	89
531	83
532	72
533	93
534	65
535	75
536	72
537	68
538	66
539	85
540	77
541	59
542	71
543	72
544	82
545	87
546	73
547	88
548	64
549	59
550	62
551	79
552	76
553	68
554	50
555	75
556	61
557	61
558	58
559	74
560	76
561	56
562	59
563	77
564	60
565	70
566	83
567	66
568	63
569	65
570	65
571	67
572	85
573	68
574	84
575	76
576	86
577	57
578	61
579	64
580	81
581	78
582	75
583	71
584	78
585	66
586	70
587	65
588	78
589	69
590	84
591	101
592	88
593	93
594	85
595	86
596	93
597	79
598	108
599	76
600	70
601	75
602	86
603	83
604	88
605	90
606	96
607	96
608	94
609	94
610	92
611	92
612	104
613	100
614	79
615	80
616	101
617	100
618	106
619	97
620	80
621	86
622	81
623	100
624	89
625	99
626	96
627	95
628	90
629	94
630	82
631	78
632	96
633	83
634	82
635	98
636	87
637	83
638	90
639	105
640	99
641	120
642	87
643	83
644	99
645	104
646	97
647	91
648	94
649	102
650	107
651	95
652	96
653	120
654	79
655	96
656	84
657	112
658	120
659	106
660	98
661	102
662	111
663	107
664	104
665	93
666	116
667	98
668	109
669	116
670	95
671	121
672	108
673	92
674	102
675	107
676	119
677	106
678	105
679	94
680	102
681	116
682	98
683	104
684	107
685	81
686	107
687	113
688	117
689	118
690	110
691	108
692	106
693	115
694	110
695	107
696	100
697	111
698	112
699	102
700	134
701	129
702	105
703	100
704	135
705	104
706	117
707	103
708	126
709	117
710	107
711	111
712	105
713	117
714	95
715	133
716	105
717	120
718	129
719	120
720	99
721	111
722	118
723	120
724	128
725	94
726	117
727	125
728	120
729	121
730	107
731	131
732	108
733	108
734	139
735	107
736	127
737	117
738	137
739	128
740	141
741	119
742	139
743	115
744	139
745	131
746	107
747	125
748	123
749	125
750	126
751	120
752	131
753	152
754	132
755	138
756	124
757	169
758	125
759	131
760	137
761	131
762	153
763	149
764	148
765	173
766	186
767	191
768	214
769	251
770	272
771	273
772	264
773	296
774	287
775	247
776	266
777	288
778	219
779	209
780	179
781	162
782	162
783	160
784	135
785	150
786	134
787	124
788	153
789	118
790	125
791	136
792	131
793	124
794	120
795	121
796	136
797	136
798	115
799	126
800	132
801	132
802	121
803	138
804	134
805	120
806	121
807	130
808	125
809	135
810	120
811	140
812	125
813	134
814	142
815	145
816	136
817	147
818	154
819	143
820	144
821	162
822	151
823	145
824	155
825	143
826	135
827	117
828	123
829	134
830	146
831	145
832	141
833	145
834	133
835	148
836	139
837	148
838	127
839	147
840	148
841	113
842	134
843	159
844	144
845	118
846	142
847	155
848	146
849	155
850	154
851	168
852	163
853	141
854	185
855	180
856	144
857	177
858	177
859	191
860	186
861	196
862	207
863	226
864	228
865	255
866	202
867	195
868	224
869	194
870	180
871	200
872	217
873	221
874	203
875	222
876	254
877	216
878	251
879	281
880	259
881	256
882	261
883	306
884	332
885	325
886	345
887	334
888	393
889	395
890	434
891	438
892	462
893	457
894	507
895	473
896	468
897	506
898	533
899	542
900	504
901	519
902	593
903	524
904	484
905	527
906	529
907	475
908	459
909	451
910	407
911	410
912	426
913	383
914	350
915	369
916	313
917	314
918	307
919	268
920	279
921	261
922	251
923	231
924	226
925	225
926	215
927	217
928	179
929	185
930	187
931	159
932	164
933	165
934	189
935	171
936	168
937	184
938	169
939	160
940	158
941	153
942	178
943	206
944	205
945	248
946	258
947	281
948	330
949	383
950	376
951	381
952	410
953	414
954	392
955	394
956	407
957	374
958	394
959	306
960	296
961	282
962	225
963	198
964	168
965	192
966	142
967	139
968	144
969	128
970	128
971	124
972	122
973	138
974	130
975	129
976	117
977	123
978	124
979	139
980	123
981	126
982	133
983	117
984	139
985	129
986	130
987	143
988	153
989	144
990	139
991	151
992	142
993	141
994	135
995	160
996	172
997	155
998	178
999	195
1000	154
1001	159
1002	171
1003	174
1004	183
1005	156
1006	147
1007	170
1008	163
1009	156
1010	171
1011	163
1012	170
1013	155
1014	159
1015	150
1016	131
1017	137
1018	122
1019	132
1020	127
1021	112
1022	122
1023	98
1024	115
