Date:	08/05/2018		Time:	20:56		Version no:	0.00		Project name:	55		Sample name:	222		Section name:	section		Position	270.915039	mm	E0	0.000000	keV	E1	1.000000	keV/channel	sample surface	5.933342	cm	Tube anode:	Mo		Tube voltage:	30	kV	Tube current:	50	mA	gain	10		std. database			resultfile	result		matrix element	11		sample thickness	1.000000		air passage	0.560000	cm	comments	in position		peaking_time	2.200000	m-sec	trigger_threshold	547.363281	V	mca_bin_width	22.090000	no:	number_mca_channels	1024.000000	no:	gap_time	0.150000	m-sec	trigger_peaking_time	0.200000	m-sec	GAINDAC	18610		HIGHGAIN	1		TAURC	1		RCTAU	1		RCTAUFRAC	1		livetime	9.461870	seconds	runtime	10.000492	seconds	input_count_rate	22586.233909	cps	output_count_rate	18705.479690	cps	triggers	213708	seconds	events_in_run	187064	seconds	channel	content		1	0
2	0
3	0
4	0
5	0
6	0
7	0
8	0
9	0
10	0
11	0
12	0
13	0
14	0
15	0
16	0
17	0
18	0
19	0
20	0
21	0
22	0
23	0
24	0
25	0
26	0
27	0
28	0
29	0
30	0
31	16
32	10
33	15
34	15
35	16
36	16
37	18
38	20
39	16
40	8
41	14
42	15
43	12
44	14
45	17
46	12
47	12
48	12
49	7
50	18
51	15
52	13
53	16
54	15
55	10
56	14
57	12
58	14
59	10
60	13
61	9
62	12
63	8
64	11
65	9
66	16
67	10
68	14
69	7
70	7
71	12
72	11
73	5
74	12
75	8
76	11
77	11
78	10
79	11
80	7
81	11
82	14
83	17
84	10
85	8
86	8
87	4
88	7
89	6
90	7
91	4
92	3
93	8
94	15
95	12
96	19
97	10
98	9
99	16
100	15
101	6
102	10
103	6
104	10
105	9
106	7
107	2
108	12
109	8
110	12
111	6
112	4
113	8
114	5
115	7
116	1
117	6
118	5
119	9
120	6
121	2
122	6
123	7
124	8
125	6
126	8
127	1
128	1
129	4
130	5
131	6
132	6
133	4
134	4
135	5
136	1
137	2
138	2
139	3
140	1
141	3
142	4
143	2
144	1
145	0
146	6
147	3
148	2
149	5
150	7
151	5
152	3
153	3
154	3
155	5
156	6
157	6
158	11
159	9
160	25
161	17
162	38
163	21
164	21
165	19
166	17
167	17
168	13
169	10
170	2
171	3
172	3
173	5
174	10
175	7
176	9
177	11
178	10
179	12
180	19
181	16
182	22
183	21
184	22
185	18
186	12
187	8
188	6
189	6
190	7
191	3
192	5
193	7
194	7
195	13
196	28
197	34
198	80
199	149
200	206
201	268
202	316
203	313
204	299
205	248
206	205
207	136
208	82
209	38
210	27
211	16
212	6
213	7
214	10
215	22
216	25
217	29
218	39
219	45
220	50
221	57
222	43
223	42
224	23
225	32
226	21
227	7
228	5
229	0
230	3
231	4
232	3
233	1
234	7
235	6
236	4
237	6
238	5
239	10
240	17
241	22
242	47
243	59
244	92
245	124
246	130
247	155
248	172
249	152
250	147
251	101
252	74
253	54
254	60
255	49
256	35
257	23
258	25
259	13
260	19
261	10
262	14
263	16
264	10
265	18
266	21
267	20
268	33
269	34
270	38
271	48
272	47
273	27
274	34
275	15
276	20
277	14
278	13
279	7
280	8
281	5
282	6
283	13
284	11
285	9
286	14
287	8
288	10
289	8
290	13
291	14
292	14
293	16
294	13
295	16
296	9
297	18
298	13
299	11
300	16
301	17
302	9
303	15
304	10
305	6
306	10
307	11
308	20
309	11
310	13
311	10
312	9
313	22
314	10
315	17
316	26
317	26
318	45
319	58
320	77
321	92
322	104
323	103
324	103
325	97
326	80
327	77
328	60
329	36
330	47
331	28
332	20
333	29
334	21
335	33
336	24
337	35
338	49
339	64
340	90
341	160
342	300
343	621
344	1092
345	1766
346	2766
347	3933
348	5089
349	6288
350	6977
351	7439
352	6998
353	6175
354	5017
355	3696
356	2564
357	1712
358	1000
359	547
360	285
361	137
362	78
363	62
364	53
365	39
366	29
367	32
368	31
369	44
370	45
371	51
372	42
373	45
374	47
375	50
376	70
377	107
378	151
379	197
380	279
381	398
382	551
383	763
384	1001
385	1152
386	1227
387	1209
388	1204
389	1021
390	825
391	628
392	451
393	305
394	184
395	124
396	76
397	41
398	25
399	22
400	29
401	28
402	27
403	25
404	27
405	30
406	29
407	28
408	46
409	28
410	30
411	32
412	27
413	29
414	25
415	25
416	43
417	32
418	33
419	25
420	22
421	14
422	26
423	44
424	29
425	27
426	35
427	32
428	35
429	25
430	32
431	30
432	34
433	17
434	41
435	41
436	52
437	55
438	52
439	56
440	65
441	64
442	63
443	63
444	64
445	65
446	55
447	52
448	53
449	44
450	57
451	53
452	52
453	58
454	60
455	60
456	60
457	69
458	64
459	84
460	74
461	82
462	68
463	72
464	67
465	59
466	62
467	54
468	53
469	49
470	46
471	69
472	56
473	47
474	56
475	55
476	52
477	55
478	61
479	55
480	55
481	53
482	57
483	49
484	48
485	55
486	42
487	54
488	51
489	40
490	62
491	50
492	69
493	54
494	46
495	58
496	57
497	61
498	59
499	47
500	52
501	48
502	65
503	53
504	64
505	54
506	73
507	73
508	69
509	73
510	64
511	84
512	67
513	60
514	75
515	69
516	65
517	63
518	85
519	74
520	67
521	85
522	79
523	75
524	78
525	81
526	76
527	108
528	90
529	107
530	98
531	91
532	81
533	96
534	88
535	80
536	94
537	74
538	88
539	66
540	78
541	60
542	85
543	74
544	68
545	77
546	69
547	83
548	61
549	94
550	76
551	81
552	71
553	74
554	69
555	67
556	72
557	68
558	68
559	85
560	92
561	72
562	83
563	77
564	67
565	63
566	79
567	65
568	70
569	65
570	79
571	73
572	62
573	65
574	82
575	55
576	84
577	95
578	82
579	76
580	84
581	83
582	47
583	76
584	90
585	70
586	79
587	87
588	84
589	67
590	89
591	93
592	90
593	82
594	82
595	88
596	85
597	97
598	88
599	79
600	88
601	92
602	96
603	82
604	67
605	98
606	85
607	92
608	103
609	82
610	80
611	81
612	79
613	88
614	102
615	96
616	108
617	88
618	84
619	94
620	104
621	86
622	104
623	89
624	77
625	79
626	101
627	101
628	111
629	98
630	66
631	105
632	89
633	88
634	117
635	105
636	88
637	88
638	84
639	81
640	103
641	100
642	101
643	101
644	104
645	109
646	111
647	100
648	83
649	96
650	117
651	96
652	93
653	111
654	98
655	86
656	101
657	99
658	85
659	104
660	106
661	98
662	93
663	99
664	100
665	97
666	95
667	89
668	105
669	100
670	101
671	112
672	89
673	84
674	111
675	102
676	119
677	114
678	106
679	109
680	114
681	89
682	123
683	103
684	103
685	107
686	100
687	103
688	110
689	111
690	109
691	110
692	127
693	108
694	119
695	124
696	125
697	107
698	112
699	119
700	131
701	120
702	130
703	136
704	107
705	130
706	136
707	127
708	100
709	110
710	120
711	121
712	127
713	111
714	109
715	113
716	114
717	129
718	124
719	106
720	104
721	130
722	95
723	130
724	138
725	119
726	114
727	139
728	145
729	116
730	98
731	131
732	132
733	119
734	110
735	126
736	119
737	124
738	116
739	123
740	106
741	107
742	111
743	113
744	107
745	140
746	111
747	121
748	122
749	109
750	97
751	117
752	115
753	116
754	135
755	133
756	116
757	129
758	104
759	146
760	126
761	129
762	140
763	147
764	172
765	153
766	171
767	219
768	238
769	236
770	259
771	280
772	289
773	303
774	296
775	295
776	290
777	274
778	252
779	238
780	222
781	189
782	173
783	161
784	124
785	147
786	137
787	131
788	141
789	134
790	129
791	152
792	132
793	146
794	151
795	109
796	143
797	135
798	131
799	127
800	138
801	122
802	121
803	117
804	119
805	137
806	112
807	120
808	142
809	119
810	139
811	125
812	126
813	128
814	133
815	145
816	115
817	144
818	160
819	140
820	124
821	160
822	134
823	165
824	149
825	115
826	125
827	148
828	136
829	142
830	160
831	136
832	120
833	142
834	138
835	128
836	141
837	124
838	136
839	155
840	123
841	164
842	185
843	155
844	135
845	134
846	128
847	155
848	145
849	142
850	139
851	156
852	160
853	189
854	162
855	186
856	168
857	159
858	203
859	193
860	183
861	181
862	212
863	230
864	222
865	220
866	222
867	193
868	223
869	217
870	210
871	215
872	210
873	234
874	227
875	227
876	204
877	217
878	242
879	219
880	252
881	269
882	307
883	307
884	291
885	327
886	352
887	391
888	435
889	367
890	437
891	450
892	499
893	489
894	509
895	515
896	503
897	564
898	547
899	531
900	546
901	563
902	485
903	553
904	522
905	500
906	478
907	521
908	481
909	489
910	425
911	420
912	421
913	403
914	348
915	307
916	290
917	326
918	308
919	281
920	294
921	259
922	252
923	237
924	213
925	224
926	192
927	185
928	208
929	178
930	210
931	164
932	143
933	157
934	145
935	186
936	157
937	157
938	142
939	157
940	183
941	177
942	203
943	215
944	256
945	249
946	236
947	285
948	340
949	367
950	387
951	424
952	426
953	451
954	444
955	428
956	404
957	385
958	345
959	331
960	289
961	243
962	218
963	220
964	170
965	168
966	150
967	143
968	155
969	148
970	134
971	114
972	127
973	141
974	125
975	115
976	130
977	122
978	120
979	140
980	142
981	131
982	130
983	117
984	127
985	131
986	140
987	137
988	156
989	137
990	145
991	155
992	151
993	154
994	165
995	159
996	140
997	146
998	153
999	172
1000	187
1001	161
1002	170
1003	132
1004	179
1005	170
1006	170
1007	193
1008	152
1009	168
1010	179
1011	164
1012	170
1013	172
1014	136
1015	160
1016	131
1017	123
1018	158
1019	134
1020	116
1021	123
1022	118
1023	115
1024	121
