Date:	08/05/2018		Time:	23:21		Version no:	0.00		Project name:	55		Sample name:	222		Section name:	section		Position	423.115021	mm	E0	0.000000	keV	E1	1.000000	keV/channel	sample surface	6.219070	cm	Tube anode:	Mo		Tube voltage:	30	kV	Tube current:	50	mA	gain	10		std. database			resultfile	result		matrix element	11		sample thickness	1.000000		air passage	0.560000	cm	comments	in position		peaking_time	2.200000	m-sec	trigger_threshold	547.363281	V	mca_bin_width	22.090000	no:	number_mca_channels	1024.000000	no:	gap_time	0.150000	m-sec	trigger_peaking_time	0.200000	m-sec	GAINDAC	18610		HIGHGAIN	1		TAURC	1		RCTAU	1		RCTAUFRAC	1		livetime	9.410090	seconds	runtime	10.000491	seconds	input_count_rate	25256.613922	cps	output_count_rate	20492.493409	cps	triggers	237667	seconds	events_in_run	204935	seconds	channel	content		1	0
2	0
3	0
4	0
5	0
6	0
7	0
8	0
9	0
10	0
11	0
12	0
13	0
14	0
15	0
16	0
17	0
18	0
19	0
20	0
21	0
22	0
23	0
24	0
25	0
26	0
27	0
28	0
29	0
30	0
31	18
32	15
33	16
34	21
35	8
36	18
37	14
38	9
39	14
40	17
41	13
42	18
43	16
44	18
45	15
46	13
47	13
48	7
49	20
50	18
51	13
52	15
53	13
54	21
55	17
56	21
57	9
58	6
59	11
60	10
61	10
62	7
63	14
64	8
65	12
66	10
67	13
68	4
69	6
70	8
71	4
72	6
73	10
74	6
75	10
76	8
77	12
78	10
79	3
80	14
81	14
82	13
83	10
84	6
85	6
86	10
87	8
88	7
89	9
90	8
91	9
92	8
93	14
94	18
95	22
96	14
97	18
98	15
99	24
100	9
101	9
102	8
103	8
104	10
105	12
106	11
107	8
108	14
109	6
110	7
111	8
112	14
113	6
114	5
115	5
116	5
117	4
118	3
119	2
120	2
121	2
122	8
123	3
124	7
125	4
126	2
127	3
128	9
129	4
130	2
131	2
132	6
133	4
134	3
135	2
136	3
137	1
138	11
139	4
140	5
141	7
142	5
143	3
144	6
145	7
146	2
147	1
148	1
149	3
150	8
151	0
152	4
153	6
154	6
155	6
156	4
157	5
158	10
159	12
160	15
161	25
162	34
163	26
164	22
165	12
166	17
167	7
168	8
169	7
170	5
171	1
172	5
173	3
174	4
175	9
176	14
177	15
178	17
179	15
180	26
181	29
182	31
183	23
184	24
185	21
186	16
187	10
188	4
189	6
190	5
191	3
192	6
193	6
194	6
195	22
196	35
197	61
198	109
199	176
200	256
201	301
202	402
203	385
204	377
205	357
206	240
207	171
208	96
209	52
210	31
211	12
212	4
213	10
214	20
215	17
216	25
217	47
218	46
219	73
220	63
221	74
222	66
223	63
224	41
225	33
226	21
227	16
228	5
229	7
230	4
231	5
232	3
233	6
234	5
235	7
236	2
237	11
238	7
239	8
240	16
241	25
242	39
243	60
244	86
245	112
246	149
247	168
248	200
249	148
250	132
251	116
252	84
253	64
254	56
255	54
256	43
257	24
258	32
259	23
260	13
261	11
262	7
263	15
264	3
265	12
266	12
267	34
268	33
269	46
270	41
271	38
272	41
273	47
274	35
275	26
276	19
277	14
278	6
279	7
280	13
281	6
282	14
283	16
284	9
285	8
286	11
287	14
288	16
289	14
290	14
291	12
292	16
293	27
294	12
295	23
296	30
297	25
298	16
299	19
300	14
301	18
302	17
303	15
304	20
305	13
306	22
307	13
308	15
309	13
310	11
311	21
312	14
313	12
314	24
315	12
316	23
317	48
318	58
319	96
320	118
321	149
322	159
323	164
324	151
325	163
326	128
327	123
328	95
329	62
330	47
331	43
332	25
333	26
334	22
335	34
336	33
337	44
338	59
339	91
340	133
341	201
342	353
343	707
344	1243
345	2129
346	3203
347	4556
348	6050
349	7302
350	8143
351	8384
352	7968
353	6824
354	5589
355	4138
356	2903
357	1798
358	1133
359	638
360	325
361	164
362	105
363	58
364	51
365	42
366	56
367	52
368	45
369	49
370	48
371	35
372	63
373	51
374	57
375	81
376	84
377	111
378	160
379	240
380	337
381	476
382	681
383	860
384	1071
385	1270
386	1392
387	1455
388	1284
389	1149
390	932
391	722
392	489
393	336
394	221
395	143
396	69
397	55
398	42
399	41
400	33
401	26
402	28
403	30
404	33
405	41
406	37
407	35
408	36
409	38
410	41
411	34
412	35
413	40
414	33
415	20
416	32
417	31
418	36
419	28
420	24
421	26
422	29
423	38
424	26
425	27
426	37
427	43
428	36
429	44
430	30
431	47
432	34
433	41
434	41
435	43
436	52
437	61
438	66
439	69
440	59
441	77
442	94
443	90
444	62
445	74
446	66
447	70
448	52
449	64
450	69
451	66
452	55
453	63
454	71
455	73
456	91
457	65
458	95
459	84
460	86
461	86
462	73
463	79
464	73
465	66
466	52
467	50
468	57
469	76
470	81
471	77
472	59
473	69
474	76
475	79
476	56
477	58
478	65
479	67
480	54
481	67
482	61
483	48
484	59
485	64
486	67
487	59
488	68
489	72
490	61
491	67
492	63
493	60
494	51
495	55
496	70
497	82
498	58
499	73
500	57
501	73
502	76
503	54
504	76
505	89
506	77
507	86
508	68
509	82
510	95
511	80
512	67
513	66
514	79
515	119
516	83
517	99
518	97
519	76
520	85
521	76
522	86
523	89
524	76
525	86
526	110
527	84
528	119
529	88
530	105
531	106
532	111
533	102
534	83
535	99
536	91
537	71
538	80
539	91
540	83
541	104
542	89
543	74
544	101
545	94
546	70
547	79
548	98
549	68
550	72
551	82
552	80
553	86
554	69
555	77
556	91
557	61
558	84
559	74
560	78
561	71
562	88
563	80
564	61
565	90
566	75
567	71
568	66
569	82
570	81
571	92
572	85
573	86
574	80
575	94
576	72
577	84
578	82
579	72
580	89
581	86
582	91
583	91
584	72
585	87
586	85
587	92
588	86
589	103
590	78
591	73
592	92
593	92
594	90
595	86
596	97
597	108
598	96
599	88
600	96
601	102
602	82
603	101
604	106
605	103
606	103
607	80
608	88
609	108
610	108
611	98
612	98
613	110
614	94
615	109
616	93
617	104
618	78
619	102
620	117
621	91
622	104
623	93
624	129
625	100
626	103
627	100
628	95
629	83
630	104
631	98
632	101
633	89
634	96
635	114
636	95
637	88
638	104
639	98
640	117
641	107
642	108
643	116
644	95
645	84
646	106
647	127
648	104
649	104
650	110
651	97
652	100
653	94
654	103
655	97
656	112
657	110
658	109
659	108
660	105
661	121
662	104
663	128
664	114
665	128
666	120
667	120
668	112
669	110
670	99
671	128
672	87
673	122
674	120
675	111
676	106
677	94
678	113
679	120
680	115
681	119
682	112
683	110
684	109
685	121
686	103
687	130
688	115
689	126
690	115
691	109
692	123
693	125
694	113
695	140
696	110
697	141
698	132
699	131
700	124
701	134
702	118
703	138
704	115
705	127
706	132
707	123
708	133
709	115
710	123
711	124
712	126
713	130
714	125
715	129
716	125
717	135
718	122
719	120
720	135
721	125
722	128
723	108
724	140
725	132
726	135
727	150
728	143
729	133
730	138
731	108
732	131
733	127
734	114
735	118
736	136
737	112
738	113
739	128
740	140
741	126
742	122
743	131
744	118
745	141
746	129
747	129
748	131
749	126
750	139
751	148
752	116
753	117
754	129
755	144
756	123
757	148
758	126
759	146
760	149
761	133
762	125
763	145
764	182
765	168
766	229
767	218
768	264
769	244
770	293
771	330
772	301
773	305
774	315
775	281
776	309
777	257
778	264
779	241
780	224
781	186
782	174
783	162
784	174
785	179
786	131
787	140
788	151
789	137
790	154
791	153
792	132
793	144
794	136
795	136
796	139
797	138
798	147
799	130
800	151
801	152
802	150
803	146
804	107
805	132
806	145
807	146
808	132
809	129
810	142
811	148
812	113
813	130
814	138
815	143
816	154
817	137
818	160
819	139
820	165
821	150
822	159
823	149
824	126
825	157
826	144
827	140
828	137
829	134
830	126
831	147
832	153
833	139
834	153
835	135
836	164
837	136
838	166
839	141
840	142
841	150
842	137
843	153
844	154
845	140
846	149
847	136
848	167
849	170
850	131
851	177
852	151
853	166
854	159
855	170
856	180
857	171
858	187
859	223
860	176
861	209
862	212
863	203
864	202
865	234
866	210
867	217
868	232
869	211
870	212
871	207
872	213
873	210
874	241
875	225
876	237
877	255
878	221
879	262
880	271
881	274
882	305
883	301
884	326
885	352
886	371
887	373
888	392
889	428
890	404
891	454
892	495
893	498
894	467
895	459
896	548
897	565
898	531
899	589
900	581
901	577
902	556
903	571
904	514
905	555
906	539
907	551
908	479
909	460
910	435
911	436
912	417
913	418
914	376
915	407
916	370
917	340
918	284
919	303
920	278
921	283
922	284
923	225
924	243
925	219
926	196
927	223
928	201
929	195
930	178
931	185
932	195
933	187
934	179
935	164
936	196
937	175
938	149
939	136
940	180
941	187
942	192
943	214
944	223
945	249
946	279
947	287
948	339
949	331
950	361
951	418
952	434
953	434
954	431
955	442
956	400
957	405
958	383
959	299
960	304
961	284
962	239
963	196
964	197
965	183
966	159
967	157
968	138
969	121
970	119
971	119
972	114
973	113
974	120
975	131
976	126
977	121
978	112
979	123
980	126
981	127
982	133
983	136
984	144
985	147
986	123
987	155
988	143
989	129
990	156
991	154
992	178
993	137
994	175
995	162
996	163
997	163
998	161
999	154
1000	198
1001	185
1002	193
1003	188
1004	173
1005	192
1006	178
1007	156
1008	171
1009	165
1010	157
1011	165
1012	163
1013	147
1014	159
1015	163
1016	143
1017	158
1018	137
1019	133
1020	120
1021	142
1022	143
1023	124
1024	137
