Date:	08/05/2018		Time:	22:05		Version no:	0.00		Project name:	55		Sample name:	222		Section name:	section		Position	343.715027	mm	E0	0.000000	keV	E1	1.000000	keV/channel	sample surface	6.308540	cm	Tube anode:	Mo		Tube voltage:	30	kV	Tube current:	50	mA	gain	10		std. database			resultfile	result		matrix element	11		sample thickness	1.000000		air passage	0.560000	cm	comments	in position		peaking_time	2.200000	m-sec	trigger_threshold	547.363281	V	mca_bin_width	22.090000	no:	number_mca_channels	1024.000000	no:	gap_time	0.150000	m-sec	trigger_peaking_time	0.200000	m-sec	GAINDAC	18610		HIGHGAIN	1		TAURC	1		RCTAU	1		RCTAUFRAC	1		livetime	9.529291	seconds	runtime	10.000497	seconds	input_count_rate	20650.958804	cps	output_count_rate	17413.834881	cps	triggers	196789	seconds	events_in_run	174147	seconds	channel	content		1	0
2	0
3	0
4	0
5	0
6	0
7	0
8	0
9	0
10	0
11	0
12	0
13	0
14	0
15	0
16	0
17	0
18	0
19	0
20	0
21	0
22	0
23	0
24	0
25	0
26	0
27	0
28	0
29	0
30	0
31	9
32	5
33	6
34	9
35	10
36	7
37	8
38	14
39	6
40	7
41	9
42	15
43	14
44	13
45	7
46	10
47	13
48	9
49	15
50	9
51	11
52	10
53	11
54	10
55	7
56	6
57	6
58	11
59	4
60	7
61	5
62	5
63	5
64	9
65	8
66	8
67	10
68	3
69	4
70	5
71	7
72	5
73	8
74	7
75	4
76	4
77	7
78	4
79	5
80	6
81	10
82	9
83	9
84	11
85	12
86	5
87	4
88	4
89	5
90	3
91	6
92	7
93	17
94	11
95	26
96	21
97	25
98	22
99	13
100	11
101	11
102	8
103	7
104	4
105	9
106	7
107	8
108	13
109	10
110	9
111	9
112	7
113	6
114	5
115	4
116	7
117	2
118	6
119	7
120	7
121	2
122	5
123	5
124	5
125	10
126	3
127	6
128	8
129	4
130	3
131	3
132	4
133	6
134	5
135	5
136	6
137	3
138	3
139	0
140	6
141	3
142	2
143	4
144	6
145	4
146	5
147	4
148	1
149	2
150	3
151	4
152	6
153	11
154	4
155	2
156	6
157	7
158	10
159	14
160	15
161	28
162	26
163	24
164	24
165	26
166	23
167	18
168	9
169	7
170	9
171	7
172	6
173	5
174	10
175	3
176	7
177	10
178	17
179	15
180	27
181	33
182	24
183	27
184	26
185	26
186	12
187	13
188	12
189	8
190	8
191	6
192	4
193	13
194	15
195	25
196	41
197	84
198	151
199	234
200	345
201	502
202	577
203	588
204	551
205	472
206	362
207	248
208	171
209	89
210	34
211	23
212	18
213	13
214	19
215	20
216	37
217	48
218	75
219	63
220	110
221	88
222	91
223	70
224	60
225	31
226	35
227	15
228	3
229	9
230	10
231	9
232	4
233	1
234	3
235	3
236	5
237	4
238	5
239	13
240	22
241	36
242	38
243	95
244	154
245	194
246	255
247	261
248	274
249	263
250	228
251	175
252	109
253	84
254	62
255	51
256	41
257	31
258	34
259	26
260	9
261	13
262	10
263	10
264	15
265	20
266	21
267	38
268	29
269	64
270	55
271	50
272	54
273	55
274	56
275	34
276	14
277	12
278	8
279	13
280	8
281	5
282	7
283	10
284	4
285	8
286	13
287	14
288	7
289	7
290	16
291	15
292	13
293	25
294	14
295	21
296	16
297	17
298	9
299	12
300	18
301	10
302	19
303	7
304	10
305	8
306	14
307	15
308	11
309	12
310	12
311	16
312	10
313	13
314	20
315	17
316	17
317	25
318	51
319	62
320	73
321	88
322	90
323	105
324	91
325	68
326	85
327	66
328	49
329	30
330	26
331	21
332	29
333	15
334	19
335	16
336	24
337	30
338	46
339	69
340	88
341	165
342	324
343	657
344	1105
345	1851
346	2862
347	3954
348	5322
349	6411
350	7281
351	7622
352	7313
353	6561
354	5327
355	4044
356	2778
357	1762
358	1047
359	580
360	318
361	150
362	70
363	47
364	46
365	36
366	36
367	31
368	40
369	38
370	39
371	47
372	42
373	49
374	42
375	51
376	82
377	93
378	125
379	207
380	285
381	402
382	578
383	831
384	1001
385	1179
386	1228
387	1275
388	1241
389	1063
390	849
391	665
392	438
393	295
394	204
395	114
396	81
397	50
398	31
399	26
400	18
401	23
402	19
403	22
404	29
405	29
406	22
407	36
408	33
409	38
410	30
411	30
412	24
413	30
414	29
415	25
416	25
417	25
418	23
419	41
420	23
421	25
422	21
423	17
424	30
425	29
426	23
427	30
428	29
429	34
430	11
431	31
432	34
433	31
434	35
435	33
436	43
437	55
438	39
439	43
440	41
441	52
442	43
443	53
444	59
445	43
446	61
447	47
448	58
449	46
450	47
451	50
452	47
453	44
454	52
455	48
456	57
457	64
458	57
459	79
460	73
461	54
462	79
463	59
464	65
465	53
466	58
467	46
468	43
469	51
470	51
471	53
472	54
473	46
474	65
475	46
476	48
477	43
478	45
479	42
480	43
481	46
482	46
483	45
484	42
485	30
486	51
487	36
488	56
489	39
490	35
491	45
492	48
493	50
494	28
495	49
496	47
497	52
498	46
499	48
500	62
501	49
502	55
503	54
504	63
505	53
506	65
507	52
508	78
509	51
510	56
511	50
512	59
513	72
514	61
515	66
516	49
517	70
518	54
519	63
520	61
521	57
522	74
523	78
524	93
525	70
526	75
527	70
528	70
529	90
530	80
531	78
532	73
533	84
534	68
535	60
536	64
537	73
538	63
539	65
540	70
541	64
542	57
543	56
544	68
545	58
546	60
547	71
548	48
549	72
550	63
551	71
552	56
553	58
554	62
555	57
556	64
557	47
558	63
559	69
560	49
561	59
562	64
563	50
564	69
565	61
566	46
567	74
568	56
569	61
570	68
571	63
572	60
573	76
574	54
575	59
576	80
577	62
578	47
579	66
580	69
581	74
582	63
583	59
584	56
585	63
586	78
587	63
588	76
589	58
590	79
591	62
592	70
593	63
594	75
595	88
596	64
597	71
598	70
599	80
600	65
601	63
602	71
603	68
604	61
605	65
606	90
607	66
608	83
609	85
610	80
611	96
612	71
613	65
614	61
615	86
616	84
617	85
618	66
619	99
620	80
621	72
622	76
623	70
624	73
625	81
626	85
627	89
628	60
629	85
630	83
631	87
632	93
633	94
634	93
635	67
636	84
637	76
638	80
639	75
640	76
641	86
642	80
643	76
644	74
645	85
646	82
647	96
648	100
649	75
650	92
651	76
652	89
653	84
654	64
655	86
656	68
657	82
658	74
659	89
660	73
661	82
662	106
663	81
664	87
665	95
666	82
667	79
668	74
669	92
670	97
671	67
672	90
673	90
674	84
675	74
676	87
677	93
678	88
679	95
680	96
681	102
682	95
683	97
684	83
685	92
686	85
687	98
688	97
689	97
690	84
691	102
692	86
693	90
694	101
695	103
696	88
697	103
698	97
699	97
700	109
701	96
702	95
703	92
704	104
705	89
706	89
707	113
708	113
709	108
710	103
711	93
712	90
713	98
714	92
715	93
716	107
717	86
718	90
719	109
720	101
721	98
722	93
723	90
724	100
725	109
726	116
727	86
728	121
729	85
730	119
731	104
732	107
733	116
734	107
735	104
736	97
737	90
738	85
739	91
740	101
741	86
742	88
743	117
744	103
745	94
746	99
747	98
748	112
749	93
750	122
751	82
752	117
753	110
754	94
755	99
756	84
757	86
758	115
759	126
760	90
761	125
762	118
763	99
764	131
765	160
766	163
767	187
768	173
769	213
770	250
771	285
772	291
773	264
774	241
775	251
776	257
777	221
778	229
779	182
780	176
781	172
782	146
783	151
784	105
785	126
786	107
787	115
788	115
789	97
790	110
791	114
792	101
793	110
794	107
795	119
796	107
797	97
798	115
799	95
800	117
801	88
802	102
803	89
804	106
805	82
806	105
807	111
808	101
809	104
810	111
811	110
812	118
813	126
814	109
815	121
816	116
817	106
818	117
819	117
820	119
821	115
822	101
823	128
824	101
825	104
826	127
827	128
828	106
829	110
830	98
831	104
832	96
833	100
834	109
835	106
836	102
837	106
838	105
839	118
840	109
841	118
842	117
843	113
844	113
845	129
846	120
847	116
848	138
849	141
850	144
851	140
852	127
853	115
854	144
855	138
856	143
857	138
858	172
859	170
860	174
861	188
862	205
863	208
864	230
865	178
866	172
867	174
868	194
869	184
870	154
871	181
872	173
873	174
874	184
875	170
876	180
877	174
878	183
879	208
880	186
881	215
882	211
883	207
884	217
885	236
886	259
887	243
888	307
889	307
890	315
891	347
892	347
893	336
894	401
895	352
896	385
897	385
898	362
899	366
900	396
901	410
902	370
903	371
904	387
905	392
906	384
907	371
908	368
909	334
910	337
911	300
912	333
913	289
914	264
915	259
916	275
917	267
918	229
919	233
920	204
921	198
922	196
923	188
924	169
925	165
926	153
927	145
928	149
929	158
930	124
931	143
932	147
933	141
934	129
935	135
936	120
937	147
938	135
939	131
940	147
941	157
942	171
943	190
944	190
945	197
946	201
947	250
948	297
949	309
950	306
951	352
952	329
953	369
954	368
955	350
956	341
957	346
958	327
959	267
960	269
961	224
962	220
963	197
964	155
965	154
966	135
967	104
968	95
969	103
970	78
971	94
972	92
973	102
974	107
975	99
976	92
977	101
978	82
979	94
980	113
981	102
982	108
983	119
984	108
985	109
986	95
987	100
988	110
989	110
990	91
991	110
992	124
993	116
994	97
995	115
996	118
997	121
998	105
999	120
1000	127
1001	124
1002	134
1003	117
1004	147
1005	144
1006	142
1007	134
1008	116
1009	134
1010	134
1011	128
1012	108
1013	122
1014	109
1015	119
1016	113
1017	126
1018	99
1019	109
1020	97
1021	85
1022	88
1023	80
1024	86
