Date:	08/05/2018		Time:	22:08		Version no:	0.00		Project name:	55		Sample name:	222		Section name:	section		Position	346.515045	mm	E0	0.000000	keV	E1	1.000000	keV/channel	sample surface	6.323383	cm	Tube anode:	Mo		Tube voltage:	30	kV	Tube current:	50	mA	gain	10		std. database			resultfile	result		matrix element	11		sample thickness	1.000000		air passage	0.560000	cm	comments	in position		peaking_time	2.200000	m-sec	trigger_threshold	547.363281	V	mca_bin_width	22.090000	no:	number_mca_channels	1024.000000	no:	gap_time	0.150000	m-sec	trigger_peaking_time	0.200000	m-sec	GAINDAC	18610		HIGHGAIN	1		TAURC	1		RCTAU	1		RCTAUFRAC	1		livetime	9.520117	seconds	runtime	10.000491	seconds	input_count_rate	21106.148614	cps	output_count_rate	17710.530059	cps	triggers	200933	seconds	events_in_run	177114	seconds	channel	content		1	0
2	0
3	0
4	0
5	0
6	0
7	0
8	0
9	0
10	0
11	0
12	0
13	0
14	0
15	0
16	0
17	0
18	0
19	0
20	0
21	0
22	0
23	0
24	0
25	0
26	0
27	0
28	0
29	0
30	0
31	12
32	12
33	16
34	12
35	11
36	12
37	14
38	16
39	11
40	7
41	11
42	12
43	11
44	12
45	12
46	9
47	12
48	6
49	7
50	7
51	5
52	13
53	9
54	10
55	14
56	10
57	14
58	15
59	5
60	9
61	7
62	3
63	6
64	8
65	9
66	9
67	7
68	4
69	8
70	9
71	10
72	3
73	9
74	4
75	11
76	4
77	6
78	10
79	6
80	4
81	12
82	13
83	8
84	9
85	8
86	3
87	9
88	8
89	5
90	3
91	8
92	11
93	11
94	20
95	18
96	22
97	21
98	19
99	10
100	13
101	7
102	10
103	7
104	7
105	11
106	12
107	8
108	7
109	12
110	9
111	7
112	7
113	4
114	4
115	6
116	2
117	3
118	3
119	4
120	4
121	6
122	6
123	3
124	6
125	3
126	3
127	2
128	4
129	4
130	2
131	4
132	8
133	5
134	1
135	2
136	2
137	4
138	3
139	2
140	4
141	6
142	5
143	3
144	6
145	4
146	4
147	5
148	3
149	4
150	2
151	8
152	7
153	2
154	2
155	5
156	4
157	4
158	4
159	15
160	16
161	21
162	24
163	30
164	31
165	30
166	20
167	8
168	9
169	5
170	7
171	12
172	3
173	5
174	9
175	9
176	13
177	13
178	22
179	26
180	23
181	35
182	39
183	26
184	25
185	19
186	23
187	14
188	10
189	2
190	2
191	6
192	4
193	7
194	9
195	24
196	38
197	73
198	129
199	232
200	333
201	493
202	550
203	555
204	549
205	481
206	373
207	229
208	139
209	82
210	38
211	21
212	12
213	11
214	17
215	23
216	33
217	57
218	80
219	97
220	94
221	88
222	104
223	63
224	47
225	37
226	30
227	17
228	9
229	4
230	3
231	4
232	5
233	6
234	2
235	2
236	2
237	11
238	9
239	13
240	20
241	35
242	59
243	99
244	159
245	182
246	268
247	272
248	282
249	274
250	201
251	195
252	138
253	95
254	55
255	57
256	51
257	31
258	27
259	26
260	21
261	15
262	13
263	19
264	13
265	22
266	23
267	35
268	35
269	51
270	37
271	79
272	59
273	70
274	47
275	17
276	25
277	24
278	9
279	9
280	4
281	11
282	7
283	10
284	10
285	6
286	10
287	7
288	12
289	14
290	11
291	13
292	15
293	19
294	19
295	17
296	18
297	13
298	14
299	16
300	8
301	16
302	15
303	12
304	11
305	15
306	9
307	11
308	16
309	12
310	16
311	17
312	7
313	10
314	12
315	36
316	21
317	31
318	35
319	53
320	62
321	75
322	93
323	110
324	83
325	101
326	69
327	72
328	61
329	38
330	44
331	26
332	19
333	25
334	21
335	28
336	40
337	33
338	41
339	77
340	101
341	161
342	375
343	626
344	1112
345	1871
346	2977
347	4073
348	5338
349	6607
350	7543
351	7802
352	7400
353	6561
354	5350
355	4004
356	2709
357	1767
358	1106
359	609
360	303
361	164
362	83
363	59
364	43
365	27
366	36
367	32
368	34
369	37
370	42
371	42
372	37
373	39
374	53
375	58
376	67
377	118
378	122
379	208
380	298
381	415
382	623
383	797
384	1002
385	1190
386	1316
387	1269
388	1278
389	1050
390	859
391	625
392	475
393	288
394	201
395	126
396	79
397	44
398	36
399	23
400	34
401	17
402	22
403	24
404	18
405	31
406	27
407	32
408	33
409	31
410	33
411	32
412	31
413	23
414	20
415	24
416	25
417	15
418	19
419	20
420	23
421	34
422	32
423	32
424	30
425	27
426	26
427	27
428	30
429	32
430	21
431	21
432	33
433	29
434	29
435	44
436	44
437	39
438	47
439	46
440	44
441	50
442	57
443	50
444	40
445	46
446	61
447	55
448	52
449	41
450	37
451	46
452	68
453	49
454	62
455	62
456	67
457	52
458	73
459	77
460	82
461	73
462	65
463	57
464	72
465	68
466	50
467	59
468	52
469	50
470	55
471	60
472	63
473	57
474	47
475	61
476	50
477	46
478	44
479	32
480	42
481	45
482	33
483	54
484	41
485	35
486	40
487	50
488	39
489	50
490	51
491	50
492	49
493	43
494	39
495	34
496	34
497	37
498	59
499	54
500	42
501	47
502	50
503	55
504	64
505	70
506	48
507	68
508	68
509	64
510	76
511	66
512	66
513	71
514	78
515	60
516	59
517	55
518	58
519	64
520	58
521	69
522	71
523	73
524	78
525	69
526	83
527	89
528	93
529	88
530	83
531	86
532	75
533	88
534	77
535	66
536	68
537	71
538	67
539	70
540	60
541	75
542	65
543	61
544	71
545	62
546	70
547	54
548	76
549	69
550	73
551	64
552	52
553	64
554	68
555	57
556	58
557	56
558	57
559	63
560	70
561	71
562	55
563	55
564	74
565	62
566	66
567	52
568	51
569	59
570	67
571	60
572	69
573	72
574	60
575	65
576	55
577	67
578	55
579	62
580	63
581	87
582	69
583	64
584	62
585	65
586	66
587	60
588	69
589	67
590	65
591	70
592	72
593	70
594	69
595	69
596	65
597	57
598	78
599	69
600	59
601	71
602	82
603	75
604	84
605	73
606	71
607	73
608	78
609	78
610	65
611	67
612	61
613	82
614	91
615	83
616	76
617	74
618	92
619	73
620	75
621	91
622	96
623	85
624	79
625	75
626	72
627	86
628	81
629	90
630	93
631	83
632	86
633	108
634	79
635	78
636	80
637	74
638	91
639	92
640	69
641	74
642	84
643	79
644	95
645	78
646	77
647	94
648	95
649	72
650	77
651	95
652	82
653	84
654	85
655	72
656	86
657	74
658	104
659	83
660	86
661	91
662	80
663	96
664	85
665	98
666	65
667	81
668	80
669	78
670	102
671	97
672	78
673	90
674	71
675	72
676	77
677	88
678	91
679	119
680	96
681	91
682	87
683	108
684	97
685	116
686	79
687	80
688	91
689	83
690	96
691	83
692	96
693	86
694	90
695	95
696	81
697	102
698	95
699	109
700	111
701	89
702	98
703	87
704	98
705	96
706	96
707	93
708	105
709	109
710	83
711	103
712	93
713	113
714	104
715	92
716	96
717	86
718	96
719	99
720	101
721	110
722	81
723	94
724	110
725	103
726	94
727	119
728	111
729	114
730	100
731	108
732	91
733	97
734	115
735	104
736	110
737	112
738	80
739	84
740	119
741	122
742	103
743	92
744	104
745	109
746	114
747	91
748	109
749	100
750	99
751	116
752	96
753	120
754	102
755	96
756	87
757	95
758	110
759	111
760	113
761	120
762	108
763	135
764	131
765	156
766	129
767	194
768	196
769	226
770	253
771	242
772	268
773	275
774	263
775	261
776	256
777	243
778	208
779	214
780	192
781	138
782	152
783	130
784	121
785	116
786	115
787	118
788	95
789	94
790	108
791	95
792	115
793	102
794	108
795	111
796	86
797	123
798	95
799	100
800	94
801	115
802	97
803	95
804	110
805	117
806	114
807	90
808	120
809	124
810	113
811	126
812	122
813	121
814	106
815	119
816	119
817	122
818	131
819	127
820	119
821	122
822	118
823	103
824	118
825	98
826	108
827	117
828	112
829	115
830	131
831	118
832	109
833	112
834	99
835	113
836	118
837	132
838	103
839	102
840	127
841	104
842	125
843	109
844	118
845	114
846	121
847	127
848	124
849	127
850	134
851	128
852	121
853	119
854	136
855	143
856	146
857	169
858	181
859	161
860	215
861	194
862	192
863	202
864	171
865	198
866	210
867	175
868	192
869	176
870	181
871	179
872	191
873	182
874	189
875	166
876	188
877	169
878	178
879	194
880	218
881	205
882	228
883	236
884	262
885	246
886	287
887	247
888	313
889	320
890	329
891	363
892	379
893	363
894	375
895	407
896	388
897	403
898	376
899	417
900	392
901	408
902	378
903	403
904	407
905	383
906	351
907	373
908	429
909	348
910	317
911	292
912	311
913	279
914	299
915	272
916	297
917	270
918	244
919	223
920	200
921	223
922	196
923	182
924	170
925	175
926	178
927	163
928	182
929	152
930	151
931	127
932	143
933	148
934	117
935	139
936	130
937	153
938	117
939	121
940	152
941	138
942	163
943	166
944	207
945	213
946	228
947	278
948	280
949	287
950	328
951	360
952	364
953	408
954	380
955	358
956	355
957	336
958	298
959	280
960	266
961	216
962	229
963	200
964	161
965	158
966	112
967	137
968	108
969	101
970	105
971	105
972	98
973	105
974	107
975	102
976	88
977	101
978	115
979	85
980	109
981	87
982	101
983	89
984	102
985	121
986	111
987	109
988	109
989	77
990	114
991	107
992	111
993	124
994	127
995	133
996	132
997	120
998	127
999	137
1000	134
1001	130
1002	134
1003	143
1004	137
1005	133
1006	133
1007	152
1008	136
1009	136
1010	115
1011	131
1012	97
1013	141
1014	114
1015	122
1016	98
1017	119
1018	118
1019	97
1020	92
1021	82
1022	92
1023	94
1024	105
