Date:	08/05/2018		Time:	22:06		Version no:	0.00		Project name:	55		Sample name:	222		Section name:	section		Position	343.915039	mm	E0	0.000000	keV	E1	1.000000	keV/channel	sample surface	6.309355	cm	Tube anode:	Mo		Tube voltage:	30	kV	Tube current:	50	mA	gain	10		std. database			resultfile	result		matrix element	11		sample thickness	1.000000		air passage	0.560000	cm	comments	in position		peaking_time	2.200000	m-sec	trigger_threshold	547.363281	V	mca_bin_width	22.090000	no:	number_mca_channels	1024.000000	no:	gap_time	0.150000	m-sec	trigger_peaking_time	0.200000	m-sec	GAINDAC	18610		HIGHGAIN	1		TAURC	1		RCTAU	1		RCTAUFRAC	1		livetime	9.539883	seconds	runtime	10.000493	seconds	input_count_rate	19923.619191	cps	output_count_rate	16877.968254	cps	triggers	190069	seconds	events_in_run	168788	seconds	channel	content		1	0
2	0
3	0
4	0
5	0
6	0
7	0
8	0
9	0
10	0
11	0
12	0
13	0
14	0
15	0
16	0
17	0
18	0
19	0
20	0
21	0
22	0
23	0
24	0
25	0
26	0
27	0
28	0
29	0
30	0
31	6
32	13
33	11
34	9
35	10
36	11
37	6
38	12
39	9
40	10
41	8
42	8
43	15
44	8
45	7
46	9
47	9
48	11
49	15
50	6
51	12
52	6
53	13
54	13
55	11
56	12
57	7
58	7
59	6
60	8
61	10
62	6
63	14
64	10
65	12
66	9
67	9
68	6
69	10
70	8
71	6
72	6
73	11
74	8
75	4
76	10
77	5
78	10
79	4
80	7
81	7
82	15
83	10
84	11
85	4
86	9
87	4
88	7
89	7
90	9
91	10
92	5
93	6
94	13
95	17
96	25
97	17
98	15
99	14
100	9
101	5
102	9
103	10
104	12
105	7
106	9
107	12
108	11
109	13
110	6
111	11
112	3
113	6
114	6
115	4
116	2
117	7
118	0
119	8
120	3
121	7
122	6
123	3
124	8
125	3
126	10
127	2
128	3
129	4
130	2
131	6
132	6
133	9
134	5
135	6
136	2
137	1
138	1
139	1
140	3
141	2
142	5
143	4
144	2
145	3
146	4
147	5
148	6
149	5
150	3
151	7
152	7
153	3
154	1
155	5
156	2
157	7
158	10
159	12
160	19
161	26
162	32
163	27
164	29
165	17
166	22
167	12
168	10
169	3
170	2
171	6
172	3
173	2
174	4
175	7
176	9
177	9
178	13
179	13
180	26
181	25
182	30
183	28
184	24
185	30
186	22
187	14
188	2
189	8
190	6
191	3
192	8
193	7
194	14
195	21
196	40
197	67
198	137
199	232
200	336
201	452
202	507
203	580
204	540
205	482
206	334
207	251
208	143
209	81
210	46
211	14
212	15
213	17
214	18
215	28
216	34
217	36
218	60
219	84
220	91
221	110
222	84
223	84
224	63
225	42
226	32
227	19
228	13
229	5
230	4
231	4
232	2
233	5
234	4
235	5
236	4
237	7
238	8
239	9
240	15
241	34
242	50
243	99
244	154
245	190
246	223
247	234
248	255
249	243
250	221
251	159
252	121
253	77
254	45
255	48
256	40
257	41
258	23
259	26
260	22
261	13
262	17
263	14
264	13
265	18
266	27
267	40
268	42
269	54
270	55
271	58
272	60
273	49
274	34
275	23
276	32
277	19
278	10
279	8
280	8
281	8
282	7
283	11
284	9
285	8
286	10
287	9
288	8
289	13
290	12
291	23
292	19
293	15
294	23
295	13
296	19
297	16
298	17
299	19
300	19
301	16
302	14
303	10
304	14
305	12
306	8
307	14
308	10
309	12
310	12
311	14
312	12
313	19
314	16
315	11
316	24
317	27
318	28
319	43
320	62
321	75
322	89
323	99
324	83
325	90
326	73
327	53
328	55
329	43
330	30
331	26
332	29
333	19
334	23
335	33
336	35
337	30
338	43
339	51
340	93
341	188
342	339
343	618
344	1063
345	1729
346	2739
347	3840
348	5054
349	6103
350	6803
351	7034
352	6962
353	6097
354	4713
355	3618
356	2533
357	1546
358	958
359	506
360	290
361	144
362	92
363	68
364	36
365	41
366	36
367	49
368	42
369	39
370	38
371	44
372	40
373	42
374	46
375	73
376	70
377	83
378	130
379	181
380	279
381	386
382	573
383	736
384	928
385	1099
386	1205
387	1209
388	1161
389	1077
390	876
391	613
392	454
393	284
394	184
395	97
396	66
397	42
398	33
399	24
400	25
401	21
402	27
403	16
404	19
405	28
406	21
407	20
408	27
409	35
410	22
411	24
412	35
413	26
414	17
415	28
416	23
417	24
418	23
419	26
420	30
421	29
422	26
423	18
424	25
425	20
426	34
427	21
428	26
429	33
430	22
431	33
432	33
433	25
434	34
435	41
436	37
437	31
438	43
439	43
440	48
441	46
442	42
443	62
444	46
445	54
446	42
447	37
448	43
449	53
450	42
451	57
452	46
453	48
454	57
455	58
456	63
457	62
458	88
459	85
460	75
461	71
462	67
463	74
464	55
465	68
466	47
467	50
468	39
469	48
470	48
471	62
472	54
473	61
474	54
475	45
476	49
477	54
478	47
479	44
480	50
481	37
482	52
483	34
484	52
485	42
486	49
487	39
488	52
489	47
490	46
491	56
492	43
493	47
494	52
495	41
496	51
497	33
498	48
499	53
500	45
501	43
502	52
503	44
504	66
505	53
506	55
507	53
508	63
509	60
510	55
511	70
512	60
513	54
514	68
515	57
516	68
517	57
518	75
519	65
520	53
521	78
522	76
523	68
524	71
525	65
526	74
527	73
528	87
529	81
530	95
531	102
532	88
533	82
534	67
535	72
536	71
537	57
538	77
539	53
540	75
541	67
542	76
543	61
544	79
545	59
546	76
547	63
548	65
549	58
550	66
551	65
552	58
553	56
554	58
555	65
556	56
557	51
558	54
559	59
560	54
561	59
562	69
563	61
564	56
565	68
566	67
567	60
568	55
569	63
570	47
571	51
572	75
573	60
574	52
575	58
576	59
577	64
578	96
579	73
580	69
581	80
582	74
583	58
584	64
585	68
586	67
587	73
588	68
589	62
590	58
591	54
592	75
593	59
594	68
595	64
596	77
597	89
598	71
599	59
600	83
601	71
602	81
603	85
604	76
605	80
606	68
607	71
608	91
609	91
610	74
611	74
612	76
613	78
614	82
615	86
616	79
617	73
618	79
619	66
620	63
621	91
622	77
623	75
624	75
625	78
626	71
627	91
628	79
629	85
630	71
631	75
632	73
633	77
634	84
635	84
636	100
637	78
638	86
639	78
640	83
641	87
642	69
643	68
644	77
645	77
646	87
647	84
648	66
649	69
650	82
651	85
652	83
653	76
654	75
655	92
656	87
657	82
658	77
659	91
660	86
661	75
662	82
663	88
664	93
665	96
666	89
667	72
668	75
669	75
670	89
671	82
672	69
673	77
674	85
675	83
676	72
677	89
678	99
679	94
680	70
681	101
682	90
683	85
684	93
685	103
686	113
687	86
688	103
689	87
690	92
691	104
692	102
693	87
694	97
695	86
696	96
697	93
698	105
699	96
700	105
701	115
702	99
703	79
704	91
705	92
706	94
707	84
708	79
709	91
710	100
711	92
712	96
713	90
714	103
715	86
716	87
717	91
718	77
719	101
720	110
721	99
722	101
723	104
724	99
725	100
726	103
727	89
728	123
729	105
730	100
731	109
732	96
733	97
734	79
735	101
736	106
737	110
738	121
739	110
740	105
741	120
742	105
743	108
744	93
745	97
746	108
747	105
748	87
749	110
750	100
751	106
752	109
753	89
754	107
755	94
756	92
757	104
758	91
759	117
760	78
761	107
762	106
763	130
764	134
765	143
766	168
767	153
768	182
769	195
770	195
771	251
772	253
773	258
774	269
775	237
776	234
777	242
778	212
779	207
780	187
781	155
782	134
783	122
784	129
785	121
786	102
787	103
788	117
789	111
790	111
791	115
792	103
793	116
794	113
795	120
796	110
797	116
798	111
799	119
800	101
801	104
802	95
803	100
804	102
805	95
806	86
807	125
808	112
809	96
810	108
811	112
812	113
813	97
814	116
815	136
816	121
817	142
818	125
819	104
820	130
821	112
822	120
823	114
824	124
825	114
826	87
827	119
828	126
829	103
830	110
831	117
832	118
833	130
834	122
835	120
836	116
837	122
838	111
839	96
840	100
841	131
842	93
843	103
844	151
845	111
846	120
847	116
848	125
849	107
850	111
851	132
852	135
853	135
854	134
855	135
856	140
857	167
858	180
859	182
860	167
861	199
862	195
863	182
864	174
865	184
866	201
867	168
868	200
869	191
870	179
871	169
872	172
873	195
874	168
875	205
876	179
877	168
878	194
879	204
880	209
881	201
882	208
883	250
884	253
885	249
886	255
887	282
888	296
889	313
890	275
891	325
892	337
893	352
894	392
895	373
896	380
897	397
898	390
899	377
900	407
901	392
902	390
903	419
904	400
905	367
906	371
907	375
908	349
909	381
910	307
911	323
912	329
913	279
914	311
915	263
916	253
917	269
918	211
919	242
920	207
921	193
922	202
923	198
924	176
925	164
926	179
927	160
928	159
929	129
930	143
931	139
932	119
933	139
934	118
935	127
936	138
937	121
938	128
939	135
940	129
941	156
942	129
943	172
944	175
945	184
946	220
947	232
948	261
949	268
950	355
951	373
952	340
953	395
954	336
955	357
956	340
957	333
958	324
959	288
960	271
961	219
962	228
963	160
964	157
965	136
966	101
967	119
968	95
969	100
970	102
971	88
972	112
973	102
974	102
975	88
976	96
977	101
978	88
979	82
980	103
981	104
982	104
983	99
984	105
985	93
986	126
987	100
988	100
989	96
990	104
991	111
992	100
993	118
994	121
995	114
996	124
997	115
998	141
999	126
1000	112
1001	149
1002	130
1003	148
1004	122
1005	99
1006	132
1007	122
1008	117
1009	153
1010	104
1011	117
1012	142
1013	149
1014	114
1015	85
1016	110
1017	88
1018	118
1019	101
1020	103
1021	100
1022	98
1023	89
1024	86
