Date:	08/05/2018		Time:	23:09		Version no:	0.00		Project name:	55		Sample name:	222		Section name:	section		Position	410.515045	mm	E0	0.000000	keV	E1	1.000000	keV/channel	sample surface	6.146328	cm	Tube anode:	Mo		Tube voltage:	30	kV	Tube current:	50	mA	gain	10		std. database			resultfile	result		matrix element	11		sample thickness	1.000000		air passage	0.560000	cm	comments	in position		peaking_time	2.200000	m-sec	trigger_threshold	547.363281	V	mca_bin_width	22.090000	no:	number_mca_channels	1024.000000	no:	gap_time	0.150000	m-sec	trigger_peaking_time	0.200000	m-sec	GAINDAC	18610		HIGHGAIN	1		TAURC	1		RCTAU	1		RCTAUFRAC	1		livetime	9.389375	seconds	runtime	10.000490	seconds	input_count_rate	26760.034044	cps	output_count_rate	21547.245047	cps	triggers	251260	seconds	events_in_run	215483	seconds	channel	content		1	0
2	0
3	0
4	0
5	0
6	0
7	0
8	0
9	0
10	0
11	0
12	0
13	0
14	0
15	0
16	0
17	0
18	0
19	0
20	0
21	0
22	0
23	0
24	0
25	0
26	0
27	0
28	0
29	0
30	0
31	13
32	16
33	11
34	21
35	6
36	18
37	14
38	13
39	13
40	15
41	16
42	14
43	16
44	15
45	15
46	13
47	10
48	14
49	16
50	11
51	9
52	18
53	13
54	19
55	9
56	12
57	10
58	14
59	10
60	8
61	16
62	11
63	16
64	16
65	8
66	9
67	12
68	11
69	12
70	13
71	9
72	6
73	7
74	7
75	9
76	6
77	2
78	5
79	7
80	5
81	9
82	8
83	8
84	10
85	10
86	3
87	7
88	4
89	7
90	10
91	4
92	4
93	9
94	13
95	14
96	30
97	16
98	18
99	12
100	11
101	12
102	6
103	7
104	9
105	5
106	5
107	10
108	6
109	9
110	7
111	12
112	3
113	8
114	10
115	8
116	9
117	2
118	4
119	4
120	7
121	4
122	6
123	6
124	5
125	5
126	6
127	4
128	4
129	4
130	6
131	3
132	7
133	9
134	3
135	3
136	2
137	4
138	8
139	4
140	2
141	3
142	3
143	3
144	3
145	2
146	3
147	3
148	2
149	6
150	6
151	8
152	8
153	6
154	11
155	0
156	5
157	6
158	16
159	11
160	19
161	24
162	36
163	19
164	24
165	17
166	13
167	13
168	8
169	4
170	7
171	5
172	6
173	7
174	7
175	8
176	11
177	15
178	15
179	14
180	16
181	19
182	26
183	23
184	14
185	21
186	14
187	8
188	8
189	9
190	5
191	1
192	4
193	4
194	13
195	13
196	19
197	54
198	103
199	144
200	240
201	295
202	321
203	361
204	355
205	301
206	211
207	168
208	91
209	45
210	26
211	12
212	7
213	6
214	15
215	20
216	24
217	29
218	67
219	51
220	56
221	75
222	68
223	62
224	37
225	25
226	12
227	10
228	7
229	6
230	5
231	2
232	4
233	6
234	8
235	1
236	2
237	6
238	11
239	17
240	29
241	41
242	82
243	120
244	188
245	220
246	316
247	346
248	347
249	314
250	277
251	197
252	142
253	131
254	74
255	61
256	36
257	42
258	34
259	33
260	25
261	17
262	16
263	24
264	18
265	30
266	33
267	45
268	55
269	73
270	76
271	82
272	80
273	85
274	55
275	36
276	35
277	21
278	13
279	10
280	13
281	7
282	12
283	15
284	14
285	14
286	15
287	14
288	17
289	18
290	11
291	17
292	21
293	22
294	16
295	18
296	23
297	17
298	23
299	23
300	12
301	19
302	10
303	22
304	17
305	14
306	18
307	22
308	13
309	12
310	14
311	16
312	12
313	15
314	16
315	21
316	23
317	36
318	42
319	61
320	72
321	105
322	102
323	139
324	104
325	127
326	104
327	85
328	47
329	50
330	45
331	33
332	38
333	35
334	33
335	37
336	41
337	59
338	59
339	80
340	139
341	245
342	485
343	807
344	1385
345	2399
346	3511
347	5217
348	6613
349	8208
350	9243
351	9661
352	8960
353	7782
354	6373
355	4779
356	3354
357	2223
358	1242
359	697
360	374
361	200
362	112
363	70
364	40
365	46
366	37
367	34
368	40
369	41
370	42
371	59
372	46
373	63
374	72
375	71
376	92
377	132
378	168
379	265
380	387
381	496
382	794
383	1021
384	1273
385	1416
386	1603
387	1569
388	1490
389	1298
390	1123
391	809
392	578
393	400
394	219
395	136
396	82
397	43
398	42
399	31
400	31
401	20
402	34
403	37
404	26
405	25
406	33
407	31
408	37
409	44
410	23
411	29
412	44
413	40
414	29
415	29
416	25
417	37
418	26
419	29
420	26
421	25
422	23
423	24
424	36
425	32
426	40
427	33
428	32
429	21
430	40
431	44
432	44
433	39
434	49
435	67
436	49
437	56
438	71
439	71
440	80
441	89
442	75
443	65
444	80
445	76
446	75
447	54
448	54
449	68
450	63
451	50
452	68
453	53
454	81
455	65
456	69
457	70
458	76
459	88
460	70
461	62
462	84
463	66
464	68
465	52
466	50
467	65
468	49
469	47
470	59
471	67
472	73
473	59
474	87
475	62
476	55
477	58
478	72
479	56
480	58
481	50
482	49
483	56
484	48
485	67
486	56
487	57
488	55
489	61
490	60
491	59
492	55
493	50
494	50
495	53
496	61
497	68
498	60
499	64
500	64
501	66
502	65
503	66
504	65
505	67
506	56
507	81
508	72
509	81
510	93
511	83
512	67
513	70
514	79
515	64
516	87
517	76
518	88
519	81
520	72
521	79
522	92
523	89
524	73
525	100
526	97
527	93
528	88
529	100
530	101
531	101
532	89
533	82
534	90
535	77
536	114
537	85
538	89
539	71
540	82
541	86
542	75
543	74
544	80
545	93
546	83
547	96
548	78
549	85
550	86
551	63
552	71
553	81
554	66
555	82
556	82
557	63
558	68
559	70
560	68
561	71
562	80
563	68
564	74
565	100
566	96
567	86
568	81
569	74
570	73
571	81
572	86
573	67
574	82
575	88
576	90
577	82
578	89
579	78
580	91
581	94
582	72
583	98
584	84
585	76
586	74
587	89
588	87
589	94
590	83
591	84
592	79
593	82
594	87
595	81
596	67
597	88
598	77
599	81
600	82
601	103
602	88
603	106
604	71
605	66
606	78
607	87
608	81
609	98
610	89
611	100
612	89
613	88
614	98
615	93
616	99
617	95
618	109
619	85
620	101
621	111
622	98
623	109
624	91
625	102
626	95
627	83
628	78
629	90
630	98
631	102
632	118
633	101
634	108
635	77
636	104
637	120
638	104
639	111
640	105
641	100
642	100
643	97
644	100
645	129
646	117
647	107
648	117
649	120
650	112
651	111
652	94
653	125
654	95
655	134
656	120
657	120
658	114
659	127
660	108
661	89
662	101
663	100
664	95
665	109
666	123
667	97
668	93
669	122
670	104
671	129
672	123
673	122
674	97
675	113
676	108
677	123
678	114
679	123
680	130
681	123
682	131
683	115
684	105
685	130
686	117
687	113
688	117
689	114
690	118
691	112
692	99
693	111
694	111
695	120
696	135
697	124
698	134
699	116
700	133
701	133
702	113
703	134
704	147
705	114
706	106
707	122
708	136
709	133
710	118
711	106
712	116
713	124
714	137
715	143
716	109
717	121
718	109
719	116
720	135
721	128
722	127
723	122
724	118
725	119
726	134
727	145
728	117
729	133
730	135
731	114
732	121
733	128
734	138
735	134
736	135
737	121
738	136
739	147
740	125
741	124
742	121
743	150
744	125
745	131
746	133
747	114
748	130
749	126
750	131
751	127
752	109
753	135
754	131
755	140
756	133
757	123
758	135
759	146
760	129
761	127
762	170
763	131
764	140
765	154
766	178
767	182
768	191
769	228
770	220
771	288
772	272
773	265
774	255
775	272
776	258
777	244
778	233
779	162
780	197
781	174
782	162
783	150
784	162
785	128
786	128
787	122
788	131
789	125
790	136
791	135
792	135
793	129
794	140
795	138
796	124
797	129
798	118
799	124
800	131
801	125
802	128
803	135
804	140
805	121
806	138
807	158
808	123
809	128
810	130
811	159
812	165
813	145
814	146
815	151
816	147
817	122
818	145
819	154
820	141
821	142
822	160
823	153
824	141
825	153
826	148
827	156
828	156
829	138
830	136
831	125
832	152
833	138
834	149
835	140
836	149
837	138
838	153
839	152
840	143
841	149
842	161
843	138
844	145
845	128
846	159
847	162
848	143
849	164
850	150
851	145
852	180
853	150
854	178
855	190
856	170
857	193
858	194
859	188
860	201
861	204
862	217
863	213
864	243
865	237
866	202
867	242
868	210
869	214
870	227
871	199
872	201
873	239
874	232
875	248
876	218
877	285
878	242
879	250
880	272
881	291
882	327
883	300
884	320
885	304
886	383
887	392
888	371
889	411
890	425
891	460
892	476
893	474
894	478
895	554
896	525
897	517
898	557
899	559
900	537
901	528
902	528
903	574
904	565
905	506
906	543
907	531
908	480
909	483
910	439
911	454
912	476
913	369
914	369
915	351
916	343
917	386
918	286
919	300
920	281
921	255
922	284
923	234
924	235
925	218
926	195
927	199
928	192
929	175
930	189
931	164
932	174
933	167
934	172
935	154
936	148
937	153
938	174
939	166
940	146
941	179
942	229
943	202
944	220
945	228
946	283
947	287
948	330
949	349
950	379
951	404
952	441
953	450
954	409
955	448
956	406
957	389
958	371
959	319
960	330
961	273
962	255
963	194
964	197
965	178
966	167
967	143
968	146
969	132
970	136
971	141
972	117
973	126
974	130
975	121
976	135
977	129
978	122
979	143
980	152
981	124
982	136
983	111
984	122
985	149
986	129
987	146
988	133
989	139
990	125
991	157
992	163
993	151
994	158
995	131
996	151
997	174
998	185
999	171
1000	164
1001	187
1002	164
1003	173
1004	171
1005	190
1006	188
1007	170
1008	187
1009	180
1010	164
1011	178
1012	155
1013	165
1014	159
1015	136
1016	152
1017	146
1018	148
1019	133
1020	141
1021	103
1022	128
1023	94
1024	129
