Date:	08/05/2018		Time:	23:37		Version no:	0.00		Project name:	55		Sample name:	222		Section name:	section		Position	440.115021	mm	E0	0.000000	keV	E1	1.000000	keV/channel	sample surface	6.286351	cm	Tube anode:	Mo		Tube voltage:	30	kV	Tube current:	50	mA	gain	10		std. database			resultfile	result		matrix element	11		sample thickness	1.000000		air passage	0.560000	cm	comments	in position		peaking_time	2.200000	m-sec	trigger_threshold	547.363281	V	mca_bin_width	22.090000	no:	number_mca_channels	1024.000000	no:	gap_time	0.150000	m-sec	trigger_peaking_time	0.200000	m-sec	GAINDAC	18610		HIGHGAIN	1		TAURC	1		RCTAU	1		RCTAUFRAC	1		livetime	9.396114	seconds	runtime	10.000489	seconds	input_count_rate	26171.033096	cps	output_count_rate	21163.365535	cps	triggers	245906	seconds	events_in_run	211644	seconds	channel	content		1	0
2	0
3	0
4	0
5	0
6	0
7	0
8	0
9	0
10	0
11	0
12	0
13	0
14	0
15	0
16	0
17	0
18	0
19	0
20	0
21	0
22	0
23	0
24	0
25	0
26	0
27	0
28	0
29	0
30	0
31	18
32	18
33	11
34	11
35	16
36	14
37	21
38	7
39	13
40	10
41	20
42	15
43	13
44	14
45	15
46	14
47	13
48	13
49	12
50	11
51	12
52	18
53	14
54	6
55	14
56	7
57	11
58	13
59	14
60	8
61	7
62	9
63	10
64	5
65	14
66	15
67	9
68	12
69	10
70	9
71	7
72	12
73	6
74	10
75	7
76	7
77	8
78	8
79	6
80	6
81	13
82	13
83	13
84	13
85	7
86	11
87	5
88	11
89	2
90	7
91	8
92	10
93	15
94	22
95	20
96	26
97	34
98	18
99	16
100	12
101	9
102	3
103	7
104	11
105	10
106	12
107	13
108	10
109	6
110	5
111	5
112	6
113	8
114	5
115	4
116	3
117	6
118	5
119	3
120	6
121	6
122	4
123	6
124	4
125	3
126	5
127	7
128	6
129	7
130	3
131	4
132	6
133	6
134	6
135	5
136	3
137	4
138	5
139	4
140	4
141	2
142	5
143	5
144	7
145	2
146	3
147	5
148	3
149	4
150	6
151	8
152	5
153	6
154	3
155	5
156	6
157	13
158	7
159	13
160	23
161	19
162	27
163	29
164	24
165	19
166	18
167	9
168	12
169	2
170	5
171	8
172	4
173	4
174	3
175	7
176	9
177	14
178	19
179	17
180	27
181	31
182	29
183	39
184	17
185	25
186	15
187	11
188	10
189	6
190	8
191	4
192	5
193	4
194	13
195	25
196	38
197	68
198	107
199	170
200	280
201	369
202	422
203	441
204	385
205	316
206	267
207	164
208	108
209	74
210	26
211	16
212	13
213	8
214	14
215	26
216	28
217	44
218	64
219	58
220	81
221	66
222	84
223	56
224	35
225	30
226	20
227	15
228	9
229	8
230	11
231	4
232	6
233	4
234	3
235	4
236	2
237	2
238	7
239	8
240	11
241	26
242	55
243	72
244	95
245	132
246	157
247	172
248	180
249	164
250	158
251	124
252	93
253	74
254	54
255	50
256	45
257	35
258	25
259	19
260	20
261	12
262	16
263	11
264	15
265	15
266	22
267	27
268	39
269	61
270	51
271	57
272	58
273	38
274	39
275	26
276	28
277	18
278	16
279	14
280	12
281	15
282	13
283	10
284	16
285	12
286	11
287	19
288	16
289	12
290	12
291	23
292	25
293	19
294	15
295	15
296	16
297	23
298	19
299	18
300	14
301	13
302	21
303	25
304	13
305	13
306	17
307	14
308	15
309	20
310	13
311	13
312	20
313	16
314	21
315	24
316	24
317	47
318	48
319	81
320	120
321	133
322	150
323	171
324	164
325	151
326	110
327	103
328	64
329	52
330	39
331	50
332	24
333	27
334	38
335	31
336	20
337	40
338	50
339	81
340	106
341	233
342	412
343	696
344	1325
345	2148
346	3493
347	4892
348	6272
349	7762
350	8561
351	8857
352	8560
353	7443
354	6066
355	4558
356	3102
357	2000
358	1219
359	625
360	364
361	202
362	101
363	67
364	55
365	41
366	49
367	45
368	46
369	60
370	45
371	51
372	73
373	60
374	59
375	77
376	89
377	120
378	154
379	250
380	324
381	517
382	716
383	949
384	1148
385	1342
386	1433
387	1518
388	1388
389	1209
390	1020
391	751
392	485
393	343
394	209
395	139
396	72
397	62
398	45
399	29
400	31
401	31
402	32
403	34
404	35
405	42
406	39
407	31
408	37
409	35
410	43
411	36
412	39
413	44
414	37
415	45
416	33
417	34
418	36
419	33
420	41
421	38
422	29
423	33
424	32
425	44
426	42
427	49
428	39
429	46
430	36
431	38
432	31
433	47
434	52
435	61
436	68
437	61
438	71
439	70
440	60
441	79
442	59
443	85
444	70
445	75
446	75
447	76
448	68
449	67
450	55
451	66
452	70
453	68
454	65
455	62
456	69
457	81
458	75
459	84
460	89
461	97
462	92
463	92
464	75
465	62
466	72
467	57
468	52
469	70
470	71
471	73
472	54
473	56
474	69
475	78
476	62
477	61
478	60
479	77
480	58
481	59
482	57
483	58
484	63
485	64
486	59
487	62
488	60
489	64
490	68
491	59
492	81
493	51
494	62
495	66
496	65
497	61
498	54
499	60
500	60
501	57
502	56
503	66
504	74
505	92
506	67
507	66
508	79
509	87
510	73
511	88
512	82
513	98
514	78
515	77
516	85
517	88
518	91
519	95
520	111
521	86
522	95
523	106
524	92
525	91
526	96
527	106
528	105
529	94
530	113
531	113
532	104
533	110
534	104
535	103
536	118
537	79
538	93
539	83
540	92
541	73
542	73
543	87
544	73
545	92
546	98
547	104
548	83
549	89
550	79
551	75
552	54
553	76
554	85
555	80
556	75
557	97
558	86
559	92
560	77
561	78
562	79
563	85
564	84
565	78
566	77
567	81
568	86
569	90
570	89
571	96
572	90
573	85
574	80
575	83
576	89
577	91
578	89
579	87
580	88
581	90
582	91
583	96
584	93
585	98
586	83
587	83
588	95
589	93
590	109
591	91
592	119
593	109
594	93
595	96
596	83
597	91
598	102
599	92
600	99
601	95
602	104
603	117
604	121
605	105
606	110
607	103
608	90
609	97
610	107
611	98
612	130
613	107
614	94
615	82
616	88
617	115
618	109
619	104
620	90
621	101
622	100
623	101
624	109
625	85
626	110
627	115
628	100
629	115
630	105
631	109
632	93
633	105
634	103
635	119
636	95
637	133
638	117
639	112
640	115
641	108
642	106
643	128
644	116
645	101
646	104
647	108
648	112
649	112
650	98
651	109
652	110
653	109
654	133
655	140
656	114
657	108
658	128
659	132
660	106
661	126
662	109
663	118
664	107
665	109
666	111
667	111
668	110
669	117
670	101
671	101
672	130
673	118
674	122
675	114
676	112
677	141
678	103
679	108
680	100
681	122
682	118
683	117
684	125
685	122
686	120
687	122
688	139
689	112
690	120
691	112
692	116
693	118
694	114
695	120
696	133
697	112
698	142
699	132
700	116
701	125
702	132
703	135
704	134
705	141
706	118
707	132
708	123
709	144
710	128
711	121
712	137
713	137
714	125
715	119
716	107
717	122
718	155
719	142
720	138
721	134
722	125
723	119
724	133
725	130
726	123
727	133
728	135
729	162
730	146
731	149
732	144
733	145
734	127
735	126
736	141
737	142
738	151
739	128
740	122
741	130
742	147
743	140
744	118
745	124
746	142
747	131
748	150
749	135
750	118
751	116
752	157
753	125
754	150
755	124
756	152
757	135
758	139
759	130
760	127
761	160
762	134
763	152
764	163
765	174
766	183
767	220
768	249
769	246
770	269
771	294
772	331
773	310
774	336
775	323
776	284
777	267
778	255
779	229
780	196
781	186
782	181
783	162
784	169
785	131
786	150
787	137
788	150
789	145
790	141
791	154
792	133
793	156
794	149
795	124
796	124
797	139
798	127
799	143
800	146
801	142
802	134
803	146
804	137
805	116
806	138
807	153
808	148
809	138
810	160
811	140
812	150
813	165
814	157
815	144
816	135
817	153
818	150
819	130
820	132
821	141
822	129
823	160
824	142
825	135
826	149
827	133
828	143
829	155
830	112
831	163
832	151
833	139
834	164
835	144
836	130
837	152
838	154
839	159
840	134
841	164
842	138
843	126
844	136
845	154
846	124
847	141
848	156
849	157
850	145
851	173
852	173
853	163
854	178
855	170
856	180
857	163
858	202
859	194
860	187
861	213
862	192
863	207
864	212
865	199
866	208
867	218
868	203
869	206
870	210
871	232
872	241
873	240
874	232
875	213
876	229
877	217
878	252
879	254
880	254
881	278
882	276
883	287
884	320
885	360
886	358
887	400
888	399
889	438
890	431
891	471
892	478
893	499
894	480
895	476
896	519
897	545
898	534
899	552
900	518
901	605
902	593
903	536
904	521
905	498
906	491
907	517
908	479
909	460
910	465
911	444
912	456
913	384
914	356
915	352
916	341
917	353
918	319
919	305
920	263
921	239
922	285
923	232
924	247
925	185
926	218
927	199
928	176
929	199
930	178
931	201
932	181
933	161
934	160
935	157
936	156
937	153
938	152
939	184
940	178
941	179
942	170
943	194
944	240
945	246
946	276
947	308
948	332
949	362
950	352
951	380
952	425
953	435
954	432
955	432
956	397
957	383
958	411
959	349
960	323
961	247
962	232
963	199
964	197
965	161
966	133
967	154
968	132
969	125
970	130
971	120
972	132
973	126
974	109
975	125
976	135
977	124
978	110
979	131
980	125
981	112
982	129
983	150
984	141
985	143
986	158
987	136
988	143
989	153
990	137
991	133
992	154
993	175
994	158
995	154
996	181
997	185
998	169
999	189
1000	185
1001	177
1002	164
1003	178
1004	186
1005	173
1006	184
1007	168
1008	150
1009	174
1010	176
1011	178
1012	168
1013	184
1014	178
1015	151
1016	132
1017	129
1018	153
1019	127
1020	142
1021	130
1022	138
1023	131
1024	106
