Date:	08/05/2018		Time:	22:48		Version no:	0.00		Project name:	55		Sample name:	222		Section name:	section		Position	388.915039	mm	E0	0.000000	keV	E1	1.000000	keV/channel	sample surface	6.154519	cm	Tube anode:	Mo		Tube voltage:	30	kV	Tube current:	50	mA	gain	10		std. database			resultfile	result		matrix element	11		sample thickness	1.000000		air passage	0.560000	cm	comments	in position		peaking_time	2.200000	m-sec	trigger_threshold	547.363281	V	mca_bin_width	22.090000	no:	number_mca_channels	1024.000000	no:	gap_time	0.150000	m-sec	trigger_peaking_time	0.200000	m-sec	GAINDAC	18610		HIGHGAIN	1		TAURC	1		RCTAU	1		RCTAUFRAC	1		livetime	9.419524	seconds	runtime	10.000492	seconds	input_count_rate	25293.210145	cps	output_count_rate	20598.186569	cps	triggers	238250	seconds	events_in_run	205992	seconds	channel	content		1	0
2	0
3	0
4	0
5	0
6	0
7	0
8	0
9	0
10	0
11	0
12	0
13	0
14	0
15	0
16	0
17	0
18	0
19	0
20	0
21	0
22	0
23	0
24	0
25	0
26	0
27	0
28	0
29	0
30	0
31	12
32	16
33	11
34	12
35	8
36	10
37	13
38	17
39	16
40	22
41	14
42	14
43	12
44	9
45	9
46	9
47	10
48	11
49	17
50	9
51	9
52	17
53	16
54	11
55	20
56	10
57	11
58	9
59	8
60	11
61	17
62	6
63	5
64	8
65	8
66	8
67	8
68	8
69	15
70	5
71	10
72	8
73	13
74	6
75	3
76	7
77	8
78	12
79	13
80	13
81	17
82	15
83	8
84	11
85	9
86	6
87	8
88	6
89	6
90	5
91	5
92	9
93	11
94	22
95	16
96	23
97	17
98	11
99	13
100	6
101	10
102	10
103	10
104	9
105	12
106	9
107	14
108	16
109	13
110	5
111	7
112	3
113	6
114	3
115	2
116	5
117	4
118	6
119	6
120	3
121	1
122	4
123	5
124	8
125	8
126	6
127	4
128	10
129	3
130	8
131	3
132	2
133	2
134	2
135	4
136	3
137	6
138	6
139	4
140	4
141	6
142	3
143	2
144	4
145	3
146	3
147	4
148	3
149	2
150	9
151	4
152	9
153	6
154	5
155	6
156	5
157	7
158	13
159	14
160	17
161	30
162	19
163	24
164	33
165	30
166	14
167	6
168	12
169	8
170	2
171	9
172	3
173	2
174	12
175	9
176	6
177	11
178	12
179	14
180	17
181	25
182	22
183	22
184	20
185	18
186	8
187	9
188	7
189	5
190	2
191	4
192	8
193	5
194	9
195	21
196	33
197	61
198	100
199	188
200	269
201	348
202	420
203	498
204	440
205	409
206	282
207	195
208	117
209	54
210	26
211	14
212	11
213	13
214	16
215	18
216	25
217	39
218	55
219	75
220	79
221	74
222	75
223	61
224	48
225	22
226	13
227	7
228	9
229	9
230	7
231	9
232	0
233	6
234	5
235	5
236	7
237	4
238	8
239	10
240	18
241	23
242	41
243	53
244	103
245	127
246	174
247	164
248	189
249	199
250	142
251	132
252	109
253	71
254	54
255	63
256	42
257	46
258	40
259	31
260	22
261	14
262	19
263	16
264	14
265	15
266	17
267	25
268	35
269	56
270	55
271	53
272	58
273	39
274	35
275	28
276	25
277	21
278	12
279	9
280	11
281	14
282	13
283	15
284	16
285	8
286	15
287	15
288	23
289	14
290	17
291	27
292	18
293	21
294	24
295	21
296	17
297	20
298	16
299	17
300	22
301	25
302	17
303	15
304	7
305	16
306	12
307	13
308	13
309	9
310	13
311	10
312	13
313	18
314	19
315	18
316	29
317	24
318	48
319	50
320	66
321	82
322	84
323	122
324	100
325	80
326	85
327	73
328	48
329	45
330	31
331	30
332	29
333	21
334	35
335	28
336	33
337	49
338	49
339	82
340	113
341	210
342	380
343	773
344	1283
345	2205
346	3388
347	4907
348	6381
349	7706
350	8541
351	8866
352	8595
353	7601
354	5992
355	4658
356	3156
357	2061
358	1200
359	691
360	352
361	208
362	97
363	64
364	57
365	38
366	45
367	43
368	46
369	33
370	31
371	39
372	48
373	54
374	69
375	67
376	88
377	100
378	183
379	244
380	350
381	463
382	723
383	956
384	1100
385	1367
386	1516
387	1502
388	1446
389	1193
390	940
391	825
392	494
393	347
394	222
395	155
396	83
397	53
398	34
399	39
400	26
401	27
402	25
403	32
404	29
405	34
406	30
407	29
408	40
409	53
410	28
411	30
412	30
413	34
414	35
415	36
416	31
417	21
418	39
419	33
420	25
421	38
422	34
423	38
424	33
425	28
426	36
427	37
428	39
429	31
430	28
431	31
432	39
433	48
434	28
435	44
436	44
437	57
438	57
439	60
440	75
441	65
442	79
443	75
444	73
445	80
446	54
447	58
448	64
449	50
450	60
451	49
452	57
453	63
454	66
455	57
456	67
457	66
458	68
459	94
460	70
461	76
462	82
463	63
464	66
465	59
466	48
467	56
468	55
469	56
470	53
471	54
472	64
473	59
474	80
475	55
476	70
477	62
478	52
479	49
480	54
481	42
482	55
483	51
484	51
485	40
486	52
487	60
488	57
489	56
490	60
491	58
492	41
493	51
494	55
495	61
496	62
497	67
498	56
499	56
500	61
501	50
502	69
503	61
504	63
505	60
506	65
507	65
508	68
509	75
510	84
511	69
512	73
513	85
514	84
515	86
516	82
517	73
518	76
519	80
520	80
521	79
522	75
523	72
524	82
525	102
526	94
527	94
528	83
529	91
530	103
531	95
532	92
533	64
534	89
535	89
536	104
537	83
538	83
539	84
540	74
541	79
542	86
543	88
544	68
545	91
546	74
547	79
548	67
549	75
550	81
551	73
552	60
553	66
554	66
555	71
556	90
557	68
558	72
559	84
560	72
561	77
562	67
563	90
564	80
565	77
566	75
567	67
568	84
569	71
570	70
571	72
572	86
573	81
574	68
575	92
576	72
577	81
578	84
579	69
580	87
581	80
582	86
583	79
584	58
585	98
586	70
587	89
588	81
589	87
590	92
591	83
592	85
593	82
594	103
595	83
596	76
597	72
598	92
599	83
600	90
601	109
602	81
603	104
604	110
605	96
606	94
607	83
608	82
609	90
610	83
611	90
612	108
613	89
614	94
615	100
616	101
617	98
618	94
619	99
620	122
621	83
622	84
623	97
624	91
625	95
626	110
627	105
628	102
629	103
630	101
631	111
632	89
633	99
634	92
635	98
636	101
637	92
638	102
639	107
640	99
641	101
642	95
643	98
644	104
645	98
646	91
647	94
648	113
649	103
650	92
651	115
652	113
653	142
654	104
655	107
656	106
657	90
658	106
659	97
660	111
661	112
662	122
663	95
664	91
665	115
666	113
667	96
668	114
669	98
670	113
671	95
672	136
673	119
674	117
675	111
676	116
677	103
678	96
679	118
680	100
681	91
682	133
683	117
684	106
685	114
686	104
687	109
688	112
689	116
690	98
691	129
692	120
693	122
694	112
695	117
696	125
697	111
698	118
699	95
700	130
701	112
702	124
703	135
704	126
705	130
706	113
707	114
708	115
709	130
710	77
711	113
712	108
713	125
714	113
715	130
716	128
717	138
718	116
719	126
720	133
721	112
722	127
723	116
724	119
725	131
726	99
727	120
728	119
729	128
730	116
731	127
732	136
733	133
734	133
735	120
736	123
737	112
738	125
739	114
740	146
741	141
742	142
743	125
744	131
745	122
746	118
747	122
748	118
749	122
750	128
751	106
752	122
753	119
754	126
755	133
756	112
757	137
758	148
759	141
760	125
761	131
762	145
763	145
764	159
765	155
766	192
767	214
768	227
769	256
770	273
771	303
772	310
773	356
774	319
775	287
776	280
777	225
778	247
779	225
780	208
781	201
782	172
783	159
784	163
785	135
786	155
787	126
788	151
789	125
790	117
791	132
792	153
793	136
794	133
795	122
796	135
797	147
798	127
799	141
800	132
801	146
802	117
803	143
804	132
805	128
806	130
807	134
808	135
809	143
810	113
811	143
812	128
813	128
814	137
815	141
816	152
817	116
818	149
819	123
820	150
821	131
822	125
823	133
824	138
825	144
826	135
827	134
828	140
829	129
830	144
831	144
832	119
833	143
834	150
835	150
836	158
837	159
838	168
839	138
840	129
841	173
842	132
843	145
844	153
845	146
846	149
847	161
848	127
849	132
850	167
851	169
852	132
853	156
854	150
855	158
856	173
857	181
858	161
859	197
860	202
861	200
862	196
863	206
864	212
865	199
866	217
867	219
868	226
869	231
870	226
871	219
872	209
873	241
874	216
875	207
876	227
877	224
878	261
879	248
880	263
881	265
882	283
883	264
884	284
885	311
886	323
887	337
888	385
889	439
890	383
891	444
892	463
893	481
894	476
895	522
896	510
897	546
898	538
899	553
900	529
901	534
902	508
903	511
904	484
905	486
906	521
907	467
908	481
909	439
910	409
911	409
912	387
913	385
914	353
915	311
916	338
917	316
918	293
919	263
920	268
921	285
922	251
923	213
924	201
925	197
926	195
927	214
928	187
929	174
930	189
931	180
932	182
933	158
934	157
935	155
936	168
937	147
938	183
939	169
940	156
941	166
942	219
943	199
944	210
945	263
946	264
947	287
948	299
949	333
950	379
951	383
952	426
953	453
954	398
955	404
956	370
957	379
958	341
959	340
960	282
961	216
962	239
963	202
964	193
965	169
966	164
967	139
968	128
969	140
970	137
971	118
972	104
973	107
974	113
975	130
976	138
977	106
978	121
979	117
980	128
981	107
982	122
983	135
984	124
985	122
986	116
987	144
988	145
989	146
990	134
991	147
992	130
993	161
994	152
995	153
996	159
997	145
998	153
999	171
1000	168
1001	177
1002	154
1003	162
1004	132
1005	196
1006	165
1007	183
1008	163
1009	187
1010	182
1011	157
1012	149
1013	135
1014	138
1015	143
1016	142
1017	159
1018	146
1019	119
1020	122
1021	129
1022	117
1023	96
1024	110
