Date:	08/05/2018		Time:	20:46		Version no:	0.00		Project name:	55		Sample name:	222		Section name:	section		Position	260.315033	mm	E0	0.000000	keV	E1	1.000000	keV/channel	sample surface	5.934186	cm	Tube anode:	Mo		Tube voltage:	30	kV	Tube current:	50	mA	gain	10		std. database			resultfile	result		matrix element	11		sample thickness	1.000000		air passage	0.560000	cm	comments	in position		peaking_time	2.200000	m-sec	trigger_threshold	547.363281	V	mca_bin_width	22.090000	no:	number_mca_channels	1024.000000	no:	gap_time	0.150000	m-sec	trigger_peaking_time	0.200000	m-sec	GAINDAC	18610		HIGHGAIN	1		TAURC	1		RCTAU	1		RCTAUFRAC	1		livetime	9.482976	seconds	runtime	10.000494	seconds	input_count_rate	21169.936526	cps	output_count_rate	17644.829051	cps	triggers	200754	seconds	events_in_run	176457	seconds	channel	content		1	0
2	0
3	0
4	0
5	0
6	0
7	0
8	0
9	0
10	0
11	0
12	0
13	0
14	0
15	0
16	0
17	0
18	0
19	0
20	0
21	0
22	0
23	0
24	0
25	0
26	0
27	0
28	0
29	0
30	0
31	18
32	17
33	19
34	13
35	15
36	9
37	5
38	11
39	11
40	15
41	18
42	12
43	16
44	14
45	8
46	15
47	19
48	13
49	19
50	17
51	16
52	11
53	14
54	12
55	7
56	9
57	10
58	11
59	10
60	7
61	13
62	9
63	3
64	10
65	9
66	10
67	13
68	8
69	12
70	10
71	11
72	10
73	6
74	10
75	9
76	8
77	5
78	9
79	4
80	13
81	9
82	12
83	16
84	9
85	6
86	8
87	6
88	6
89	6
90	9
91	3
92	5
93	6
94	9
95	13
96	14
97	8
98	10
99	10
100	11
101	4
102	7
103	6
104	7
105	7
106	4
107	10
108	5
109	7
110	7
111	9
112	1
113	3
114	7
115	9
116	3
117	4
118	2
119	4
120	5
121	3
122	5
123	9
124	1
125	4
126	3
127	3
128	5
129	4
130	5
131	5
132	1
133	3
134	3
135	5
136	8
137	1
138	3
139	3
140	3
141	1
142	3
143	6
144	2
145	3
146	5
147	5
148	5
149	5
150	3
151	2
152	3
153	4
154	7
155	3
156	3
157	6
158	7
159	14
160	20
161	31
162	24
163	31
164	33
165	32
166	21
167	14
168	11
169	3
170	3
171	11
172	1
173	5
174	9
175	5
176	6
177	5
178	7
179	9
180	10
181	13
182	18
183	18
184	19
185	11
186	5
187	5
188	2
189	2
190	1
191	1
192	2
193	5
194	6
195	9
196	21
197	43
198	54
199	93
200	152
201	187
202	234
203	237
204	220
205	178
206	140
207	100
208	54
209	27
210	14
211	4
212	9
213	6
214	7
215	17
216	17
217	17
218	33
219	45
220	40
221	40
222	38
223	36
224	26
225	12
226	9
227	14
228	10
229	4
230	2
231	6
232	3
233	2
234	2
235	7
236	3
237	5
238	4
239	13
240	8
241	13
242	36
243	32
244	77
245	88
246	96
247	125
248	148
249	112
250	106
251	77
252	69
253	53
254	39
255	34
256	34
257	28
258	31
259	14
260	13
261	11
262	8
263	8
264	7
265	4
266	17
267	22
268	31
269	29
270	41
271	24
272	32
273	38
274	21
275	23
276	23
277	16
278	8
279	4
280	8
281	9
282	6
283	6
284	14
285	5
286	4
287	19
288	10
289	12
290	9
291	6
292	18
293	14
294	17
295	26
296	17
297	11
298	21
299	17
300	16
301	21
302	10
303	13
304	9
305	17
306	12
307	13
308	12
309	12
310	8
311	9
312	15
313	9
314	20
315	9
316	15
317	31
318	29
319	44
320	55
321	61
322	79
323	100
324	83
325	83
326	78
327	48
328	41
329	35
330	24
331	29
332	25
333	27
334	23
335	16
336	23
337	37
338	36
339	61
340	74
341	176
342	296
343	542
344	980
345	1583
346	2368
347	3429
348	4529
349	5498
350	6110
351	6332
352	6140
353	5350
354	4318
355	3194
356	2335
357	1476
358	886
359	486
360	295
361	139
362	84
363	52
364	47
365	36
366	32
367	31
368	43
369	18
370	37
371	39
372	40
373	43
374	49
375	54
376	71
377	86
378	107
379	160
380	239
381	385
382	518
383	698
384	798
385	1006
386	1065
387	1117
388	1015
389	904
390	762
391	596
392	387
393	273
394	179
395	112
396	65
397	52
398	30
399	24
400	29
401	19
402	21
403	22
404	27
405	28
406	34
407	41
408	32
409	31
410	37
411	33
412	39
413	45
414	20
415	37
416	41
417	21
418	21
419	25
420	20
421	30
422	31
423	28
424	33
425	28
426	35
427	34
428	28
429	35
430	37
431	33
432	23
433	39
434	38
435	54
436	51
437	52
438	52
439	59
440	60
441	59
442	78
443	56
444	56
445	49
446	53
447	57
448	59
449	45
450	57
451	51
452	54
453	50
454	64
455	54
456	56
457	58
458	78
459	77
460	72
461	61
462	72
463	55
464	53
465	60
466	49
467	49
468	49
469	38
470	57
471	49
472	60
473	56
474	53
475	62
476	50
477	53
478	52
479	53
480	59
481	54
482	37
483	62
484	58
485	52
486	48
487	37
488	42
489	66
490	46
491	47
492	54
493	57
494	43
495	43
496	57
497	55
498	38
499	74
500	71
501	64
502	79
503	43
504	61
505	63
506	67
507	67
508	79
509	73
510	78
511	64
512	65
513	70
514	71
515	66
516	62
517	68
518	73
519	86
520	75
521	75
522	78
523	85
524	67
525	74
526	87
527	93
528	99
529	79
530	96
531	75
532	75
533	87
534	81
535	71
536	80
537	69
538	83
539	80
540	65
541	66
542	82
543	63
544	63
545	53
546	68
547	80
548	84
549	79
550	82
551	80
552	54
553	70
554	73
555	68
556	65
557	57
558	74
559	72
560	76
561	70
562	68
563	79
564	61
565	61
566	65
567	68
568	75
569	77
570	58
571	84
572	87
573	75
574	66
575	67
576	80
577	69
578	79
579	74
580	83
581	70
582	84
583	74
584	76
585	88
586	71
587	94
588	85
589	78
590	87
591	93
592	88
593	93
594	81
595	66
596	91
597	93
598	72
599	83
600	75
601	89
602	77
603	115
604	92
605	86
606	83
607	90
608	85
609	98
610	91
611	86
612	74
613	86
614	111
615	85
616	102
617	96
618	102
619	102
620	108
621	96
622	93
623	99
624	93
625	108
626	89
627	85
628	108
629	82
630	89
631	91
632	99
633	86
634	66
635	87
636	112
637	91
638	86
639	97
640	106
641	83
642	97
643	112
644	99
645	103
646	122
647	99
648	109
649	96
650	118
651	109
652	110
653	103
654	115
655	93
656	89
657	99
658	103
659	100
660	106
661	93
662	85
663	107
664	123
665	118
666	110
667	114
668	95
669	110
670	97
671	119
672	94
673	112
674	95
675	122
676	104
677	98
678	90
679	116
680	121
681	120
682	86
683	113
684	127
685	130
686	116
687	128
688	104
689	121
690	119
691	98
692	122
693	116
694	108
695	124
696	118
697	113
698	124
699	122
700	112
701	127
702	121
703	128
704	131
705	109
706	90
707	124
708	131
709	114
710	121
711	118
712	126
713	119
714	121
715	128
716	131
717	120
718	136
719	100
720	153
721	107
722	106
723	132
724	113
725	120
726	104
727	124
728	117
729	121
730	117
731	122
732	130
733	112
734	117
735	124
736	114
737	138
738	116
739	117
740	122
741	141
742	128
743	121
744	103
745	134
746	141
747	133
748	128
749	124
750	115
751	134
752	126
753	129
754	120
755	117
756	97
757	123
758	122
759	115
760	141
761	137
762	122
763	164
764	161
765	172
766	180
767	204
768	228
769	225
770	280
771	289
772	271
773	289
774	311
775	295
776	265
777	273
778	255
779	223
780	207
781	194
782	171
783	149
784	150
785	143
786	150
787	140
788	154
789	131
790	120
791	118
792	128
793	135
794	126
795	120
796	126
797	134
798	127
799	133
800	102
801	130
802	144
803	124
804	127
805	132
806	124
807	152
808	127
809	124
810	152
811	159
812	130
813	140
814	132
815	153
816	140
817	149
818	156
819	143
820	150
821	135
822	144
823	136
824	124
825	146
826	135
827	152
828	135
829	140
830	154
831	152
832	117
833	126
834	138
835	118
836	145
837	128
838	169
839	141
840	145
841	142
842	166
843	142
844	160
845	126
846	134
847	127
848	150
849	132
850	154
851	179
852	155
853	170
854	165
855	156
856	162
857	191
858	155
859	189
860	182
861	209
862	210
863	211
864	200
865	216
866	213
867	228
868	224
869	235
870	234
871	232
872	235
873	222
874	207
875	220
876	244
877	223
878	234
879	251
880	274
881	264
882	317
883	316
884	335
885	298
886	306
887	375
888	423
889	386
890	406
891	445
892	434
893	435
894	527
895	509
896	510
897	566
898	570
899	537
900	537
901	524
902	601
903	523
904	532
905	540
906	509
907	482
908	499
909	460
910	404
911	415
912	409
913	373
914	400
915	375
916	331
917	322
918	323
919	310
920	270
921	246
922	271
923	256
924	220
925	214
926	190
927	198
928	207
929	188
930	208
931	160
932	174
933	165
934	174
935	179
936	178
937	160
938	146
939	177
940	170
941	171
942	181
943	210
944	198
945	247
946	251
947	299
948	318
949	323
950	373
951	408
952	417
953	415
954	397
955	412
956	423
957	374
958	372
959	320
960	288
961	255
962	258
963	196
964	163
965	157
966	131
967	160
968	143
969	122
970	124
971	151
972	133
973	127
974	146
975	143
976	105
977	125
978	126
979	152
980	129
981	147
982	147
983	127
984	137
985	133
986	137
987	148
988	162
989	134
990	127
991	171
992	165
993	162
994	169
995	164
996	156
997	140
998	158
999	159
1000	177
1001	179
1002	162
1003	181
1004	167
1005	178
1006	181
1007	184
1008	174
1009	148
1010	179
1011	155
1012	153
1013	156
1014	140
1015	148
1016	160
1017	137
1018	148
1019	153
1020	116
1021	107
1022	136
1023	126
1024	123
