Date:	08/05/2018		Time:	22:38		Version no:	0.00		Project name:	55		Sample name:	222		Section name:	section		Position	378.115021	mm	E0	0.000000	keV	E1	1.000000	keV/channel	sample surface	6.204704	cm	Tube anode:	Mo		Tube voltage:	30	kV	Tube current:	50	mA	gain	10		std. database			resultfile	result		matrix element	11		sample thickness	1.000000		air passage	0.560000	cm	comments	in position		peaking_time	2.200000	m-sec	trigger_threshold	547.363281	V	mca_bin_width	22.090000	no:	number_mca_channels	1024.000000	no:	gap_time	0.150000	m-sec	trigger_peaking_time	0.200000	m-sec	GAINDAC	18610		HIGHGAIN	1		TAURC	1		RCTAU	1		RCTAUFRAC	1		livetime	9.445916	seconds	runtime	10.000486	seconds	input_count_rate	23534.509517	cps	output_count_rate	19308.962357	cps	triggers	222305	seconds	events_in_run	193099	seconds	channel	content		1	0
2	0
3	0
4	0
5	0
6	0
7	0
8	0
9	0
10	0
11	0
12	0
13	0
14	0
15	0
16	0
17	0
18	0
19	0
20	0
21	0
22	0
23	0
24	0
25	0
26	0
27	0
28	0
29	0
30	0
31	16
32	12
33	11
34	14
35	14
36	19
37	9
38	18
39	15
40	15
41	11
42	21
43	11
44	11
45	13
46	11
47	12
48	14
49	14
50	11
51	14
52	10
53	13
54	11
55	17
56	19
57	10
58	6
59	5
60	15
61	10
62	13
63	13
64	14
65	8
66	9
67	10
68	6
69	12
70	11
71	9
72	12
73	10
74	10
75	9
76	6
77	9
78	17
79	12
80	5
81	9
82	11
83	10
84	11
85	7
86	12
87	13
88	9
89	5
90	4
91	9
92	11
93	14
94	10
95	18
96	17
97	17
98	12
99	10
100	9
101	14
102	8
103	8
104	7
105	8
106	7
107	6
108	9
109	10
110	12
111	10
112	6
113	5
114	1
115	7
116	4
117	5
118	4
119	2
120	4
121	6
122	2
123	6
124	4
125	5
126	8
127	3
128	3
129	3
130	4
131	3
132	2
133	2
134	2
135	1
136	2
137	1
138	5
139	1
140	1
141	3
142	5
143	2
144	2
145	2
146	7
147	4
148	5
149	3
150	3
151	7
152	5
153	3
154	6
155	5
156	6
157	7
158	8
159	15
160	16
161	18
162	27
163	28
164	26
165	23
166	20
167	12
168	4
169	5
170	5
171	6
172	4
173	1
174	7
175	4
176	6
177	10
178	11
179	20
180	23
181	14
182	27
183	23
184	28
185	7
186	11
187	9
188	4
189	3
190	7
191	5
192	5
193	3
194	13
195	12
196	26
197	50
198	89
199	176
200	237
201	329
202	398
203	425
204	385
205	289
206	246
207	163
208	72
209	53
210	25
211	18
212	9
213	12
214	18
215	29
216	32
217	36
218	61
219	54
220	50
221	59
222	64
223	53
224	30
225	26
226	21
227	9
228	10
229	4
230	6
231	8
232	4
233	2
234	2
235	4
236	3
237	2
238	7
239	10
240	15
241	11
242	37
243	59
244	70
245	112
246	131
247	145
248	168
249	164
250	135
251	81
252	86
253	66
254	49
255	41
256	34
257	36
258	26
259	19
260	12
261	14
262	15
263	10
264	14
265	12
266	20
267	15
268	37
269	36
270	38
271	35
272	42
273	46
274	33
275	23
276	15
277	15
278	6
279	7
280	8
281	3
282	6
283	14
284	11
285	9
286	9
287	6
288	18
289	16
290	15
291	14
292	18
293	11
294	14
295	19
296	20
297	20
298	12
299	14
300	10
301	15
302	17
303	14
304	10
305	7
306	9
307	9
308	6
309	18
310	11
311	11
312	7
313	15
314	17
315	14
316	22
317	30
318	30
319	32
320	61
321	67
322	68
323	80
324	88
325	73
326	65
327	53
328	50
329	34
330	29
331	20
332	31
333	19
334	27
335	26
336	36
337	27
338	44
339	72
340	126
341	178
342	373
343	713
344	1205
345	1962
346	3031
347	4222
348	5686
349	6712
350	7582
351	7759
352	7481
353	6493
354	5348
355	3959
356	2760
357	1701
358	1045
359	575
360	277
361	171
362	99
363	52
364	56
365	31
366	33
367	35
368	37
369	40
370	45
371	43
372	51
373	51
374	66
375	77
376	73
377	104
378	148
379	208
380	288
381	470
382	557
383	887
384	1078
385	1156
386	1315
387	1321
388	1248
389	1042
390	844
391	653
392	466
393	326
394	199
395	123
396	73
397	50
398	31
399	32
400	31
401	17
402	40
403	21
404	28
405	26
406	33
407	39
408	32
409	32
410	34
411	34
412	31
413	26
414	31
415	30
416	22
417	29
418	25
419	37
420	34
421	27
422	30
423	22
424	31
425	35
426	32
427	28
428	41
429	40
430	51
431	25
432	28
433	37
434	40
435	52
436	33
437	60
438	75
439	68
440	64
441	73
442	67
443	73
444	78
445	52
446	70
447	66
448	64
449	57
450	55
451	52
452	65
453	60
454	76
455	72
456	78
457	84
458	69
459	77
460	95
461	72
462	64
463	71
464	59
465	55
466	51
467	65
468	51
469	43
470	51
471	68
472	59
473	61
474	60
475	67
476	57
477	59
478	50
479	57
480	43
481	49
482	44
483	33
484	52
485	56
486	64
487	55
488	61
489	46
490	61
491	63
492	67
493	70
494	69
495	59
496	66
497	68
498	56
499	51
500	65
501	67
502	58
503	73
504	61
505	78
506	66
507	72
508	78
509	80
510	76
511	76
512	76
513	81
514	68
515	87
516	73
517	83
518	76
519	84
520	70
521	88
522	82
523	94
524	80
525	92
526	79
527	109
528	105
529	106
530	98
531	82
532	88
533	108
534	78
535	79
536	84
537	82
538	95
539	76
540	84
541	98
542	67
543	76
544	74
545	79
546	90
547	79
548	70
549	84
550	79
551	83
552	72
553	65
554	84
555	68
556	99
557	79
558	68
559	75
560	82
561	68
562	73
563	79
564	83
565	66
566	54
567	89
568	68
569	73
570	71
571	77
572	61
573	81
574	77
575	69
576	75
577	83
578	88
579	73
580	71
581	75
582	78
583	88
584	99
585	87
586	92
587	91
588	91
589	71
590	93
591	74
592	90
593	96
594	99
595	87
596	92
597	99
598	96
599	90
600	72
601	84
602	96
603	100
604	99
605	92
606	93
607	91
608	114
609	109
610	96
611	106
612	102
613	100
614	94
615	105
616	105
617	120
618	85
619	77
620	96
621	96
622	94
623	107
624	104
625	83
626	95
627	98
628	88
629	97
630	95
631	94
632	87
633	93
634	101
635	97
636	100
637	90
638	108
639	92
640	94
641	90
642	81
643	102
644	99
645	112
646	87
647	96
648	121
649	90
650	107
651	91
652	114
653	112
654	106
655	107
656	95
657	106
658	106
659	109
660	99
661	100
662	88
663	103
664	117
665	105
666	115
667	108
668	104
669	96
670	121
671	111
672	104
673	117
674	119
675	104
676	109
677	87
678	101
679	125
680	113
681	115
682	117
683	104
684	129
685	115
686	94
687	116
688	122
689	85
690	109
691	113
692	133
693	113
694	128
695	108
696	114
697	108
698	104
699	116
700	120
701	124
702	116
703	109
704	130
705	125
706	108
707	118
708	87
709	102
710	106
711	111
712	100
713	121
714	103
715	109
716	113
717	119
718	128
719	106
720	96
721	119
722	116
723	133
724	129
725	124
726	125
727	152
728	122
729	134
730	127
731	121
732	114
733	139
734	108
735	134
736	118
737	134
738	110
739	122
740	124
741	132
742	124
743	117
744	111
745	106
746	115
747	127
748	131
749	125
750	127
751	127
752	112
753	119
754	112
755	121
756	125
757	105
758	124
759	134
760	138
761	141
762	126
763	142
764	153
765	188
766	214
767	191
768	229
769	262
770	309
771	315
772	333
773	348
774	342
775	294
776	320
777	267
778	239
779	223
780	210
781	197
782	163
783	159
784	146
785	141
786	132
787	140
788	130
789	125
790	137
791	121
792	133
793	132
794	149
795	146
796	129
797	130
798	133
799	114
800	112
801	133
802	141
803	125
804	130
805	131
806	120
807	134
808	129
809	123
810	150
811	149
812	136
813	125
814	144
815	128
816	139
817	158
818	143
819	122
820	136
821	128
822	142
823	140
824	140
825	139
826	133
827	143
828	144
829	131
830	127
831	114
832	142
833	123
834	145
835	150
836	153
837	134
838	155
839	132
840	147
841	131
842	167
843	142
844	153
845	149
846	128
847	123
848	149
849	162
850	140
851	156
852	159
853	161
854	169
855	161
856	170
857	201
858	194
859	208
860	194
861	192
862	208
863	216
864	216
865	208
866	224
867	261
868	237
869	214
870	206
871	196
872	224
873	206
874	218
875	226
876	258
877	231
878	230
879	276
880	281
881	291
882	288
883	304
884	290
885	327
886	319
887	360
888	383
889	405
890	422
891	437
892	415
893	443
894	478
895	500
896	510
897	508
898	509
899	543
900	521
901	555
902	537
903	570
904	535
905	507
906	473
907	462
908	474
909	412
910	404
911	395
912	399
913	405
914	343
915	337
916	323
917	293
918	278
919	268
920	265
921	257
922	233
923	233
924	221
925	215
926	189
927	219
928	210
929	175
930	186
931	155
932	163
933	169
934	163
935	177
936	165
937	167
938	188
939	178
940	184
941	179
942	198
943	194
944	208
945	260
946	259
947	266
948	313
949	355
950	361
951	393
952	407
953	396
954	425
955	412
956	398
957	339
958	340
959	318
960	254
961	268
962	225
963	200
964	188
965	169
966	172
967	150
968	136
969	93
970	121
971	135
972	126
973	119
974	123
975	112
976	129
977	138
978	124
979	122
980	108
981	145
982	131
983	126
984	123
985	143
986	153
987	135
988	141
989	145
990	150
991	159
992	120
993	146
994	156
995	163
996	170
997	173
998	167
999	180
1000	171
1001	150
1002	177
1003	204
1004	161
1005	144
1006	185
1007	152
1008	151
1009	180
1010	159
1011	167
1012	152
1013	154
1014	155
1015	174
1016	141
1017	143
1018	137
1019	121
1020	129
1021	139
1022	125
1023	131
1024	119
