Date:	08/05/2018		Time:	22:02		Version no:	0.00		Project name:	55		Sample name:	222		Section name:	section		Position	340.515045	mm	E0	0.000000	keV	E1	1.000000	keV/channel	sample surface	6.260313	cm	Tube anode:	Mo		Tube voltage:	30	kV	Tube current:	50	mA	gain	10		std. database			resultfile	result		matrix element	11		sample thickness	1.000000		air passage	0.560000	cm	comments	in position		peaking_time	2.200000	m-sec	trigger_threshold	547.363281	V	mca_bin_width	22.090000	no:	number_mca_channels	1024.000000	no:	gap_time	0.150000	m-sec	trigger_peaking_time	0.200000	m-sec	GAINDAC	18610		HIGHGAIN	1		TAURC	1		RCTAU	1		RCTAUFRAC	1		livetime	9.495477	seconds	runtime	10.000493	seconds	input_count_rate	21814.281090	cps	output_count_rate	18228.301709	cps	triggers	207137	seconds	events_in_run	182292	seconds	channel	content		1	0
2	0
3	0
4	0
5	0
6	0
7	0
8	0
9	0
10	0
11	0
12	0
13	0
14	0
15	0
16	0
17	0
18	0
19	0
20	0
21	0
22	0
23	0
24	0
25	0
26	0
27	0
28	0
29	0
30	0
31	10
32	6
33	11
34	11
35	10
36	16
37	8
38	13
39	7
40	11
41	8
42	19
43	11
44	9
45	18
46	8
47	13
48	11
49	13
50	7
51	13
52	18
53	11
54	9
55	10
56	14
57	11
58	12
59	7
60	10
61	8
62	9
63	4
64	4
65	5
66	11
67	14
68	7
69	7
70	14
71	7
72	4
73	8
74	10
75	8
76	3
77	8
78	15
79	8
80	11
81	8
82	11
83	7
84	10
85	7
86	9
87	8
88	4
89	7
90	5
91	5
92	4
93	8
94	14
95	15
96	17
97	15
98	19
99	9
100	16
101	9
102	8
103	8
104	5
105	13
106	11
107	19
108	14
109	9
110	6
111	8
112	2
113	4
114	5
115	2
116	4
117	6
118	2
119	2
120	7
121	6
122	8
123	5
124	5
125	6
126	6
127	5
128	8
129	3
130	2
131	3
132	3
133	1
134	3
135	3
136	2
137	1
138	1
139	3
140	4
141	3
142	6
143	4
144	2
145	7
146	7
147	3
148	6
149	6
150	3
151	6
152	8
153	9
154	6
155	3
156	8
157	8
158	4
159	11
160	21
161	24
162	25
163	27
164	29
165	20
166	22
167	18
168	6
169	9
170	7
171	5
172	7
173	2
174	6
175	5
176	8
177	7
178	10
179	13
180	21
181	24
182	36
183	21
184	30
185	20
186	10
187	10
188	8
189	5
190	4
191	3
192	8
193	9
194	6
195	16
196	30
197	78
198	114
199	197
200	281
201	396
202	435
203	454
204	437
205	387
206	281
207	204
208	110
209	50
210	28
211	23
212	5
213	11
214	10
215	19
216	34
217	47
218	39
219	67
220	68
221	84
222	80
223	50
224	43
225	26
226	20
227	13
228	6
229	5
230	8
231	8
232	5
233	1
234	3
235	7
236	3
237	3
238	2
239	12
240	25
241	40
242	54
243	83
244	148
245	208
246	262
247	283
248	307
249	294
250	210
251	160
252	126
253	97
254	70
255	52
256	49
257	32
258	36
259	25
260	23
261	15
262	11
263	15
264	22
265	26
266	29
267	36
268	42
269	61
270	71
271	60
272	61
273	43
274	43
275	37
276	20
277	21
278	18
279	12
280	9
281	6
282	10
283	8
284	13
285	11
286	16
287	8
288	16
289	10
290	13
291	17
292	16
293	15
294	23
295	12
296	15
297	13
298	16
299	14
300	9
301	12
302	12
303	16
304	10
305	12
306	12
307	20
308	8
309	8
310	6
311	16
312	10
313	7
314	14
315	22
316	25
317	42
318	51
319	70
320	70
321	108
322	122
323	135
324	114
325	112
326	105
327	71
328	64
329	41
330	32
331	37
332	26
333	34
334	24
335	34
336	31
337	42
338	40
339	53
340	88
341	179
342	304
343	655
344	1120
345	1835
346	2776
347	4015
348	5289
349	6466
350	7329
351	7553
352	7181
353	6319
354	5227
355	3853
356	2715
357	1746
358	1025
359	600
360	316
361	165
362	83
363	46
364	30
365	41
366	27
367	38
368	34
369	47
370	40
371	32
372	48
373	39
374	57
375	71
376	84
377	109
378	138
379	188
380	306
381	405
382	587
383	752
384	962
385	1130
386	1271
387	1253
388	1160
389	1060
390	865
391	623
392	463
393	294
394	196
395	125
396	75
397	39
398	35
399	30
400	29
401	20
402	27
403	20
404	23
405	41
406	20
407	21
408	39
409	29
410	22
411	34
412	46
413	38
414	39
415	29
416	26
417	20
418	29
419	27
420	28
421	21
422	31
423	22
424	33
425	34
426	33
427	32
428	31
429	23
430	30
431	32
432	24
433	31
434	43
435	48
436	54
437	46
438	59
439	66
440	72
441	71
442	76
443	69
444	54
445	52
446	49
447	64
448	54
449	56
450	54
451	47
452	56
453	52
454	50
455	70
456	65
457	84
458	84
459	86
460	81
461	69
462	80
463	68
464	61
465	49
466	54
467	45
468	43
469	53
470	75
471	67
472	55
473	61
474	67
475	60
476	50
477	57
478	73
479	52
480	42
481	52
482	43
483	72
484	44
485	38
486	46
487	64
488	55
489	66
490	51
491	48
492	50
493	54
494	59
495	53
496	52
497	56
498	43
499	52
500	61
501	55
502	49
503	70
504	65
505	64
506	63
507	76
508	75
509	73
510	79
511	71
512	62
513	57
514	67
515	85
516	68
517	72
518	61
519	101
520	84
521	75
522	69
523	68
524	73
525	93
526	69
527	88
528	76
529	84
530	80
531	83
532	95
533	84
534	62
535	63
536	83
537	64
538	64
539	64
540	78
541	66
542	85
543	72
544	79
545	65
546	74
547	91
548	74
549	76
550	61
551	59
552	77
553	71
554	71
555	47
556	54
557	59
558	72
559	73
560	75
561	69
562	80
563	65
564	68
565	65
566	79
567	72
568	72
569	76
570	70
571	62
572	81
573	76
574	70
575	84
576	62
577	82
578	72
579	55
580	73
581	74
582	89
583	63
584	76
585	79
586	82
587	58
588	64
589	75
590	77
591	75
592	77
593	88
594	85
595	96
596	94
597	82
598	86
599	86
600	79
601	79
602	83
603	71
604	87
605	79
606	89
607	82
608	94
609	87
610	74
611	95
612	99
613	87
614	85
615	86
616	109
617	88
618	96
619	83
620	90
621	91
622	94
623	80
624	92
625	88
626	94
627	98
628	73
629	75
630	89
631	89
632	83
633	92
634	81
635	86
636	85
637	80
638	83
639	91
640	97
641	114
642	79
643	82
644	102
645	84
646	99
647	92
648	83
649	83
650	90
651	86
652	89
653	109
654	84
655	111
656	83
657	95
658	91
659	83
660	100
661	93
662	80
663	89
664	104
665	106
666	94
667	99
668	91
669	101
670	106
671	99
672	96
673	99
674	90
675	85
676	86
677	82
678	94
679	94
680	82
681	101
682	112
683	114
684	116
685	91
686	107
687	100
688	129
689	113
690	84
691	103
692	83
693	92
694	128
695	110
696	96
697	103
698	115
699	127
700	118
701	109
702	112
703	110
704	117
705	112
706	104
707	115
708	93
709	114
710	120
711	125
712	93
713	115
714	113
715	97
716	96
717	117
718	102
719	107
720	113
721	93
722	115
723	106
724	113
725	113
726	114
727	114
728	106
729	109
730	119
731	108
732	128
733	133
734	123
735	114
736	94
737	114
738	113
739	106
740	124
741	114
742	134
743	104
744	118
745	111
746	92
747	122
748	99
749	116
750	105
751	100
752	99
753	127
754	120
755	131
756	116
757	101
758	112
759	108
760	116
761	121
762	122
763	154
764	151
765	161
766	165
767	203
768	224
769	211
770	225
771	266
772	245
773	279
774	278
775	252
776	274
777	240
778	235
779	219
780	199
781	166
782	179
783	146
784	135
785	128
786	134
787	96
788	133
789	135
790	131
791	108
792	119
793	98
794	124
795	113
796	107
797	120
798	115
799	127
800	114
801	112
802	121
803	124
804	128
805	120
806	107
807	119
808	130
809	125
810	126
811	135
812	154
813	118
814	135
815	129
816	142
817	129
818	146
819	120
820	143
821	127
822	137
823	130
824	143
825	117
826	133
827	117
828	127
829	111
830	112
831	128
832	127
833	129
834	111
835	130
836	123
837	128
838	124
839	135
840	124
841	114
842	138
843	119
844	125
845	109
846	132
847	123
848	138
849	126
850	144
851	151
852	134
853	141
854	159
855	165
856	174
857	173
858	163
859	181
860	204
861	201
862	209
863	215
864	230
865	196
866	202
867	199
868	208
869	209
870	175
871	210
872	163
873	171
874	200
875	204
876	201
877	211
878	210
879	244
880	251
881	265
882	234
883	275
884	264
885	325
886	301
887	307
888	341
889	373
890	350
891	397
892	427
893	426
894	412
895	413
896	425
897	473
898	479
899	468
900	444
901	504
902	467
903	441
904	462
905	446
906	423
907	447
908	425
909	401
910	406
911	391
912	364
913	337
914	337
915	304
916	322
917	283
918	258
919	244
920	216
921	252
922	215
923	176
924	196
925	207
926	176
927	168
928	178
929	162
930	163
931	168
932	149
933	141
934	155
935	144
936	144
937	121
938	150
939	146
940	169
941	160
942	180
943	195
944	216
945	213
946	251
947	265
948	286
949	329
950	341
951	388
952	344
953	372
954	392
955	334
956	354
957	364
958	326
959	262
960	267
961	238
962	213
963	188
964	177
965	144
966	140
967	143
968	115
969	108
970	101
971	118
972	109
973	124
974	115
975	104
976	119
977	100
978	122
979	106
980	133
981	81
982	114
983	119
984	131
985	135
986	102
987	129
988	139
989	110
990	120
991	121
992	130
993	120
994	119
995	114
996	157
997	166
998	145
999	159
1000	152
1001	166
1002	163
1003	141
1004	161
1005	162
1006	134
1007	128
1008	153
1009	141
1010	146
1011	142
1012	136
1013	146
1014	126
1015	139
1016	125
1017	119
1018	136
1019	103
1020	108
1021	105
1022	102
1023	87
1024	111
