Date:	08/05/2018		Time:	22:56		Version no:	0.00		Project name:	55		Sample name:	222		Section name:	section		Position	396.515045	mm	E0	0.000000	keV	E1	1.000000	keV/channel	sample surface	6.112719	cm	Tube anode:	Mo		Tube voltage:	30	kV	Tube current:	50	mA	gain	10		std. database			resultfile	result		matrix element	11		sample thickness	1.000000		air passage	0.560000	cm	comments	in position		peaking_time	2.200000	m-sec	trigger_threshold	547.363281	V	mca_bin_width	22.090000	no:	number_mca_channels	1024.000000	no:	gap_time	0.150000	m-sec	trigger_peaking_time	0.200000	m-sec	GAINDAC	18610		HIGHGAIN	1		TAURC	1		RCTAU	1		RCTAUFRAC	1		livetime	9.403789	seconds	runtime	10.000493	seconds	input_count_rate	25990.694304	cps	output_count_rate	21062.762027	cps	triggers	244411	seconds	events_in_run	210638	seconds	channel	content		1	0
2	0
3	0
4	0
5	0
6	0
7	0
8	0
9	0
10	0
11	0
12	0
13	0
14	0
15	0
16	0
17	0
18	0
19	0
20	0
21	0
22	0
23	0
24	0
25	0
26	0
27	0
28	0
29	0
30	0
31	14
32	8
33	14
34	16
35	11
36	15
37	14
38	10
39	13
40	14
41	9
42	15
43	13
44	11
45	19
46	14
47	13
48	18
49	15
50	12
51	17
52	15
53	10
54	14
55	10
56	13
57	12
58	14
59	10
60	20
61	10
62	15
63	9
64	14
65	11
66	13
67	7
68	6
69	6
70	10
71	6
72	8
73	8
74	8
75	8
76	9
77	5
78	11
79	15
80	11
81	12
82	8
83	10
84	9
85	13
86	8
87	9
88	6
89	4
90	10
91	8
92	13
93	10
94	11
95	22
96	17
97	22
98	14
99	6
100	5
101	11
102	8
103	12
104	9
105	10
106	8
107	11
108	8
109	8
110	7
111	6
112	6
113	2
114	3
115	8
116	6
117	2
118	3
119	5
120	1
121	3
122	6
123	4
124	4
125	7
126	3
127	4
128	3
129	4
130	7
131	2
132	4
133	1
134	1
135	4
136	2
137	2
138	6
139	4
140	2
141	3
142	6
143	1
144	2
145	1
146	1
147	4
148	5
149	5
150	5
151	6
152	5
153	6
154	6
155	3
156	3
157	9
158	6
159	9
160	15
161	25
162	35
163	33
164	41
165	19
166	10
167	11
168	12
169	8
170	3
171	6
172	7
173	5
174	3
175	9
176	11
177	10
178	20
179	11
180	16
181	13
182	24
183	21
184	18
185	15
186	8
187	12
188	4
189	3
190	2
191	4
192	3
193	9
194	7
195	22
196	33
197	48
198	85
199	140
200	206
201	273
202	347
203	367
204	347
205	286
206	205
207	145
208	95
209	55
210	19
211	13
212	10
213	8
214	13
215	18
216	21
217	23
218	49
219	59
220	73
221	71
222	59
223	57
224	28
225	19
226	17
227	8
228	6
229	4
230	6
231	0
232	2
233	5
234	7
235	1
236	8
237	8
238	12
239	9
240	10
241	39
242	48
243	88
244	115
245	175
246	199
247	213
248	211
249	207
250	171
251	151
252	100
253	81
254	67
255	60
256	43
257	42
258	37
259	34
260	27
261	10
262	17
263	15
264	15
265	18
266	32
267	31
268	60
269	50
270	65
271	63
272	51
273	60
274	46
275	24
276	21
277	17
278	13
279	12
280	10
281	13
282	8
283	8
284	9
285	5
286	14
287	12
288	14
289	13
290	22
291	13
292	15
293	18
294	14
295	13
296	21
297	19
298	13
299	23
300	16
301	21
302	15
303	7
304	15
305	9
306	12
307	13
308	17
309	21
310	18
311	14
312	12
313	20
314	22
315	18
316	25
317	40
318	53
319	77
320	111
321	148
322	119
323	155
324	157
325	140
326	123
327	90
328	78
329	56
330	41
331	33
332	34
333	25
334	35
335	30
336	45
337	34
338	65
339	85
340	147
341	245
342	427
343	819
344	1411
345	2197
346	3544
347	5069
348	6740
349	7838
350	8784
351	9267
352	8779
353	7467
354	6106
355	4567
356	3093
357	2031
358	1204
359	642
360	358
361	185
362	104
363	70
364	58
365	39
366	41
367	51
368	39
369	49
370	56
371	57
372	62
373	76
374	53
375	77
376	89
377	125
378	156
379	258
380	348
381	499
382	730
383	1030
384	1214
385	1447
386	1555
387	1509
388	1454
389	1197
390	986
391	734
392	568
393	336
394	244
395	143
396	86
397	50
398	34
399	31
400	31
401	16
402	35
403	23
404	28
405	36
406	29
407	33
408	40
409	40
410	30
411	36
412	42
413	34
414	34
415	37
416	35
417	36
418	29
419	26
420	31
421	35
422	30
423	32
424	26
425	31
426	28
427	29
428	32
429	31
430	28
431	37
432	48
433	39
434	44
435	51
436	53
437	55
438	61
439	71
440	70
441	76
442	66
443	81
444	67
445	54
446	73
447	57
448	54
449	53
450	57
451	69
452	65
453	53
454	56
455	73
456	86
457	72
458	81
459	104
460	89
461	98
462	84
463	83
464	76
465	64
466	67
467	56
468	52
469	49
470	69
471	64
472	68
473	57
474	66
475	70
476	64
477	50
478	46
479	51
480	53
481	53
482	46
483	56
484	61
485	68
486	57
487	62
488	55
489	51
490	57
491	51
492	54
493	62
494	38
495	55
496	62
497	55
498	71
499	61
500	54
501	63
502	63
503	70
504	76
505	83
506	76
507	78
508	73
509	79
510	69
511	96
512	84
513	77
514	84
515	75
516	66
517	74
518	85
519	83
520	83
521	95
522	92
523	63
524	83
525	96
526	87
527	78
528	92
529	96
530	101
531	92
532	91
533	78
534	88
535	80
536	84
537	78
538	79
539	85
540	84
541	83
542	81
543	76
544	74
545	96
546	85
547	79
548	74
549	84
550	87
551	76
552	74
553	87
554	57
555	73
556	69
557	56
558	57
559	73
560	84
561	81
562	73
563	88
564	79
565	67
566	68
567	63
568	82
569	70
570	70
571	74
572	77
573	82
574	81
575	76
576	107
577	109
578	76
579	91
580	85
581	75
582	64
583	96
584	90
585	88
586	81
587	83
588	67
589	80
590	74
591	75
592	93
593	94
594	87
595	82
596	92
597	90
598	80
599	107
600	79
601	75
602	97
603	95
604	88
605	97
606	90
607	108
608	108
609	96
610	99
611	100
612	99
613	118
614	93
615	85
616	110
617	106
618	98
619	107
620	111
621	102
622	118
623	106
624	96
625	108
626	98
627	91
628	104
629	88
630	97
631	85
632	83
633	103
634	106
635	87
636	106
637	93
638	106
639	96
640	106
641	105
642	97
643	96
644	95
645	105
646	104
647	117
648	104
649	98
650	108
651	103
652	133
653	100
654	121
655	107
656	99
657	111
658	107
659	93
660	104
661	115
662	117
663	94
664	79
665	107
666	107
667	129
668	102
669	103
670	100
671	107
672	106
673	100
674	117
675	98
676	116
677	106
678	124
679	115
680	98
681	130
682	122
683	107
684	120
685	93
686	107
687	128
688	110
689	118
690	121
691	125
692	132
693	101
694	115
695	117
696	111
697	122
698	152
699	144
700	145
701	116
702	162
703	135
704	107
705	133
706	122
707	119
708	127
709	117
710	140
711	106
712	120
713	116
714	105
715	137
716	110
717	131
718	109
719	153
720	111
721	111
722	128
723	134
724	125
725	130
726	136
727	123
728	128
729	119
730	127
731	119
732	156
733	127
734	113
735	122
736	123
737	136
738	120
739	131
740	129
741	124
742	158
743	134
744	124
745	140
746	126
747	146
748	116
749	122
750	123
751	121
752	131
753	132
754	148
755	116
756	139
757	129
758	122
759	118
760	138
761	111
762	141
763	127
764	165
765	170
766	184
767	177
768	209
769	233
770	218
771	253
772	244
773	271
774	253
775	248
776	258
777	245
778	220
779	210
780	189
781	163
782	165
783	146
784	146
785	144
786	143
787	141
788	132
789	135
790	143
791	134
792	115
793	121
794	139
795	131
796	123
797	136
798	115
799	149
800	137
801	160
802	132
803	137
804	132
805	135
806	127
807	132
808	167
809	127
810	158
811	137
812	147
813	138
814	137
815	133
816	145
817	156
818	163
819	138
820	149
821	132
822	140
823	137
824	159
825	144
826	149
827	118
828	128
829	148
830	149
831	166
832	148
833	150
834	145
835	165
836	159
837	127
838	137
839	147
840	138
841	160
842	149
843	137
844	144
845	145
846	136
847	145
848	172
849	142
850	159
851	150
852	166
853	151
854	159
855	167
856	156
857	172
858	192
859	177
860	185
861	193
862	218
863	212
864	234
865	211
866	199
867	203
868	195
869	205
870	213
871	203
872	206
873	230
874	186
875	224
876	261
877	230
878	240
879	271
880	293
881	287
882	266
883	312
884	357
885	319
886	339
887	374
888	430
889	401
890	396
891	483
892	456
893	497
894	501
895	536
896	533
897	561
898	520
899	522
900	603
901	556
902	520
903	543
904	556
905	506
906	552
907	489
908	491
909	499
910	511
911	425
912	428
913	431
914	381
915	401
916	322
917	352
918	319
919	255
920	292
921	258
922	254
923	242
924	200
925	190
926	210
927	217
928	195
929	177
930	190
931	190
932	158
933	156
934	185
935	162
936	177
937	171
938	158
939	148
940	181
941	183
942	185
943	200
944	203
945	253
946	252
947	275
948	366
949	368
950	370
951	442
952	396
953	431
954	407
955	421
956	402
957	386
958	370
959	345
960	279
961	260
962	257
963	199
964	194
965	173
966	172
967	144
968	139
969	157
970	149
971	138
972	147
973	116
974	132
975	117
976	120
977	137
978	122
979	132
980	124
981	135
982	124
983	137
984	138
985	127
986	128
987	158
988	135
989	163
990	151
991	158
992	168
993	184
994	171
995	171
996	171
997	176
998	154
999	185
1000	187
1001	179
1002	186
1003	153
1004	170
1005	166
1006	190
1007	197
1008	170
1009	176
1010	144
1011	148
1012	161
1013	154
1014	152
1015	164
1016	151
1017	133
1018	132
1019	121
1020	112
1021	132
1022	125
1023	115
1024	107
