Date:	08/05/2018		Time:	21:25		Version no:	0.00		Project name:	55		Sample name:	222		Section name:	section		Position	301.515045	mm	E0	0.000000	keV	E1	1.000000	keV/channel	sample surface	6.017839	cm	Tube anode:	Mo		Tube voltage:	30	kV	Tube current:	50	mA	gain	10		std. database			resultfile	result		matrix element	11		sample thickness	1.000000		air passage	0.560000	cm	comments	in position		peaking_time	2.200000	m-sec	trigger_threshold	547.363281	V	mca_bin_width	22.090000	no:	number_mca_channels	1024.000000	no:	gap_time	0.150000	m-sec	trigger_peaking_time	0.200000	m-sec	GAINDAC	18610		HIGHGAIN	1		TAURC	1		RCTAU	1		RCTAUFRAC	1		livetime	9.452302	seconds	runtime	10.000482	seconds	input_count_rate	22609.308192	cps	output_count_rate	18659.701349	cps	triggers	213710	seconds	events_in_run	186606	seconds	channel	content		1	0
2	0
3	0
4	0
5	0
6	0
7	0
8	0
9	0
10	0
11	0
12	0
13	0
14	0
15	0
16	0
17	0
18	0
19	0
20	0
21	0
22	0
23	0
24	0
25	0
26	0
27	0
28	0
29	0
30	0
31	11
32	13
33	17
34	13
35	9
36	11
37	13
38	12
39	12
40	18
41	13
42	10
43	18
44	13
45	14
46	6
47	19
48	15
49	16
50	16
51	15
52	14
53	9
54	11
55	15
56	9
57	19
58	12
59	10
60	8
61	14
62	9
63	12
64	9
65	16
66	7
67	8
68	9
69	7
70	16
71	8
72	10
73	6
74	5
75	10
76	7
77	5
78	10
79	11
80	8
81	9
82	4
83	14
84	15
85	8
86	9
87	7
88	6
89	2
90	4
91	11
92	11
93	12
94	20
95	14
96	23
97	29
98	15
99	14
100	10
101	11
102	5
103	4
104	11
105	9
106	12
107	6
108	10
109	11
110	11
111	9
112	8
113	4
114	6
115	4
116	3
117	7
118	3
119	5
120	8
121	8
122	6
123	7
124	7
125	9
126	4
127	5
128	9
129	1
130	5
131	6
132	2
133	4
134	2
135	4
136	4
137	8
138	0
139	1
140	4
141	4
142	4
143	4
144	3
145	4
146	1
147	2
148	2
149	5
150	7
151	6
152	2
153	3
154	9
155	8
156	4
157	4
158	12
159	10
160	28
161	14
162	24
163	26
164	27
165	28
166	20
167	16
168	6
169	5
170	0
171	3
172	5
173	3
174	5
175	4
176	6
177	19
178	10
179	11
180	15
181	21
182	36
183	32
184	23
185	15
186	11
187	7
188	2
189	5
190	1
191	5
192	3
193	7
194	8
195	15
196	22
197	52
198	67
199	147
200	205
201	316
202	300
203	337
204	299
205	252
206	201
207	144
208	78
209	43
210	26
211	13
212	5
213	3
214	18
215	25
216	24
217	39
218	26
219	47
220	59
221	59
222	56
223	40
224	29
225	27
226	14
227	14
228	5
229	6
230	4
231	0
232	5
233	5
234	4
235	9
236	3
237	6
238	4
239	11
240	22
241	26
242	43
243	71
244	113
245	147
246	183
247	197
248	200
249	184
250	164
251	136
252	90
253	74
254	55
255	45
256	48
257	34
258	23
259	17
260	18
261	14
262	15
263	12
264	16
265	24
266	28
267	27
268	28
269	40
270	50
271	52
272	50
273	33
274	38
275	26
276	16
277	12
278	11
279	11
280	9
281	10
282	13
283	7
284	17
285	8
286	11
287	20
288	10
289	11
290	9
291	20
292	13
293	20
294	24
295	11
296	14
297	19
298	14
299	17
300	15
301	13
302	15
303	16
304	10
305	13
306	10
307	7
308	12
309	11
310	8
311	10
312	12
313	14
314	18
315	20
316	21
317	42
318	53
319	81
320	124
321	139
322	185
323	195
324	170
325	194
326	145
327	112
328	102
329	61
330	49
331	30
332	21
333	19
334	31
335	24
336	23
337	39
338	39
339	58
340	98
341	131
342	294
343	607
344	1017
345	1645
346	2457
347	3676
348	4758
349	5888
350	6539
351	6560
352	6520
353	5684
354	4669
355	3577
356	2507
357	1587
358	939
359	532
360	271
361	176
362	83
363	58
364	35
365	42
366	32
367	49
368	46
369	42
370	38
371	46
372	36
373	49
374	46
375	69
376	70
377	79
378	117
379	177
380	271
381	367
382	555
383	705
384	826
385	1032
386	1063
387	1130
388	1044
389	935
390	739
391	612
392	369
393	286
394	184
395	117
396	58
397	43
398	32
399	42
400	20
401	24
402	24
403	30
404	32
405	29
406	32
407	40
408	30
409	29
410	34
411	40
412	33
413	35
414	27
415	35
416	35
417	21
418	20
419	32
420	27
421	24
422	29
423	30
424	30
425	30
426	28
427	37
428	41
429	28
430	26
431	37
432	29
433	35
434	35
435	53
436	40
437	57
438	53
439	69
440	59
441	75
442	74
443	68
444	66
445	64
446	63
447	59
448	59
449	50
450	52
451	63
452	37
453	59
454	52
455	68
456	71
457	58
458	78
459	92
460	91
461	72
462	69
463	69
464	52
465	50
466	52
467	48
468	49
469	53
470	47
471	59
472	56
473	62
474	65
475	66
476	65
477	61
478	65
479	57
480	44
481	48
482	54
483	55
484	53
485	52
486	49
487	48
488	60
489	54
490	77
491	60
492	43
493	60
494	63
495	51
496	56
497	67
498	65
499	50
500	59
501	57
502	75
503	58
504	56
505	68
506	63
507	81
508	77
509	74
510	102
511	75
512	70
513	68
514	77
515	70
516	87
517	89
518	81
519	69
520	80
521	69
522	77
523	79
524	65
525	92
526	92
527	81
528	82
529	87
530	111
531	72
532	72
533	73
534	81
535	80
536	72
537	78
538	71
539	86
540	83
541	81
542	96
543	76
544	72
545	83
546	87
547	72
548	82
549	92
550	81
551	77
552	68
553	78
554	63
555	76
556	74
557	70
558	67
559	58
560	67
561	65
562	79
563	83
564	74
565	79
566	86
567	63
568	74
569	69
570	62
571	84
572	74
573	92
574	80
575	78
576	81
577	78
578	77
579	77
580	85
581	75
582	84
583	80
584	76
585	98
586	84
587	93
588	83
589	79
590	74
591	80
592	89
593	101
594	92
595	89
596	95
597	86
598	102
599	78
600	97
601	99
602	88
603	83
604	93
605	100
606	94
607	90
608	83
609	80
610	88
611	100
612	99
613	101
614	97
615	100
616	106
617	85
618	103
619	100
620	91
621	86
622	106
623	93
624	100
625	98
626	79
627	96
628	86
629	107
630	88
631	102
632	99
633	104
634	112
635	104
636	111
637	107
638	90
639	91
640	109
641	91
642	101
643	112
644	114
645	112
646	113
647	110
648	104
649	108
650	114
651	131
652	108
653	116
654	107
655	117
656	107
657	114
658	111
659	87
660	112
661	111
662	122
663	85
664	102
665	111
666	100
667	130
668	103
669	102
670	110
671	90
672	93
673	103
674	97
675	107
676	110
677	116
678	112
679	104
680	115
681	129
682	102
683	92
684	116
685	126
686	119
687	107
688	127
689	122
690	96
691	118
692	117
693	114
694	124
695	128
696	97
697	123
698	89
699	134
700	124
701	120
702	108
703	125
704	113
705	132
706	122
707	124
708	125
709	125
710	109
711	107
712	121
713	101
714	134
715	118
716	119
717	128
718	130
719	138
720	135
721	125
722	114
723	128
724	124
725	125
726	128
727	101
728	112
729	125
730	117
731	119
732	144
733	131
734	118
735	129
736	132
737	144
738	132
739	138
740	125
741	135
742	129
743	125
744	118
745	145
746	148
747	109
748	109
749	117
750	129
751	139
752	121
753	130
754	121
755	136
756	131
757	116
758	127
759	138
760	153
761	135
762	130
763	156
764	169
765	208
766	195
767	190
768	213
769	246
770	266
771	306
772	252
773	255
774	287
775	275
776	286
777	283
778	240
779	237
780	188
781	193
782	162
783	159
784	141
785	139
786	134
787	147
788	150
789	134
790	140
791	143
792	155
793	143
794	137
795	146
796	136
797	159
798	136
799	123
800	153
801	118
802	143
803	112
804	141
805	147
806	136
807	151
808	122
809	163
810	133
811	138
812	150
813	157
814	157
815	149
816	136
817	150
818	160
819	159
820	156
821	169
822	148
823	143
824	139
825	164
826	144
827	135
828	174
829	150
830	129
831	155
832	159
833	162
834	145
835	150
836	128
837	164
838	133
839	143
840	141
841	136
842	151
843	171
844	166
845	138
846	160
847	148
848	168
849	151
850	164
851	167
852	175
853	170
854	156
855	171
856	176
857	175
858	199
859	220
860	188
861	218
862	213
863	201
864	214
865	227
866	236
867	246
868	258
869	202
870	208
871	205
872	197
873	222
874	221
875	224
876	243
877	263
878	253
879	262
880	299
881	289
882	314
883	312
884	358
885	350
886	336
887	391
888	393
889	416
890	447
891	450
892	439
893	465
894	548
895	502
896	537
897	575
898	593
899	563
900	563
901	523
902	550
903	536
904	536
905	556
906	551
907	499
908	462
909	471
910	425
911	465
912	421
913	406
914	396
915	311
916	357
917	346
918	296
919	289
920	259
921	270
922	264
923	237
924	238
925	242
926	211
927	217
928	206
929	205
930	185
931	183
932	175
933	152
934	176
935	162
936	176
937	176
938	158
939	179
940	173
941	195
942	204
943	210
944	236
945	260
946	291
947	288
948	353
949	380
950	354
951	408
952	414
953	438
954	425
955	382
956	396
957	399
958	359
959	332
960	275
961	274
962	241
963	223
964	186
965	173
966	135
967	181
968	167
969	145
970	139
971	126
972	129
973	131
974	135
975	125
976	146
977	149
978	129
979	124
980	131
981	126
982	140
983	153
984	143
985	158
986	136
987	137
988	177
989	130
990	168
991	167
992	168
993	141
994	175
995	176
996	156
997	167
998	178
999	195
1000	205
1001	146
1002	180
1003	189
1004	182
1005	209
1006	177
1007	176
1008	174
1009	186
1010	163
1011	185
1012	162
1013	168
1014	148
1015	134
1016	172
1017	140
1018	127
1019	139
1020	126
1021	135
1022	127
1023	130
1024	133
