Date:	08/05/2018		Time:	20:45		Version no:	0.00		Project name:	55		Sample name:	222		Section name:	section		Position	258.915039	mm	E0	0.000000	keV	E1	1.000000	keV/channel	sample surface	5.935214	cm	Tube anode:	Mo		Tube voltage:	30	kV	Tube current:	50	mA	gain	10		std. database			resultfile	result		matrix element	11		sample thickness	1.000000		air passage	0.560000	cm	comments	in position		peaking_time	2.200000	m-sec	trigger_threshold	547.363281	V	mca_bin_width	22.090000	no:	number_mca_channels	1024.000000	no:	gap_time	0.150000	m-sec	trigger_peaking_time	0.200000	m-sec	GAINDAC	18610		HIGHGAIN	1		TAURC	1		RCTAU	1		RCTAUFRAC	1		livetime	9.473569	seconds	runtime	10.000489	seconds	input_count_rate	21549.218073	cps	output_count_rate	17937.523214	cps	triggers	204148	seconds	events_in_run	179384	seconds	channel	content		1	0
2	0
3	0
4	0
5	0
6	0
7	0
8	0
9	0
10	0
11	0
12	0
13	0
14	0
15	0
16	0
17	0
18	0
19	0
20	0
21	0
22	0
23	0
24	0
25	0
26	0
27	0
28	0
29	0
30	0
31	17
32	15
33	17
34	16
35	9
36	14
37	19
38	13
39	16
40	9
41	16
42	15
43	16
44	15
45	9
46	8
47	25
48	15
49	15
50	10
51	10
52	14
53	10
54	5
55	12
56	14
57	18
58	13
59	10
60	7
61	9
62	11
63	5
64	16
65	10
66	6
67	8
68	7
69	13
70	6
71	5
72	10
73	9
74	8
75	11
76	4
77	11
78	11
79	9
80	5
81	9
82	6
83	12
84	8
85	13
86	7
87	3
88	10
89	3
90	5
91	7
92	10
93	5
94	16
95	21
96	20
97	13
98	16
99	6
100	4
101	7
102	4
103	8
104	5
105	3
106	6
107	5
108	5
109	11
110	4
111	4
112	6
113	7
114	5
115	2
116	5
117	5
118	5
119	8
120	3
121	6
122	3
123	3
124	4
125	5
126	5
127	5
128	5
129	2
130	2
131	4
132	4
133	5
134	6
135	3
136	3
137	5
138	7
139	2
140	3
141	1
142	1
143	3
144	3
145	2
146	6
147	4
148	4
149	2
150	8
151	4
152	7
153	4
154	6
155	5
156	5
157	5
158	6
159	14
160	15
161	33
162	29
163	31
164	26
165	27
166	19
167	9
168	9
169	5
170	3
171	5
172	5
173	9
174	9
175	5
176	9
177	9
178	4
179	8
180	18
181	13
182	24
183	15
184	13
185	15
186	17
187	6
188	4
189	6
190	5
191	4
192	3
193	2
194	8
195	15
196	25
197	35
198	66
199	120
200	164
201	245
202	271
203	267
204	246
205	218
206	169
207	129
208	72
209	38
210	25
211	9
212	3
213	11
214	5
215	17
216	16
217	29
218	42
219	40
220	50
221	60
222	39
223	30
224	23
225	26
226	18
227	8
228	9
229	6
230	3
231	4
232	3
233	5
234	2
235	3
236	4
237	10
238	5
239	6
240	12
241	17
242	33
243	46
244	62
245	116
246	122
247	121
248	131
249	125
250	112
251	95
252	74
253	40
254	50
255	26
256	28
257	35
258	30
259	19
260	15
261	13
262	11
263	3
264	9
265	12
266	16
267	26
268	26
269	40
270	38
271	32
272	27
273	38
274	22
275	13
276	19
277	8
278	8
279	9
280	9
281	10
282	15
283	6
284	6
285	12
286	9
287	12
288	8
289	6
290	19
291	5
292	19
293	11
294	15
295	9
296	18
297	17
298	15
299	11
300	15
301	10
302	6
303	11
304	15
305	10
306	15
307	12
308	13
309	10
310	11
311	9
312	11
313	13
314	8
315	16
316	15
317	17
318	20
319	42
320	49
321	56
322	60
323	61
324	60
325	52
326	59
327	48
328	38
329	29
330	14
331	20
332	27
333	23
334	21
335	22
336	25
337	36
338	40
339	58
340	93
341	158
342	312
343	550
344	1037
345	1725
346	2523
347	3557
348	4534
349	5791
350	6363
351	6480
352	6324
353	5420
354	4415
355	3181
356	2236
357	1433
358	826
359	488
360	272
361	143
362	82
363	44
364	49
365	45
366	35
367	39
368	36
369	32
370	29
371	53
372	41
373	55
374	52
375	54
376	71
377	95
378	108
379	189
380	280
381	411
382	516
383	693
384	864
385	1022
386	1063
387	1126
388	1076
389	905
390	719
391	557
392	429
393	267
394	168
395	108
396	72
397	40
398	35
399	45
400	26
401	19
402	29
403	24
404	24
405	29
406	25
407	34
408	37
409	27
410	43
411	36
412	24
413	26
414	26
415	28
416	23
417	31
418	27
419	34
420	39
421	24
422	20
423	32
424	25
425	25
426	33
427	34
428	25
429	43
430	30
431	28
432	33
433	41
434	37
435	49
436	51
437	46
438	53
439	52
440	66
441	73
442	79
443	58
444	56
445	62
446	59
447	63
448	56
449	55
450	50
451	57
452	48
453	58
454	59
455	59
456	65
457	76
458	76
459	87
460	78
461	74
462	70
463	58
464	60
465	64
466	52
467	43
468	58
469	57
470	68
471	51
472	57
473	52
474	59
475	47
476	63
477	56
478	49
479	48
480	59
481	47
482	41
483	34
484	42
485	49
486	49
487	57
488	53
489	49
490	57
491	47
492	52
493	44
494	58
495	72
496	56
497	51
498	51
499	60
500	55
501	62
502	69
503	61
504	69
505	59
506	64
507	72
508	68
509	69
510	85
511	69
512	80
513	81
514	65
515	69
516	69
517	83
518	75
519	73
520	69
521	77
522	85
523	82
524	82
525	89
526	92
527	89
528	92
529	97
530	99
531	87
532	91
533	79
534	90
535	88
536	79
537	78
538	67
539	80
540	71
541	78
542	64
543	82
544	74
545	89
546	81
547	83
548	81
549	79
550	72
551	74
552	72
553	71
554	65
555	61
556	78
557	66
558	74
559	78
560	73
561	64
562	72
563	80
564	64
565	77
566	82
567	71
568	67
569	80
570	73
571	73
572	83
573	85
574	75
575	85
576	93
577	85
578	81
579	78
580	78
581	95
582	84
583	81
584	68
585	76
586	89
587	88
588	71
589	96
590	75
591	82
592	75
593	84
594	79
595	79
596	81
597	100
598	77
599	102
600	81
601	75
602	86
603	90
604	96
605	81
606	91
607	77
608	89
609	110
610	90
611	95
612	76
613	95
614	104
615	110
616	87
617	83
618	110
619	98
620	87
621	111
622	79
623	111
624	91
625	86
626	96
627	87
628	96
629	87
630	81
631	96
632	112
633	87
634	100
635	101
636	91
637	103
638	98
639	102
640	93
641	106
642	94
643	93
644	98
645	111
646	89
647	124
648	107
649	101
650	109
651	94
652	121
653	121
654	103
655	119
656	118
657	103
658	93
659	97
660	111
661	99
662	103
663	89
664	108
665	103
666	81
667	118
668	103
669	104
670	84
671	114
672	112
673	112
674	91
675	112
676	118
677	93
678	107
679	104
680	130
681	103
682	99
683	112
684	110
685	101
686	102
687	108
688	121
689	112
690	103
691	107
692	135
693	123
694	105
695	109
696	126
697	119
698	138
699	123
700	102
701	100
702	114
703	107
704	126
705	113
706	122
707	108
708	132
709	115
710	129
711	143
712	96
713	123
714	109
715	112
716	114
717	109
718	121
719	126
720	112
721	128
722	133
723	120
724	123
725	121
726	122
727	116
728	137
729	125
730	132
731	147
732	128
733	131
734	125
735	127
736	117
737	116
738	120
739	119
740	135
741	129
742	152
743	134
744	108
745	130
746	139
747	133
748	123
749	97
750	146
751	145
752	133
753	108
754	118
755	131
756	129
757	138
758	143
759	138
760	119
761	121
762	139
763	143
764	184
765	143
766	176
767	212
768	220
769	229
770	272
771	286
772	285
773	271
774	276
775	275
776	269
777	245
778	235
779	247
780	194
781	198
782	174
783	155
784	164
785	143
786	119
787	132
788	131
789	129
790	129
791	120
792	128
793	142
794	134
795	149
796	149
797	118
798	139
799	145
800	121
801	144
802	126
803	147
804	116
805	133
806	130
807	129
808	156
809	133
810	145
811	131
812	145
813	133
814	138
815	146
816	138
817	146
818	147
819	139
820	143
821	137
822	139
823	126
824	132
825	136
826	137
827	136
828	157
829	140
830	143
831	165
832	149
833	136
834	135
835	169
836	153
837	139
838	146
839	145
840	136
841	159
842	142
843	142
844	143
845	164
846	142
847	144
848	152
849	167
850	154
851	156
852	162
853	173
854	147
855	181
856	178
857	198
858	169
859	190
860	177
861	200
862	197
863	197
864	215
865	219
866	226
867	212
868	232
869	222
870	207
871	242
872	202
873	226
874	211
875	235
876	236
877	246
878	243
879	286
880	262
881	302
882	297
883	293
884	314
885	337
886	321
887	367
888	419
889	420
890	447
891	482
892	465
893	497
894	512
895	567
896	534
897	531
898	520
899	547
900	554
901	563
902	541
903	556
904	530
905	476
906	501
907	503
908	457
909	447
910	447
911	468
912	426
913	387
914	365
915	358
916	312
917	320
918	308
919	306
920	295
921	272
922	252
923	227
924	190
925	232
926	209
927	204
928	188
929	184
930	205
931	189
932	165
933	174
934	175
935	179
936	158
937	155
938	158
939	169
940	173
941	179
942	212
943	221
944	237
945	248
946	258
947	287
948	341
949	352
950	371
951	365
952	424
953	424
954	435
955	399
956	391
957	385
958	373
959	316
960	307
961	256
962	234
963	225
964	186
965	178
966	173
967	150
968	143
969	134
970	127
971	114
972	142
973	130
974	150
975	146
976	140
977	117
978	133
979	122
980	148
981	131
982	120
983	124
984	139
985	166
986	145
987	140
988	157
989	151
990	145
991	147
992	143
993	178
994	164
995	175
996	181
997	161
998	176
999	174
1000	192
1001	153
1002	183
1003	180
1004	168
1005	188
1006	192
1007	192
1008	163
1009	179
1010	161
1011	155
1012	153
1013	152
1014	176
1015	147
1016	151
1017	147
1018	143
1019	139
1020	99
1021	121
1022	121
1023	128
1024	120
