Date:	08/05/2018		Time:	23:01		Version no:	0.00		Project name:	55		Sample name:	222		Section name:	section		Position	402.315033	mm	E0	0.000000	keV	E1	1.000000	keV/channel	sample surface	6.128887	cm	Tube anode:	Mo		Tube voltage:	30	kV	Tube current:	50	mA	gain	10		std. database			resultfile	result		matrix element	11		sample thickness	1.000000		air passage	0.560000	cm	comments	in position		peaking_time	2.200000	m-sec	trigger_threshold	547.363281	V	mca_bin_width	22.090000	no:	number_mca_channels	1024.000000	no:	gap_time	0.150000	m-sec	trigger_peaking_time	0.200000	m-sec	GAINDAC	18610		HIGHGAIN	1		TAURC	1		RCTAU	1		RCTAUFRAC	1		livetime	9.419670	seconds	runtime	10.000492	seconds	input_count_rate	25067.862247	cps	output_count_rate	20413.295666	cps	triggers	236131	seconds	events_in_run	204143	seconds	channel	content		1	0
2	0
3	0
4	0
5	0
6	0
7	0
8	0
9	0
10	0
11	0
12	0
13	0
14	0
15	0
16	0
17	0
18	0
19	0
20	0
21	0
22	0
23	0
24	0
25	0
26	0
27	0
28	0
29	0
30	0
31	13
32	17
33	17
34	16
35	19
36	14
37	23
38	10
39	14
40	7
41	16
42	14
43	16
44	11
45	17
46	15
47	10
48	23
49	13
50	11
51	22
52	13
53	11
54	13
55	13
56	8
57	10
58	12
59	10
60	4
61	12
62	11
63	11
64	13
65	9
66	16
67	11
68	6
69	12
70	8
71	6
72	6
73	13
74	7
75	8
76	9
77	7
78	6
79	11
80	10
81	8
82	6
83	12
84	10
85	12
86	13
87	8
88	6
89	6
90	4
91	3
92	6
93	7
94	12
95	15
96	13
97	12
98	18
99	18
100	8
101	7
102	9
103	4
104	4
105	11
106	6
107	4
108	6
109	12
110	13
111	5
112	7
113	4
114	4
115	1
116	9
117	4
118	8
119	2
120	5
121	10
122	6
123	6
124	3
125	3
126	4
127	4
128	6
129	3
130	5
131	3
132	4
133	4
134	4
135	1
136	5
137	3
138	4
139	4
140	1
141	5
142	5
143	1
144	7
145	2
146	3
147	4
148	7
149	4
150	4
151	13
152	5
153	4
154	8
155	3
156	4
157	2
158	10
159	15
160	15
161	18
162	29
163	24
164	23
165	17
166	13
167	11
168	14
169	5
170	4
171	3
172	4
173	4
174	7
175	7
176	6
177	8
178	12
179	20
180	14
181	21
182	20
183	15
184	19
185	13
186	12
187	8
188	7
189	5
190	7
191	6
192	2
193	9
194	14
195	11
196	31
197	40
198	84
199	137
200	190
201	280
202	317
203	360
204	340
205	302
206	210
207	155
208	80
209	55
210	12
211	9
212	14
213	7
214	5
215	16
216	27
217	29
218	37
219	60
220	51
221	68
222	55
223	52
224	30
225	19
226	22
227	13
228	7
229	8
230	2
231	3
232	7
233	5
234	3
235	8
236	5
237	8
238	10
239	15
240	16
241	40
242	54
243	81
244	155
245	184
246	217
247	227
248	276
249	242
250	200
251	163
252	147
253	88
254	71
255	64
256	40
257	40
258	36
259	18
260	18
261	19
262	12
263	16
264	24
265	16
266	27
267	24
268	44
269	54
270	52
271	64
272	82
273	59
274	50
275	37
276	24
277	12
278	17
279	8
280	12
281	7
282	12
283	10
284	12
285	12
286	12
287	9
288	13
289	17
290	17
291	20
292	18
293	11
294	17
295	24
296	19
297	12
298	16
299	16
300	23
301	14
302	15
303	11
304	4
305	10
306	12
307	14
308	13
309	16
310	11
311	11
312	23
313	17
314	15
315	21
316	23
317	22
318	50
319	54
320	93
321	97
322	129
323	128
324	115
325	134
326	111
327	80
328	57
329	41
330	38
331	26
332	27
333	27
334	34
335	25
336	27
337	40
338	33
339	78
340	127
341	219
342	392
343	774
344	1334
345	2155
346	3290
347	4748
348	6337
349	7655
350	8639
351	8885
352	8484
353	7381
354	5986
355	4534
356	3087
357	2039
358	1196
359	640
360	310
361	211
362	103
363	65
364	51
365	48
366	36
367	35
368	35
369	36
370	36
371	51
372	67
373	59
374	66
375	67
376	91
377	110
378	156
379	244
380	359
381	466
382	690
383	965
384	1074
385	1303
386	1478
387	1522
388	1368
389	1248
390	1001
391	800
392	548
393	346
394	252
395	144
396	77
397	59
398	48
399	30
400	34
401	36
402	23
403	28
404	32
405	32
406	26
407	50
408	36
409	34
410	48
411	45
412	34
413	40
414	30
415	28
416	28
417	30
418	22
419	21
420	36
421	32
422	27
423	28
424	20
425	28
426	32
427	28
428	42
429	39
430	33
431	24
432	31
433	36
434	43
435	40
436	58
437	66
438	57
439	59
440	60
441	81
442	90
443	74
444	61
445	53
446	54
447	59
448	68
449	56
450	62
451	49
452	64
453	61
454	55
455	69
456	50
457	79
458	95
459	81
460	73
461	76
462	62
463	80
464	55
465	56
466	42
467	58
468	49
469	55
470	47
471	48
472	61
473	48
474	64
475	56
476	48
477	58
478	66
479	50
480	46
481	48
482	53
483	47
484	64
485	52
486	46
487	58
488	48
489	54
490	53
491	51
492	59
493	50
494	58
495	65
496	46
497	51
498	68
499	59
500	64
501	60
502	50
503	71
504	68
505	58
506	64
507	66
508	56
509	68
510	72
511	79
512	69
513	75
514	73
515	78
516	83
517	61
518	66
519	83
520	79
521	88
522	84
523	70
524	83
525	72
526	87
527	97
528	99
529	103
530	107
531	68
532	87
533	82
534	99
535	82
536	83
537	87
538	67
539	74
540	59
541	70
542	84
543	78
544	79
545	90
546	61
547	84
548	87
549	79
550	80
551	78
552	64
553	77
554	78
555	71
556	71
557	67
558	76
559	77
560	78
561	72
562	65
563	69
564	80
565	75
566	76
567	59
568	81
569	71
570	67
571	78
572	73
573	88
574	75
575	80
576	103
577	79
578	82
579	78
580	101
581	80
582	81
583	91
584	94
585	95
586	73
587	88
588	83
589	72
590	95
591	69
592	95
593	74
594	83
595	107
596	81
597	79
598	102
599	89
600	83
601	102
602	107
603	84
604	93
605	88
606	77
607	103
608	94
609	94
610	94
611	99
612	99
613	92
614	89
615	96
616	95
617	103
618	108
619	82
620	106
621	104
622	93
623	91
624	101
625	100
626	86
627	102
628	93
629	84
630	91
631	93
632	93
633	90
634	90
635	114
636	95
637	115
638	99
639	94
640	87
641	112
642	106
643	88
644	96
645	87
646	113
647	113
648	90
649	110
650	120
651	109
652	107
653	94
654	109
655	112
656	105
657	115
658	103
659	108
660	97
661	91
662	88
663	111
664	97
665	113
666	109
667	109
668	117
669	98
670	111
671	112
672	98
673	102
674	93
675	106
676	90
677	102
678	100
679	98
680	95
681	117
682	93
683	102
684	106
685	115
686	118
687	105
688	100
689	123
690	102
691	126
692	97
693	103
694	114
695	118
696	136
697	114
698	109
699	114
700	127
701	120
702	122
703	118
704	116
705	112
706	118
707	123
708	123
709	116
710	120
711	116
712	126
713	120
714	114
715	111
716	116
717	120
718	124
719	110
720	123
721	129
722	124
723	136
724	137
725	119
726	113
727	140
728	102
729	129
730	110
731	128
732	129
733	115
734	120
735	119
736	106
737	138
738	117
739	108
740	135
741	125
742	136
743	126
744	127
745	137
746	130
747	127
748	143
749	143
750	126
751	132
752	135
753	128
754	136
755	115
756	113
757	135
758	109
759	124
760	139
761	109
762	145
763	161
764	180
765	186
766	169
767	175
768	183
769	195
770	235
771	273
772	263
773	301
774	266
775	275
776	285
777	236
778	223
779	206
780	193
781	167
782	168
783	146
784	127
785	145
786	129
787	125
788	117
789	135
790	123
791	111
792	149
793	118
794	109
795	137
796	123
797	117
798	143
799	139
800	125
801	105
802	119
803	122
804	143
805	118
806	129
807	145
808	128
809	135
810	145
811	141
812	124
813	138
814	136
815	134
816	139
817	127
818	141
819	144
820	126
821	132
822	150
823	129
824	126
825	136
826	138
827	126
828	131
829	128
830	113
831	132
832	136
833	147
834	138
835	119
836	127
837	128
838	123
839	149
840	128
841	126
842	151
843	136
844	158
845	147
846	143
847	127
848	157
849	132
850	164
851	153
852	156
853	147
854	158
855	161
856	166
857	162
858	181
859	176
860	186
861	207
862	230
863	197
864	198
865	213
866	215
867	206
868	213
869	210
870	214
871	233
872	214
873	208
874	208
875	204
876	228
877	216
878	265
879	262
880	254
881	250
882	291
883	312
884	314
885	331
886	367
887	370
888	347
889	391
890	397
891	447
892	460
893	502
894	457
895	495
896	544
897	553
898	518
899	580
900	575
901	504
902	549
903	517
904	543
905	517
906	492
907	525
908	494
909	470
910	449
911	419
912	384
913	404
914	353
915	381
916	322
917	294
918	276
919	305
920	286
921	255
922	252
923	257
924	200
925	209
926	193
927	173
928	191
929	197
930	174
931	153
932	151
933	179
934	172
935	133
936	151
937	167
938	152
939	159
940	171
941	175
942	187
943	207
944	204
945	222
946	277
947	270
948	325
949	333
950	375
951	368
952	388
953	407
954	412
955	442
956	404
957	386
958	361
959	311
960	304
961	262
962	215
963	221
964	191
965	152
966	157
967	143
968	125
969	134
970	121
971	145
972	107
973	116
974	115
975	111
976	137
977	140
978	120
979	139
980	119
981	128
982	124
983	130
984	143
985	115
986	120
987	124
988	127
989	146
990	160
991	139
992	141
993	156
994	159
995	190
996	173
997	148
998	179
999	200
1000	177
1001	146
1002	166
1003	170
1004	182
1005	180
1006	145
1007	159
1008	179
1009	158
1010	151
1011	159
1012	170
1013	160
1014	150
1015	154
1016	143
1017	147
1018	130
1019	112
1020	123
1021	139
1022	127
1023	115
1024	108
