Date:	08/05/2018		Time:	23:21		Version no:	0.00		Project name:	55		Sample name:	222		Section name:	section		Position	423.515045	mm	E0	0.000000	keV	E1	1.000000	keV/channel	sample surface	6.221784	cm	Tube anode:	Mo		Tube voltage:	30	kV	Tube current:	50	mA	gain	10		std. database			resultfile	result		matrix element	11		sample thickness	1.000000		air passage	0.560000	cm	comments	in position		peaking_time	2.200000	m-sec	trigger_threshold	547.363281	V	mca_bin_width	22.090000	no:	number_mca_channels	1024.000000	no:	gap_time	0.150000	m-sec	trigger_peaking_time	0.200000	m-sec	GAINDAC	18610		HIGHGAIN	1		TAURC	1		RCTAU	1		RCTAUFRAC	1		livetime	9.416867	seconds	runtime	10.000494	seconds	input_count_rate	24933.451329	cps	output_count_rate	20303.497819	cps	triggers	234795	seconds	events_in_run	203045	seconds	channel	content		1	0
2	0
3	0
4	0
5	0
6	0
7	0
8	0
9	0
10	0
11	0
12	0
13	0
14	0
15	0
16	0
17	0
18	0
19	0
20	0
21	0
22	0
23	0
24	0
25	0
26	0
27	0
28	0
29	0
30	0
31	23
32	14
33	16
34	12
35	13
36	13
37	12
38	9
39	18
40	15
41	6
42	13
43	19
44	13
45	18
46	13
47	14
48	15
49	11
50	18
51	12
52	10
53	12
54	10
55	18
56	20
57	15
58	9
59	11
60	13
61	12
62	15
63	14
64	13
65	6
66	5
67	15
68	15
69	7
70	11
71	12
72	4
73	11
74	8
75	10
76	7
77	4
78	9
79	7
80	6
81	20
82	10
83	19
84	11
85	14
86	13
87	9
88	6
89	10
90	10
91	6
92	9
93	11
94	13
95	18
96	16
97	21
98	18
99	17
100	11
101	8
102	8
103	8
104	7
105	6
106	14
107	11
108	13
109	7
110	2
111	8
112	4
113	5
114	2
115	7
116	4
117	4
118	5
119	6
120	4
121	4
122	5
123	3
124	5
125	3
126	4
127	4
128	4
129	5
130	3
131	0
132	9
133	3
134	1
135	4
136	3
137	2
138	4
139	5
140	3
141	3
142	6
143	7
144	4
145	1
146	4
147	4
148	3
149	5
150	5
151	10
152	4
153	3
154	5
155	8
156	7
157	7
158	7
159	10
160	13
161	19
162	17
163	30
164	25
165	20
166	18
167	10
168	7
169	2
170	5
171	3
172	4
173	3
174	12
175	6
176	7
177	10
178	13
179	13
180	21
181	37
182	32
183	27
184	29
185	26
186	19
187	12
188	8
189	5
190	11
191	5
192	5
193	7
194	8
195	14
196	30
197	57
198	102
199	162
200	237
201	300
202	387
203	357
204	380
205	336
206	239
207	170
208	115
209	57
210	22
211	13
212	8
213	7
214	9
215	16
216	20
217	40
218	46
219	66
220	76
221	68
222	70
223	62
224	54
225	22
226	13
227	7
228	5
229	6
230	3
231	7
232	3
233	2
234	4
235	4
236	3
237	8
238	4
239	6
240	18
241	27
242	42
243	62
244	96
245	108
246	151
247	168
248	183
249	158
250	147
251	102
252	95
253	66
254	60
255	44
256	47
257	44
258	18
259	23
260	12
261	10
262	12
263	11
264	12
265	20
266	22
267	29
268	41
269	34
270	35
271	51
272	47
273	52
274	33
275	43
276	29
277	23
278	11
279	8
280	6
281	6
282	12
283	11
284	19
285	12
286	16
287	16
288	11
289	12
290	19
291	13
292	15
293	20
294	19
295	25
296	21
297	14
298	17
299	26
300	22
301	21
302	13
303	16
304	18
305	16
306	11
307	8
308	16
309	16
310	12
311	12
312	15
313	16
314	10
315	22
316	25
317	40
318	62
319	84
320	111
321	142
322	139
323	159
324	163
325	165
326	116
327	99
328	68
329	49
330	40
331	32
332	40
333	23
334	29
335	30
336	30
337	44
338	50
339	79
340	99
341	210
342	382
343	713
344	1159
345	2019
346	3043
347	4352
348	5757
349	7013
350	8063
351	8176
352	7790
353	6767
354	5518
355	4271
356	2891
357	1976
358	1091
359	595
360	350
361	166
362	103
363	73
364	41
365	48
366	37
367	46
368	46
369	46
370	49
371	43
372	62
373	48
374	70
375	75
376	98
377	117
378	136
379	228
380	310
381	480
382	625
383	872
384	1063
385	1209
386	1362
387	1364
388	1286
389	1119
390	902
391	748
392	444
393	318
394	209
395	138
396	81
397	52
398	40
399	32
400	34
401	26
402	27
403	34
404	32
405	41
406	45
407	32
408	44
409	36
410	49
411	28
412	54
413	41
414	31
415	27
416	25
417	29
418	40
419	32
420	39
421	30
422	31
423	42
424	41
425	34
426	38
427	36
428	42
429	28
430	43
431	48
432	38
433	41
434	52
435	45
436	59
437	59
438	59
439	74
440	76
441	68
442	88
443	73
444	78
445	69
446	76
447	62
448	51
449	59
450	65
451	57
452	82
453	71
454	78
455	71
456	71
457	82
458	77
459	85
460	89
461	73
462	79
463	98
464	79
465	63
466	62
467	51
468	63
469	69
470	68
471	85
472	78
473	70
474	77
475	68
476	69
477	61
478	67
479	60
480	55
481	67
482	61
483	51
484	61
485	60
486	53
487	56
488	52
489	67
490	64
491	60
492	56
493	53
494	56
495	53
496	59
497	60
498	61
499	69
500	77
501	65
502	69
503	63
504	54
505	79
506	91
507	65
508	71
509	83
510	76
511	93
512	85
513	86
514	91
515	80
516	97
517	81
518	100
519	70
520	80
521	75
522	91
523	78
524	103
525	103
526	102
527	117
528	123
529	86
530	113
531	91
532	96
533	97
534	85
535	81
536	97
537	73
538	88
539	79
540	88
541	63
542	74
543	92
544	96
545	64
546	95
547	85
548	84
549	79
550	78
551	89
552	83
553	76
554	79
555	77
556	87
557	76
558	85
559	72
560	79
561	88
562	83
563	81
564	74
565	89
566	75
567	84
568	86
569	77
570	86
571	83
572	77
573	81
574	107
575	87
576	83
577	68
578	103
579	85
580	74
581	97
582	99
583	89
584	88
585	87
586	111
587	90
588	80
589	81
590	75
591	102
592	108
593	93
594	98
595	96
596	77
597	99
598	112
599	106
600	101
601	108
602	92
603	102
604	95
605	93
606	93
607	110
608	109
609	106
610	110
611	102
612	85
613	88
614	104
615	92
616	87
617	92
618	139
619	117
620	104
621	124
622	116
623	79
624	98
625	95
626	103
627	98
628	101
629	102
630	97
631	121
632	107
633	121
634	96
635	103
636	94
637	101
638	116
639	108
640	134
641	110
642	118
643	99
644	112
645	118
646	124
647	128
648	107
649	114
650	101
651	103
652	121
653	103
654	112
655	111
656	112
657	112
658	91
659	108
660	114
661	119
662	108
663	105
664	98
665	120
666	112
667	95
668	101
669	109
670	125
671	104
672	113
673	113
674	109
675	113
676	117
677	119
678	118
679	103
680	132
681	130
682	109
683	121
684	145
685	99
686	119
687	117
688	108
689	105
690	109
691	132
692	123
693	134
694	138
695	115
696	124
697	120
698	135
699	134
700	131
701	111
702	124
703	130
704	127
705	138
706	128
707	120
708	135
709	135
710	129
711	129
712	136
713	106
714	113
715	128
716	152
717	124
718	145
719	112
720	114
721	121
722	134
723	121
724	134
725	123
726	116
727	131
728	140
729	135
730	109
731	159
732	136
733	135
734	154
735	145
736	116
737	128
738	140
739	138
740	140
741	157
742	130
743	122
744	140
745	124
746	132
747	153
748	108
749	123
750	147
751	125
752	124
753	122
754	120
755	136
756	125
757	136
758	164
759	141
760	143
761	122
762	164
763	158
764	151
765	184
766	207
767	231
768	254
769	259
770	310
771	295
772	337
773	345
774	317
775	297
776	292
777	271
778	271
779	237
780	204
781	184
782	166
783	161
784	150
785	168
786	139
787	136
788	141
789	114
790	154
791	140
792	130
793	120
794	140
795	127
796	132
797	148
798	122
799	142
800	154
801	137
802	148
803	132
804	142
805	163
806	131
807	145
808	142
809	130
810	117
811	131
812	156
813	142
814	126
815	120
816	155
817	156
818	128
819	136
820	135
821	144
822	155
823	132
824	144
825	136
826	126
827	127
828	156
829	140
830	149
831	150
832	139
833	140
834	158
835	143
836	156
837	138
838	133
839	163
840	145
841	161
842	152
843	143
844	167
845	145
846	147
847	143
848	152
849	160
850	169
851	165
852	146
853	144
854	182
855	182
856	183
857	167
858	193
859	196
860	209
861	203
862	199
863	187
864	217
865	220
866	225
867	216
868	224
869	225
870	219
871	210
872	235
873	233
874	251
875	241
876	260
877	196
878	233
879	237
880	261
881	280
882	281
883	288
884	290
885	342
886	344
887	367
888	428
889	381
890	428
891	414
892	467
893	500
894	520
895	527
896	514
897	537
898	570
899	561
900	565
901	549
902	537
903	568
904	561
905	541
906	527
907	516
908	494
909	494
910	451
911	419
912	447
913	364
914	377
915	380
916	356
917	332
918	313
919	280
920	265
921	263
922	236
923	250
924	228
925	220
926	206
927	235
928	199
929	195
930	183
931	152
932	158
933	173
934	174
935	179
936	163
937	154
938	182
939	169
940	202
941	175
942	180
943	221
944	202
945	252
946	268
947	292
948	330
949	337
950	371
951	381
952	391
953	466
954	402
955	404
956	407
957	398
958	351
959	350
960	292
961	265
962	234
963	212
964	194
965	161
966	161
967	151
968	166
969	145
970	128
971	117
972	141
973	129
974	110
975	131
976	114
977	132
978	99
979	142
980	129
981	133
982	120
983	145
984	129
985	146
986	155
987	133
988	129
989	166
990	151
991	163
992	146
993	129
994	158
995	170
996	186
997	176
998	161
999	186
1000	178
1001	168
1002	181
1003	166
1004	183
1005	178
1006	188
1007	185
1008	163
1009	154
1010	181
1011	152
1012	181
1013	155
1014	181
1015	166
1016	135
1017	145
1018	145
1019	137
1020	131
1021	130
1022	145
1023	112
1024	108
