Date:	08/05/2018		Time:	21:18		Version no:	0.00		Project name:	55		Sample name:	222		Section name:	section		Position	293.515045	mm	E0	0.000000	keV	E1	1.000000	keV/channel	sample surface	5.964937	cm	Tube anode:	Mo		Tube voltage:	30	kV	Tube current:	50	mA	gain	10		std. database			resultfile	result		matrix element	11		sample thickness	1.000000		air passage	0.560000	cm	comments	in position		peaking_time	2.200000	m-sec	trigger_threshold	547.363281	V	mca_bin_width	22.090000	no:	number_mca_channels	1024.000000	no:	gap_time	0.150000	m-sec	trigger_peaking_time	0.200000	m-sec	GAINDAC	18610		HIGHGAIN	1		TAURC	1		RCTAU	1		RCTAUFRAC	1		livetime	9.438803	seconds	runtime	10.000498	seconds	input_count_rate	23675.882976	cps	output_count_rate	19409.332639	cps	triggers	223472	seconds	events_in_run	194103	seconds	channel	content		1	0
2	0
3	0
4	0
5	0
6	0
7	0
8	0
9	0
10	0
11	0
12	0
13	0
14	0
15	0
16	0
17	0
18	0
19	0
20	0
21	0
22	0
23	0
24	0
25	0
26	0
27	0
28	0
29	0
30	0
31	13
32	12
33	12
34	25
35	17
36	12
37	9
38	13
39	14
40	10
41	14
42	11
43	12
44	13
45	11
46	13
47	18
48	13
49	15
50	13
51	16
52	13
53	9
54	10
55	8
56	16
57	20
58	12
59	14
60	9
61	15
62	11
63	11
64	8
65	13
66	12
67	4
68	13
69	9
70	8
71	11
72	11
73	4
74	16
75	7
76	6
77	8
78	17
79	15
80	5
81	9
82	13
83	15
84	9
85	8
86	9
87	5
88	9
89	5
90	7
91	9
92	9
93	10
94	17
95	19
96	16
97	17
98	18
99	14
100	8
101	12
102	4
103	6
104	5
105	7
106	6
107	15
108	8
109	5
110	8
111	10
112	3
113	14
114	4
115	5
116	4
117	8
118	4
119	6
120	4
121	2
122	4
123	4
124	5
125	3
126	3
127	3
128	11
129	6
130	3
131	3
132	5
133	3
134	3
135	9
136	3
137	5
138	3
139	2
140	4
141	6
142	3
143	4
144	1
145	3
146	6
147	3
148	2
149	4
150	6
151	8
152	9
153	2
154	3
155	2
156	7
157	5
158	5
159	14
160	19
161	29
162	33
163	28
164	23
165	23
166	26
167	9
168	7
169	6
170	7
171	3
172	8
173	4
174	5
175	8
176	6
177	12
178	9
179	11
180	21
181	15
182	27
183	21
184	18
185	13
186	14
187	7
188	6
189	3
190	8
191	1
192	2
193	8
194	9
195	16
196	28
197	57
198	72
199	154
200	194
201	262
202	367
203	351
204	339
205	257
206	198
207	161
208	74
209	42
210	23
211	12
212	8
213	5
214	18
215	13
216	24
217	36
218	46
219	56
220	53
221	64
222	62
223	57
224	39
225	30
226	11
227	13
228	2
229	1
230	7
231	5
232	6
233	3
234	2
235	1
236	3
237	7
238	4
239	10
240	9
241	26
242	39
243	63
244	100
245	126
246	177
247	177
248	197
249	183
250	165
251	133
252	97
253	68
254	66
255	43
256	39
257	34
258	37
259	31
260	18
261	11
262	16
263	22
264	13
265	18
266	11
267	33
268	36
269	35
270	47
271	50
272	40
273	43
274	39
275	23
276	22
277	18
278	12
279	13
280	7
281	9
282	9
283	11
284	15
285	11
286	20
287	17
288	8
289	17
290	9
291	16
292	10
293	13
294	17
295	15
296	18
297	27
298	13
299	14
300	27
301	21
302	13
303	16
304	10
305	10
306	8
307	14
308	13
309	13
310	13
311	14
312	13
313	15
314	10
315	23
316	36
317	47
318	70
319	97
320	118
321	158
322	177
323	194
324	210
325	182
326	155
327	123
328	86
329	73
330	49
331	36
332	28
333	27
334	27
335	27
336	34
337	41
338	60
339	66
340	102
341	187
342	350
343	623
344	1168
345	1927
346	2963
347	4208
348	5620
349	6772
350	7620
351	7800
352	7542
353	6620
354	5217
355	4112
356	2690
357	1746
358	1066
359	590
360	317
361	169
362	102
363	59
364	49
365	46
366	41
367	39
368	33
369	20
370	28
371	46
372	47
373	51
374	61
375	59
376	79
377	96
378	143
379	197
380	285
381	472
382	607
383	833
384	983
385	1137
386	1263
387	1264
388	1252
389	1087
390	823
391	622
392	499
393	325
394	233
395	119
396	77
397	55
398	31
399	30
400	21
401	35
402	27
403	26
404	29
405	19
406	38
407	33
408	18
409	48
410	44
411	34
412	34
413	39
414	21
415	30
416	30
417	31
418	36
419	23
420	34
421	32
422	26
423	41
424	23
425	21
426	33
427	35
428	24
429	27
430	29
431	24
432	45
433	44
434	38
435	33
436	47
437	59
438	42
439	51
440	53
441	64
442	55
443	59
444	68
445	57
446	59
447	57
448	54
449	54
450	55
451	52
452	71
453	48
454	57
455	61
456	73
457	88
458	85
459	87
460	77
461	73
462	72
463	71
464	51
465	74
466	55
467	45
468	53
469	41
470	56
471	68
472	51
473	51
474	48
475	56
476	57
477	43
478	62
479	34
480	64
481	56
482	58
483	40
484	50
485	62
486	61
487	60
488	35
489	55
490	61
491	51
492	52
493	50
494	55
495	66
496	51
497	67
498	67
499	66
500	55
501	63
502	67
503	66
504	64
505	71
506	74
507	72
508	59
509	70
510	85
511	54
512	77
513	69
514	70
515	72
516	80
517	81
518	64
519	88
520	66
521	87
522	100
523	77
524	58
525	88
526	76
527	86
528	80
529	96
530	87
531	93
532	81
533	91
534	88
535	79
536	76
537	89
538	97
539	63
540	77
541	72
542	103
543	70
544	70
545	91
546	90
547	91
548	79
549	83
550	86
551	61
552	73
553	82
554	64
555	89
556	86
557	66
558	65
559	67
560	67
561	73
562	88
563	68
564	78
565	70
566	67
567	92
568	63
569	67
570	73
571	78
572	103
573	71
574	62
575	80
576	91
577	81
578	103
579	65
580	65
581	90
582	81
583	87
584	67
585	70
586	81
587	80
588	74
589	82
590	78
591	105
592	84
593	93
594	87
595	80
596	79
597	80
598	72
599	87
600	80
601	90
602	73
603	100
604	84
605	76
606	100
607	81
608	95
609	101
610	93
611	76
612	99
613	88
614	89
615	96
616	96
617	96
618	83
619	104
620	121
621	119
622	92
623	98
624	92
625	81
626	78
627	95
628	104
629	82
630	85
631	106
632	81
633	87
634	95
635	97
636	100
637	101
638	104
639	89
640	122
641	114
642	94
643	110
644	105
645	104
646	83
647	88
648	101
649	113
650	110
651	107
652	121
653	99
654	101
655	102
656	109
657	96
658	106
659	91
660	108
661	85
662	107
663	124
664	94
665	77
666	108
667	100
668	93
669	93
670	99
671	106
672	112
673	93
674	122
675	95
676	99
677	118
678	102
679	100
680	102
681	101
682	117
683	105
684	111
685	92
686	89
687	115
688	100
689	107
690	110
691	121
692	114
693	115
694	126
695	118
696	106
697	108
698	111
699	141
700	133
701	118
702	111
703	112
704	113
705	114
706	124
707	134
708	112
709	113
710	119
711	119
712	115
713	116
714	109
715	100
716	98
717	97
718	107
719	127
720	117
721	127
722	133
723	118
724	137
725	142
726	117
727	116
728	111
729	125
730	136
731	122
732	118
733	138
734	135
735	120
736	137
737	122
738	126
739	118
740	105
741	128
742	135
743	150
744	129
745	116
746	142
747	130
748	136
749	126
750	103
751	135
752	123
753	130
754	129
755	145
756	126
757	134
758	141
759	113
760	134
761	146
762	155
763	145
764	152
765	187
766	182
767	186
768	217
769	240
770	231
771	244
772	276
773	296
774	286
775	311
776	248
777	243
778	243
779	210
780	203
781	211
782	140
783	167
784	153
785	150
786	139
787	123
788	135
789	129
790	125
791	119
792	141
793	137
794	110
795	128
796	133
797	127
798	138
799	144
800	124
801	135
802	127
803	123
804	130
805	126
806	131
807	142
808	130
809	149
810	148
811	125
812	156
813	115
814	129
815	126
816	149
817	152
818	134
819	148
820	135
821	154
822	153
823	147
824	140
825	129
826	152
827	142
828	123
829	151
830	135
831	119
832	145
833	124
834	147
835	139
836	155
837	139
838	138
839	136
840	147
841	152
842	117
843	157
844	149
845	128
846	144
847	145
848	138
849	164
850	143
851	155
852	165
853	154
854	163
855	146
856	189
857	172
858	176
859	180
860	200
861	173
862	218
863	202
864	197
865	204
866	224
867	240
868	198
869	251
870	243
871	202
872	209
873	229
874	228
875	228
876	235
877	253
878	246
879	246
880	262
881	286
882	297
883	315
884	315
885	350
886	343
887	367
888	371
889	404
890	414
891	437
892	423
893	507
894	500
895	507
896	504
897	532
898	549
899	558
900	537
901	555
902	550
903	517
904	551
905	463
906	512
907	471
908	465
909	477
910	453
911	460
912	414
913	388
914	362
915	330
916	347
917	329
918	310
919	282
920	266
921	248
922	250
923	259
924	195
925	206
926	230
927	210
928	211
929	177
930	169
931	190
932	189
933	153
934	156
935	167
936	166
937	167
938	149
939	173
940	171
941	203
942	189
943	195
944	222
945	262
946	253
947	290
948	348
949	346
950	386
951	433
952	424
953	426
954	413
955	441
956	414
957	355
958	306
959	329
960	285
961	258
962	232
963	226
964	213
965	164
966	163
967	153
968	143
969	138
970	137
971	124
972	134
973	107
974	125
975	118
976	127
977	120
978	120
979	130
980	120
981	124
982	131
983	134
984	140
985	142
986	134
987	149
988	144
989	141
990	130
991	157
992	160
993	160
994	143
995	149
996	178
997	172
998	200
999	177
1000	157
1001	189
1002	171
1003	162
1004	166
1005	180
1006	177
1007	154
1008	164
1009	150
1010	147
1011	164
1012	158
1013	177
1014	161
1015	125
1016	140
1017	147
1018	128
1019	131
1020	105
1021	131
1022	125
1023	104
1024	127
