Date:	08/05/2018		Time:	20:44		Version no:	0.00		Project name:	55		Sample name:	222		Section name:	section		Position	258.715027	mm	E0	0.000000	keV	E1	1.000000	keV/channel	sample surface	5.935795	cm	Tube anode:	Mo		Tube voltage:	30	kV	Tube current:	50	mA	gain	10		std. database			resultfile	result		matrix element	11		sample thickness	1.000000		air passage	0.560000	cm	comments	in position		peaking_time	2.200000	m-sec	trigger_threshold	547.363281	V	mca_bin_width	22.090000	no:	number_mca_channels	1024.000000	no:	gap_time	0.150000	m-sec	trigger_peaking_time	0.200000	m-sec	GAINDAC	18610		HIGHGAIN	1		TAURC	1		RCTAU	1		RCTAUFRAC	1		livetime	9.468681	seconds	runtime	10.000492	seconds	input_count_rate	21944.556416	cps	output_count_rate	18212.203960	cps	triggers	207786	seconds	events_in_run	182131	seconds	channel	content		1	0
2	0
3	0
4	0
5	0
6	0
7	0
8	0
9	0
10	0
11	0
12	0
13	0
14	0
15	0
16	0
17	0
18	0
19	0
20	0
21	0
22	0
23	0
24	0
25	0
26	0
27	0
28	0
29	0
30	0
31	22
32	23
33	16
34	19
35	16
36	19
37	17
38	19
39	12
40	12
41	16
42	16
43	13
44	10
45	11
46	22
47	11
48	9
49	14
50	17
51	8
52	17
53	11
54	11
55	13
56	9
57	8
58	19
59	9
60	9
61	11
62	10
63	14
64	8
65	8
66	11
67	12
68	7
69	11
70	6
71	7
72	3
73	9
74	14
75	6
76	6
77	7
78	12
79	14
80	11
81	12
82	14
83	13
84	9
85	8
86	3
87	10
88	6
89	4
90	8
91	6
92	6
93	13
94	5
95	11
96	12
97	15
98	11
99	9
100	5
101	10
102	5
103	6
104	8
105	8
106	6
107	9
108	9
109	4
110	4
111	6
112	8
113	2
114	5
115	1
116	8
117	7
118	6
119	6
120	4
121	5
122	0
123	2
124	7
125	9
126	6
127	1
128	7
129	3
130	10
131	9
132	5
133	3
134	4
135	4
136	2
137	2
138	4
139	4
140	7
141	8
142	3
143	3
144	3
145	6
146	2
147	1
148	1
149	3
150	5
151	5
152	3
153	7
154	6
155	6
156	6
157	11
158	16
159	11
160	18
161	24
162	23
163	34
164	27
165	18
166	15
167	13
168	8
169	4
170	5
171	2
172	3
173	8
174	6
175	5
176	7
177	11
178	9
179	4
180	16
181	15
182	17
183	26
184	18
185	12
186	10
187	13
188	8
189	3
190	7
191	6
192	6
193	6
194	7
195	8
196	17
197	40
198	69
199	115
200	171
201	206
202	264
203	276
204	272
205	230
206	167
207	113
208	89
209	37
210	32
211	15
212	8
213	9
214	11
215	8
216	21
217	29
218	31
219	50
220	48
221	36
222	47
223	28
224	31
225	11
226	14
227	9
228	8
229	6
230	5
231	4
232	2
233	4
234	6
235	5
236	3
237	1
238	4
239	8
240	11
241	29
242	29
243	56
244	68
245	97
246	112
247	127
248	132
249	119
250	114
251	98
252	81
253	49
254	40
255	38
256	37
257	30
258	25
259	16
260	14
261	14
262	10
263	9
264	12
265	10
266	22
267	18
268	22
269	34
270	25
271	32
272	35
273	39
274	32
275	16
276	32
277	9
278	14
279	10
280	7
281	5
282	9
283	9
284	10
285	11
286	14
287	15
288	10
289	9
290	13
291	10
292	15
293	15
294	13
295	17
296	13
297	13
298	8
299	18
300	10
301	11
302	11
303	12
304	12
305	10
306	10
307	10
308	4
309	20
310	17
311	14
312	12
313	14
314	18
315	13
316	21
317	29
318	36
319	32
320	45
321	63
322	58
323	65
324	70
325	70
326	52
327	34
328	39
329	31
330	27
331	24
332	23
333	19
334	27
335	22
336	22
337	40
338	28
339	62
340	102
341	154
342	315
343	595
344	980
345	1630
346	2490
347	3648
348	4704
349	5758
350	6551
351	6602
352	6561
353	5628
354	4641
355	3438
356	2352
357	1486
358	945
359	498
360	278
361	136
362	91
363	62
364	46
365	43
366	31
367	30
368	35
369	29
370	51
371	28
372	44
373	44
374	58
375	63
376	82
377	88
378	124
379	187
380	277
381	372
382	513
383	699
384	927
385	1051
386	1161
387	1160
388	1096
389	961
390	769
391	594
392	409
393	262
394	179
395	124
396	70
397	56
398	28
399	31
400	29
401	20
402	25
403	29
404	20
405	30
406	36
407	23
408	37
409	41
410	32
411	25
412	39
413	30
414	20
415	31
416	29
417	16
418	40
419	31
420	34
421	22
422	31
423	26
424	27
425	26
426	23
427	29
428	30
429	39
430	26
431	35
432	21
433	35
434	45
435	54
436	49
437	46
438	62
439	74
440	58
441	61
442	70
443	62
444	57
445	47
446	45
447	61
448	48
449	47
450	52
451	58
452	49
453	56
454	58
455	86
456	46
457	63
458	76
459	65
460	76
461	87
462	62
463	67
464	65
465	45
466	52
467	54
468	60
469	60
470	67
471	81
472	72
473	75
474	62
475	53
476	57
477	57
478	55
479	47
480	45
481	58
482	54
483	54
484	56
485	57
486	53
487	52
488	48
489	52
490	56
491	56
492	69
493	68
494	43
495	49
496	68
497	71
498	51
499	59
500	56
501	60
502	70
503	51
504	64
505	55
506	70
507	55
508	73
509	82
510	64
511	59
512	68
513	88
514	76
515	70
516	81
517	81
518	60
519	58
520	86
521	79
522	68
523	81
524	74
525	83
526	104
527	82
528	106
529	85
530	95
531	93
532	107
533	79
534	78
535	80
536	79
537	78
538	71
539	73
540	78
541	81
542	68
543	84
544	71
545	65
546	74
547	86
548	75
549	80
550	81
551	61
552	64
553	72
554	76
555	60
556	76
557	74
558	76
559	69
560	73
561	78
562	58
563	69
564	77
565	71
566	83
567	78
568	76
569	60
570	70
571	75
572	69
573	66
574	81
575	53
576	86
577	69
578	87
579	63
580	87
581	87
582	66
583	73
584	87
585	94
586	91
587	86
588	91
589	73
590	78
591	69
592	78
593	93
594	90
595	103
596	68
597	76
598	80
599	82
600	82
601	94
602	95
603	91
604	94
605	87
606	79
607	74
608	99
609	74
610	81
611	95
612	87
613	90
614	85
615	97
616	93
617	89
618	89
619	95
620	98
621	89
622	85
623	77
624	113
625	90
626	85
627	108
628	100
629	108
630	115
631	84
632	93
633	98
634	119
635	97
636	118
637	112
638	87
639	111
640	104
641	97
642	121
643	108
644	100
645	92
646	111
647	105
648	101
649	102
650	105
651	117
652	112
653	111
654	109
655	98
656	99
657	99
658	107
659	75
660	97
661	116
662	89
663	90
664	118
665	91
666	105
667	100
668	121
669	84
670	92
671	90
672	116
673	110
674	124
675	106
676	102
677	106
678	111
679	90
680	95
681	114
682	105
683	120
684	102
685	109
686	108
687	98
688	113
689	111
690	132
691	102
692	127
693	119
694	142
695	109
696	130
697	122
698	112
699	137
700	115
701	134
702	121
703	113
704	135
705	118
706	110
707	118
708	119
709	118
710	113
711	137
712	118
713	108
714	137
715	114
716	124
717	135
718	120
719	123
720	129
721	106
722	113
723	113
724	144
725	112
726	131
727	133
728	133
729	128
730	122
731	133
732	126
733	120
734	118
735	128
736	116
737	141
738	120
739	131
740	138
741	125
742	133
743	119
744	126
745	145
746	126
747	92
748	115
749	145
750	123
751	135
752	125
753	122
754	130
755	134
756	137
757	141
758	126
759	125
760	121
761	160
762	156
763	140
764	158
765	185
766	177
767	202
768	194
769	239
770	271
771	265
772	293
773	282
774	276
775	264
776	272
777	269
778	235
779	212
780	181
781	173
782	152
783	173
784	151
785	161
786	130
787	140
788	137
789	142
790	137
791	133
792	119
793	125
794	113
795	131
796	141
797	127
798	148
799	121
800	120
801	145
802	148
803	152
804	136
805	110
806	123
807	143
808	145
809	147
810	153
811	156
812	145
813	129
814	152
815	155
816	157
817	139
818	133
819	140
820	150
821	143
822	126
823	162
824	151
825	154
826	153
827	155
828	133
829	140
830	129
831	144
832	151
833	137
834	145
835	145
836	155
837	133
838	153
839	148
840	135
841	143
842	162
843	157
844	154
845	145
846	134
847	164
848	160
849	140
850	141
851	154
852	165
853	152
854	153
855	179
856	177
857	172
858	170
859	212
860	216
861	193
862	200
863	222
864	231
865	204
866	214
867	220
868	239
869	210
870	210
871	217
872	239
873	236
874	216
875	243
876	225
877	242
878	229
879	249
880	303
881	294
882	295
883	313
884	327
885	336
886	350
887	380
888	404
889	432
890	472
891	480
892	496
893	496
894	506
895	508
896	543
897	581
898	516
899	582
900	548
901	554
902	564
903	561
904	500
905	567
906	549
907	504
908	496
909	458
910	474
911	455
912	394
913	424
914	401
915	377
916	356
917	330
918	314
919	298
920	280
921	269
922	267
923	256
924	234
925	215
926	228
927	213
928	212
929	188
930	172
931	168
932	163
933	187
934	183
935	168
936	179
937	162
938	154
939	159
940	168
941	172
942	195
943	180
944	223
945	240
946	264
947	324
948	319
949	338
950	372
951	368
952	403
953	408
954	423
955	459
956	393
957	378
958	354
959	350
960	303
961	255
962	232
963	227
964	186
965	191
966	185
967	134
968	132
969	137
970	145
971	111
972	136
973	133
974	137
975	133
976	130
977	123
978	101
979	131
980	145
981	131
982	136
983	147
984	143
985	117
986	146
987	160
988	146
989	132
990	156
991	149
992	142
993	172
994	175
995	157
996	167
997	165
998	191
999	186
1000	179
1001	196
1002	190
1003	159
1004	187
1005	172
1006	158
1007	167
1008	189
1009	169
1010	173
1011	168
1012	182
1013	190
1014	127
1015	120
1016	139
1017	157
1018	155
1019	189
1020	124
1021	119
1022	116
1023	122
1024	106
