Date:	08/05/2018		Time:	23:04		Version no:	0.00		Project name:	55		Sample name:	222		Section name:	section		Position	404.915039	mm	E0	0.000000	keV	E1	1.000000	keV/channel	sample surface	6.131569	cm	Tube anode:	Mo		Tube voltage:	30	kV	Tube current:	50	mA	gain	10		std. database			resultfile	result		matrix element	11		sample thickness	1.000000		air passage	0.560000	cm	comments	in position		peaking_time	2.200000	m-sec	trigger_threshold	547.363281	V	mca_bin_width	22.090000	no:	number_mca_channels	1024.000000	no:	gap_time	0.150000	m-sec	trigger_peaking_time	0.200000	m-sec	GAINDAC	18610		HIGHGAIN	1		TAURC	1		RCTAU	1		RCTAUFRAC	1		livetime	9.396524	seconds	runtime	10.000494	seconds	input_count_rate	26693.807199	cps	output_count_rate	21527.037425	cps	triggers	250829	seconds	events_in_run	215281	seconds	channel	content		1	0
2	0
3	0
4	0
5	0
6	0
7	0
8	0
9	0
10	0
11	0
12	0
13	0
14	0
15	0
16	0
17	0
18	0
19	0
20	0
21	0
22	0
23	0
24	0
25	0
26	0
27	0
28	0
29	0
30	0
31	13
32	18
33	16
34	17
35	18
36	9
37	14
38	14
39	14
40	19
41	9
42	8
43	16
44	15
45	12
46	14
47	7
48	11
49	10
50	15
51	16
52	12
53	12
54	11
55	10
56	8
57	12
58	14
59	10
60	13
61	8
62	10
63	5
64	10
65	5
66	13
67	9
68	15
69	8
70	11
71	8
72	5
73	5
74	13
75	7
76	7
77	7
78	9
79	8
80	16
81	18
82	15
83	11
84	16
85	14
86	5
87	5
88	7
89	3
90	5
91	8
92	7
93	14
94	12
95	16
96	12
97	13
98	14
99	12
100	18
101	10
102	7
103	11
104	4
105	9
106	16
107	10
108	4
109	10
110	6
111	12
112	7
113	4
114	7
115	6
116	6
117	6
118	5
119	4
120	7
121	5
122	3
123	5
124	5
125	4
126	3
127	5
128	2
129	4
130	5
131	4
132	2
133	2
134	1
135	3
136	7
137	4
138	4
139	4
140	2
141	6
142	4
143	3
144	5
145	3
146	2
147	7
148	3
149	4
150	3
151	6
152	8
153	5
154	6
155	6
156	11
157	1
158	12
159	17
160	21
161	27
162	36
163	33
164	31
165	20
166	13
167	12
168	3
169	4
170	5
171	2
172	5
173	3
174	5
175	8
176	5
177	7
178	13
179	13
180	16
181	28
182	19
183	13
184	18
185	14
186	13
187	11
188	2
189	5
190	3
191	4
192	7
193	5
194	13
195	24
196	33
197	49
198	101
199	186
200	244
201	317
202	390
203	415
204	370
205	306
206	277
207	176
208	91
209	53
210	21
211	19
212	12
213	7
214	14
215	24
216	29
217	33
218	55
219	69
220	70
221	72
222	62
223	53
224	32
225	28
226	19
227	12
228	6
229	6
230	1
231	6
232	7
233	2
234	2
235	6
236	3
237	4
238	7
239	16
240	19
241	36
242	66
243	125
244	182
245	252
246	256
247	310
248	331
249	314
250	246
251	207
252	158
253	114
254	82
255	65
256	48
257	35
258	29
259	31
260	18
261	16
262	12
263	17
264	29
265	26
266	29
267	41
268	43
269	63
270	68
271	83
272	73
273	64
274	51
275	30
276	31
277	28
278	18
279	11
280	14
281	10
282	14
283	12
284	10
285	12
286	10
287	9
288	10
289	6
290	16
291	23
292	20
293	20
294	18
295	27
296	15
297	27
298	21
299	26
300	16
301	19
302	18
303	23
304	17
305	19
306	16
307	10
308	8
309	13
310	15
311	14
312	18
313	11
314	14
315	24
316	23
317	43
318	43
319	56
320	77
321	80
322	123
323	135
324	114
325	109
326	94
327	76
328	70
329	49
330	33
331	40
332	27
333	33
334	32
335	26
336	33
337	48
338	38
339	98
340	134
341	240
342	409
343	767
344	1429
345	2459
346	3667
347	5240
348	7071
349	8332
350	9404
351	9628
352	9324
353	8154
354	6426
355	4833
356	3291
357	2234
358	1304
359	666
360	409
361	202
362	111
363	77
364	42
365	44
366	47
367	43
368	54
369	53
370	43
371	64
372	50
373	48
374	68
375	80
376	82
377	98
378	179
379	266
380	351
381	519
382	765
383	977
384	1246
385	1467
386	1552
387	1528
388	1482
389	1312
390	1042
391	825
392	571
393	415
394	246
395	144
396	83
397	55
398	43
399	49
400	26
401	21
402	25
403	30
404	28
405	29
406	45
407	41
408	29
409	33
410	51
411	41
412	40
413	25
414	40
415	25
416	27
417	35
418	26
419	29
420	27
421	31
422	29
423	34
424	38
425	25
426	32
427	34
428	31
429	33
430	41
431	35
432	34
433	41
434	32
435	54
436	64
437	55
438	48
439	77
440	89
441	79
442	77
443	80
444	68
445	63
446	61
447	61
448	54
449	50
450	70
451	47
452	49
453	66
454	71
455	61
456	82
457	69
458	82
459	75
460	87
461	75
462	70
463	58
464	79
465	65
466	55
467	62
468	51
469	48
470	59
471	69
472	76
473	63
474	58
475	57
476	57
477	66
478	52
479	58
480	47
481	60
482	50
483	54
484	49
485	56
486	57
487	65
488	69
489	47
490	67
491	70
492	47
493	64
494	37
495	58
496	66
497	48
498	60
499	69
500	56
501	53
502	48
503	73
504	74
505	76
506	75
507	94
508	68
509	93
510	63
511	69
512	75
513	71
514	58
515	78
516	89
517	90
518	86
519	72
520	84
521	87
522	102
523	86
524	79
525	88
526	93
527	81
528	77
529	110
530	81
531	97
532	91
533	80
534	85
535	80
536	91
537	69
538	86
539	68
540	88
541	82
542	70
543	84
544	88
545	68
546	77
547	87
548	64
549	70
550	82
551	84
552	72
553	75
554	70
555	67
556	77
557	62
558	68
559	72
560	69
561	66
562	81
563	77
564	63
565	65
566	82
567	78
568	80
569	59
570	86
571	90
572	74
573	81
574	66
575	72
576	72
577	78
578	90
579	87
580	74
581	69
582	85
583	98
584	78
585	73
586	75
587	71
588	86
589	89
590	86
591	96
592	83
593	90
594	101
595	83
596	81
597	94
598	97
599	94
600	81
601	89
602	77
603	81
604	88
605	88
606	77
607	75
608	106
609	91
610	102
611	99
612	94
613	103
614	121
615	106
616	79
617	88
618	117
619	102
620	89
621	118
622	113
623	91
624	99
625	96
626	92
627	97
628	78
629	96
630	87
631	109
632	100
633	106
634	89
635	102
636	106
637	112
638	93
639	101
640	107
641	104
642	119
643	100
644	106
645	99
646	105
647	104
648	94
649	105
650	101
651	102
652	118
653	102
654	93
655	95
656	104
657	89
658	111
659	96
660	104
661	93
662	106
663	98
664	87
665	93
666	101
667	127
668	111
669	100
670	108
671	96
672	113
673	108
674	102
675	88
676	103
677	108
678	113
679	119
680	99
681	105
682	91
683	95
684	111
685	126
686	104
687	114
688	87
689	103
690	117
691	115
692	125
693	103
694	121
695	134
696	118
697	119
698	138
699	117
700	131
701	129
702	125
703	107
704	137
705	116
706	136
707	115
708	117
709	134
710	112
711	104
712	111
713	121
714	111
715	107
716	135
717	116
718	131
719	124
720	141
721	120
722	99
723	104
724	107
725	130
726	119
727	134
728	140
729	119
730	105
731	120
732	130
733	120
734	127
735	119
736	135
737	113
738	147
739	139
740	102
741	133
742	101
743	128
744	136
745	114
746	122
747	117
748	146
749	129
750	124
751	123
752	113
753	107
754	128
755	128
756	114
757	125
758	114
759	134
760	132
761	153
762	125
763	140
764	146
765	168
766	190
767	173
768	218
769	244
770	254
771	273
772	291
773	233
774	283
775	299
776	273
777	235
778	232
779	202
780	182
781	179
782	161
783	175
784	176
785	132
786	138
787	112
788	122
789	127
790	124
791	122
792	130
793	136
794	129
795	138
796	107
797	129
798	135
799	130
800	127
801	119
802	150
803	143
804	119
805	119
806	142
807	144
808	149
809	142
810	123
811	136
812	140
813	160
814	138
815	148
816	169
817	158
818	153
819	137
820	145
821	148
822	154
823	139
824	147
825	124
826	129
827	125
828	140
829	141
830	126
831	150
832	134
833	152
834	143
835	132
836	129
837	134
838	150
839	128
840	149
841	157
842	146
843	138
844	135
845	151
846	152
847	147
848	144
849	172
850	153
851	154
852	145
853	170
854	172
855	162
856	169
857	183
858	189
859	185
860	187
861	177
862	212
863	230
864	213
865	206
866	225
867	196
868	209
869	212
870	223
871	220
872	212
873	204
874	227
875	229
876	243
877	241
878	243
879	228
880	267
881	281
882	292
883	295
884	354
885	348
886	368
887	352
888	393
889	397
890	454
891	439
892	479
893	465
894	522
895	488
896	510
897	533
898	557
899	523
900	553
901	549
902	555
903	524
904	501
905	552
906	496
907	476
908	474
909	470
910	446
911	452
912	376
913	363
914	374
915	373
916	335
917	322
918	292
919	279
920	244
921	262
922	258
923	234
924	241
925	231
926	217
927	195
928	176
929	188
930	189
931	198
932	165
933	159
934	164
935	166
936	165
937	172
938	162
939	164
940	163
941	177
942	194
943	184
944	211
945	255
946	267
947	286
948	319
949	342
950	373
951	406
952	394
953	457
954	390
955	404
956	402
957	382
958	329
959	308
960	283
961	252
962	225
963	236
964	186
965	161
966	153
967	160
968	144
969	149
970	126
971	126
972	109
973	138
974	139
975	125
976	122
977	123
978	116
979	136
980	147
981	126
982	156
983	146
984	141
985	127
986	128
987	130
988	160
989	146
990	147
991	155
992	134
993	126
994	146
995	141
996	174
997	178
998	184
999	168
1000	179
1001	194
1002	176
1003	167
1004	180
1005	173
1006	180
1007	179
1008	186
1009	179
1010	191
1011	167
1012	195
1013	149
1014	147
1015	133
1016	151
1017	161
1018	143
1019	149
1020	134
1021	127
1022	112
1023	123
1024	108
