Date:	08/05/2018		Time:	21:42		Version no:	0.00		Project name:	55		Sample name:	222		Section name:	section		Position	319.515045	mm	E0	0.000000	keV	E1	1.000000	keV/channel	sample surface	6.155745	cm	Tube anode:	Mo		Tube voltage:	30	kV	Tube current:	50	mA	gain	10		std. database			resultfile	result		matrix element	11		sample thickness	1.000000		air passage	0.560000	cm	comments	in position		peaking_time	2.200000	m-sec	trigger_threshold	547.363281	V	mca_bin_width	22.090000	no:	number_mca_channels	1024.000000	no:	gap_time	0.150000	m-sec	trigger_peaking_time	0.200000	m-sec	GAINDAC	18610		HIGHGAIN	1		TAURC	1		RCTAU	1		RCTAUFRAC	1		livetime	9.460476	seconds	runtime	10.000492	seconds	input_count_rate	22363.990987	cps	output_count_rate	18511.289245	cps	triggers	211574	seconds	events_in_run	185122	seconds	channel	content		1	0
2	0
3	0
4	0
5	0
6	0
7	0
8	0
9	0
10	0
11	0
12	0
13	0
14	0
15	0
16	0
17	0
18	0
19	0
20	0
21	0
22	0
23	0
24	0
25	0
26	0
27	0
28	0
29	0
30	0
31	11
32	10
33	18
34	12
35	13
36	16
37	14
38	20
39	9
40	9
41	7
42	9
43	17
44	15
45	15
46	15
47	16
48	13
49	12
50	19
51	8
52	16
53	11
54	11
55	8
56	11
57	12
58	7
59	14
60	15
61	9
62	9
63	9
64	10
65	8
66	11
67	8
68	6
69	9
70	8
71	12
72	9
73	2
74	5
75	12
76	8
77	7
78	5
79	11
80	15
81	10
82	14
83	6
84	7
85	11
86	5
87	4
88	5
89	3
90	2
91	3
92	5
93	10
94	9
95	17
96	14
97	21
98	19
99	19
100	10
101	5
102	8
103	6
104	6
105	11
106	9
107	6
108	8
109	9
110	10
111	6
112	7
113	5
114	8
115	6
116	3
117	2
118	4
119	3
120	5
121	3
122	4
123	3
124	2
125	7
126	8
127	4
128	4
129	5
130	3
131	4
132	1
133	6
134	5
135	7
136	5
137	1
138	3
139	3
140	4
141	1
142	4
143	2
144	3
145	3
146	2
147	4
148	7
149	5
150	3
151	3
152	3
153	5
154	4
155	5
156	7
157	6
158	9
159	16
160	14
161	27
162	18
163	35
164	33
165	19
166	14
167	7
168	6
169	4
170	3
171	5
172	8
173	6
174	11
175	8
176	15
177	14
178	17
179	20
180	26
181	20
182	31
183	23
184	20
185	20
186	12
187	13
188	9
189	4
190	3
191	4
192	6
193	7
194	6
195	12
196	31
197	50
198	99
199	137
200	210
201	309
202	339
203	342
204	326
205	295
206	219
207	135
208	92
209	44
210	21
211	11
212	12
213	5
214	12
215	15
216	20
217	35
218	39
219	57
220	50
221	66
222	60
223	53
224	32
225	27
226	21
227	11
228	8
229	4
230	9
231	6
232	4
233	5
234	2
235	4
236	4
237	13
238	6
239	10
240	16
241	31
242	48
243	71
244	107
245	153
246	214
247	248
248	246
249	224
250	185
251	142
252	104
253	75
254	45
255	39
256	34
257	34
258	20
259	24
260	25
261	9
262	12
263	17
264	19
265	19
266	24
267	30
268	36
269	50
270	50
271	48
272	51
273	44
274	31
275	37
276	17
277	13
278	13
279	16
280	11
281	9
282	8
283	9
284	8
285	10
286	10
287	16
288	12
289	17
290	13
291	17
292	12
293	9
294	11
295	19
296	14
297	19
298	16
299	15
300	18
301	12
302	11
303	16
304	13
305	11
306	8
307	14
308	10
309	18
310	12
311	14
312	8
313	16
314	21
315	16
316	26
317	29
318	53
319	73
320	95
321	109
322	125
323	133
324	129
325	123
326	105
327	93
328	63
329	47
330	33
331	25
332	23
333	22
334	34
335	36
336	39
337	38
338	53
339	54
340	98
341	152
342	313
343	575
344	1013
345	1635
346	2560
347	3653
348	4713
349	5763
350	6616
351	6562
352	6355
353	5600
354	4475
355	3512
356	2452
357	1494
358	857
359	496
360	296
361	138
362	97
363	47
364	36
365	39
366	33
367	42
368	43
369	49
370	26
371	44
372	39
373	45
374	57
375	62
376	81
377	88
378	139
379	189
380	285
381	380
382	531
383	679
384	846
385	1036
386	1142
387	1111
388	1026
389	949
390	732
391	604
392	404
393	262
394	183
395	86
396	72
397	41
398	29
399	27
400	27
401	30
402	27
403	27
404	22
405	38
406	28
407	35
408	38
409	38
410	35
411	33
412	46
413	38
414	26
415	25
416	36
417	33
418	24
419	24
420	22
421	32
422	28
423	34
424	25
425	26
426	26
427	38
428	18
429	40
430	36
431	35
432	36
433	28
434	39
435	46
436	46
437	60
438	69
439	70
440	63
441	73
442	76
443	61
444	62
445	75
446	61
447	60
448	59
449	61
450	66
451	52
452	50
453	50
454	54
455	62
456	66
457	90
458	82
459	76
460	78
461	70
462	72
463	69
464	73
465	51
466	72
467	55
468	52
469	53
470	49
471	63
472	64
473	57
474	79
475	58
476	51
477	60
478	48
479	65
480	54
481	51
482	42
483	63
484	45
485	63
486	64
487	76
488	41
489	58
490	60
491	56
492	58
493	66
494	60
495	50
496	55
497	60
498	46
499	52
500	56
501	83
502	83
503	63
504	75
505	82
506	76
507	95
508	81
509	77
510	74
511	72
512	85
513	64
514	74
515	72
516	70
517	79
518	75
519	78
520	77
521	74
522	92
523	88
524	91
525	101
526	105
527	84
528	103
529	97
530	83
531	84
532	106
533	96
534	96
535	79
536	93
537	86
538	79
539	94
540	102
541	86
542	72
543	75
544	89
545	78
546	57
547	80
548	80
549	86
550	78
551	76
552	84
553	84
554	65
555	72
556	81
557	83
558	83
559	88
560	72
561	75
562	65
563	78
564	81
565	69
566	63
567	82
568	75
569	69
570	66
571	69
572	89
573	73
574	73
575	73
576	81
577	83
578	68
579	89
580	93
581	79
582	65
583	82
584	89
585	78
586	78
587	84
588	88
589	84
590	102
591	85
592	96
593	97
594	107
595	95
596	85
597	93
598	89
599	93
600	93
601	85
602	90
603	88
604	106
605	94
606	103
607	88
608	86
609	92
610	75
611	104
612	98
613	102
614	76
615	87
616	90
617	91
618	102
619	102
620	104
621	83
622	100
623	92
624	91
625	91
626	103
627	98
628	96
629	96
630	82
631	93
632	104
633	89
634	117
635	97
636	93
637	93
638	86
639	100
640	91
641	97
642	95
643	95
644	111
645	90
646	108
647	103
648	114
649	98
650	106
651	117
652	113
653	106
654	114
655	103
656	105
657	121
658	113
659	115
660	110
661	101
662	112
663	98
664	111
665	120
666	81
667	121
668	109
669	121
670	98
671	93
672	127
673	91
674	109
675	128
676	99
677	116
678	108
679	113
680	110
681	125
682	96
683	116
684	118
685	112
686	123
687	117
688	116
689	103
690	117
691	115
692	109
693	125
694	126
695	131
696	103
697	120
698	115
699	117
700	104
701	138
702	116
703	129
704	128
705	122
706	130
707	117
708	117
709	119
710	138
711	113
712	105
713	140
714	126
715	109
716	122
717	99
718	136
719	123
720	120
721	134
722	117
723	119
724	113
725	128
726	118
727	138
728	128
729	111
730	101
731	139
732	136
733	137
734	137
735	141
736	120
737	127
738	138
739	109
740	124
741	130
742	131
743	138
744	119
745	124
746	137
747	133
748	141
749	139
750	103
751	102
752	120
753	155
754	129
755	132
756	130
757	101
758	126
759	163
760	143
761	125
762	146
763	148
764	151
765	175
766	171
767	230
768	243
769	224
770	261
771	259
772	273
773	272
774	282
775	281
776	237
777	261
778	227
779	222
780	213
781	219
782	157
783	145
784	133
785	155
786	144
787	123
788	142
789	103
790	129
791	127
792	134
793	125
794	137
795	134
796	127
797	125
798	137
799	146
800	135
801	160
802	141
803	121
804	129
805	124
806	118
807	139
808	157
809	144
810	136
811	140
812	140
813	152
814	149
815	142
816	148
817	131
818	139
819	119
820	138
821	145
822	135
823	161
824	141
825	157
826	143
827	139
828	140
829	149
830	146
831	143
832	127
833	141
834	141
835	148
836	162
837	139
838	119
839	139
840	136
841	147
842	158
843	125
844	183
845	152
846	157
847	148
848	170
849	185
850	167
851	164
852	148
853	158
854	158
855	179
856	168
857	193
858	178
859	197
860	201
861	217
862	216
863	203
864	225
865	213
866	247
867	206
868	231
869	221
870	224
871	223
872	204
873	236
874	189
875	218
876	239
877	250
878	257
879	267
880	262
881	289
882	280
883	321
884	341
885	335
886	347
887	392
888	407
889	428
890	454
891	453
892	446
893	481
894	548
895	502
896	473
897	555
898	582
899	554
900	596
901	553
902	580
903	562
904	561
905	497
906	537
907	504
908	477
909	450
910	450
911	438
912	417
913	419
914	378
915	363
916	356
917	311
918	323
919	317
920	282
921	233
922	257
923	239
924	226
925	231
926	225
927	208
928	198
929	190
930	195
931	186
932	179
933	196
934	155
935	173
936	155
937	189
938	172
939	145
940	203
941	163
942	174
943	230
944	233
945	247
946	250
947	294
948	332
949	373
950	394
951	388
952	459
953	433
954	429
955	397
956	405
957	374
958	353
959	338
960	299
961	273
962	255
963	216
964	202
965	173
966	137
967	148
968	151
969	142
970	141
971	135
972	132
973	127
974	135
975	137
976	145
977	147
978	122
979	132
980	151
981	159
982	162
983	151
984	140
985	142
986	150
987	165
988	143
989	127
990	167
991	149
992	161
993	169
994	168
995	167
996	182
997	160
998	163
999	177
1000	173
1001	193
1002	151
1003	179
1004	182
1005	172
1006	176
1007	190
1008	160
1009	190
1010	183
1011	172
1012	176
1013	147
1014	152
1015	137
1016	135
1017	136
1018	144
1019	128
1020	129
1021	116
1022	112
1023	119
1024	113
