Date:	08/05/2018		Time:	20:54		Version no:	0.00		Project name:	55		Sample name:	222		Section name:	section		Position	268.915039	mm	E0	0.000000	keV	E1	1.000000	keV/channel	sample surface	5.934883	cm	Tube anode:	Mo		Tube voltage:	30	kV	Tube current:	50	mA	gain	10		std. database			resultfile	result		matrix element	11		sample thickness	1.000000		air passage	0.560000	cm	comments	in position		peaking_time	2.200000	m-sec	trigger_threshold	547.363281	V	mca_bin_width	22.090000	no:	number_mca_channels	1024.000000	no:	gap_time	0.150000	m-sec	trigger_peaking_time	0.200000	m-sec	GAINDAC	18610		HIGHGAIN	1		TAURC	1		RCTAU	1		RCTAUFRAC	1		livetime	9.468594	seconds	runtime	10.000496	seconds	input_count_rate	22319.785923	cps	output_count_rate	18511.281840	cps	triggers	211337	seconds	events_in_run	185122	seconds	channel	content		1	0
2	0
3	0
4	0
5	0
6	0
7	0
8	0
9	0
10	0
11	0
12	0
13	0
14	0
15	0
16	0
17	0
18	0
19	0
20	0
21	0
22	0
23	0
24	0
25	0
26	0
27	0
28	0
29	0
30	0
31	14
32	11
33	16
34	9
35	14
36	19
37	12
38	15
39	15
40	19
41	15
42	12
43	14
44	8
45	10
46	9
47	14
48	14
49	14
50	17
51	12
52	7
53	15
54	12
55	18
56	14
57	8
58	16
59	15
60	18
61	10
62	8
63	13
64	10
65	8
66	16
67	7
68	5
69	4
70	6
71	9
72	11
73	5
74	4
75	9
76	7
77	6
78	8
79	10
80	7
81	6
82	15
83	11
84	15
85	9
86	12
87	7
88	9
89	4
90	6
91	8
92	6
93	10
94	12
95	13
96	11
97	5
98	12
99	9
100	16
101	6
102	0
103	8
104	11
105	10
106	8
107	10
108	9
109	3
110	1
111	4
112	6
113	5
114	6
115	5
116	3
117	6
118	7
119	4
120	6
121	8
122	7
123	7
124	7
125	3
126	4
127	6
128	3
129	7
130	4
131	7
132	5
133	1
134	3
135	2
136	3
137	1
138	2
139	3
140	2
141	4
142	4
143	8
144	2
145	1
146	5
147	3
148	6
149	7
150	0
151	4
152	4
153	4
154	4
155	7
156	6
157	4
158	11
159	14
160	16
161	24
162	37
163	31
164	27
165	28
166	23
167	12
168	7
169	5
170	6
171	1
172	4
173	7
174	8
175	5
176	6
177	15
178	14
179	14
180	14
181	17
182	18
183	24
184	20
185	16
186	10
187	7
188	4
189	2
190	4
191	4
192	7
193	2
194	11
195	12
196	22
197	46
198	79
199	126
200	154
201	243
202	278
203	253
204	274
205	242
206	159
207	120
208	66
209	38
210	21
211	8
212	3
213	6
214	9
215	3
216	23
217	41
218	33
219	52
220	57
221	44
222	54
223	45
224	34
225	20
226	13
227	9
228	4
229	8
230	4
231	4
232	2
233	3
234	6
235	3
236	7
237	4
238	5
239	7
240	10
241	20
242	36
243	51
244	70
245	100
246	128
247	156
248	152
249	152
250	106
251	89
252	88
253	52
254	42
255	34
256	38
257	31
258	22
259	21
260	19
261	15
262	11
263	13
264	11
265	16
266	9
267	19
268	37
269	40
270	26
271	35
272	31
273	40
274	24
275	26
276	11
277	15
278	9
279	9
280	7
281	9
282	8
283	13
284	12
285	12
286	8
287	13
288	8
289	9
290	21
291	17
292	20
293	17
294	14
295	10
296	16
297	18
298	13
299	15
300	11
301	8
302	14
303	15
304	11
305	13
306	6
307	13
308	8
309	15
310	13
311	11
312	12
313	15
314	13
315	15
316	26
317	43
318	47
319	80
320	94
321	126
322	132
323	149
324	142
325	110
326	131
327	105
328	75
329	33
330	33
331	37
332	21
333	27
334	27
335	35
336	29
337	30
338	42
339	65
340	99
341	180
342	351
343	621
344	1110
345	1880
346	2794
347	3990
348	5090
349	6252
350	7130
351	7203
352	6839
353	6066
354	4865
355	3660
356	2511
357	1595
358	1000
359	554
360	270
361	160
362	89
363	49
364	51
365	37
366	26
367	42
368	56
369	36
370	43
371	39
372	40
373	50
374	47
375	57
376	81
377	95
378	122
379	220
380	279
381	396
382	579
383	803
384	949
385	1093
386	1236
387	1222
388	1107
389	1022
390	852
391	590
392	422
393	295
394	163
395	127
396	71
397	39
398	44
399	33
400	23
401	22
402	26
403	27
404	28
405	26
406	37
407	30
408	31
409	32
410	37
411	32
412	38
413	26
414	26
415	31
416	28
417	25
418	37
419	31
420	33
421	28
422	20
423	23
424	30
425	39
426	36
427	30
428	29
429	31
430	37
431	40
432	29
433	32
434	37
435	47
436	39
437	48
438	52
439	54
440	63
441	61
442	66
443	49
444	55
445	56
446	73
447	54
448	61
449	47
450	49
451	59
452	79
453	63
454	61
455	68
456	71
457	61
458	71
459	83
460	68
461	76
462	74
463	66
464	61
465	56
466	49
467	49
468	58
469	63
470	63
471	76
472	54
473	53
474	41
475	52
476	64
477	59
478	46
479	62
480	52
481	38
482	35
483	50
484	48
485	62
486	49
487	44
488	46
489	43
490	46
491	68
492	51
493	58
494	44
495	48
496	51
497	48
498	58
499	41
500	58
501	59
502	59
503	68
504	68
505	56
506	71
507	59
508	71
509	79
510	62
511	77
512	72
513	64
514	61
515	74
516	62
517	69
518	77
519	76
520	83
521	71
522	78
523	83
524	72
525	96
526	92
527	95
528	97
529	89
530	87
531	83
532	82
533	82
534	93
535	90
536	81
537	77
538	72
539	73
540	73
541	77
542	72
543	67
544	80
545	72
546	79
547	71
548	79
549	67
550	84
551	85
552	72
553	76
554	68
555	72
556	74
557	75
558	66
559	58
560	67
561	67
562	60
563	77
564	76
565	59
566	72
567	69
568	71
569	75
570	76
571	84
572	76
573	71
574	75
575	77
576	82
577	96
578	73
579	82
580	82
581	75
582	91
583	64
584	88
585	84
586	78
587	74
588	95
589	87
590	82
591	83
592	89
593	85
594	92
595	91
596	95
597	87
598	111
599	98
600	91
601	100
602	85
603	93
604	78
605	88
606	68
607	106
608	93
609	71
610	93
611	98
612	78
613	98
614	102
615	79
616	102
617	101
618	93
619	106
620	96
621	103
622	90
623	88
624	101
625	89
626	107
627	92
628	84
629	73
630	105
631	84
632	98
633	103
634	107
635	88
636	91
637	94
638	107
639	89
640	89
641	101
642	106
643	88
644	85
645	93
646	102
647	110
648	102
649	98
650	91
651	98
652	91
653	102
654	98
655	104
656	108
657	121
658	103
659	104
660	96
661	105
662	102
663	99
664	91
665	95
666	88
667	118
668	89
669	100
670	129
671	108
672	101
673	99
674	100
675	128
676	103
677	98
678	117
679	100
680	101
681	111
682	102
683	98
684	112
685	104
686	110
687	116
688	119
689	114
690	95
691	101
692	109
693	100
694	107
695	102
696	112
697	107
698	111
699	116
700	126
701	111
702	133
703	110
704	125
705	128
706	108
707	119
708	115
709	83
710	110
711	118
712	113
713	122
714	107
715	111
716	135
717	107
718	121
719	117
720	133
721	122
722	107
723	103
724	101
725	113
726	102
727	127
728	141
729	112
730	121
731	122
732	118
733	121
734	122
735	109
736	121
737	139
738	118
739	91
740	131
741	124
742	110
743	96
744	135
745	123
746	135
747	106
748	130
749	128
750	120
751	119
752	105
753	122
754	117
755	119
756	133
757	132
758	135
759	124
760	141
761	136
762	150
763	124
764	166
765	179
766	186
767	201
768	240
769	260
770	256
771	281
772	263
773	293
774	292
775	275
776	275
777	222
778	250
779	238
780	187
781	195
782	158
783	167
784	137
785	126
786	129
787	102
788	152
789	130
790	142
791	111
792	131
793	147
794	147
795	119
796	143
797	134
798	138
799	131
800	117
801	124
802	127
803	112
804	130
805	117
806	122
807	137
808	120
809	134
810	130
811	148
812	138
813	133
814	147
815	146
816	158
817	134
818	134
819	139
820	145
821	116
822	136
823	148
824	146
825	120
826	140
827	127
828	128
829	127
830	125
831	138
832	117
833	137
834	133
835	127
836	151
837	136
838	145
839	129
840	144
841	159
842	134
843	147
844	139
845	146
846	132
847	133
848	133
849	144
850	145
851	158
852	161
853	131
854	142
855	177
856	158
857	158
858	172
859	204
860	182
861	197
862	213
863	217
864	181
865	206
866	204
867	229
868	208
869	199
870	195
871	231
872	247
873	195
874	236
875	198
876	245
877	256
878	241
879	240
880	246
881	283
882	294
883	322
884	312
885	322
886	339
887	356
888	382
889	414
890	393
891	454
892	449
893	484
894	476
895	500
896	522
897	507
898	522
899	579
900	539
901	536
902	508
903	550
904	521
905	492
906	494
907	506
908	440
909	429
910	403
911	408
912	409
913	383
914	349
915	350
916	335
917	288
918	284
919	278
920	273
921	265
922	261
923	215
924	199
925	208
926	196
927	194
928	174
929	193
930	151
931	161
932	168
933	173
934	160
935	156
936	155
937	147
938	158
939	168
940	156
941	207
942	205
943	203
944	212
945	231
946	257
947	331
948	367
949	352
950	368
951	374
952	380
953	426
954	437
955	372
956	400
957	381
958	355
959	339
960	306
961	271
962	231
963	203
964	205
965	154
966	142
967	139
968	164
969	149
970	152
971	133
972	132
973	106
974	130
975	143
976	140
977	114
978	126
979	135
980	130
981	132
982	139
983	150
984	148
985	139
986	143
987	120
988	140
989	145
990	123
991	146
992	155
993	177
994	156
995	158
996	162
997	157
998	158
999	186
1000	164
1001	176
1002	158
1003	174
1004	166
1005	185
1006	156
1007	148
1008	157
1009	176
1010	156
1011	144
1012	155
1013	155
1014	160
1015	155
1016	142
1017	153
1018	135
1019	142
1020	122
1021	129
1022	102
1023	123
1024	121
