Date:	08/05/2018		Time:	20:57		Version no:	0.00		Project name:	55		Sample name:	222		Section name:	section		Position	272.115021	mm	E0	0.000000	keV	E1	1.000000	keV/channel	sample surface	5.933216	cm	Tube anode:	Mo		Tube voltage:	30	kV	Tube current:	50	mA	gain	10		std. database			resultfile	result		matrix element	11		sample thickness	1.000000		air passage	0.560000	cm	comments	in position		peaking_time	2.200000	m-sec	trigger_threshold	547.363281	V	mca_bin_width	22.090000	no:	number_mca_channels	1024.000000	no:	gap_time	0.150000	m-sec	trigger_peaking_time	0.200000	m-sec	GAINDAC	18610		HIGHGAIN	1		TAURC	1		RCTAU	1		RCTAUFRAC	1		livetime	9.473234	seconds	runtime	10.000490	seconds	input_count_rate	21763.740736	cps	output_count_rate	18064.415566	cps	triggers	206173	seconds	events_in_run	180653	seconds	channel	content		1	0
2	0
3	0
4	0
5	0
6	0
7	0
8	0
9	0
10	0
11	0
12	0
13	0
14	0
15	0
16	0
17	0
18	0
19	0
20	0
21	0
22	0
23	0
24	0
25	0
26	0
27	0
28	0
29	0
30	0
31	15
32	18
33	13
34	11
35	22
36	12
37	12
38	8
39	12
40	10
41	14
42	15
43	10
44	11
45	15
46	13
47	14
48	13
49	8
50	10
51	13
52	10
53	15
54	14
55	13
56	13
57	15
58	16
59	9
60	6
61	9
62	8
63	9
64	9
65	7
66	9
67	15
68	8
69	11
70	9
71	5
72	5
73	9
74	6
75	6
76	11
77	7
78	8
79	3
80	8
81	12
82	11
83	11
84	10
85	11
86	11
87	4
88	4
89	13
90	7
91	6
92	7
93	12
94	19
95	20
96	19
97	12
98	9
99	13
100	5
101	7
102	7
103	2
104	7
105	13
106	6
107	5
108	6
109	8
110	8
111	8
112	5
113	6
114	4
115	4
116	4
117	6
118	2
119	4
120	5
121	5
122	5
123	1
124	7
125	4
126	4
127	4
128	5
129	6
130	7
131	6
132	4
133	5
134	2
135	5
136	7
137	3
138	1
139	7
140	3
141	5
142	2
143	4
144	2
145	3
146	0
147	3
148	2
149	5
150	5
151	6
152	6
153	5
154	2
155	1
156	5
157	8
158	9
159	13
160	16
161	40
162	18
163	31
164	28
165	24
166	15
167	14
168	10
169	4
170	9
171	0
172	7
173	4
174	9
175	6
176	8
177	9
178	7
179	15
180	20
181	24
182	18
183	15
184	20
185	12
186	7
187	7
188	4
189	4
190	5
191	5
192	5
193	3
194	6
195	13
196	23
197	36
198	67
199	107
200	158
201	212
202	236
203	275
204	259
205	234
206	151
207	92
208	66
209	55
210	16
211	16
212	6
213	14
214	8
215	9
216	26
217	26
218	38
219	49
220	48
221	57
222	43
223	49
224	21
225	17
226	19
227	10
228	7
229	2
230	2
231	7
232	3
233	6
234	3
235	3
236	5
237	9
238	2
239	11
240	11
241	22
242	28
243	45
244	84
245	132
246	144
247	153
248	151
249	148
250	131
251	88
252	76
253	54
254	41
255	39
256	36
257	24
258	24
259	22
260	18
261	8
262	11
263	12
264	10
265	22
266	14
267	15
268	27
269	38
270	39
271	37
272	41
273	41
274	41
275	26
276	15
277	16
278	8
279	15
280	7
281	5
282	8
283	9
284	10
285	9
286	8
287	14
288	16
289	11
290	12
291	15
292	13
293	7
294	15
295	13
296	26
297	21
298	14
299	20
300	15
301	9
302	10
303	16
304	11
305	15
306	7
307	7
308	12
309	16
310	10
311	11
312	10
313	12
314	18
315	23
316	38
317	71
318	84
319	129
320	156
321	194
322	189
323	241
324	239
325	187
326	187
327	127
328	107
329	74
330	54
331	33
332	29
333	28
334	30
335	25
336	29
337	31
338	28
339	57
340	97
341	161
342	300
343	539
344	984
345	1660
346	2419
347	3525
348	4638
349	5719
350	6184
351	6532
352	6253
353	5406
354	4320
355	3270
356	2247
357	1482
358	930
359	457
360	253
361	138
362	77
363	52
364	40
365	42
366	45
367	36
368	34
369	40
370	35
371	44
372	50
373	37
374	52
375	57
376	64
377	102
378	130
379	180
380	294
381	364
382	498
383	665
384	878
385	915
386	1071
387	1096
388	1043
389	929
390	729
391	573
392	383
393	237
394	175
395	104
396	67
397	44
398	30
399	22
400	31
401	30
402	25
403	23
404	29
405	25
406	25
407	36
408	35
409	31
410	35
411	29
412	35
413	39
414	26
415	25
416	36
417	33
418	34
419	23
420	44
421	29
422	22
423	26
424	26
425	15
426	30
427	28
428	34
429	29
430	30
431	36
432	40
433	43
434	40
435	37
436	54
437	59
438	60
439	58
440	63
441	67
442	64
443	59
444	56
445	70
446	54
447	66
448	55
449	64
450	50
451	53
452	53
453	56
454	50
455	77
456	62
457	77
458	71
459	82
460	63
461	68
462	63
463	81
464	44
465	66
466	56
467	40
468	64
469	45
470	64
471	44
472	51
473	71
474	72
475	55
476	72
477	50
478	52
479	49
480	65
481	52
482	46
483	55
484	62
485	58
486	60
487	57
488	42
489	45
490	43
491	63
492	59
493	56
494	50
495	57
496	66
497	52
498	56
499	47
500	62
501	70
502	53
503	50
504	77
505	80
506	71
507	68
508	63
509	62
510	82
511	71
512	77
513	82
514	76
515	76
516	79
517	74
518	78
519	71
520	66
521	84
522	76
523	81
524	105
525	107
526	81
527	74
528	82
529	87
530	93
531	83
532	56
533	99
534	90
535	84
536	77
537	66
538	69
539	75
540	72
541	71
542	94
543	78
544	82
545	95
546	72
547	77
548	78
549	89
550	78
551	85
552	84
553	76
554	73
555	74
556	76
557	86
558	78
559	77
560	71
561	70
562	86
563	68
564	66
565	80
566	86
567	84
568	64
569	70
570	82
571	88
572	90
573	69
574	84
575	71
576	84
577	86
578	82
579	102
580	80
581	73
582	87
583	61
584	71
585	83
586	77
587	78
588	90
589	92
590	83
591	85
592	71
593	84
594	92
595	101
596	104
597	100
598	86
599	79
600	72
601	94
602	98
603	60
604	78
605	85
606	90
607	88
608	88
609	100
610	82
611	89
612	117
613	102
614	94
615	124
616	111
617	101
618	87
619	106
620	91
621	91
622	102
623	98
624	91
625	92
626	103
627	103
628	88
629	98
630	82
631	103
632	105
633	104
634	119
635	95
636	104
637	99
638	112
639	101
640	102
641	70
642	100
643	94
644	86
645	114
646	106
647	123
648	107
649	126
650	110
651	96
652	118
653	110
654	112
655	103
656	114
657	105
658	113
659	93
660	120
661	95
662	103
663	118
664	104
665	89
666	124
667	96
668	108
669	113
670	107
671	110
672	109
673	96
674	105
675	109
676	102
677	101
678	111
679	88
680	99
681	100
682	124
683	109
684	97
685	108
686	100
687	115
688	127
689	116
690	121
691	109
692	109
693	127
694	110
695	127
696	126
697	118
698	120
699	98
700	129
701	141
702	110
703	120
704	137
705	139
706	105
707	116
708	125
709	121
710	106
711	116
712	114
713	125
714	113
715	118
716	130
717	121
718	147
719	105
720	113
721	134
722	140
723	134
724	107
725	124
726	143
727	117
728	126
729	138
730	126
731	137
732	137
733	116
734	131
735	124
736	138
737	121
738	109
739	140
740	131
741	137
742	128
743	135
744	122
745	122
746	127
747	115
748	133
749	129
750	140
751	109
752	131
753	129
754	122
755	127
756	133
757	139
758	111
759	154
760	126
761	117
762	139
763	151
764	140
765	140
766	196
767	187
768	247
769	228
770	251
771	269
772	267
773	302
774	295
775	300
776	268
777	235
778	240
779	240
780	196
781	182
782	172
783	159
784	154
785	158
786	123
787	137
788	120
789	129
790	127
791	128
792	136
793	128
794	146
795	145
796	139
797	141
798	141
799	149
800	133
801	95
802	141
803	131
804	130
805	140
806	124
807	155
808	130
809	139
810	153
811	151
812	146
813	130
814	131
815	122
816	159
817	147
818	144
819	141
820	152
821	140
822	166
823	165
824	152
825	126
826	139
827	144
828	160
829	146
830	131
831	123
832	140
833	127
834	138
835	148
836	170
837	132
838	148
839	164
840	159
841	158
842	141
843	138
844	148
845	145
846	136
847	149
848	148
849	155
850	164
851	182
852	143
853	166
854	165
855	192
856	173
857	203
858	172
859	196
860	203
861	176
862	216
863	226
864	202
865	224
866	247
867	209
868	230
869	220
870	202
871	239
872	233
873	199
874	243
875	218
876	218
877	216
878	244
879	276
880	267
881	276
882	286
883	289
884	305
885	349
886	423
887	350
888	399
889	411
890	421
891	480
892	487
893	482
894	478
895	531
896	547
897	551
898	547
899	548
900	556
901	533
902	538
903	577
904	534
905	565
906	539
907	507
908	499
909	460
910	431
911	397
912	429
913	357
914	376
915	369
916	350
917	308
918	298
919	285
920	256
921	255
922	237
923	263
924	255
925	207
926	211
927	164
928	220
929	195
930	189
931	159
932	193
933	150
934	176
935	182
936	151
937	158
938	162
939	167
940	179
941	208
942	170
943	199
944	224
945	210
946	276
947	297
948	325
949	328
950	375
951	394
952	446
953	409
954	389
955	414
956	398
957	365
958	355
959	345
960	288
961	258
962	243
963	214
964	181
965	157
966	160
967	138
968	134
969	130
970	116
971	131
972	133
973	133
974	134
975	139
976	119
977	114
978	127
979	140
980	106
981	126
982	135
983	123
984	123
985	154
986	180
987	151
988	150
989	130
990	147
991	156
992	163
993	173
994	166
995	165
996	176
997	159
998	183
999	158
1000	182
1001	157
1002	194
1003	176
1004	168
1005	172
1006	145
1007	172
1008	161
1009	154
1010	163
1011	156
1012	156
1013	161
1014	168
1015	149
1016	158
1017	136
1018	142
1019	125
1020	135
1021	123
1022	135
1023	119
1024	128
