Date:	08/05/2018		Time:	20:40		Version no:	0.00		Project name:	55		Sample name:	222		Section name:	section		Position	254.315033	mm	E0	0.000000	keV	E1	1.000000	keV/channel	sample surface	5.947148	cm	Tube anode:	Mo		Tube voltage:	30	kV	Tube current:	50	mA	gain	10		std. database			resultfile	result		matrix element	11		sample thickness	1.000000		air passage	0.560000	cm	comments	in position		peaking_time	2.200000	m-sec	trigger_threshold	547.363281	V	mca_bin_width	22.090000	no:	number_mca_channels	1024.000000	no:	gap_time	0.150000	m-sec	trigger_peaking_time	0.200000	m-sec	GAINDAC	18610		HIGHGAIN	1		TAURC	1		RCTAU	1		RCTAUFRAC	1		livetime	9.486410	seconds	runtime	10.000489	seconds	input_count_rate	20941.221007	cps	output_count_rate	17501.144544	cps	triggers	198657	seconds	events_in_run	175020	seconds	channel	content		1	0
2	0
3	0
4	0
5	0
6	0
7	0
8	0
9	0
10	0
11	0
12	0
13	0
14	0
15	0
16	0
17	0
18	0
19	0
20	0
21	0
22	0
23	0
24	0
25	0
26	0
27	0
28	0
29	0
30	0
31	19
32	18
33	13
34	19
35	12
36	14
37	19
38	12
39	13
40	12
41	12
42	11
43	8
44	6
45	23
46	6
47	12
48	8
49	8
50	11
51	13
52	20
53	12
54	13
55	9
56	8
57	21
58	12
59	13
60	10
61	7
62	14
63	18
64	12
65	9
66	6
67	12
68	7
69	8
70	11
71	5
72	8
73	8
74	9
75	4
76	8
77	9
78	10
79	5
80	5
81	6
82	5
83	8
84	12
85	8
86	7
87	4
88	1
89	4
90	4
91	12
92	14
93	12
94	15
95	17
96	11
97	21
98	10
99	11
100	6
101	11
102	8
103	4
104	2
105	6
106	6
107	5
108	10
109	7
110	7
111	4
112	5
113	7
114	5
115	2
116	7
117	2
118	6
119	8
120	3
121	4
122	1
123	5
124	5
125	3
126	2
127	3
128	4
129	3
130	5
131	6
132	8
133	2
134	5
135	2
136	2
137	2
138	4
139	3
140	2
141	6
142	5
143	1
144	3
145	6
146	2
147	2
148	1
149	4
150	5
151	4
152	1
153	4
154	7
155	8
156	6
157	11
158	7
159	12
160	15
161	18
162	38
163	23
164	23
165	13
166	19
167	12
168	10
169	5
170	8
171	4
172	4
173	9
174	7
175	4
176	8
177	8
178	10
179	12
180	15
181	14
182	24
183	23
184	26
185	14
186	8
187	7
188	7
189	5
190	2
191	0
192	3
193	5
194	3
195	4
196	17
197	44
198	64
199	96
200	161
201	198
202	233
203	237
204	236
205	211
206	152
207	92
208	66
209	35
210	19
211	8
212	8
213	9
214	8
215	11
216	22
217	23
218	30
219	38
220	39
221	61
222	45
223	39
224	31
225	20
226	14
227	6
228	2
229	2
230	7
231	2
232	1
233	4
234	3
235	4
236	5
237	6
238	6
239	7
240	7
241	15
242	42
243	51
244	64
245	100
246	121
247	130
248	147
249	125
250	106
251	79
252	73
253	61
254	48
255	37
256	28
257	25
258	22
259	19
260	13
261	8
262	13
263	11
264	5
265	19
266	23
267	31
268	24
269	29
270	39
271	42
272	34
273	32
274	28
275	23
276	14
277	11
278	10
279	9
280	9
281	8
282	2
283	12
284	8
285	9
286	7
287	11
288	7
289	15
290	16
291	12
292	14
293	8
294	13
295	20
296	13
297	7
298	14
299	16
300	14
301	11
302	12
303	12
304	12
305	13
306	12
307	11
308	8
309	12
310	10
311	10
312	12
313	18
314	15
315	13
316	18
317	22
318	32
319	35
320	56
321	63
322	75
323	84
324	66
325	78
326	70
327	53
328	53
329	27
330	32
331	22
332	28
333	21
334	12
335	30
336	22
337	25
338	30
339	52
340	96
341	158
342	258
343	498
344	894
345	1514
346	2327
347	3243
348	4421
349	5080
350	5870
351	6218
352	5746
353	5122
354	4116
355	3065
356	2190
357	1404
358	799
359	482
360	225
361	141
362	87
363	43
364	41
365	33
366	35
367	46
368	28
369	36
370	23
371	36
372	55
373	38
374	41
375	57
376	53
377	80
378	96
379	162
380	262
381	349
382	487
383	646
384	779
385	916
386	1015
387	1016
388	974
389	881
390	718
391	526
392	405
393	248
394	168
395	107
396	71
397	46
398	25
399	32
400	29
401	22
402	18
403	29
404	30
405	30
406	39
407	43
408	30
409	28
410	38
411	37
412	36
413	22
414	35
415	34
416	26
417	28
418	34
419	25
420	38
421	16
422	28
423	22
424	24
425	33
426	18
427	30
428	30
429	36
430	33
431	31
432	39
433	26
434	57
435	47
436	54
437	53
438	48
439	54
440	66
441	58
442	67
443	61
444	58
445	58
446	62
447	64
448	53
449	53
450	49
451	45
452	69
453	52
454	55
455	70
456	62
457	58
458	79
459	81
460	58
461	71
462	63
463	81
464	64
465	60
466	55
467	42
468	57
469	54
470	57
471	54
472	55
473	57
474	69
475	63
476	49
477	70
478	46
479	50
480	60
481	54
482	41
483	48
484	54
485	51
486	52
487	54
488	62
489	52
490	48
491	52
492	52
493	56
494	54
495	59
496	47
497	50
498	41
499	53
500	52
501	53
502	67
503	62
504	70
505	56
506	61
507	72
508	62
509	67
510	72
511	62
512	64
513	75
514	72
515	62
516	70
517	73
518	68
519	79
520	77
521	90
522	87
523	62
524	75
525	69
526	73
527	92
528	84
529	108
530	114
531	105
532	94
533	77
534	81
535	82
536	71
537	75
538	81
539	72
540	85
541	87
542	75
543	71
544	64
545	78
546	89
547	80
548	71
549	71
550	82
551	76
552	71
553	68
554	75
555	76
556	67
557	61
558	74
559	79
560	70
561	72
562	66
563	77
564	73
565	81
566	73
567	80
568	85
569	85
570	62
571	69
572	77
573	71
574	83
575	66
576	94
577	74
578	80
579	80
580	65
581	78
582	80
583	86
584	95
585	90
586	79
587	83
588	104
589	69
590	103
591	73
592	81
593	89
594	66
595	95
596	80
597	77
598	94
599	65
600	88
601	94
602	91
603	72
604	82
605	82
606	92
607	91
608	98
609	106
610	94
611	105
612	90
613	93
614	92
615	97
616	94
617	109
618	124
619	83
620	107
621	109
622	86
623	96
624	90
625	101
626	83
627	96
628	100
629	106
630	106
631	94
632	100
633	87
634	76
635	85
636	92
637	90
638	103
639	74
640	120
641	113
642	101
643	110
644	107
645	99
646	88
647	110
648	90
649	107
650	96
651	108
652	100
653	90
654	102
655	106
656	114
657	99
658	121
659	94
660	101
661	108
662	105
663	108
664	113
665	104
666	111
667	100
668	119
669	111
670	85
671	111
672	97
673	107
674	105
675	131
676	104
677	106
678	106
679	107
680	96
681	117
682	122
683	110
684	99
685	102
686	107
687	102
688	112
689	124
690	125
691	127
692	110
693	123
694	119
695	124
696	114
697	127
698	122
699	101
700	126
701	108
702	124
703	113
704	130
705	121
706	118
707	118
708	104
709	120
710	116
711	112
712	127
713	111
714	119
715	118
716	123
717	135
718	138
719	135
720	129
721	125
722	133
723	134
724	134
725	123
726	130
727	130
728	122
729	148
730	120
731	121
732	134
733	140
734	127
735	155
736	117
737	119
738	137
739	140
740	130
741	113
742	139
743	132
744	110
745	109
746	135
747	146
748	129
749	144
750	129
751	116
752	127
753	122
754	132
755	128
756	116
757	135
758	138
759	142
760	143
761	134
762	136
763	176
764	149
765	203
766	178
767	246
768	217
769	291
770	279
771	262
772	303
773	312
774	309
775	300
776	287
777	267
778	263
779	248
780	212
781	189
782	188
783	160
784	150
785	150
786	140
787	143
788	125
789	144
790	128
791	123
792	122
793	136
794	110
795	117
796	134
797	142
798	128
799	144
800	149
801	142
802	134
803	128
804	129
805	130
806	146
807	156
808	142
809	121
810	140
811	134
812	151
813	149
814	130
815	149
816	166
817	151
818	150
819	149
820	129
821	160
822	152
823	151
824	152
825	152
826	134
827	147
828	129
829	143
830	153
831	145
832	128
833	140
834	126
835	158
836	154
837	157
838	139
839	131
840	153
841	153
842	143
843	138
844	153
845	158
846	154
847	137
848	132
849	153
850	147
851	145
852	149
853	185
854	145
855	158
856	164
857	183
858	199
859	181
860	193
861	213
862	235
863	202
864	204
865	218
866	224
867	212
868	226
869	226
870	199
871	234
872	213
873	237
874	231
875	213
876	230
877	227
878	259
879	253
880	248
881	305
882	306
883	319
884	312
885	328
886	354
887	408
888	389
889	412
890	478
891	434
892	480
893	481
894	496
895	491
896	514
897	546
898	536
899	550
900	543
901	582
902	572
903	519
904	521
905	552
906	510
907	485
908	479
909	482
910	467
911	409
912	419
913	363
914	374
915	347
916	363
917	302
918	309
919	282
920	282
921	273
922	258
923	256
924	234
925	205
926	186
927	209
928	188
929	186
930	178
931	176
932	160
933	181
934	164
935	182
936	155
937	150
938	167
939	174
940	160
941	181
942	185
943	195
944	233
945	255
946	238
947	286
948	324
949	325
950	402
951	404
952	434
953	422
954	434
955	406
956	457
957	377
958	325
959	325
960	306
961	247
962	259
963	251
964	172
965	168
966	159
967	176
968	139
969	117
970	111
971	144
972	133
973	110
974	131
975	144
976	116
977	140
978	123
979	140
980	138
981	143
982	151
983	149
984	142
985	163
986	145
987	142
988	158
989	148
990	161
991	172
992	132
993	162
994	170
995	171
996	165
997	194
998	171
999	155
1000	187
1001	153
1002	164
1003	155
1004	180
1005	192
1006	176
1007	188
1008	176
1009	188
1010	158
1011	155
1012	155
1013	146
1014	155
1015	142
1016	147
1017	130
1018	139
1019	139
1020	126
1021	147
1022	115
1023	114
1024	135
