Date:	08/05/2018		Time:	22:54		Version no:	0.00		Project name:	55		Sample name:	222		Section name:	section		Position	394.915039	mm	E0	0.000000	keV	E1	1.000000	keV/channel	sample surface	6.132353	cm	Tube anode:	Mo		Tube voltage:	30	kV	Tube current:	50	mA	gain	10		std. database			resultfile	result		matrix element	11		sample thickness	1.000000		air passage	0.560000	cm	comments	in position		peaking_time	2.200000	m-sec	trigger_threshold	547.363281	V	mca_bin_width	22.090000	no:	number_mca_channels	1024.000000	no:	gap_time	0.150000	m-sec	trigger_peaking_time	0.200000	m-sec	GAINDAC	18610		HIGHGAIN	1		TAURC	1		RCTAU	1		RCTAUFRAC	1		livetime	9.428478	seconds	runtime	10.000489	seconds	input_count_rate	24316.969263	cps	output_count_rate	19878.228352	cps	triggers	229272	seconds	events_in_run	198792	seconds	channel	content		1	0
2	0
3	0
4	0
5	0
6	0
7	0
8	0
9	0
10	0
11	0
12	0
13	0
14	0
15	0
16	0
17	0
18	0
19	0
20	0
21	0
22	0
23	0
24	0
25	0
26	0
27	0
28	0
29	0
30	0
31	17
32	14
33	17
34	16
35	20
36	10
37	13
38	16
39	17
40	11
41	14
42	22
43	13
44	14
45	9
46	15
47	15
48	15
49	11
50	15
51	11
52	11
53	11
54	11
55	17
56	12
57	13
58	12
59	14
60	9
61	12
62	11
63	12
64	13
65	9
66	7
67	16
68	12
69	4
70	8
71	12
72	9
73	5
74	5
75	8
76	4
77	5
78	9
79	11
80	14
81	15
82	11
83	21
84	14
85	13
86	8
87	4
88	8
89	6
90	5
91	8
92	12
93	7
94	21
95	13
96	11
97	12
98	20
99	12
100	7
101	8
102	5
103	10
104	14
105	7
106	6
107	7
108	16
109	14
110	9
111	2
112	6
113	6
114	10
115	5
116	7
117	7
118	4
119	11
120	3
121	7
122	3
123	4
124	8
125	4
126	2
127	5
128	0
129	4
130	6
131	3
132	2
133	1
134	4
135	3
136	4
137	5
138	9
139	3
140	3
141	2
142	5
143	5
144	1
145	8
146	1
147	1
148	4
149	3
150	4
151	0
152	4
153	8
154	4
155	0
156	6
157	6
158	10
159	16
160	24
161	27
162	32
163	32
164	27
165	26
166	12
167	12
168	7
169	4
170	5
171	6
172	4
173	6
174	5
175	8
176	12
177	7
178	16
179	12
180	22
181	19
182	23
183	14
184	8
185	13
186	18
187	12
188	9
189	8
190	4
191	9
192	7
193	4
194	8
195	12
196	24
197	45
198	79
199	139
200	204
201	234
202	313
203	313
204	312
205	251
206	180
207	130
208	86
209	41
210	22
211	14
212	5
213	12
214	6
215	16
216	19
217	29
218	37
219	39
220	61
221	57
222	38
223	55
224	34
225	22
226	12
227	11
228	9
229	8
230	3
231	6
232	3
233	4
234	2
235	4
236	7
237	11
238	9
239	4
240	16
241	25
242	55
243	56
244	89
245	128
246	157
247	168
248	176
249	176
250	155
251	94
252	79
253	53
254	42
255	50
256	42
257	40
258	32
259	21
260	23
261	14
262	8
263	12
264	16
265	19
266	15
267	26
268	37
269	35
270	47
271	58
272	41
273	53
274	39
275	29
276	20
277	13
278	13
279	9
280	11
281	5
282	8
283	6
284	9
285	14
286	11
287	16
288	17
289	15
290	17
291	14
292	11
293	19
294	18
295	17
296	14
297	15
298	17
299	18
300	14
301	5
302	15
303	16
304	21
305	11
306	12
307	18
308	19
309	17
310	8
311	17
312	14
313	10
314	20
315	22
316	28
317	42
318	67
319	100
320	117
321	165
322	177
323	184
324	227
325	172
326	145
327	142
328	90
329	63
330	42
331	36
332	29
333	27
334	37
335	28
336	31
337	58
338	39
339	63
340	110
341	210
342	369
343	713
344	1232
345	2024
346	3134
347	4444
348	5865
349	7126
350	7921
351	8305
352	7928
353	6922
354	5421
355	4186
356	2968
357	1829
358	1142
359	576
360	364
361	197
362	106
363	66
364	51
365	38
366	45
367	44
368	35
369	51
370	40
371	36
372	44
373	53
374	40
375	54
376	94
377	111
378	142
379	224
380	312
381	444
382	619
383	880
384	1021
385	1276
386	1350
387	1374
388	1387
389	1133
390	959
391	710
392	566
393	366
394	225
395	120
396	76
397	49
398	29
399	25
400	26
401	27
402	27
403	21
404	38
405	31
406	32
407	30
408	35
409	34
410	33
411	46
412	37
413	33
414	38
415	33
416	34
417	24
418	35
419	31
420	32
421	28
422	26
423	32
424	35
425	34
426	29
427	22
428	30
429	29
430	27
431	32
432	34
433	30
434	47
435	36
436	48
437	68
438	60
439	57
440	70
441	79
442	68
443	49
444	62
445	56
446	63
447	59
448	64
449	52
450	45
451	42
452	65
453	42
454	59
455	68
456	64
457	67
458	82
459	76
460	79
461	81
462	78
463	71
464	57
465	51
466	57
467	47
468	67
469	48
470	54
471	58
472	64
473	70
474	44
475	47
476	64
477	51
478	51
479	47
480	50
481	49
482	45
483	56
484	66
485	56
486	62
487	59
488	56
489	58
490	59
491	65
492	56
493	52
494	62
495	57
496	58
497	70
498	62
499	59
500	60
501	58
502	49
503	62
504	71
505	67
506	75
507	75
508	75
509	72
510	76
511	91
512	80
513	69
514	89
515	79
516	86
517	78
518	73
519	95
520	64
521	85
522	84
523	103
524	89
525	90
526	77
527	100
528	81
529	101
530	84
531	86
532	78
533	76
534	86
535	74
536	89
537	67
538	61
539	70
540	80
541	73
542	83
543	73
544	70
545	86
546	79
547	74
548	84
549	67
550	71
551	72
552	70
553	73
554	81
555	62
556	82
557	71
558	68
559	70
560	78
561	76
562	88
563	67
564	59
565	83
566	67
567	82
568	70
569	75
570	80
571	84
572	82
573	57
574	78
575	78
576	85
577	69
578	66
579	109
580	79
581	108
582	84
583	76
584	91
585	86
586	93
587	69
588	80
589	107
590	73
591	82
592	85
593	75
594	87
595	104
596	93
597	96
598	69
599	87
600	80
601	80
602	88
603	79
604	97
605	86
606	84
607	98
608	88
609	84
610	87
611	94
612	91
613	79
614	83
615	92
616	73
617	108
618	102
619	111
620	98
621	90
622	89
623	112
624	113
625	81
626	114
627	99
628	104
629	90
630	101
631	103
632	81
633	104
634	100
635	102
636	115
637	98
638	95
639	110
640	93
641	92
642	113
643	120
644	118
645	120
646	114
647	109
648	103
649	97
650	119
651	103
652	113
653	116
654	107
655	121
656	110
657	112
658	122
659	112
660	105
661	105
662	102
663	104
664	97
665	111
666	96
667	105
668	111
669	113
670	96
671	114
672	106
673	117
674	101
675	106
676	119
677	106
678	87
679	111
680	107
681	106
682	116
683	115
684	101
685	95
686	119
687	118
688	107
689	119
690	103
691	109
692	105
693	135
694	127
695	103
696	109
697	126
698	128
699	130
700	112
701	105
702	112
703	116
704	146
705	127
706	108
707	125
708	119
709	140
710	132
711	133
712	126
713	112
714	138
715	124
716	125
717	147
718	125
719	106
720	135
721	122
722	122
723	125
724	135
725	124
726	110
727	127
728	126
729	113
730	129
731	120
732	138
733	115
734	126
735	137
736	117
737	99
738	123
739	123
740	113
741	133
742	154
743	114
744	126
745	143
746	107
747	113
748	119
749	143
750	112
751	116
752	124
753	138
754	142
755	122
756	126
757	141
758	134
759	144
760	150
761	130
762	128
763	165
764	137
765	189
766	178
767	178
768	199
769	200
770	244
771	259
772	245
773	265
774	240
775	270
776	272
777	237
778	216
779	208
780	179
781	186
782	167
783	148
784	139
785	145
786	145
787	116
788	127
789	134
790	126
791	135
792	113
793	124
794	125
795	132
796	135
797	149
798	161
799	133
800	145
801	128
802	140
803	127
804	127
805	148
806	134
807	133
808	134
809	144
810	117
811	150
812	160
813	151
814	134
815	108
816	157
817	139
818	157
819	151
820	163
821	170
822	130
823	131
824	119
825	154
826	144
827	173
828	122
829	131
830	134
831	143
832	136
833	128
834	144
835	128
836	144
837	143
838	152
839	144
840	148
841	156
842	145
843	178
844	159
845	124
846	151
847	158
848	123
849	155
850	132
851	144
852	156
853	135
854	177
855	167
856	187
857	157
858	182
859	180
860	210
861	198
862	186
863	213
864	222
865	192
866	205
867	211
868	220
869	194
870	221
871	198
872	194
873	214
874	231
875	228
876	217
877	224
878	273
879	267
880	266
881	301
882	290
883	296
884	290
885	358
886	373
887	392
888	406
889	418
890	452
891	444
892	482
893	405
894	497
895	513
896	533
897	526
898	583
899	545
900	582
901	562
902	592
903	541
904	553
905	549
906	481
907	493
908	496
909	456
910	438
911	430
912	360
913	408
914	383
915	379
916	319
917	311
918	303
919	279
920	261
921	285
922	243
923	223
924	236
925	226
926	209
927	202
928	201
929	184
930	177
931	175
932	145
933	150
934	183
935	130
936	149
937	165
938	171
939	174
940	166
941	181
942	210
943	217
944	198
945	259
946	253
947	319
948	321
949	321
950	342
951	408
952	386
953	411
954	424
955	410
956	368
957	354
958	349
959	307
960	318
961	231
962	208
963	217
964	169
965	152
966	175
967	139
968	130
969	139
970	115
971	116
972	122
973	130
974	150
975	106
976	142
977	124
978	132
979	140
980	126
981	126
982	134
983	125
984	135
985	147
986	157
987	126
988	168
989	141
990	155
991	140
992	157
993	165
994	141
995	177
996	141
997	152
998	168
999	190
1000	143
1001	167
1002	192
1003	174
1004	171
1005	170
1006	156
1007	166
1008	202
1009	162
1010	179
1011	151
1012	151
1013	149
1014	142
1015	138
1016	144
1017	143
1018	137
1019	143
1020	146
1021	148
1022	114
1023	115
1024	116
