Date:	08/05/2018		Time:	22:26		Version no:	0.00		Project name:	55		Sample name:	222		Section name:	section		Position	365.515045	mm	E0	0.000000	keV	E1	1.000000	keV/channel	sample surface	6.245981	cm	Tube anode:	Mo		Tube voltage:	30	kV	Tube current:	50	mA	gain	10		std. database			resultfile	result		matrix element	11		sample thickness	1.000000		air passage	0.560000	cm	comments	in position		peaking_time	2.200000	m-sec	trigger_threshold	547.363281	V	mca_bin_width	22.090000	no:	number_mca_channels	1024.000000	no:	gap_time	0.150000	m-sec	trigger_peaking_time	0.200000	m-sec	GAINDAC	18610		HIGHGAIN	1		TAURC	1		RCTAU	1		RCTAUFRAC	1		livetime	9.436429	seconds	runtime	10.000003	seconds	input_count_rate	24175.883148	cps	output_count_rate	19772.393673	cps	triggers	228134	seconds	events_in_run	197724	seconds	channel	content		1	0
2	0
3	0
4	0
5	0
6	0
7	0
8	0
9	0
10	0
11	0
12	0
13	0
14	0
15	0
16	0
17	0
18	0
19	0
20	0
21	0
22	0
23	0
24	0
25	0
26	0
27	0
28	0
29	0
30	0
31	19
32	15
33	14
34	16
35	10
36	10
37	11
38	17
39	10
40	12
41	13
42	9
43	13
44	21
45	15
46	8
47	8
48	15
49	14
50	11
51	13
52	16
53	16
54	17
55	7
56	11
57	14
58	12
59	12
60	14
61	6
62	9
63	12
64	11
65	15
66	8
67	9
68	6
69	9
70	10
71	8
72	10
73	5
74	5
75	6
76	7
77	8
78	7
79	8
80	8
81	13
82	10
83	17
84	7
85	10
86	4
87	6
88	6
89	5
90	6
91	3
92	9
93	17
94	16
95	15
96	19
97	18
98	18
99	19
100	12
101	8
102	12
103	9
104	4
105	3
106	7
107	10
108	12
109	10
110	7
111	9
112	3
113	4
114	12
115	7
116	4
117	7
118	5
119	4
120	9
121	4
122	1
123	6
124	8
125	9
126	4
127	1
128	4
129	6
130	4
131	1
132	2
133	5
134	6
135	2
136	3
137	7
138	5
139	3
140	6
141	5
142	4
143	4
144	0
145	6
146	6
147	5
148	6
149	5
150	3
151	4
152	9
153	4
154	4
155	4
156	8
157	5
158	13
159	15
160	16
161	20
162	35
163	23
164	30
165	17
166	23
167	11
168	12
169	13
170	5
171	3
172	6
173	6
174	7
175	7
176	9
177	12
178	21
179	23
180	18
181	25
182	35
183	31
184	18
185	12
186	8
187	7
188	9
189	4
190	7
191	5
192	12
193	5
194	9
195	26
196	37
197	55
198	90
199	146
200	229
201	335
202	390
203	420
204	396
205	335
206	239
207	177
208	84
209	50
210	32
211	17
212	13
213	13
214	11
215	24
216	21
217	34
218	38
219	52
220	62
221	73
222	67
223	57
224	41
225	28
226	12
227	15
228	9
229	5
230	6
231	4
232	7
233	3
234	6
235	6
236	5
237	8
238	7
239	12
240	17
241	16
242	33
243	54
244	86
245	93
246	114
247	133
248	132
249	131
250	99
251	96
252	80
253	64
254	57
255	45
256	51
257	36
258	25
259	24
260	25
261	10
262	9
263	8
264	16
265	10
266	14
267	24
268	36
269	34
270	36
271	38
272	38
273	45
274	35
275	33
276	11
277	14
278	10
279	13
280	9
281	12
282	8
283	13
284	13
285	10
286	13
287	22
288	17
289	14
290	12
291	21
292	15
293	18
294	21
295	14
296	21
297	15
298	21
299	21
300	19
301	9
302	13
303	14
304	16
305	15
306	17
307	13
308	14
309	19
310	15
311	12
312	11
313	11
314	22
315	25
316	21
317	36
318	41
319	33
320	79
321	93
322	113
323	107
324	101
325	99
326	66
327	70
328	49
329	38
330	45
331	42
332	40
333	30
334	23
335	38
336	36
337	40
338	61
339	77
340	121
341	233
342	395
343	706
344	1309
345	2096
346	3235
347	4583
348	5893
349	7238
350	7845
351	8371
352	8052
353	6921
354	5696
355	4153
356	2932
357	1822
358	1065
359	621
360	352
361	166
362	99
363	62
364	49
365	54
366	47
367	33
368	36
369	39
370	46
371	45
372	43
373	54
374	57
375	62
376	94
377	102
378	141
379	207
380	335
381	446
382	700
383	876
384	1122
385	1265
386	1315
387	1422
388	1302
389	1099
390	933
391	728
392	485
393	310
394	191
395	124
396	75
397	59
398	34
399	35
400	28
401	30
402	30
403	26
404	24
405	36
406	39
407	34
408	40
409	43
410	48
411	42
412	31
413	27
414	36
415	31
416	26
417	36
418	26
419	29
420	39
421	29
422	32
423	29
424	24
425	40
426	25
427	32
428	45
429	42
430	43
431	26
432	41
433	44
434	32
435	30
436	63
437	49
438	74
439	66
440	63
441	75
442	57
443	75
444	59
445	77
446	61
447	59
448	74
449	56
450	50
451	60
452	45
453	59
454	60
455	74
456	64
457	89
458	77
459	80
460	79
461	77
462	84
463	72
464	65
465	60
466	63
467	52
468	50
469	71
470	41
471	65
472	63
473	77
474	66
475	63
476	50
477	52
478	45
479	61
480	50
481	66
482	50
483	45
484	56
485	54
486	56
487	51
488	66
489	53
490	67
491	56
492	52
493	58
494	62
495	60
496	66
497	54
498	59
499	54
500	79
501	73
502	58
503	66
504	64
505	59
506	68
507	72
508	81
509	65
510	84
511	77
512	77
513	77
514	74
515	81
516	61
517	68
518	77
519	90
520	88
521	77
522	85
523	102
524	84
525	95
526	99
527	88
528	118
529	94
530	76
531	98
532	93
533	90
534	60
535	73
536	75
537	61
538	83
539	78
540	76
541	63
542	70
543	92
544	73
545	80
546	92
547	88
548	79
549	83
550	77
551	60
552	69
553	74
554	74
555	68
556	74
557	83
558	69
559	77
560	70
561	77
562	76
563	73
564	77
565	69
566	59
567	81
568	82
569	75
570	64
571	59
572	78
573	81
574	75
575	89
576	77
577	71
578	78
579	79
580	78
581	95
582	91
583	79
584	98
585	91
586	69
587	91
588	75
589	71
590	104
591	92
592	70
593	93
594	78
595	102
596	88
597	87
598	88
599	87
600	85
601	91
602	94
603	108
604	94
605	88
606	94
607	93
608	89
609	91
610	97
611	101
612	98
613	97
614	80
615	90
616	96
617	100
618	83
619	112
620	95
621	78
622	91
623	101
624	80
625	104
626	91
627	89
628	105
629	93
630	89
631	94
632	78
633	90
634	111
635	85
636	84
637	91
638	88
639	100
640	78
641	115
642	104
643	94
644	117
645	88
646	110
647	103
648	91
649	104
650	119
651	119
652	98
653	114
654	100
655	116
656	105
657	113
658	99
659	86
660	102
661	94
662	115
663	90
664	111
665	123
666	101
667	92
668	110
669	87
670	121
671	97
672	111
673	128
674	110
675	122
676	112
677	116
678	101
679	108
680	116
681	113
682	110
683	110
684	102
685	119
686	101
687	103
688	102
689	109
690	128
691	104
692	114
693	118
694	109
695	121
696	107
697	122
698	121
699	119
700	129
701	153
702	122
703	125
704	107
705	121
706	128
707	109
708	120
709	109
710	105
711	114
712	142
713	117
714	109
715	118
716	116
717	111
718	126
719	132
720	113
721	134
722	112
723	120
724	113
725	121
726	118
727	124
728	122
729	123
730	123
731	126
732	124
733	121
734	130
735	140
736	147
737	118
738	117
739	119
740	125
741	130
742	141
743	131
744	121
745	119
746	113
747	114
748	116
749	109
750	124
751	139
752	114
753	108
754	139
755	124
756	129
757	117
758	127
759	120
760	126
761	123
762	143
763	139
764	176
765	156
766	212
767	178
768	236
769	251
770	283
771	302
772	318
773	309
774	326
775	324
776	299
777	261
778	261
779	239
780	204
781	177
782	178
783	172
784	139
785	133
786	114
787	121
788	101
789	114
790	125
791	105
792	125
793	126
794	131
795	131
796	130
797	137
798	140
799	127
800	131
801	104
802	108
803	129
804	139
805	136
806	128
807	120
808	117
809	129
810	146
811	137
812	129
813	133
814	154
815	141
816	128
817	120
818	133
819	155
820	126
821	151
822	133
823	106
824	137
825	147
826	117
827	130
828	135
829	156
830	137
831	125
832	126
833	148
834	128
835	145
836	127
837	140
838	145
839	130
840	127
841	143
842	149
843	144
844	134
845	145
846	133
847	149
848	140
849	160
850	159
851	162
852	169
853	161
854	166
855	151
856	162
857	159
858	188
859	175
860	179
861	196
862	184
863	193
864	209
865	208
866	206
867	224
868	210
869	204
870	209
871	229
872	196
873	233
874	199
875	240
876	221
877	227
878	252
879	236
880	243
881	270
882	262
883	302
884	293
885	329
886	348
887	355
888	383
889	412
890	425
891	441
892	402
893	436
894	459
895	502
896	512
897	493
898	495
899	513
900	500
901	506
902	476
903	542
904	490
905	553
906	519
907	488
908	464
909	434
910	441
911	399
912	408
913	381
914	372
915	358
916	309
917	315
918	290
919	261
920	267
921	241
922	232
923	221
924	226
925	229
926	197
927	180
928	172
929	206
930	163
931	184
932	163
933	162
934	155
935	171
936	153
937	147
938	178
939	133
940	177
941	162
942	177
943	213
944	210
945	243
946	261
947	289
948	321
949	330
950	403
951	412
952	406
953	400
954	406
955	405
956	417
957	369
958	337
959	340
960	306
961	282
962	259
963	217
964	171
965	161
966	133
967	149
968	151
969	129
970	120
971	123
972	117
973	111
974	125
975	125
976	125
977	138
978	123
979	107
980	127
981	117
982	112
983	123
984	128
985	135
986	132
987	132
988	159
989	121
990	153
991	133
992	166
993	141
994	162
995	140
996	144
997	154
998	181
999	145
1000	166
1001	157
1002	161
1003	172
1004	167
1005	165
1006	176
1007	153
1008	146
1009	152
1010	168
1011	145
1012	137
1013	147
1014	159
1015	145
1016	129
1017	130
1018	140
1019	113
1020	100
1021	110
1022	112
1023	131
1024	111
