Date:	08/05/2018		Time:	21:54		Version no:	0.00		Project name:	55		Sample name:	222		Section name:	section		Position	331.315033	mm	E0	0.000000	keV	E1	1.000000	keV/channel	sample surface	6.197380	cm	Tube anode:	Mo		Tube voltage:	30	kV	Tube current:	50	mA	gain	10		std. database			resultfile	result		matrix element	11		sample thickness	1.000000		air passage	0.560000	cm	comments	in position		peaking_time	2.200000	m-sec	trigger_threshold	547.363281	V	mca_bin_width	22.090000	no:	number_mca_channels	1024.000000	no:	gap_time	0.150000	m-sec	trigger_peaking_time	0.200000	m-sec	GAINDAC	18610		HIGHGAIN	1		TAURC	1		RCTAU	1		RCTAUFRAC	1		livetime	9.486743	seconds	runtime	10.000117	seconds	input_count_rate	21987.419244	cps	output_count_rate	18284.286440	cps	triggers	208589	seconds	events_in_run	182845	seconds	channel	content		1	0
2	0
3	0
4	0
5	0
6	0
7	0
8	0
9	0
10	0
11	0
12	0
13	0
14	0
15	0
16	0
17	0
18	0
19	0
20	0
21	0
22	0
23	0
24	0
25	0
26	0
27	0
28	0
29	0
30	0
31	9
32	18
33	9
34	15
35	11
36	11
37	16
38	7
39	16
40	17
41	11
42	8
43	11
44	11
45	12
46	18
47	11
48	20
49	22
50	13
51	14
52	14
53	11
54	16
55	14
56	11
57	13
58	11
59	8
60	12
61	7
62	19
63	5
64	5
65	10
66	9
67	4
68	8
69	11
70	8
71	11
72	10
73	6
74	10
75	10
76	9
77	5
78	7
79	6
80	12
81	9
82	11
83	12
84	14
85	10
86	13
87	6
88	5
89	6
90	8
91	5
92	13
93	10
94	16
95	20
96	23
97	16
98	24
99	17
100	8
101	10
102	3
103	4
104	7
105	3
106	12
107	9
108	11
109	10
110	3
111	5
112	5
113	7
114	4
115	6
116	8
117	3
118	6
119	7
120	4
121	5
122	3
123	2
124	4
125	3
126	6
127	6
128	7
129	3
130	2
131	2
132	7
133	8
134	6
135	3
136	3
137	6
138	2
139	3
140	3
141	2
142	2
143	5
144	3
145	2
146	6
147	4
148	5
149	3
150	2
151	5
152	4
153	1
154	5
155	4
156	3
157	5
158	10
159	17
160	13
161	23
162	31
163	23
164	31
165	23
166	19
167	18
168	11
169	6
170	2
171	6
172	5
173	6
174	4
175	2
176	8
177	17
178	15
179	18
180	16
181	22
182	17
183	31
184	22
185	19
186	12
187	7
188	6
189	0
190	4
191	1
192	2
193	6
194	14
195	10
196	32
197	69
198	104
199	171
200	232
201	336
202	386
203	404
204	408
205	326
206	215
207	159
208	97
209	62
210	22
211	16
212	4
213	7
214	12
215	19
216	21
217	39
218	49
219	58
220	70
221	79
222	56
223	62
224	43
225	34
226	30
227	12
228	4
229	3
230	2
231	1
232	3
233	7
234	6
235	1
236	3
237	2
238	5
239	13
240	20
241	37
242	49
243	77
244	115
245	190
246	209
247	235
248	251
249	204
250	190
251	141
252	120
253	78
254	58
255	42
256	35
257	19
258	42
259	14
260	12
261	17
262	11
263	12
264	21
265	17
266	21
267	33
268	28
269	54
270	50
271	53
272	46
273	53
274	44
275	15
276	19
277	15
278	18
279	11
280	12
281	13
282	7
283	8
284	9
285	9
286	12
287	15
288	12
289	8
290	8
291	16
292	14
293	19
294	10
295	15
296	16
297	14
298	13
299	16
300	16
301	20
302	12
303	10
304	10
305	8
306	18
307	9
308	12
309	13
310	19
311	9
312	8
313	13
314	11
315	20
316	24
317	29
318	32
319	49
320	55
321	91
322	96
323	85
324	115
325	92
326	72
327	64
328	50
329	41
330	38
331	29
332	24
333	22
334	28
335	14
336	22
337	40
338	49
339	62
340	102
341	157
342	318
343	563
344	988
345	1602
346	2498
347	3559
348	4762
349	5842
350	6552
351	6710
352	6411
353	5851
354	4678
355	3494
356	2339
357	1567
358	974
359	516
360	284
361	151
362	83
363	52
364	49
365	36
366	45
367	29
368	34
369	51
370	42
371	33
372	40
373	46
374	53
375	57
376	75
377	87
378	121
379	142
380	259
381	360
382	529
383	703
384	876
385	1029
386	1101
387	1189
388	1058
389	947
390	768
391	601
392	416
393	274
394	187
395	120
396	69
397	32
398	38
399	35
400	32
401	30
402	29
403	22
404	32
405	28
406	32
407	25
408	30
409	25
410	38
411	27
412	40
413	29
414	31
415	29
416	34
417	22
418	22
419	34
420	20
421	27
422	28
423	27
424	35
425	25
426	23
427	35
428	33
429	30
430	33
431	28
432	31
433	25
434	39
435	42
436	53
437	38
438	48
439	53
440	68
441	58
442	54
443	63
444	53
445	48
446	49
447	48
448	47
449	55
450	63
451	33
452	59
453	61
454	51
455	76
456	56
457	70
458	73
459	59
460	87
461	81
462	62
463	78
464	67
465	60
466	53
467	53
468	50
469	64
470	50
471	56
472	51
473	67
474	61
475	48
476	60
477	62
478	48
479	42
480	46
481	47
482	47
483	53
484	52
485	41
486	41
487	48
488	51
489	56
490	49
491	51
492	60
493	49
494	56
495	48
496	63
497	65
498	60
499	48
500	60
501	59
502	51
503	59
504	71
505	73
506	65
507	75
508	86
509	67
510	55
511	64
512	57
513	61
514	60
515	69
516	67
517	64
518	62
519	75
520	69
521	57
522	70
523	81
524	85
525	85
526	86
527	73
528	95
529	99
530	93
531	85
532	83
533	72
534	91
535	80
536	81
537	76
538	74
539	75
540	68
541	70
542	89
543	79
544	64
545	79
546	79
547	65
548	86
549	82
550	86
551	63
552	73
553	78
554	71
555	69
556	65
557	70
558	70
559	74
560	71
561	63
562	67
563	81
564	66
565	69
566	69
567	72
568	74
569	72
570	60
571	89
572	90
573	77
574	80
575	97
576	84
577	84
578	84
579	59
580	84
581	88
582	99
583	89
584	73
585	69
586	89
587	87
588	86
589	91
590	91
591	87
592	77
593	95
594	92
595	76
596	62
597	89
598	96
599	91
600	86
601	84
602	85
603	88
604	82
605	93
606	87
607	78
608	82
609	84
610	88
611	91
612	77
613	82
614	91
615	80
616	104
617	102
618	84
619	90
620	89
621	97
622	87
623	82
624	87
625	88
626	81
627	102
628	79
629	85
630	99
631	98
632	110
633	112
634	86
635	95
636	92
637	96
638	106
639	116
640	115
641	107
642	77
643	99
644	97
645	103
646	90
647	93
648	92
649	90
650	109
651	110
652	84
653	92
654	94
655	123
656	110
657	102
658	102
659	95
660	91
661	121
662	102
663	93
664	96
665	104
666	94
667	112
668	105
669	114
670	105
671	85
672	90
673	103
674	108
675	95
676	101
677	113
678	102
679	114
680	131
681	104
682	123
683	119
684	86
685	96
686	96
687	107
688	95
689	99
690	99
691	123
692	119
693	100
694	125
695	111
696	109
697	133
698	109
699	134
700	122
701	106
702	125
703	100
704	118
705	122
706	102
707	130
708	130
709	118
710	129
711	124
712	132
713	118
714	113
715	111
716	111
717	109
718	100
719	114
720	138
721	119
722	123
723	125
724	142
725	131
726	126
727	135
728	120
729	131
730	111
731	140
732	121
733	135
734	136
735	123
736	128
737	118
738	111
739	122
740	137
741	109
742	146
743	125
744	115
745	107
746	135
747	128
748	123
749	122
750	132
751	120
752	131
753	114
754	128
755	127
756	110
757	126
758	121
759	113
760	129
761	147
762	145
763	142
764	163
765	155
766	188
767	189
768	228
769	218
770	256
771	273
772	295
773	276
774	266
775	259
776	297
777	245
778	252
779	262
780	216
781	196
782	171
783	147
784	146
785	138
786	141
787	121
788	145
789	148
790	133
791	125
792	122
793	110
794	129
795	119
796	138
797	125
798	134
799	113
800	138
801	111
802	141
803	131
804	123
805	124
806	136
807	150
808	133
809	121
810	121
811	148
812	143
813	166
814	138
815	136
816	153
817	136
818	146
819	129
820	150
821	137
822	136
823	147
824	142
825	161
826	126
827	128
828	132
829	162
830	150
831	126
832	130
833	135
834	132
835	147
836	141
837	144
838	121
839	175
840	136
841	148
842	128
843	129
844	151
845	153
846	161
847	134
848	140
849	166
850	131
851	168
852	157
853	160
854	172
855	186
856	176
857	201
858	204
859	209
860	199
861	191
862	223
863	192
864	214
865	233
866	229
867	213
868	208
869	218
870	179
871	200
872	202
873	222
874	185
875	210
876	258
877	239
878	274
879	236
880	255
881	266
882	285
883	301
884	322
885	333
886	357
887	351
888	437
889	401
890	458
891	504
892	474
893	491
894	520
895	515
896	559
897	581
898	574
899	536
900	527
901	565
902	535
903	519
904	565
905	576
906	507
907	498
908	452
909	482
910	453
911	461
912	454
913	392
914	335
915	373
916	357
917	313
918	313
919	284
920	286
921	259
922	234
923	220
924	233
925	227
926	215
927	192
928	203
929	177
930	179
931	164
932	170
933	175
934	141
935	143
936	171
937	148
938	166
939	154
940	164
941	167
942	207
943	191
944	225
945	248
946	273
947	314
948	311
949	355
950	384
951	399
952	443
953	422
954	399
955	406
956	426
957	401
958	330
959	314
960	295
961	270
962	238
963	209
964	157
965	158
966	193
967	146
968	132
969	107
970	116
971	128
972	128
973	132
974	131
975	126
976	138
977	126
978	111
979	114
980	145
981	147
982	149
983	138
984	168
985	138
986	149
987	140
988	144
989	129
990	152
991	155
992	159
993	178
994	160
995	172
996	166
997	143
998	169
999	148
1000	182
1001	149
1002	136
1003	171
1004	172
1005	174
1006	162
1007	173
1008	153
1009	167
1010	138
1011	163
1012	157
1013	147
1014	167
1015	148
1016	132
1017	134
1018	131
1019	142
1020	116
1021	129
1022	126
1023	111
1024	102
