Date:	08/05/2018		Time:	23:23		Version no:	0.00		Project name:	55		Sample name:	222		Section name:	section		Position	425.315033	mm	E0	0.000000	keV	E1	1.000000	keV/channel	sample surface	6.234208	cm	Tube anode:	Mo		Tube voltage:	30	kV	Tube current:	50	mA	gain	10		std. database			resultfile	result		matrix element	11		sample thickness	1.000000		air passage	0.560000	cm	comments	in position		peaking_time	2.200000	m-sec	trigger_threshold	547.363281	V	mca_bin_width	22.090000	no:	number_mca_channels	1024.000000	no:	gap_time	0.150000	m-sec	trigger_peaking_time	0.200000	m-sec	GAINDAC	18610		HIGHGAIN	1		TAURC	1		RCTAU	1		RCTAUFRAC	1		livetime	9.422308	seconds	runtime	10.000496	seconds	input_count_rate	24593.868084	cps	output_count_rate	20025.006760	cps	triggers	231731	seconds	events_in_run	200260	seconds	channel	content		1	0
2	0
3	0
4	0
5	0
6	0
7	0
8	0
9	0
10	0
11	0
12	0
13	0
14	0
15	0
16	0
17	0
18	0
19	0
20	0
21	0
22	0
23	0
24	0
25	0
26	0
27	0
28	0
29	0
30	0
31	18
32	9
33	13
34	12
35	12
36	12
37	19
38	12
39	18
40	14
41	16
42	13
43	15
44	11
45	16
46	14
47	15
48	15
49	23
50	15
51	14
52	14
53	14
54	12
55	15
56	6
57	9
58	5
59	11
60	12
61	7
62	15
63	13
64	5
65	4
66	9
67	13
68	10
69	11
70	9
71	17
72	5
73	11
74	9
75	13
76	7
77	12
78	7
79	8
80	6
81	6
82	13
83	11
84	14
85	12
86	9
87	9
88	8
89	10
90	9
91	8
92	5
93	11
94	12
95	26
96	25
97	21
98	18
99	12
100	7
101	7
102	3
103	13
104	9
105	5
106	10
107	7
108	9
109	4
110	4
111	6
112	5
113	6
114	3
115	6
116	6
117	2
118	3
119	5
120	2
121	5
122	7
123	11
124	5
125	4
126	5
127	3
128	7
129	5
130	9
131	5
132	1
133	3
134	3
135	3
136	6
137	3
138	3
139	4
140	4
141	1
142	4
143	4
144	2
145	3
146	4
147	6
148	3
149	3
150	3
151	4
152	3
153	9
154	3
155	3
156	4
157	5
158	8
159	13
160	14
161	27
162	15
163	27
164	23
165	22
166	17
167	9
168	5
169	5
170	4
171	2
172	2
173	4
174	3
175	14
176	5
177	11
178	11
179	11
180	13
181	28
182	26
183	38
184	22
185	27
186	6
187	9
188	8
189	3
190	7
191	3
192	5
193	5
194	9
195	22
196	28
197	51
198	86
199	147
200	240
201	314
202	320
203	380
204	346
205	287
206	206
207	130
208	91
209	41
210	21
211	18
212	8
213	12
214	15
215	21
216	22
217	31
218	40
219	68
220	62
221	71
222	58
223	53
224	31
225	31
226	12
227	11
228	10
229	8
230	8
231	2
232	7
233	6
234	3
235	2
236	5
237	4
238	5
239	7
240	16
241	19
242	30
243	62
244	101
245	121
246	132
247	144
248	152
249	136
250	135
251	95
252	88
253	57
254	48
255	48
256	40
257	33
258	32
259	21
260	16
261	16
262	13
263	8
264	14
265	15
266	21
267	31
268	31
269	43
270	49
271	50
272	56
273	44
274	26
275	20
276	18
277	14
278	16
279	11
280	12
281	10
282	13
283	6
284	21
285	20
286	8
287	12
288	15
289	14
290	11
291	11
292	7
293	17
294	20
295	12
296	17
297	25
298	19
299	26
300	17
301	18
302	16
303	5
304	10
305	10
306	8
307	6
308	14
309	15
310	15
311	13
312	21
313	12
314	25
315	26
316	31
317	39
318	64
319	95
320	137
321	165
322	167
323	208
324	209
325	156
326	138
327	103
328	100
329	85
330	50
331	38
332	32
333	32
334	32
335	29
336	36
337	49
338	57
339	55
340	124
341	178
342	334
343	666
344	1180
345	1967
346	2994
347	4362
348	5564
349	6867
350	7774
351	8199
352	7644
353	6687
354	5501
355	4051
356	2813
357	1775
358	1169
359	611
360	308
361	159
362	100
363	53
364	50
365	35
366	50
367	43
368	46
369	46
370	41
371	45
372	32
373	54
374	60
375	76
376	82
377	106
378	166
379	211
380	307
381	455
382	640
383	874
384	1013
385	1198
386	1320
387	1288
388	1298
389	1118
390	913
391	693
392	472
393	295
394	213
395	127
396	70
397	45
398	33
399	38
400	40
401	34
402	33
403	37
404	34
405	30
406	40
407	35
408	41
409	37
410	41
411	44
412	35
413	39
414	42
415	37
416	42
417	33
418	30
419	39
420	35
421	39
422	28
423	37
424	26
425	48
426	38
427	29
428	49
429	36
430	24
431	37
432	41
433	58
434	55
435	54
436	40
437	57
438	53
439	65
440	73
441	75
442	62
443	75
444	71
445	68
446	64
447	73
448	66
449	51
450	63
451	63
452	61
453	55
454	62
455	85
456	91
457	62
458	81
459	103
460	93
461	87
462	68
463	78
464	66
465	73
466	69
467	60
468	62
469	67
470	57
471	72
472	69
473	57
474	68
475	66
476	66
477	62
478	67
479	61
480	51
481	47
482	55
483	56
484	55
485	60
486	64
487	51
488	48
489	62
490	53
491	64
492	81
493	50
494	57
495	57
496	54
497	63
498	58
499	63
500	51
501	73
502	61
503	62
504	68
505	66
506	66
507	79
508	74
509	62
510	88
511	98
512	78
513	84
514	78
515	82
516	60
517	79
518	90
519	102
520	77
521	73
522	95
523	65
524	86
525	88
526	114
527	91
528	94
529	106
530	87
531	91
532	89
533	84
534	101
535	84
536	85
537	92
538	75
539	71
540	96
541	77
542	89
543	88
544	87
545	95
546	105
547	85
548	75
549	88
550	81
551	66
552	79
553	78
554	90
555	83
556	68
557	66
558	90
559	83
560	72
561	70
562	90
563	84
564	56
565	76
566	85
567	75
568	59
569	67
570	79
571	85
572	71
573	108
574	90
575	102
576	69
577	80
578	75
579	91
580	104
581	90
582	87
583	96
584	77
585	90
586	86
587	90
588	83
589	97
590	87
591	94
592	72
593	85
594	98
595	96
596	95
597	104
598	90
599	86
600	89
601	108
602	86
603	90
604	111
605	80
606	92
607	93
608	106
609	102
610	79
611	88
612	107
613	100
614	94
615	106
616	108
617	96
618	90
619	123
620	111
621	101
622	109
623	107
624	85
625	90
626	93
627	122
628	98
629	110
630	92
631	87
632	104
633	85
634	98
635	103
636	107
637	106
638	114
639	113
640	122
641	77
642	115
643	102
644	120
645	100
646	117
647	122
648	93
649	131
650	109
651	128
652	104
653	112
654	106
655	123
656	103
657	102
658	111
659	94
660	109
661	102
662	107
663	115
664	115
665	119
666	120
667	111
668	89
669	106
670	106
671	103
672	117
673	121
674	109
675	130
676	129
677	131
678	117
679	133
680	107
681	116
682	123
683	114
684	132
685	104
686	124
687	108
688	113
689	107
690	124
691	113
692	132
693	119
694	125
695	96
696	120
697	105
698	131
699	139
700	134
701	124
702	133
703	92
704	138
705	105
706	103
707	109
708	129
709	122
710	123
711	111
712	131
713	119
714	126
715	125
716	116
717	126
718	137
719	152
720	123
721	141
722	118
723	128
724	122
725	93
726	122
727	134
728	149
729	136
730	151
731	151
732	115
733	122
734	132
735	132
736	123
737	135
738	124
739	132
740	148
741	138
742	130
743	107
744	158
745	156
746	138
747	137
748	108
749	133
750	120
751	137
752	119
753	141
754	123
755	139
756	134
757	125
758	118
759	117
760	148
761	124
762	149
763	159
764	181
765	183
766	211
767	215
768	271
769	291
770	266
771	286
772	325
773	310
774	346
775	364
776	304
777	291
778	245
779	239
780	215
781	213
782	161
783	182
784	167
785	167
786	140
787	138
788	161
789	137
790	133
791	133
792	143
793	127
794	140
795	131
796	142
797	146
798	139
799	122
800	131
801	145
802	117
803	126
804	148
805	137
806	134
807	133
808	127
809	138
810	153
811	146
812	143
813	145
814	132
815	136
816	149
817	140
818	152
819	133
820	134
821	146
822	140
823	138
824	130
825	136
826	142
827	165
828	136
829	127
830	155
831	158
832	146
833	143
834	127
835	132
836	156
837	143
838	140
839	178
840	159
841	133
842	178
843	128
844	142
845	149
846	146
847	129
848	161
849	143
850	146
851	173
852	190
853	151
854	178
855	153
856	176
857	177
858	195
859	211
860	205
861	227
862	190
863	223
864	219
865	213
866	222
867	215
868	225
869	226
870	216
871	226
872	222
873	203
874	222
875	226
876	222
877	236
878	253
879	275
880	268
881	277
882	294
883	304
884	305
885	382
886	324
887	375
888	409
889	383
890	377
891	470
892	426
893	464
894	484
895	488
896	548
897	551
898	515
899	522
900	579
901	563
902	550
903	524
904	543
905	578
906	597
907	542
908	528
909	510
910	468
911	447
912	380
913	397
914	389
915	358
916	339
917	354
918	304
919	311
920	275
921	288
922	254
923	243
924	229
925	251
926	199
927	167
928	201
929	210
930	205
931	179
932	163
933	183
934	141
935	150
936	181
937	166
938	161
939	192
940	158
941	173
942	199
943	196
944	240
945	258
946	284
947	273
948	323
949	335
950	351
951	410
952	430
953	428
954	456
955	436
956	385
957	385
958	375
959	351
960	279
961	250
962	228
963	227
964	188
965	156
966	185
967	137
968	156
969	139
970	134
971	124
972	137
973	130
974	110
975	119
976	112
977	123
978	131
979	141
980	127
981	123
982	120
983	139
984	133
985	144
986	142
987	106
988	151
989	161
990	134
991	147
992	158
993	157
994	165
995	155
996	161
997	147
998	167
999	164
1000	182
1001	172
1002	158
1003	187
1004	177
1005	161
1006	196
1007	177
1008	179
1009	148
1010	141
1011	173
1012	176
1013	167
1014	152
1015	139
1016	125
1017	125
1018	136
1019	148
1020	132
1021	129
1022	125
1023	139
1024	118
