Date:	08/05/2018		Time:	23:39		Version no:	0.00		Project name:	55		Sample name:	222		Section name:	section		Position	442.315033	mm	E0	0.000000	keV	E1	1.000000	keV/channel	sample surface	6.281324	cm	Tube anode:	Mo		Tube voltage:	30	kV	Tube current:	50	mA	gain	10		std. database			resultfile	result		matrix element	11		sample thickness	1.000000		air passage	0.560000	cm	comments	in position		peaking_time	2.200000	m-sec	trigger_threshold	547.363281	V	mca_bin_width	22.090000	no:	number_mca_channels	1024.000000	no:	gap_time	0.150000	m-sec	trigger_peaking_time	0.200000	m-sec	GAINDAC	18610		HIGHGAIN	1		TAURC	1		RCTAU	1		RCTAUFRAC	1		livetime	9.390929	seconds	runtime	10.000493	seconds	input_count_rate	26515.907564	cps	output_count_rate	21365.847091	cps	triggers	249009	seconds	events_in_run	213669	seconds	channel	content		1	0
2	0
3	0
4	0
5	0
6	0
7	0
8	0
9	0
10	0
11	0
12	0
13	0
14	0
15	0
16	0
17	0
18	0
19	0
20	0
21	0
22	0
23	0
24	0
25	0
26	0
27	0
28	0
29	0
30	0
31	14
32	13
33	14
34	18
35	17
36	9
37	10
38	18
39	23
40	14
41	12
42	14
43	11
44	17
45	11
46	16
47	7
48	14
49	15
50	15
51	19
52	19
53	14
54	6
55	13
56	10
57	10
58	7
59	13
60	16
61	12
62	10
63	10
64	9
65	9
66	5
67	9
68	7
69	11
70	13
71	7
72	7
73	7
74	3
75	3
76	7
77	7
78	8
79	5
80	14
81	7
82	9
83	11
84	10
85	7
86	4
87	10
88	9
89	1
90	7
91	11
92	10
93	18
94	18
95	20
96	33
97	33
98	22
99	18
100	11
101	9
102	8
103	11
104	4
105	13
106	5
107	10
108	6
109	11
110	8
111	1
112	6
113	5
114	3
115	7
116	5
117	5
118	4
119	4
120	5
121	6
122	6
123	5
124	1
125	3
126	2
127	7
128	8
129	5
130	4
131	5
132	5
133	7
134	5
135	2
136	4
137	1
138	4
139	5
140	2
141	3
142	2
143	4
144	5
145	3
146	6
147	4
148	6
149	7
150	5
151	3
152	4
153	5
154	3
155	3
156	9
157	6
158	13
159	11
160	27
161	15
162	22
163	28
164	38
165	14
166	12
167	11
168	5
169	8
170	2
171	3
172	3
173	3
174	5
175	5
176	11
177	13
178	21
179	27
180	17
181	19
182	29
183	31
184	25
185	12
186	19
187	13
188	8
189	9
190	4
191	9
192	7
193	6
194	12
195	16
196	46
197	74
198	121
199	181
200	298
201	355
202	400
203	428
204	384
205	340
206	261
207	169
208	100
209	53
210	30
211	24
212	8
213	13
214	10
215	19
216	23
217	47
218	37
219	62
220	61
221	72
222	67
223	50
224	49
225	31
226	15
227	14
228	9
229	8
230	6
231	2
232	6
233	7
234	5
235	10
236	5
237	9
238	11
239	7
240	19
241	14
242	46
243	69
244	97
245	135
246	159
247	195
248	165
249	174
250	125
251	118
252	101
253	82
254	62
255	42
256	38
257	41
258	31
259	28
260	15
261	11
262	9
263	13
264	15
265	24
266	32
267	25
268	44
269	46
270	47
271	50
272	39
273	49
274	34
275	23
276	19
277	21
278	13
279	13
280	8
281	16
282	10
283	12
284	12
285	11
286	10
287	13
288	17
289	14
290	13
291	27
292	16
293	20
294	21
295	18
296	21
297	23
298	19
299	29
300	19
301	17
302	12
303	12
304	11
305	15
306	14
307	15
308	17
309	11
310	17
311	18
312	15
313	23
314	17
315	20
316	28
317	47
318	44
319	85
320	89
321	123
322	147
323	171
324	154
325	138
326	110
327	93
328	64
329	59
330	43
331	39
332	23
333	23
334	25
335	42
336	43
337	44
338	54
339	79
340	126
341	251
342	456
343	741
344	1410
345	2390
346	3516
347	5123
348	6633
349	8025
350	9143
351	9095
352	8713
353	7689
354	6150
355	4607
356	3098
357	2073
358	1234
359	681
360	359
361	173
362	96
363	75
364	46
365	48
366	56
367	35
368	42
369	61
370	52
371	44
372	55
373	71
374	51
375	81
376	90
377	111
378	169
379	244
380	352
381	524
382	721
383	921
384	1221
385	1432
386	1384
387	1513
388	1446
389	1181
390	1010
391	786
392	566
393	346
394	220
395	125
396	91
397	59
398	42
399	28
400	32
401	24
402	29
403	35
404	29
405	38
406	25
407	40
408	33
409	50
410	41
411	43
412	39
413	32
414	45
415	36
416	37
417	31
418	28
419	32
420	24
421	34
422	27
423	47
424	35
425	41
426	38
427	33
428	36
429	35
430	33
431	39
432	49
433	55
434	46
435	44
436	67
437	69
438	59
439	69
440	73
441	72
442	79
443	74
444	63
445	75
446	61
447	67
448	72
449	74
450	59
451	63
452	81
453	66
454	66
455	78
456	84
457	89
458	91
459	96
460	86
461	87
462	89
463	68
464	72
465	54
466	68
467	69
468	67
469	71
470	71
471	64
472	65
473	76
474	68
475	62
476	67
477	61
478	63
479	61
480	60
481	56
482	66
483	58
484	52
485	73
486	66
487	69
488	60
489	70
490	62
491	61
492	59
493	65
494	63
495	69
496	63
497	70
498	59
499	64
500	74
501	73
502	71
503	69
504	74
505	82
506	81
507	83
508	74
509	91
510	79
511	78
512	74
513	81
514	74
515	78
516	82
517	90
518	77
519	79
520	91
521	93
522	98
523	108
524	102
525	93
526	107
527	120
528	99
529	103
530	99
531	106
532	94
533	94
534	84
535	90
536	76
537	87
538	87
539	81
540	96
541	77
542	93
543	85
544	83
545	98
546	79
547	82
548	88
549	79
550	80
551	80
552	93
553	81
554	75
555	79
556	89
557	90
558	73
559	70
560	88
561	71
562	89
563	77
564	78
565	77
566	85
567	88
568	81
569	75
570	86
571	79
572	72
573	78
574	93
575	86
576	86
577	86
578	91
579	87
580	87
581	79
582	100
583	92
584	76
585	87
586	87
587	91
588	93
589	84
590	87
591	103
592	99
593	124
594	109
595	97
596	95
597	86
598	96
599	101
600	97
601	108
602	109
603	90
604	96
605	108
606	94
607	88
608	117
609	98
610	97
611	102
612	102
613	124
614	115
615	103
616	96
617	124
618	90
619	95
620	92
621	106
622	108
623	97
624	117
625	115
626	104
627	100
628	123
629	101
630	101
631	110
632	108
633	103
634	115
635	113
636	115
637	99
638	98
639	101
640	120
641	106
642	120
643	109
644	85
645	116
646	109
647	115
648	113
649	137
650	102
651	102
652	106
653	108
654	117
655	107
656	97
657	110
658	115
659	115
660	128
661	102
662	103
663	102
664	108
665	110
666	115
667	109
668	127
669	100
670	121
671	96
672	123
673	140
674	93
675	100
676	100
677	121
678	103
679	122
680	124
681	110
682	121
683	106
684	125
685	122
686	110
687	109
688	117
689	115
690	100
691	115
692	127
693	146
694	129
695	135
696	142
697	118
698	127
699	130
700	129
701	119
702	130
703	141
704	131
705	126
706	116
707	129
708	112
709	112
710	123
711	96
712	138
713	129
714	129
715	137
716	102
717	112
718	129
719	125
720	114
721	134
722	151
723	127
724	133
725	134
726	124
727	131
728	129
729	127
730	132
731	137
732	134
733	112
734	130
735	137
736	127
737	150
738	133
739	129
740	133
741	157
742	125
743	118
744	130
745	133
746	151
747	145
748	142
749	147
750	115
751	139
752	145
753	135
754	132
755	137
756	134
757	118
758	158
759	132
760	138
761	122
762	144
763	168
764	166
765	176
766	180
767	198
768	212
769	274
770	280
771	300
772	329
773	313
774	310
775	289
776	275
777	278
778	254
779	233
780	227
781	185
782	171
783	181
784	161
785	133
786	134
787	125
788	129
789	127
790	143
791	139
792	125
793	126
794	145
795	139
796	141
797	133
798	137
799	141
800	135
801	146
802	115
803	138
804	131
805	144
806	149
807	152
808	131
809	134
810	137
811	135
812	130
813	142
814	147
815	173
816	154
817	132
818	137
819	144
820	134
821	144
822	133
823	150
824	149
825	145
826	139
827	130
828	149
829	157
830	162
831	140
832	168
833	143
834	161
835	165
836	142
837	154
838	144
839	148
840	136
841	148
842	150
843	157
844	130
845	153
846	173
847	162
848	159
849	142
850	153
851	147
852	162
853	169
854	174
855	163
856	168
857	185
858	198
859	190
860	198
861	209
862	203
863	215
864	202
865	209
866	221
867	179
868	228
869	221
870	224
871	208
872	210
873	242
874	222
875	233
876	248
877	250
878	202
879	273
880	251
881	265
882	291
883	330
884	328
885	338
886	359
887	335
888	408
889	438
890	433
891	465
892	461
893	489
894	506
895	527
896	517
897	544
898	526
899	521
900	578
901	563
902	519
903	555
904	479
905	572
906	520
907	521
908	509
909	474
910	434
911	463
912	460
913	416
914	372
915	363
916	328
917	349
918	284
919	278
920	296
921	284
922	243
923	230
924	234
925	218
926	206
927	204
928	172
929	176
930	196
931	191
932	169
933	147
934	177
935	172
936	158
937	173
938	154
939	176
940	157
941	206
942	192
943	225
944	250
945	269
946	289
947	271
948	308
949	370
950	411
951	401
952	405
953	408
954	423
955	472
956	377
957	373
958	369
959	336
960	306
961	248
962	263
963	223
964	196
965	162
966	153
967	149
968	127
969	111
970	119
971	117
972	143
973	122
974	113
975	125
976	125
977	143
978	114
979	136
980	130
981	126
982	116
983	132
984	131
985	120
986	120
987	139
988	141
989	144
990	160
991	140
992	171
993	169
994	161
995	161
996	142
997	152
998	182
999	137
1000	141
1001	177
1002	176
1003	167
1004	169
1005	190
1006	176
1007	163
1008	178
1009	164
1010	148
1011	170
1012	153
1013	170
1014	132
1015	152
1016	142
1017	148
1018	137
1019	123
1020	146
1021	125
1022	127
1023	130
1024	108
