Date:	08/05/2018		Time:	23:34		Version no:	0.00		Project name:	55		Sample name:	222		Section name:	section		Position	436.315033	mm	E0	0.000000	keV	E1	1.000000	keV/channel	sample surface	6.278084	cm	Tube anode:	Mo		Tube voltage:	30	kV	Tube current:	50	mA	gain	10		std. database			resultfile	result		matrix element	11		sample thickness	1.000000		air passage	0.560000	cm	comments	in position		peaking_time	2.200000	m-sec	trigger_threshold	547.363281	V	mca_bin_width	22.090000	no:	number_mca_channels	1024.000000	no:	gap_time	0.150000	m-sec	trigger_peaking_time	0.200000	m-sec	GAINDAC	18610		HIGHGAIN	1		TAURC	1		RCTAU	1		RCTAUFRAC	1		livetime	9.426173	seconds	runtime	10.000493	seconds	input_count_rate	24447.461859	cps	output_count_rate	19976.615552	cps	triggers	230446	seconds	events_in_run	199776	seconds	channel	content		1	0
2	0
3	0
4	0
5	0
6	0
7	0
8	0
9	0
10	0
11	0
12	0
13	0
14	0
15	0
16	0
17	0
18	0
19	0
20	0
21	0
22	0
23	0
24	0
25	0
26	0
27	0
28	0
29	0
30	0
31	10
32	5
33	15
34	18
35	7
36	16
37	13
38	20
39	13
40	18
41	15
42	17
43	15
44	16
45	8
46	12
47	13
48	17
49	15
50	14
51	13
52	13
53	14
54	9
55	11
56	11
57	13
58	10
59	14
60	10
61	12
62	12
63	12
64	12
65	14
66	7
67	13
68	11
69	11
70	8
71	5
72	15
73	8
74	9
75	5
76	14
77	8
78	8
79	8
80	7
81	13
82	9
83	13
84	11
85	7
86	6
87	6
88	9
89	7
90	4
91	7
92	12
93	11
94	20
95	18
96	23
97	25
98	18
99	16
100	6
101	18
102	6
103	10
104	5
105	11
106	8
107	11
108	9
109	7
110	7
111	11
112	5
113	5
114	6
115	1
116	3
117	4
118	6
119	4
120	6
121	4
122	3
123	3
124	9
125	6
126	6
127	6
128	8
129	3
130	4
131	5
132	4
133	2
134	2
135	5
136	5
137	6
138	3
139	5
140	4
141	4
142	2
143	5
144	4
145	4
146	6
147	5
148	3
149	10
150	0
151	8
152	3
153	6
154	6
155	9
156	5
157	6
158	6
159	17
160	19
161	26
162	24
163	28
164	24
165	19
166	15
167	13
168	7
169	5
170	4
171	8
172	2
173	7
174	5
175	3
176	16
177	15
178	11
179	18
180	24
181	22
182	35
183	30
184	35
185	25
186	20
187	13
188	4
189	3
190	4
191	5
192	5
193	10
194	13
195	23
196	37
197	67
198	104
199	173
200	249
201	343
202	423
203	416
204	394
205	320
206	250
207	162
208	107
209	60
210	24
211	13
212	8
213	12
214	11
215	15
216	28
217	27
218	43
219	55
220	78
221	67
222	78
223	57
224	41
225	30
226	25
227	12
228	7
229	3
230	5
231	4
232	5
233	6
234	4
235	4
236	5
237	5
238	9
239	7
240	12
241	26
242	39
243	44
244	94
245	105
246	140
247	159
248	159
249	143
250	143
251	94
252	72
253	44
254	59
255	50
256	35
257	33
258	28
259	23
260	17
261	18
262	11
263	14
264	12
265	23
266	34
267	25
268	26
269	47
270	53
271	47
272	47
273	39
274	28
275	23
276	17
277	15
278	7
279	12
280	9
281	8
282	9
283	5
284	9
285	12
286	7
287	13
288	12
289	10
290	18
291	21
292	21
293	16
294	18
295	19
296	12
297	15
298	15
299	11
300	16
301	13
302	8
303	13
304	12
305	13
306	9
307	16
308	9
309	13
310	18
311	16
312	18
313	15
314	12
315	26
316	42
317	42
318	53
319	86
320	118
321	143
322	161
323	159
324	187
325	162
326	130
327	123
328	74
329	58
330	50
331	35
332	24
333	35
334	34
335	36
336	35
337	46
338	51
339	61
340	112
341	197
342	375
343	634
344	1190
345	1938
346	2973
347	4301
348	5804
349	6899
350	7753
351	8026
352	7486
353	6686
354	5522
355	3940
356	2814
357	1806
358	1072
359	619
360	318
361	170
362	101
363	58
364	51
365	46
366	37
367	40
368	49
369	32
370	35
371	43
372	58
373	52
374	57
375	57
376	91
377	113
378	147
379	198
380	339
381	454
382	649
383	789
384	1045
385	1169
386	1292
387	1294
388	1250
389	1123
390	922
391	682
392	526
393	325
394	217
395	133
396	89
397	59
398	43
399	36
400	25
401	23
402	34
403	33
404	34
405	28
406	23
407	37
408	38
409	47
410	26
411	39
412	41
413	28
414	37
415	35
416	33
417	30
418	27
419	34
420	38
421	30
422	39
423	37
424	26
425	34
426	35
427	32
428	34
429	40
430	22
431	39
432	35
433	40
434	41
435	55
436	57
437	58
438	56
439	56
440	70
441	75
442	71
443	70
444	69
445	69
446	55
447	57
448	67
449	70
450	61
451	58
452	77
453	55
454	66
455	91
456	69
457	71
458	93
459	96
460	87
461	79
462	89
463	61
464	65
465	72
466	61
467	68
468	50
469	64
470	63
471	81
472	60
473	80
474	52
475	64
476	66
477	66
478	60
479	58
480	51
481	56
482	71
483	52
484	61
485	61
486	50
487	51
488	55
489	62
490	63
491	70
492	44
493	56
494	58
495	65
496	70
497	65
498	65
499	66
500	49
501	75
502	79
503	79
504	80
505	80
506	71
507	69
508	77
509	76
510	101
511	75
512	61
513	93
514	63
515	71
516	90
517	80
518	87
519	90
520	82
521	86
522	87
523	77
524	92
525	80
526	98
527	100
528	106
529	114
530	106
531	99
532	94
533	94
534	78
535	86
536	72
537	85
538	78
539	76
540	73
541	86
542	93
543	90
544	75
545	82
546	62
547	83
548	77
549	89
550	80
551	75
552	73
553	79
554	81
555	71
556	72
557	73
558	69
559	88
560	69
561	95
562	74
563	68
564	99
565	82
566	67
567	77
568	79
569	79
570	81
571	72
572	91
573	71
574	70
575	81
576	95
577	97
578	90
579	84
580	88
581	85
582	104
583	74
584	74
585	96
586	92
587	82
588	107
589	72
590	73
591	83
592	88
593	104
594	102
595	102
596	90
597	90
598	101
599	87
600	93
601	88
602	113
603	89
604	93
605	83
606	117
607	98
608	100
609	87
610	82
611	83
612	107
613	74
614	79
615	93
616	100
617	112
618	90
619	112
620	97
621	90
622	119
623	94
624	119
625	94
626	105
627	101
628	101
629	90
630	99
631	91
632	101
633	99
634	105
635	106
636	110
637	97
638	93
639	106
640	119
641	88
642	96
643	113
644	97
645	97
646	112
647	107
648	114
649	111
650	99
651	109
652	112
653	115
654	120
655	112
656	123
657	111
658	97
659	128
660	89
661	122
662	113
663	103
664	119
665	104
666	95
667	104
668	115
669	117
670	117
671	115
672	124
673	121
674	115
675	117
676	109
677	124
678	92
679	119
680	99
681	112
682	111
683	114
684	125
685	120
686	132
687	108
688	105
689	123
690	144
691	142
692	120
693	114
694	146
695	121
696	132
697	114
698	138
699	112
700	148
701	118
702	122
703	127
704	133
705	119
706	139
707	140
708	120
709	123
710	110
711	130
712	147
713	127
714	129
715	120
716	114
717	116
718	126
719	150
720	139
721	111
722	120
723	141
724	137
725	118
726	136
727	124
728	128
729	116
730	131
731	124
732	133
733	137
734	134
735	141
736	139
737	153
738	114
739	124
740	120
741	113
742	118
743	144
744	117
745	152
746	118
747	139
748	127
749	125
750	149
751	145
752	127
753	119
754	135
755	132
756	122
757	109
758	137
759	136
760	133
761	150
762	143
763	152
764	149
765	185
766	189
767	248
768	221
769	277
770	279
771	349
772	320
773	325
774	320
775	325
776	305
777	304
778	279
779	254
780	213
781	173
782	172
783	186
784	132
785	144
786	155
787	130
788	125
789	138
790	136
791	147
792	135
793	131
794	122
795	125
796	144
797	141
798	140
799	160
800	111
801	130
802	148
803	138
804	132
805	135
806	149
807	121
808	141
809	138
810	137
811	141
812	154
813	128
814	132
815	127
816	144
817	143
818	148
819	125
820	143
821	144
822	144
823	132
824	147
825	134
826	127
827	137
828	145
829	127
830	136
831	124
832	160
833	130
834	147
835	148
836	164
837	122
838	151
839	127
840	136
841	138
842	157
843	136
844	161
845	158
846	164
847	166
848	144
849	147
850	161
851	167
852	176
853	170
854	163
855	160
856	183
857	196
858	193
859	191
860	214
861	218
862	215
863	238
864	214
865	203
866	223
867	226
868	209
869	209
870	238
871	236
872	184
873	230
874	229
875	223
876	236
877	226
878	258
879	245
880	277
881	304
882	310
883	272
884	332
885	342
886	335
887	405
888	397
889	408
890	429
891	405
892	465
893	464
894	509
895	530
896	539
897	505
898	531
899	545
900	549
901	546
902	541
903	544
904	541
905	517
906	547
907	484
908	524
909	471
910	414
911	495
912	429
913	409
914	372
915	362
916	398
917	344
918	306
919	315
920	236
921	276
922	230
923	221
924	239
925	218
926	209
927	202
928	200
929	177
930	156
931	193
932	155
933	174
934	174
935	159
936	142
937	153
938	159
939	174
940	164
941	194
942	203
943	237
944	206
945	250
946	287
947	333
948	330
949	395
950	410
951	443
952	434
953	434
954	441
955	428
956	388
957	379
958	373
959	315
960	295
961	271
962	214
963	219
964	186
965	163
966	152
967	157
968	139
969	122
970	116
971	142
972	125
973	110
974	108
975	104
976	123
977	142
978	107
979	133
980	123
981	147
982	158
983	140
984	150
985	125
986	142
987	127
988	132
989	160
990	175
991	132
992	168
993	155
994	166
995	161
996	160
997	167
998	161
999	158
1000	165
1001	148
1002	154
1003	152
1004	155
1005	162
1006	174
1007	164
1008	173
1009	178
1010	160
1011	149
1012	180
1013	149
1014	163
1015	155
1016	124
1017	147
1018	149
1019	128
1020	125
1021	149
1022	124
1023	115
1024	134
