Date:	08/05/2018		Time:	23:34		Version no:	0.00		Project name:	55		Sample name:	222		Section name:	section		Position	436.915039	mm	E0	0.000000	keV	E1	1.000000	keV/channel	sample surface	6.278301	cm	Tube anode:	Mo		Tube voltage:	30	kV	Tube current:	50	mA	gain	10		std. database			resultfile	result		matrix element	11		sample thickness	1.000000		air passage	0.560000	cm	comments	in position		peaking_time	2.200000	m-sec	trigger_threshold	547.363281	V	mca_bin_width	22.090000	no:	number_mca_channels	1024.000000	no:	gap_time	0.150000	m-sec	trigger_peaking_time	0.200000	m-sec	GAINDAC	18610		HIGHGAIN	1		TAURC	1		RCTAU	1		RCTAUFRAC	1		livetime	9.407909	seconds	runtime	10.000491	seconds	input_count_rate	25442.210919	cps	output_count_rate	20680.584170	cps	triggers	239358	seconds	events_in_run	206816	seconds	channel	content		1	0
2	0
3	0
4	0
5	0
6	0
7	0
8	0
9	0
10	0
11	0
12	0
13	0
14	0
15	0
16	0
17	0
18	0
19	0
20	0
21	0
22	0
23	0
24	0
25	0
26	0
27	0
28	0
29	0
30	0
31	16
32	19
33	20
34	10
35	20
36	19
37	14
38	10
39	13
40	17
41	19
42	19
43	12
44	14
45	8
46	16
47	15
48	13
49	17
50	9
51	12
52	21
53	17
54	13
55	12
56	20
57	8
58	11
59	14
60	10
61	13
62	10
63	13
64	14
65	6
66	20
67	9
68	10
69	15
70	13
71	8
72	5
73	9
74	7
75	9
76	6
77	9
78	12
79	12
80	10
81	13
82	6
83	9
84	12
85	11
86	17
87	8
88	3
89	4
90	8
91	9
92	6
93	18
94	11
95	23
96	24
97	14
98	16
99	16
100	15
101	7
102	4
103	10
104	7
105	8
106	13
107	7
108	6
109	9
110	7
111	3
112	9
113	7
114	7
115	3
116	3
117	7
118	5
119	5
120	5
121	1
122	1
123	4
124	5
125	7
126	6
127	3
128	3
129	5
130	3
131	1
132	6
133	0
134	2
135	6
136	3
137	0
138	3
139	6
140	4
141	5
142	5
143	4
144	1
145	3
146	4
147	7
148	7
149	1
150	2
151	2
152	4
153	5
154	3
155	2
156	4
157	5
158	4
159	22
160	19
161	17
162	22
163	24
164	24
165	16
166	22
167	12
168	7
169	7
170	5
171	8
172	7
173	6
174	4
175	2
176	6
177	10
178	11
179	7
180	26
181	21
182	32
183	28
184	22
185	11
186	24
187	16
188	1
189	4
190	5
191	11
192	3
193	2
194	6
195	27
196	42
197	61
198	96
199	173
200	271
201	328
202	384
203	420
204	379
205	285
206	254
207	186
208	109
209	60
210	29
211	12
212	10
213	12
214	13
215	17
216	34
217	33
218	55
219	62
220	85
221	64
222	50
223	67
224	33
225	30
226	17
227	11
228	7
229	6
230	4
231	5
232	6
233	6
234	3
235	5
236	3
237	3
238	9
239	10
240	13
241	35
242	34
243	59
244	80
245	140
246	151
247	169
248	171
249	171
250	149
251	123
252	86
253	73
254	55
255	50
256	41
257	37
258	26
259	27
260	19
261	13
262	16
263	15
264	24
265	23
266	16
267	20
268	32
269	49
270	46
271	49
272	51
273	42
274	34
275	36
276	15
277	23
278	16
279	16
280	14
281	9
282	7
283	14
284	9
285	4
286	11
287	12
288	7
289	16
290	13
291	20
292	18
293	31
294	21
295	28
296	23
297	17
298	28
299	19
300	16
301	19
302	17
303	8
304	16
305	10
306	13
307	4
308	8
309	13
310	15
311	21
312	13
313	20
314	19
315	21
316	29
317	38
318	51
319	68
320	124
321	106
322	131
323	148
324	150
325	148
326	103
327	97
328	83
329	51
330	46
331	38
332	18
333	29
334	22
335	39
336	38
337	40
338	59
339	66
340	128
341	206
342	380
343	698
344	1271
345	2154
346	3298
347	4585
348	6088
349	7446
350	8113
351	8511
352	7987
353	7006
354	5684
355	4145
356	2883
357	1815
358	1122
359	616
360	290
361	171
362	101
363	61
364	47
365	45
366	39
367	39
368	50
369	48
370	43
371	52
372	45
373	48
374	65
375	72
376	99
377	130
378	140
379	233
380	288
381	465
382	695
383	841
384	1114
385	1265
386	1391
387	1393
388	1323
389	1110
390	986
391	684
392	515
393	343
394	208
395	158
396	91
397	63
398	37
399	36
400	38
401	25
402	37
403	29
404	26
405	34
406	42
407	45
408	39
409	26
410	33
411	42
412	35
413	46
414	26
415	40
416	38
417	36
418	48
419	34
420	38
421	39
422	43
423	35
424	32
425	38
426	47
427	35
428	42
429	29
430	41
431	48
432	41
433	51
434	51
435	50
436	57
437	70
438	62
439	67
440	76
441	66
442	75
443	76
444	76
445	80
446	72
447	64
448	63
449	66
450	71
451	71
452	63
453	69
454	71
455	80
456	72
457	67
458	80
459	97
460	74
461	76
462	74
463	86
464	72
465	60
466	63
467	54
468	55
469	53
470	69
471	67
472	65
473	85
474	65
475	73
476	63
477	56
478	58
479	51
480	50
481	52
482	51
483	67
484	59
485	67
486	51
487	73
488	65
489	67
490	56
491	68
492	61
493	47
494	49
495	59
496	62
497	77
498	70
499	79
500	63
501	70
502	80
503	72
504	76
505	68
506	89
507	88
508	85
509	90
510	88
511	99
512	80
513	78
514	96
515	95
516	84
517	81
518	101
519	82
520	98
521	96
522	77
523	95
524	114
525	97
526	83
527	103
528	102
529	114
530	107
531	105
532	117
533	103
534	87
535	80
536	90
537	70
538	103
539	93
540	82
541	99
542	73
543	89
544	82
545	80
546	110
547	77
548	80
549	70
550	81
551	97
552	71
553	74
554	71
555	76
556	82
557	85
558	81
559	59
560	66
561	66
562	80
563	85
564	92
565	64
566	85
567	103
568	76
569	80
570	84
571	70
572	82
573	85
574	89
575	89
576	61
577	83
578	86
579	82
580	83
581	92
582	81
583	94
584	93
585	89
586	98
587	99
588	97
589	90
590	100
591	93
592	98
593	83
594	101
595	104
596	96
597	105
598	86
599	92
600	92
601	86
602	93
603	94
604	83
605	106
606	95
607	103
608	111
609	93
610	119
611	93
612	99
613	102
614	100
615	97
616	111
617	120
618	99
619	114
620	108
621	112
622	110
623	108
624	108
625	120
626	104
627	103
628	107
629	111
630	86
631	102
632	92
633	97
634	98
635	102
636	102
637	107
638	94
639	119
640	118
641	103
642	106
643	94
644	98
645	108
646	106
647	126
648	101
649	116
650	106
651	107
652	112
653	112
654	123
655	113
656	111
657	125
658	105
659	124
660	91
661	127
662	117
663	110
664	127
665	107
666	121
667	117
668	102
669	109
670	136
671	107
672	116
673	107
674	114
675	105
676	116
677	118
678	99
679	119
680	110
681	127
682	104
683	117
684	118
685	101
686	109
687	114
688	139
689	102
690	148
691	133
692	138
693	120
694	108
695	138
696	140
697	139
698	128
699	149
700	147
701	129
702	127
703	135
704	136
705	117
706	120
707	142
708	125
709	136
710	127
711	113
712	141
713	140
714	106
715	140
716	133
717	133
718	122
719	142
720	146
721	119
722	124
723	119
724	125
725	128
726	134
727	138
728	145
729	135
730	141
731	133
732	125
733	134
734	148
735	162
736	132
737	124
738	126
739	132
740	144
741	147
742	131
743	121
744	132
745	132
746	135
747	137
748	133
749	150
750	130
751	130
752	137
753	134
754	117
755	102
756	158
757	146
758	137
759	108
760	127
761	153
762	155
763	157
764	167
765	175
766	165
767	230
768	240
769	280
770	287
771	266
772	323
773	330
774	313
775	309
776	280
777	264
778	237
779	223
780	214
781	193
782	174
783	163
784	150
785	151
786	163
787	146
788	137
789	156
790	138
791	128
792	137
793	139
794	141
795	152
796	146
797	149
798	161
799	128
800	139
801	133
802	137
803	142
804	138
805	162
806	130
807	130
808	145
809	123
810	146
811	149
812	135
813	149
814	141
815	149
816	139
817	154
818	182
819	148
820	138
821	153
822	161
823	162
824	151
825	155
826	148
827	152
828	123
829	162
830	125
831	126
832	143
833	152
834	150
835	160
836	145
837	135
838	150
839	155
840	141
841	149
842	175
843	143
844	132
845	153
846	170
847	153
848	165
849	134
850	156
851	169
852	153
853	160
854	161
855	162
856	188
857	175
858	157
859	195
860	214
861	218
862	217
863	216
864	252
865	206
866	236
867	194
868	222
869	244
870	223
871	206
872	238
873	218
874	226
875	252
876	230
877	233
878	224
879	249
880	278
881	309
882	275
883	312
884	343
885	330
886	370
887	416
888	397
889	430
890	428
891	450
892	464
893	466
894	478
895	562
896	544
897	529
898	583
899	527
900	552
901	603
902	593
903	526
904	553
905	571
906	536
907	479
908	490
909	468
910	474
911	464
912	416
913	411
914	383
915	360
916	354
917	344
918	349
919	297
920	262
921	297
922	254
923	243
924	253
925	242
926	202
927	214
928	183
929	197
930	213
931	203
932	202
933	167
934	169
935	172
936	172
937	141
938	163
939	171
940	183
941	185
942	195
943	215
944	219
945	246
946	272
947	302
948	327
949	344
950	373
951	415
952	412
953	454
954	449
955	410
956	434
957	422
958	392
959	369
960	297
961	275
962	267
963	239
964	183
965	174
966	152
967	133
968	154
969	150
970	122
971	135
972	146
973	103
974	117
975	125
976	133
977	131
978	150
979	142
980	108
981	99
982	137
983	148
984	135
985	151
986	133
987	157
988	139
989	150
990	141
991	151
992	160
993	146
994	173
995	150
996	165
997	161
998	192
999	162
1000	172
1001	211
1002	183
1003	188
1004	155
1005	173
1006	182
1007	187
1008	188
1009	177
1010	169
1011	160
1012	140
1013	151
1014	168
1015	139
1016	164
1017	147
1018	132
1019	134
1020	127
1021	120
1022	110
1023	151
1024	114
