Date:	08/05/2018		Time:	23:05		Version no:	0.00		Project name:	55		Sample name:	222		Section name:	section		Position	406.115021	mm	E0	0.000000	keV	E1	1.000000	keV/channel	sample surface	6.141756	cm	Tube anode:	Mo		Tube voltage:	30	kV	Tube current:	50	mA	gain	10		std. database			resultfile	result		matrix element	11		sample thickness	1.000000		air passage	0.560000	cm	comments	in position		peaking_time	2.200000	m-sec	trigger_threshold	547.363281	V	mca_bin_width	22.090000	no:	number_mca_channels	1024.000000	no:	gap_time	0.150000	m-sec	trigger_peaking_time	0.200000	m-sec	GAINDAC	18610		HIGHGAIN	1		TAURC	1		RCTAU	1		RCTAUFRAC	1		livetime	9.397514	seconds	runtime	10.000491	seconds	input_count_rate	26481.153483	cps	output_count_rate	21364.950554	cps	triggers	248857	seconds	events_in_run	213660	seconds	channel	content		1	0
2	0
3	0
4	0
5	0
6	0
7	0
8	0
9	0
10	0
11	0
12	0
13	0
14	0
15	0
16	0
17	0
18	0
19	0
20	0
21	0
22	0
23	0
24	0
25	0
26	0
27	0
28	0
29	0
30	0
31	17
32	18
33	16
34	8
35	12
36	11
37	12
38	11
39	17
40	17
41	13
42	12
43	11
44	12
45	14
46	4
47	16
48	14
49	12
50	11
51	16
52	12
53	13
54	10
55	11
56	18
57	9
58	7
59	12
60	16
61	2
62	6
63	12
64	12
65	10
66	7
67	7
68	11
69	9
70	8
71	10
72	16
73	10
74	6
75	6
76	6
77	10
78	10
79	10
80	14
81	11
82	8
83	6
84	13
85	13
86	9
87	7
88	10
89	4
90	10
91	4
92	5
93	10
94	12
95	8
96	21
97	17
98	10
99	6
100	5
101	2
102	5
103	6
104	5
105	3
106	11
107	11
108	12
109	5
110	8
111	3
112	7
113	5
114	7
115	5
116	5
117	4
118	3
119	6
120	3
121	5
122	3
123	1
124	6
125	6
126	5
127	6
128	4
129	9
130	1
131	4
132	3
133	7
134	5
135	5
136	2
137	3
138	4
139	3
140	4
141	6
142	5
143	5
144	1
145	3
146	1
147	4
148	6
149	6
150	4
151	5
152	4
153	9
154	3
155	6
156	5
157	13
158	8
159	10
160	22
161	21
162	31
163	33
164	28
165	26
166	19
167	11
168	8
169	2
170	1
171	2
172	6
173	6
174	4
175	6
176	7
177	9
178	13
179	17
180	10
181	17
182	14
183	17
184	21
185	7
186	12
187	4
188	5
189	4
190	4
191	4
192	7
193	2
194	11
195	17
196	23
197	60
198	98
199	145
200	235
201	334
202	354
203	388
204	335
205	301
206	231
207	177
208	90
209	58
210	29
211	13
212	11
213	7
214	7
215	18
216	27
217	32
218	38
219	54
220	76
221	63
222	58
223	43
224	38
225	27
226	14
227	15
228	12
229	4
230	6
231	4
232	7
233	2
234	6
235	6
236	9
237	7
238	12
239	13
240	22
241	42
242	72
243	111
244	145
245	258
246	284
247	331
248	304
249	277
250	266
251	203
252	172
253	115
254	88
255	70
256	55
257	35
258	44
259	29
260	17
261	15
262	8
263	10
264	18
265	37
266	33
267	41
268	38
269	80
270	75
271	81
272	76
273	88
274	56
275	51
276	32
277	23
278	13
279	9
280	11
281	12
282	10
283	15
284	13
285	13
286	12
287	14
288	18
289	26
290	15
291	9
292	14
293	17
294	18
295	6
296	18
297	18
298	20
299	18
300	20
301	14
302	12
303	12
304	13
305	8
306	26
307	14
308	11
309	13
310	13
311	17
312	18
313	13
314	17
315	22
316	39
317	35
318	56
319	78
320	95
321	124
322	155
323	158
324	146
325	147
326	129
327	101
328	74
329	45
330	42
331	34
332	28
333	31
334	33
335	34
336	36
337	40
338	53
339	93
340	116
341	235
342	438
343	813
344	1504
345	2423
346	3731
347	5159
348	6781
349	8235
350	9015
351	9564
352	9240
353	8015
354	6352
355	4834
356	3232
357	2191
358	1269
359	670
360	400
361	201
362	115
363	53
364	44
365	43
366	42
367	52
368	50
369	53
370	37
371	39
372	42
373	65
374	67
375	58
376	93
377	120
378	182
379	234
380	382
381	527
382	754
383	954
384	1232
385	1451
386	1490
387	1598
388	1463
389	1318
390	1012
391	824
392	565
393	385
394	239
395	120
396	88
397	55
398	50
399	34
400	34
401	21
402	24
403	35
404	23
405	25
406	36
407	26
408	36
409	45
410	30
411	30
412	25
413	30
414	36
415	42
416	29
417	33
418	32
419	33
420	25
421	23
422	33
423	33
424	30
425	46
426	29
427	37
428	31
429	44
430	33
431	31
432	31
433	35
434	48
435	45
436	45
437	54
438	74
439	64
440	71
441	81
442	78
443	75
444	67
445	65
446	62
447	75
448	69
449	65
450	57
451	55
452	71
453	67
454	60
455	73
456	79
457	78
458	71
459	83
460	91
461	62
462	65
463	60
464	58
465	58
466	63
467	52
468	56
469	61
470	59
471	70
472	58
473	51
474	64
475	56
476	73
477	55
478	56
479	48
480	47
481	53
482	48
483	61
484	63
485	60
486	42
487	49
488	48
489	60
490	50
491	68
492	50
493	60
494	50
495	57
496	47
497	51
498	70
499	57
500	67
501	57
502	50
503	78
504	66
505	67
506	73
507	57
508	75
509	87
510	75
511	76
512	85
513	71
514	82
515	63
516	79
517	86
518	85
519	68
520	60
521	88
522	74
523	84
524	76
525	84
526	81
527	86
528	95
529	106
530	110
531	97
532	73
533	81
534	96
535	70
536	84
537	66
538	91
539	91
540	78
541	73
542	85
543	80
544	82
545	82
546	81
547	75
548	96
549	74
550	81
551	75
552	67
553	83
554	70
555	63
556	61
557	81
558	64
559	76
560	65
561	77
562	76
563	77
564	80
565	69
566	68
567	75
568	67
569	62
570	85
571	80
572	83
573	81
574	68
575	77
576	95
577	85
578	84
579	75
580	90
581	73
582	78
583	85
584	77
585	98
586	80
587	73
588	79
589	87
590	99
591	75
592	106
593	82
594	85
595	95
596	102
597	92
598	98
599	90
600	76
601	92
602	86
603	98
604	106
605	79
606	83
607	81
608	94
609	94
610	94
611	105
612	104
613	111
614	100
615	121
616	88
617	88
618	88
619	92
620	88
621	90
622	115
623	94
624	92
625	80
626	102
627	90
628	89
629	90
630	90
631	92
632	87
633	103
634	90
635	95
636	88
637	91
638	106
639	119
640	118
641	103
642	89
643	112
644	110
645	90
646	114
647	109
648	106
649	105
650	101
651	111
652	117
653	89
654	114
655	99
656	119
657	111
658	111
659	96
660	98
661	101
662	110
663	98
664	116
665	108
666	104
667	96
668	97
669	112
670	103
671	112
672	126
673	96
674	117
675	105
676	89
677	109
678	109
679	100
680	104
681	105
682	89
683	115
684	110
685	100
686	103
687	96
688	140
689	104
690	121
691	122
692	111
693	128
694	119
695	128
696	106
697	152
698	117
699	121
700	118
701	121
702	130
703	147
704	140
705	117
706	106
707	123
708	125
709	116
710	99
711	123
712	120
713	136
714	109
715	124
716	110
717	119
718	114
719	130
720	127
721	133
722	127
723	130
724	113
725	111
726	110
727	124
728	125
729	131
730	137
731	109
732	132
733	119
734	125
735	132
736	111
737	128
738	133
739	139
740	117
741	128
742	117
743	133
744	127
745	129
746	122
747	118
748	107
749	105
750	120
751	124
752	129
753	126
754	130
755	140
756	125
757	119
758	114
759	132
760	126
761	150
762	128
763	171
764	160
765	161
766	161
767	195
768	209
769	233
770	231
771	254
772	258
773	276
774	247
775	271
776	240
777	257
778	203
779	213
780	224
781	176
782	141
783	157
784	115
785	158
786	129
787	123
788	149
789	120
790	123
791	136
792	124
793	130
794	134
795	135
796	127
797	134
798	131
799	136
800	112
801	131
802	140
803	107
804	114
805	149
806	142
807	150
808	137
809	153
810	142
811	132
812	160
813	132
814	130
815	121
816	140
817	138
818	127
819	148
820	131
821	138
822	149
823	151
824	144
825	116
826	145
827	129
828	137
829	142
830	144
831	137
832	136
833	155
834	145
835	150
836	145
837	147
838	149
839	139
840	151
841	159
842	103
843	150
844	164
845	156
846	159
847	144
848	176
849	154
850	130
851	161
852	149
853	157
854	173
855	161
856	182
857	198
858	192
859	217
860	231
861	212
862	206
863	197
864	222
865	237
866	220
867	195
868	212
869	191
870	217
871	225
872	203
873	176
874	208
875	216
876	237
877	232
878	248
879	248
880	258
881	260
882	290
883	280
884	329
885	326
886	363
887	399
888	403
889	351
890	378
891	447
892	458
893	525
894	469
895	535
896	568
897	515
898	553
899	530
900	534
901	578
902	528
903	541
904	582
905	540
906	510
907	464
908	456
909	470
910	428
911	408
912	433
913	376
914	384
915	333
916	351
917	306
918	286
919	309
920	281
921	253
922	229
923	245
924	219
925	222
926	203
927	201
928	195
929	211
930	182
931	160
932	164
933	161
934	165
935	157
936	176
937	157
938	175
939	144
940	184
941	191
942	192
943	177
944	225
945	247
946	254
947	299
948	308
949	323
950	388
951	396
952	404
953	451
954	397
955	426
956	389
957	362
958	361
959	337
960	301
961	258
962	225
963	198
964	176
965	168
966	138
967	142
968	139
969	131
970	153
971	124
972	136
973	122
974	130
975	130
976	117
977	104
978	122
979	137
980	138
981	131
982	122
983	120
984	138
985	117
986	131
987	123
988	136
989	152
990	113
991	166
992	150
993	150
994	166
995	164
996	157
997	160
998	181
999	166
1000	185
1001	160
1002	158
1003	176
1004	162
1005	166
1006	166
1007	191
1008	180
1009	174
1010	150
1011	147
1012	164
1013	148
1014	180
1015	144
1016	137
1017	136
1018	126
1019	129
1020	159
1021	130
1022	112
1023	120
1024	113
