Date:	08/05/2018		Time:	20:57		Version no:	0.00		Project name:	55		Sample name:	222		Section name:	section		Position	271.515045	mm	E0	0.000000	keV	E1	1.000000	keV/channel	sample surface	5.933491	cm	Tube anode:	Mo		Tube voltage:	30	kV	Tube current:	50	mA	gain	10		std. database			resultfile	result		matrix element	11		sample thickness	1.000000		air passage	0.560000	cm	comments	in position		peaking_time	2.200000	m-sec	trigger_threshold	547.363281	V	mca_bin_width	22.090000	no:	number_mca_channels	1024.000000	no:	gap_time	0.150000	m-sec	trigger_peaking_time	0.200000	m-sec	GAINDAC	18610		HIGHGAIN	1		TAURC	1		RCTAU	1		RCTAUFRAC	1		livetime	9.495844	seconds	runtime	10.000494	seconds	input_count_rate	20516.554400	cps	output_count_rate	17189.851509	cps	triggers	194822	seconds	events_in_run	171907	seconds	channel	content		1	0
2	0
3	0
4	0
5	0
6	0
7	0
8	0
9	0
10	0
11	0
12	0
13	0
14	0
15	0
16	0
17	0
18	0
19	0
20	0
21	0
22	0
23	0
24	0
25	0
26	0
27	0
28	0
29	0
30	0
31	12
32	19
33	15
34	14
35	17
36	9
37	17
38	13
39	8
40	13
41	12
42	14
43	18
44	11
45	8
46	16
47	18
48	12
49	11
50	14
51	17
52	10
53	9
54	15
55	15
56	14
57	12
58	16
59	12
60	9
61	4
62	9
63	8
64	12
65	8
66	11
67	10
68	7
69	9
70	11
71	9
72	9
73	7
74	7
75	10
76	8
77	5
78	7
79	4
80	7
81	12
82	7
83	6
84	10
85	5
86	9
87	7
88	5
89	7
90	5
91	7
92	6
93	4
94	10
95	8
96	13
97	12
98	9
99	12
100	7
101	5
102	7
103	5
104	9
105	9
106	8
107	6
108	17
109	11
110	10
111	5
112	4
113	2
114	4
115	1
116	7
117	7
118	6
119	5
120	1
121	9
122	2
123	8
124	5
125	7
126	8
127	3
128	8
129	3
130	9
131	2
132	3
133	4
134	2
135	2
136	3
137	4
138	1
139	4
140	2
141	2
142	1
143	0
144	5
145	5
146	8
147	8
148	6
149	1
150	2
151	3
152	6
153	2
154	3
155	2
156	6
157	8
158	12
159	13
160	14
161	16
162	29
163	24
164	29
165	34
166	18
167	13
168	5
169	8
170	9
171	2
172	5
173	4
174	8
175	6
176	4
177	10
178	12
179	14
180	15
181	14
182	19
183	22
184	20
185	14
186	8
187	4
188	6
189	3
190	5
191	5
192	6
193	5
194	12
195	13
196	28
197	36
198	83
199	142
200	164
201	229
202	296
203	285
204	299
205	245
206	166
207	112
208	68
209	44
210	18
211	9
212	13
213	9
214	6
215	23
216	16
217	34
218	33
219	43
220	47
221	47
222	45
223	32
224	27
225	22
226	23
227	11
228	10
229	5
230	5
231	1
232	5
233	4
234	3
235	1
236	4
237	4
238	8
239	9
240	7
241	28
242	30
243	47
244	64
245	96
246	126
247	149
248	140
249	127
250	108
251	91
252	72
253	56
254	37
255	47
256	31
257	32
258	20
259	14
260	18
261	10
262	6
263	11
264	11
265	16
266	22
267	16
268	30
269	28
270	33
271	24
272	40
273	38
274	23
275	16
276	16
277	8
278	17
279	5
280	12
281	7
282	8
283	8
284	10
285	9
286	6
287	8
288	15
289	13
290	17
291	4
292	13
293	11
294	17
295	12
296	20
297	11
298	17
299	15
300	10
301	14
302	12
303	12
304	11
305	11
306	9
307	6
308	13
309	11
310	6
311	19
312	13
313	14
314	15
315	19
316	20
317	30
318	34
319	38
320	74
321	79
322	98
323	113
324	102
325	106
326	92
327	59
328	45
329	39
330	32
331	27
332	31
333	22
334	29
335	28
336	26
337	34
338	46
339	61
340	73
341	134
342	269
343	486
344	910
345	1499
346	2259
347	3326
348	4304
349	5118
350	5708
351	6163
352	5714
353	5012
354	4102
355	3024
356	2162
357	1371
358	807
359	512
360	218
361	139
362	80
363	39
364	46
365	31
366	27
367	30
368	33
369	42
370	38
371	40
372	55
373	50
374	38
375	55
376	57
377	89
378	101
379	163
380	242
381	342
382	470
383	631
384	790
385	943
386	993
387	1035
388	987
389	872
390	699
391	574
392	380
393	270
394	148
395	105
396	76
397	47
398	39
399	24
400	22
401	30
402	26
403	24
404	26
405	27
406	18
407	26
408	26
409	25
410	36
411	22
412	31
413	27
414	24
415	33
416	21
417	24
418	23
419	31
420	32
421	24
422	21
423	24
424	24
425	25
426	26
427	30
428	45
429	26
430	29
431	39
432	38
433	37
434	34
435	38
436	53
437	37
438	54
439	54
440	61
441	58
442	68
443	64
444	48
445	59
446	52
447	58
448	46
449	52
450	35
451	47
452	52
453	48
454	61
455	59
456	63
457	71
458	70
459	71
460	76
461	50
462	72
463	69
464	47
465	47
466	63
467	53
468	47
469	55
470	54
471	52
472	48
473	62
474	56
475	52
476	66
477	57
478	54
479	40
480	51
481	42
482	48
483	46
484	50
485	59
486	40
487	38
488	55
489	45
490	54
491	55
492	63
493	40
494	44
495	42
496	67
497	54
498	56
499	53
500	64
501	50
502	78
503	52
504	64
505	38
506	56
507	65
508	64
509	73
510	74
511	76
512	77
513	57
514	61
515	62
516	82
517	63
518	67
519	59
520	66
521	73
522	72
523	81
524	91
525	76
526	70
527	91
528	93
529	76
530	86
531	88
532	91
533	77
534	64
535	69
536	75
537	84
538	68
539	91
540	82
541	76
542	73
543	68
544	78
545	67
546	53
547	69
548	72
549	82
550	81
551	84
552	76
553	71
554	66
555	69
556	56
557	62
558	67
559	70
560	68
561	67
562	51
563	69
564	62
565	69
566	71
567	80
568	85
569	75
570	63
571	72
572	64
573	68
574	68
575	94
576	71
577	67
578	75
579	77
580	66
581	97
582	69
583	74
584	73
585	78
586	86
587	86
588	97
589	81
590	84
591	84
592	87
593	88
594	77
595	85
596	88
597	98
598	86
599	76
600	88
601	84
602	90
603	82
604	79
605	76
606	68
607	87
608	101
609	99
610	94
611	88
612	97
613	81
614	96
615	86
616	111
617	88
618	95
619	85
620	80
621	114
622	94
623	108
624	97
625	102
626	89
627	87
628	92
629	97
630	100
631	86
632	87
633	91
634	76
635	86
636	90
637	89
638	74
639	86
640	94
641	94
642	91
643	94
644	95
645	109
646	95
647	106
648	95
649	90
650	94
651	99
652	95
653	107
654	112
655	97
656	106
657	97
658	114
659	82
660	100
661	131
662	102
663	101
664	88
665	110
666	96
667	88
668	129
669	104
670	91
671	122
672	91
673	81
674	104
675	104
676	97
677	111
678	93
679	99
680	95
681	105
682	118
683	103
684	113
685	94
686	130
687	117
688	91
689	109
690	93
691	112
692	112
693	101
694	117
695	112
696	111
697	131
698	103
699	104
700	123
701	111
702	112
703	126
704	133
705	96
706	111
707	112
708	95
709	148
710	106
711	117
712	119
713	86
714	102
715	110
716	121
717	112
718	105
719	123
720	104
721	120
722	115
723	119
724	111
725	106
726	120
727	109
728	119
729	113
730	123
731	125
732	113
733	133
734	128
735	123
736	142
737	119
738	126
739	117
740	115
741	104
742	126
743	118
744	136
745	123
746	114
747	126
748	114
749	111
750	119
751	119
752	121
753	141
754	128
755	121
756	120
757	115
758	141
759	123
760	129
761	126
762	141
763	155
764	161
765	158
766	188
767	214
768	222
769	237
770	244
771	288
772	300
773	293
774	298
775	298
776	263
777	242
778	245
779	225
780	192
781	164
782	178
783	168
784	159
785	148
786	140
787	127
788	112
789	127
790	133
791	118
792	111
793	124
794	126
795	124
796	124
797	128
798	133
799	126
800	127
801	134
802	147
803	143
804	132
805	126
806	141
807	138
808	133
809	129
810	138
811	149
812	131
813	129
814	154
815	168
816	131
817	138
818	154
819	146
820	149
821	152
822	132
823	139
824	134
825	144
826	149
827	133
828	129
829	121
830	130
831	128
832	126
833	148
834	135
835	102
836	113
837	152
838	146
839	110
840	127
841	143
842	149
843	134
844	156
845	158
846	152
847	151
848	138
849	143
850	163
851	153
852	159
853	172
854	159
855	156
856	172
857	172
858	186
859	191
860	211
861	211
862	172
863	216
864	193
865	218
866	235
867	203
868	197
869	197
870	180
871	202
872	179
873	236
874	207
875	223
876	199
877	207
878	228
879	255
880	257
881	266
882	264
883	348
884	333
885	328
886	331
887	381
888	370
889	425
890	422
891	423
892	451
893	476
894	528
895	543
896	513
897	523
898	565
899	548
900	492
901	540
902	544
903	549
904	498
905	532
906	494
907	462
908	488
909	426
910	470
911	488
912	381
913	381
914	387
915	383
916	362
917	309
918	305
919	278
920	262
921	252
922	262
923	234
924	202
925	208
926	198
927	180
928	210
929	196
930	156
931	187
932	172
933	165
934	177
935	155
936	167
937	159
938	172
939	170
940	165
941	142
942	187
943	194
944	188
945	225
946	306
947	282
948	307
949	360
950	330
951	383
952	379
953	436
954	434
955	407
956	432
957	342
958	355
959	333
960	288
961	254
962	240
963	180
964	185
965	156
966	148
967	173
968	148
969	141
970	125
971	106
972	124
973	119
974	114
975	120
976	121
977	133
978	140
979	143
980	145
981	134
982	143
983	125
984	139
985	135
986	145
987	138
988	126
989	134
990	147
991	154
992	158
993	149
994	159
995	177
996	159
997	179
998	167
999	176
1000	179
1001	176
1002	197
1003	164
1004	174
1005	198
1006	191
1007	185
1008	153
1009	188
1010	154
1011	184
1012	166
1013	168
1014	167
1015	159
1016	165
1017	158
1018	145
1019	143
1020	116
1021	157
1022	116
1023	113
1024	117
