Date:	08/05/2018		Time:	22:25		Version no:	0.00		Project name:	55		Sample name:	222		Section name:	section		Position	363.915039	mm	E0	0.000000	keV	E1	1.000000	keV/channel	sample surface	6.255926	cm	Tube anode:	Mo		Tube voltage:	30	kV	Tube current:	50	mA	gain	10		std. database			resultfile	result		matrix element	11		sample thickness	1.000000		air passage	0.560000	cm	comments	in position		peaking_time	2.200000	m-sec	trigger_threshold	547.363281	V	mca_bin_width	22.090000	no:	number_mca_channels	1024.000000	no:	gap_time	0.150000	m-sec	trigger_peaking_time	0.200000	m-sec	GAINDAC	18610		HIGHGAIN	1		TAURC	1		RCTAU	1		RCTAUFRAC	1		livetime	9.448889	seconds	runtime	10.000489	seconds	input_count_rate	23704.268802	cps	output_count_rate	19495.047082	cps	triggers	223979	seconds	events_in_run	194960	seconds	channel	content		1	0
2	0
3	0
4	0
5	0
6	0
7	0
8	0
9	0
10	0
11	0
12	0
13	0
14	0
15	0
16	0
17	0
18	0
19	0
20	0
21	0
22	0
23	0
24	0
25	0
26	0
27	0
28	0
29	0
30	0
31	13
32	17
33	9
34	14
35	15
36	15
37	10
38	14
39	19
40	16
41	11
42	14
43	8
44	8
45	14
46	15
47	14
48	16
49	15
50	15
51	16
52	4
53	12
54	10
55	8
56	14
57	14
58	10
59	13
60	10
61	6
62	13
63	12
64	7
65	9
66	7
67	11
68	12
69	12
70	6
71	7
72	8
73	7
74	12
75	11
76	2
77	9
78	8
79	6
80	7
81	14
82	12
83	5
84	9
85	15
86	10
87	12
88	5
89	9
90	9
91	2
92	10
93	12
94	12
95	13
96	15
97	19
98	22
99	14
100	11
101	8
102	10
103	7
104	3
105	8
106	12
107	8
108	14
109	12
110	8
111	14
112	7
113	5
114	5
115	7
116	2
117	4
118	8
119	3
120	6
121	7
122	3
123	2
124	3
125	7
126	5
127	6
128	5
129	4
130	3
131	3
132	1
133	2
134	9
135	7
136	6
137	4
138	4
139	4
140	2
141	1
142	5
143	1
144	4
145	5
146	6
147	3
148	7
149	0
150	3
151	4
152	3
153	1
154	2
155	2
156	5
157	10
158	9
159	6
160	23
161	22
162	36
163	26
164	27
165	23
166	14
167	15
168	9
169	2
170	6
171	8
172	2
173	5
174	12
175	6
176	8
177	8
178	12
179	16
180	27
181	24
182	17
183	22
184	19
185	7
186	15
187	8
188	4
189	8
190	4
191	5
192	8
193	6
194	7
195	18
196	33
197	72
198	102
199	173
200	230
201	333
202	351
203	385
204	340
205	339
206	235
207	180
208	96
209	54
210	28
211	13
212	7
213	9
214	16
215	8
216	31
217	36
218	49
219	60
220	71
221	64
222	52
223	60
224	43
225	33
226	15
227	15
228	8
229	5
230	3
231	4
232	3
233	7
234	4
235	2
236	3
237	6
238	7
239	7
240	10
241	23
242	31
243	58
244	99
245	110
246	131
247	138
248	158
249	134
250	130
251	92
252	73
253	55
254	39
255	58
256	42
257	37
258	38
259	15
260	16
261	17
262	11
263	11
264	11
265	18
266	24
267	21
268	28
269	38
270	42
271	35
272	38
273	37
274	35
275	30
276	27
277	20
278	14
279	8
280	7
281	11
282	8
283	9
284	12
285	13
286	10
287	8
288	11
289	15
290	14
291	11
292	13
293	20
294	12
295	17
296	7
297	15
298	16
299	17
300	19
301	15
302	12
303	14
304	15
305	16
306	14
307	11
308	9
309	11
310	13
311	12
312	10
313	17
314	15
315	19
316	25
317	27
318	33
319	53
320	65
321	84
322	93
323	84
324	92
325	84
326	80
327	61
328	51
329	28
330	32
331	21
332	17
333	27
334	24
335	32
336	38
337	41
338	50
339	68
340	122
341	224
342	366
343	714
344	1241
345	2094
346	3122
347	4375
348	5841
349	7050
350	8147
351	8194
352	7630
353	6782
354	5676
355	4182
356	2885
357	1818
358	1084
359	666
360	351
361	179
362	85
363	65
364	29
365	49
366	33
367	45
368	30
369	32
370	48
371	36
372	49
373	52
374	60
375	76
376	93
377	108
378	157
379	204
380	335
381	448
382	650
383	801
384	1031
385	1253
386	1358
387	1346
388	1275
389	1151
390	943
391	729
392	481
393	314
394	197
395	134
396	98
397	52
398	32
399	20
400	31
401	29
402	27
403	30
404	24
405	35
406	34
407	39
408	35
409	36
410	40
411	34
412	25
413	34
414	28
415	28
416	30
417	33
418	31
419	32
420	26
421	28
422	28
423	32
424	31
425	38
426	34
427	36
428	49
429	30
430	40
431	34
432	34
433	27
434	32
435	31
436	46
437	50
438	59
439	56
440	68
441	68
442	66
443	76
444	59
445	78
446	61
447	63
448	55
449	54
450	59
451	50
452	71
453	56
454	49
455	71
456	54
457	74
458	84
459	80
460	71
461	78
462	64
463	65
464	52
465	63
466	51
467	58
468	58
469	72
470	53
471	59
472	54
473	66
474	69
475	57
476	70
477	51
478	56
479	49
480	67
481	58
482	47
483	56
484	62
485	67
486	67
487	71
488	53
489	63
490	63
491	52
492	77
493	59
494	58
495	49
496	55
497	68
498	61
499	47
500	69
501	69
502	58
503	65
504	65
505	69
506	70
507	78
508	85
509	77
510	73
511	67
512	88
513	71
514	78
515	63
516	69
517	83
518	59
519	85
520	88
521	80
522	77
523	60
524	83
525	93
526	82
527	98
528	111
529	91
530	86
531	89
532	88
533	89
534	94
535	87
536	100
537	83
538	98
539	87
540	90
541	60
542	77
543	83
544	61
545	84
546	80
547	76
548	84
549	70
550	77
551	58
552	71
553	70
554	59
555	74
556	73
557	65
558	83
559	80
560	67
561	71
562	63
563	63
564	66
565	68
566	83
567	79
568	63
569	63
570	66
571	77
572	71
573	83
574	64
575	87
576	82
577	61
578	77
579	77
580	86
581	71
582	81
583	83
584	90
585	74
586	76
587	88
588	83
589	75
590	84
591	79
592	76
593	77
594	72
595	102
596	95
597	81
598	99
599	76
600	91
601	99
602	73
603	93
604	80
605	85
606	71
607	97
608	90
609	89
610	89
611	91
612	105
613	94
614	92
615	104
616	67
617	100
618	88
619	87
620	106
621	96
622	115
623	102
624	97
625	81
626	107
627	83
628	96
629	107
630	105
631	92
632	95
633	114
634	85
635	103
636	97
637	102
638	92
639	98
640	87
641	106
642	106
643	98
644	103
645	104
646	89
647	114
648	116
649	93
650	96
651	97
652	117
653	107
654	123
655	113
656	103
657	87
658	84
659	99
660	108
661	93
662	112
663	108
664	98
665	92
666	110
667	95
668	98
669	94
670	100
671	122
672	112
673	95
674	86
675	94
676	118
677	97
678	97
679	96
680	101
681	119
682	114
683	113
684	124
685	109
686	103
687	94
688	96
689	120
690	121
691	109
692	128
693	120
694	95
695	115
696	113
697	117
698	108
699	119
700	137
701	118
702	140
703	118
704	108
705	121
706	124
707	99
708	115
709	120
710	121
711	118
712	126
713	94
714	99
715	115
716	111
717	118
718	121
719	114
720	109
721	129
722	119
723	108
724	103
725	118
726	105
727	130
728	109
729	118
730	110
731	137
732	121
733	113
734	139
735	138
736	116
737	121
738	108
739	108
740	130
741	114
742	132
743	91
744	116
745	113
746	116
747	124
748	134
749	107
750	124
751	123
752	115
753	142
754	138
755	142
756	138
757	110
758	103
759	126
760	139
761	122
762	122
763	147
764	160
765	161
766	200
767	208
768	242
769	243
770	289
771	292
772	309
773	317
774	314
775	329
776	291
777	292
778	248
779	241
780	210
781	187
782	161
783	158
784	137
785	123
786	156
787	136
788	149
789	136
790	116
791	119
792	120
793	139
794	114
795	135
796	131
797	130
798	100
799	127
800	108
801	136
802	131
803	131
804	116
805	127
806	132
807	133
808	143
809	110
810	120
811	124
812	117
813	139
814	126
815	132
816	146
817	119
818	136
819	127
820	116
821	152
822	132
823	117
824	119
825	138
826	153
827	122
828	139
829	147
830	160
831	128
832	142
833	147
834	123
835	157
836	140
837	130
838	135
839	147
840	152
841	150
842	135
843	129
844	128
845	148
846	145
847	128
848	164
849	156
850	152
851	173
852	151
853	152
854	158
855	137
856	160
857	155
858	176
859	178
860	186
861	205
862	181
863	193
864	203
865	200
866	206
867	218
868	227
869	195
870	207
871	228
872	197
873	228
874	199
875	217
876	203
877	213
878	205
879	233
880	262
881	277
882	287
883	317
884	321
885	303
886	315
887	353
888	387
889	395
890	439
891	432
892	449
893	458
894	510
895	498
896	508
897	519
898	499
899	500
900	500
901	489
902	501
903	445
904	503
905	473
906	461
907	460
908	456
909	431
910	462
911	395
912	404
913	371
914	358
915	330
916	354
917	285
918	297
919	294
920	259
921	254
922	235
923	232
924	226
925	207
926	186
927	202
928	191
929	163
930	174
931	171
932	170
933	157
934	169
935	148
936	170
937	159
938	142
939	159
940	171
941	212
942	205
943	200
944	226
945	222
946	248
947	264
948	340
949	350
950	380
951	408
952	413
953	416
954	385
955	383
956	382
957	380
958	338
959	326
960	291
961	292
962	232
963	201
964	171
965	117
966	147
967	130
968	120
969	130
970	121
971	118
972	126
973	118
974	134
975	121
976	135
977	114
978	141
979	137
980	122
981	110
982	123
983	111
984	144
985	131
986	121
987	116
988	132
989	153
990	132
991	146
992	149
993	149
994	142
995	150
996	153
997	144
998	137
999	160
1000	144
1001	162
1002	163
1003	176
1004	156
1005	164
1006	146
1007	166
1008	167
1009	152
1010	172
1011	149
1012	146
1013	145
1014	143
1015	149
1016	129
1017	123
1018	146
1019	129
1020	133
1021	107
1022	123
1023	115
1024	112
