Date:	08/05/2018		Time:	21:17		Version no:	0.00		Project name:	55		Sample name:	222		Section name:	section		Position	292.515045	mm	E0	0.000000	keV	E1	1.000000	keV/channel	sample surface	5.961490	cm	Tube anode:	Mo		Tube voltage:	30	kV	Tube current:	50	mA	gain	10		std. database			resultfile	result		matrix element	11		sample thickness	1.000000		air passage	0.560000	cm	comments	in position		peaking_time	2.200000	m-sec	trigger_threshold	547.363281	V	mca_bin_width	22.090000	no:	number_mca_channels	1024.000000	no:	gap_time	0.150000	m-sec	trigger_peaking_time	0.200000	m-sec	GAINDAC	18610		HIGHGAIN	1		TAURC	1		RCTAU	1		RCTAUFRAC	1		livetime	9.448000	seconds	runtime	10.000498	seconds	input_count_rate	23233.065199	cps	output_count_rate	19109.449114	cps	triggers	219506	seconds	events_in_run	191104	seconds	channel	content		1	0
2	0
3	0
4	0
5	0
6	0
7	0
8	0
9	0
10	0
11	0
12	0
13	0
14	0
15	0
16	0
17	0
18	0
19	0
20	0
21	0
22	0
23	0
24	0
25	0
26	0
27	0
28	0
29	0
30	0
31	13
32	13
33	17
34	18
35	17
36	8
37	13
38	11
39	21
40	13
41	20
42	7
43	14
44	6
45	17
46	7
47	14
48	18
49	20
50	12
51	19
52	13
53	13
54	14
55	6
56	11
57	13
58	14
59	8
60	18
61	10
62	9
63	13
64	6
65	6
66	13
67	8
68	9
69	13
70	7
71	10
72	5
73	8
74	7
75	10
76	12
77	5
78	4
79	7
80	5
81	8
82	13
83	12
84	10
85	9
86	8
87	5
88	6
89	5
90	5
91	12
92	6
93	14
94	16
95	9
96	12
97	12
98	15
99	14
100	9
101	8
102	9
103	5
104	6
105	13
106	14
107	9
108	6
109	7
110	4
111	6
112	5
113	4
114	4
115	5
116	7
117	6
118	2
119	4
120	5
121	4
122	5
123	9
124	4
125	6
126	4
127	2
128	4
129	3
130	4
131	2
132	4
133	5
134	3
135	2
136	2
137	2
138	3
139	4
140	5
141	3
142	8
143	6
144	2
145	5
146	4
147	4
148	2
149	5
150	6
151	9
152	5
153	7
154	5
155	8
156	5
157	5
158	5
159	11
160	19
161	22
162	27
163	29
164	28
165	28
166	19
167	10
168	5
169	8
170	11
171	6
172	5
173	1
174	3
175	9
176	6
177	7
178	9
179	14
180	18
181	17
182	18
183	17
184	21
185	11
186	11
187	7
188	7
189	1
190	3
191	8
192	5
193	7
194	4
195	21
196	20
197	50
198	86
199	128
200	195
201	245
202	324
203	300
204	282
205	257
206	172
207	118
208	91
209	47
210	13
211	12
212	6
213	9
214	3
215	11
216	18
217	26
218	36
219	44
220	68
221	49
222	42
223	45
224	31
225	21
226	16
227	11
228	7
229	6
230	5
231	7
232	6
233	3
234	1
235	6
236	5
237	6
238	5
239	4
240	11
241	24
242	34
243	65
244	100
245	110
246	170
247	162
248	180
249	172
250	131
251	101
252	91
253	71
254	70
255	30
256	31
257	34
258	21
259	22
260	21
261	15
262	16
263	13
264	8
265	18
266	13
267	32
268	30
269	37
270	47
271	50
272	45
273	37
274	36
275	28
276	26
277	22
278	7
279	13
280	13
281	7
282	9
283	14
284	11
285	8
286	12
287	9
288	15
289	17
290	17
291	10
292	15
293	14
294	15
295	17
296	12
297	15
298	17
299	15
300	18
301	13
302	15
303	16
304	7
305	12
306	9
307	12
308	19
309	11
310	8
311	13
312	14
313	19
314	21
315	25
316	30
317	47
318	62
319	96
320	137
321	159
322	197
323	197
324	213
325	189
326	181
327	125
328	103
329	72
330	43
331	34
332	29
333	32
334	21
335	26
336	28
337	36
338	41
339	61
340	114
341	169
342	366
343	615
344	1051
345	1825
346	2728
347	3927
348	5258
349	6348
350	6993
351	7404
352	6881
353	6218
354	5015
355	3757
356	2643
357	1704
358	969
359	571
360	316
361	161
362	97
363	82
364	42
365	32
366	43
367	45
368	37
369	41
370	31
371	52
372	45
373	47
374	42
375	70
376	72
377	118
378	121
379	211
380	292
381	401
382	599
383	759
384	951
385	1110
386	1230
387	1285
388	1111
389	1056
390	850
391	634
392	517
393	293
394	172
395	116
396	69
397	59
398	35
399	39
400	29
401	27
402	21
403	25
404	34
405	17
406	40
407	28
408	37
409	24
410	32
411	30
412	36
413	29
414	43
415	28
416	29
417	25
418	29
419	30
420	23
421	25
422	33
423	27
424	30
425	31
426	31
427	29
428	23
429	35
430	24
431	43
432	27
433	34
434	39
435	38
436	36
437	51
438	44
439	68
440	70
441	62
442	72
443	69
444	60
445	70
446	59
447	59
448	47
449	48
450	71
451	54
452	58
453	54
454	56
455	71
456	75
457	66
458	68
459	68
460	69
461	68
462	63
463	78
464	52
465	57
466	60
467	63
468	46
469	52
470	51
471	61
472	74
473	61
474	38
475	67
476	56
477	64
478	41
479	59
480	51
481	36
482	44
483	52
484	49
485	58
486	37
487	65
488	51
489	52
490	57
491	54
492	58
493	38
494	66
495	54
496	65
497	61
498	76
499	54
500	58
501	57
502	60
503	78
504	62
505	58
506	51
507	68
508	74
509	75
510	85
511	70
512	70
513	72
514	78
515	75
516	71
517	77
518	81
519	85
520	82
521	81
522	65
523	102
524	78
525	100
526	101
527	91
528	85
529	100
530	106
531	78
532	101
533	90
534	74
535	83
536	67
537	74
538	69
539	75
540	93
541	63
542	86
543	84
544	88
545	92
546	75
547	85
548	98
549	79
550	73
551	73
552	61
553	70
554	71
555	57
556	77
557	70
558	64
559	68
560	74
561	80
562	66
563	79
564	93
565	72
566	105
567	88
568	77
569	64
570	72
571	77
572	83
573	83
574	86
575	82
576	83
577	73
578	94
579	97
580	76
581	83
582	102
583	69
584	87
585	88
586	91
587	86
588	80
589	73
590	80
591	94
592	84
593	91
594	107
595	89
596	85
597	86
598	82
599	83
600	106
601	88
602	102
603	96
604	95
605	93
606	87
607	96
608	90
609	89
610	91
611	87
612	97
613	113
614	96
615	105
616	107
617	105
618	118
619	97
620	90
621	90
622	79
623	97
624	105
625	87
626	97
627	100
628	82
629	97
630	99
631	95
632	90
633	105
634	93
635	106
636	114
637	94
638	109
639	96
640	102
641	110
642	92
643	89
644	98
645	129
646	102
647	108
648	108
649	110
650	110
651	116
652	111
653	126
654	123
655	104
656	113
657	105
658	95
659	116
660	97
661	124
662	120
663	103
664	97
665	92
666	112
667	111
668	102
669	114
670	105
671	107
672	113
673	116
674	78
675	101
676	116
677	101
678	126
679	115
680	99
681	122
682	106
683	99
684	118
685	104
686	119
687	140
688	104
689	117
690	108
691	116
692	122
693	119
694	114
695	149
696	123
697	145
698	144
699	135
700	126
701	143
702	131
703	124
704	122
705	119
706	112
707	113
708	109
709	105
710	123
711	107
712	136
713	128
714	120
715	110
716	110
717	111
718	109
719	115
720	123
721	112
722	136
723	123
724	150
725	129
726	140
727	129
728	142
729	127
730	118
731	119
732	145
733	114
734	142
735	128
736	132
737	120
738	129
739	123
740	136
741	130
742	130
743	128
744	124
745	139
746	133
747	123
748	120
749	120
750	133
751	132
752	133
753	117
754	126
755	112
756	136
757	127
758	145
759	134
760	127
761	137
762	126
763	147
764	156
765	167
766	170
767	230
768	204
769	223
770	257
771	251
772	293
773	264
774	258
775	273
776	267
777	238
778	222
779	232
780	213
781	199
782	152
783	151
784	155
785	143
786	119
787	153
788	139
789	134
790	129
791	143
792	144
793	145
794	126
795	129
796	151
797	128
798	113
799	164
800	134
801	133
802	143
803	142
804	123
805	129
806	112
807	135
808	130
809	149
810	157
811	156
812	164
813	151
814	144
815	164
816	130
817	138
818	135
819	161
820	171
821	167
822	152
823	172
824	131
825	131
826	136
827	166
828	149
829	133
830	161
831	153
832	134
833	140
834	165
835	144
836	146
837	149
838	142
839	151
840	145
841	127
842	150
843	171
844	164
845	165
846	155
847	177
848	169
849	141
850	154
851	143
852	160
853	155
854	186
855	158
856	167
857	189
858	165
859	191
860	214
861	210
862	219
863	210
864	214
865	236
866	216
867	196
868	209
869	207
870	238
871	246
872	221
873	218
874	253
875	206
876	222
877	250
878	231
879	239
880	278
881	236
882	282
883	320
884	333
885	351
886	360
887	399
888	396
889	455
890	434
891	484
892	441
893	450
894	521
895	527
896	545
897	568
898	585
899	562
900	583
901	581
902	561
903	576
904	550
905	526
906	513
907	487
908	508
909	472
910	423
911	457
912	471
913	388
914	382
915	378
916	344
917	332
918	326
919	289
920	253
921	299
922	272
923	232
924	233
925	209
926	225
927	210
928	212
929	182
930	164
931	191
932	199
933	169
934	142
935	183
936	161
937	155
938	155
939	154
940	161
941	186
942	183
943	185
944	229
945	257
946	280
947	285
948	315
949	329
950	366
951	436
952	412
953	392
954	445
955	388
956	366
957	401
958	353
959	322
960	289
961	258
962	240
963	225
964	171
965	141
966	135
967	169
968	164
969	129
970	131
971	104
972	116
973	112
974	125
975	134
976	114
977	120
978	147
979	117
980	121
981	120
982	137
983	123
984	117
985	152
986	142
987	161
988	152
989	133
990	168
991	163
992	176
993	153
994	163
995	148
996	171
997	165
998	181
999	180
1000	176
1001	169
1002	178
1003	175
1004	192
1005	179
1006	180
1007	177
1008	162
1009	184
1010	162
1011	185
1012	181
1013	168
1014	159
1015	153
1016	155
1017	141
1018	141
1019	129
1020	127
1021	127
1022	127
1023	118
1024	125
