Date:	08/05/2018		Time:	23:08		Version no:	0.00		Project name:	55		Sample name:	222		Section name:	section		Position	409.315033	mm	E0	0.000000	keV	E1	1.000000	keV/channel	sample surface	6.145134	cm	Tube anode:	Mo		Tube voltage:	30	kV	Tube current:	50	mA	gain	10		std. database			resultfile	result		matrix element	11		sample thickness	1.000000		air passage	0.560000	cm	comments	in position		peaking_time	2.200000	m-sec	trigger_threshold	547.363281	V	mca_bin_width	22.090000	no:	number_mca_channels	1024.000000	no:	gap_time	0.150000	m-sec	trigger_peaking_time	0.200000	m-sec	GAINDAC	18610		HIGHGAIN	1		TAURC	1		RCTAU	1		RCTAUFRAC	1		livetime	9.387303	seconds	runtime	10.000491	seconds	input_count_rate	26927.648401	cps	output_count_rate	21631.837444	cps	triggers	252778	seconds	events_in_run	216329	seconds	channel	content		1	0
2	0
3	0
4	0
5	0
6	0
7	0
8	0
9	0
10	0
11	0
12	0
13	0
14	0
15	0
16	0
17	0
18	0
19	0
20	0
21	0
22	0
23	0
24	0
25	0
26	0
27	0
28	0
29	0
30	0
31	19
32	14
33	19
34	17
35	17
36	17
37	14
38	14
39	12
40	12
41	10
42	10
43	19
44	20
45	9
46	15
47	10
48	14
49	13
50	12
51	15
52	15
53	17
54	15
55	13
56	13
57	12
58	11
59	15
60	9
61	11
62	12
63	5
64	12
65	14
66	5
67	17
68	14
69	9
70	10
71	10
72	6
73	8
74	5
75	4
76	10
77	4
78	10
79	12
80	5
81	16
82	15
83	10
84	10
85	6
86	6
87	7
88	6
89	8
90	3
91	12
92	7
93	9
94	12
95	25
96	17
97	16
98	14
99	10
100	4
101	9
102	7
103	9
104	8
105	10
106	7
107	11
108	11
109	10
110	8
111	5
112	16
113	5
114	7
115	6
116	5
117	4
118	5
119	9
120	5
121	5
122	4
123	5
124	5
125	4
126	6
127	5
128	2
129	4
130	8
131	3
132	3
133	5
134	4
135	6
136	1
137	5
138	0
139	2
140	2
141	4
142	7
143	4
144	6
145	4
146	6
147	5
148	3
149	4
150	7
151	8
152	5
153	11
154	8
155	5
156	6
157	3
158	6
159	18
160	14
161	22
162	24
163	28
164	22
165	12
166	11
167	10
168	10
169	10
170	3
171	4
172	6
173	7
174	6
175	7
176	5
177	13
178	10
179	14
180	20
181	20
182	14
183	17
184	17
185	8
186	5
187	5
188	4
189	1
190	3
191	6
192	6
193	7
194	5
195	11
196	38
197	50
198	109
199	181
200	242
201	312
202	402
203	410
204	412
205	344
206	262
207	156
208	106
209	48
210	32
211	9
212	8
213	10
214	13
215	18
216	24
217	35
218	47
219	66
220	66
221	75
222	66
223	49
224	52
225	30
226	13
227	10
228	5
229	6
230	6
231	7
232	2
233	8
234	6
235	3
236	7
237	4
238	9
239	13
240	25
241	44
242	92
243	135
244	156
245	239
246	301
247	331
248	393
249	351
250	274
251	211
252	170
253	125
254	77
255	54
256	56
257	40
258	39
259	26
260	25
261	21
262	12
263	14
264	20
265	22
266	35
267	46
268	52
269	64
270	77
271	75
272	88
273	65
274	45
275	31
276	27
277	30
278	15
279	16
280	10
281	9
282	9
283	9
284	6
285	16
286	9
287	19
288	9
289	21
290	12
291	17
292	14
293	18
294	17
295	20
296	13
297	19
298	21
299	13
300	18
301	25
302	15
303	13
304	13
305	18
306	15
307	13
308	14
309	14
310	8
311	9
312	12
313	18
314	18
315	23
316	19
317	33
318	44
319	55
320	82
321	128
322	121
323	127
324	143
325	109
326	97
327	69
328	65
329	51
330	52
331	43
332	35
333	30
334	26
335	28
336	37
337	43
338	52
339	81
340	121
341	239
342	440
343	801
344	1485
345	2322
346	3590
347	5224
348	6853
349	8307
350	9346
351	9595
352	8964
353	8162
354	6564
355	4823
356	3315
357	2143
358	1242
359	715
360	393
361	209
362	124
363	65
364	54
365	48
366	55
367	44
368	46
369	42
370	50
371	64
372	50
373	63
374	68
375	71
376	102
377	120
378	170
379	266
380	384
381	499
382	758
383	934
384	1219
385	1461
386	1468
387	1649
388	1502
389	1339
390	1033
391	853
392	553
393	358
394	215
395	131
396	100
397	55
398	43
399	29
400	28
401	32
402	27
403	28
404	25
405	32
406	36
407	44
408	38
409	36
410	35
411	43
412	43
413	30
414	34
415	32
416	39
417	31
418	34
419	33
420	36
421	34
422	33
423	43
424	30
425	47
426	41
427	30
428	28
429	31
430	35
431	45
432	36
433	37
434	58
435	52
436	49
437	69
438	48
439	62
440	74
441	84
442	71
443	70
444	64
445	60
446	78
447	60
448	50
449	68
450	62
451	52
452	69
453	70
454	61
455	82
456	74
457	82
458	87
459	81
460	110
461	83
462	62
463	69
464	69
465	72
466	64
467	43
468	63
469	55
470	70
471	66
472	56
473	61
474	74
475	70
476	51
477	50
478	55
479	55
480	54
481	62
482	46
483	48
484	44
485	50
486	58
487	48
488	53
489	57
490	57
491	60
492	49
493	56
494	65
495	51
496	71
497	59
498	46
499	63
500	68
501	69
502	75
503	81
504	79
505	55
506	69
507	66
508	67
509	69
510	74
511	81
512	74
513	73
514	98
515	79
516	89
517	72
518	85
519	98
520	72
521	66
522	89
523	84
524	85
525	94
526	80
527	86
528	91
529	101
530	95
531	96
532	112
533	111
534	79
535	103
536	76
537	76
538	75
539	100
540	69
541	77
542	70
543	88
544	76
545	78
546	81
547	84
548	73
549	74
550	81
551	72
552	81
553	90
554	81
555	74
556	79
557	90
558	85
559	89
560	69
561	77
562	74
563	71
564	70
565	67
566	76
567	76
568	66
569	70
570	91
571	86
572	82
573	80
574	77
575	94
576	92
577	81
578	103
579	83
580	87
581	88
582	79
583	91
584	90
585	77
586	104
587	83
588	85
589	98
590	108
591	108
592	81
593	89
594	97
595	82
596	103
597	91
598	78
599	81
600	83
601	94
602	108
603	86
604	97
605	100
606	88
607	79
608	107
609	97
610	113
611	91
612	104
613	103
614	94
615	87
616	87
617	96
618	84
619	83
620	84
621	99
622	95
623	105
624	77
625	85
626	109
627	120
628	103
629	113
630	105
631	97
632	112
633	89
634	106
635	104
636	103
637	94
638	100
639	88
640	98
641	103
642	114
643	97
644	104
645	103
646	104
647	97
648	96
649	87
650	107
651	116
652	101
653	99
654	99
655	103
656	111
657	113
658	98
659	126
660	90
661	92
662	120
663	118
664	115
665	92
666	110
667	105
668	111
669	98
670	98
671	121
672	116
673	101
674	110
675	91
676	107
677	112
678	105
679	107
680	101
681	129
682	113
683	97
684	115
685	113
686	124
687	111
688	113
689	107
690	121
691	117
692	129
693	138
694	121
695	120
696	142
697	124
698	123
699	137
700	141
701	126
702	109
703	131
704	123
705	129
706	102
707	120
708	138
709	105
710	122
711	123
712	121
713	99
714	108
715	118
716	123
717	124
718	104
719	121
720	110
721	119
722	132
723	135
724	124
725	104
726	131
727	121
728	121
729	128
730	122
731	128
732	111
733	125
734	98
735	135
736	127
737	133
738	113
739	110
740	123
741	124
742	118
743	132
744	155
745	132
746	137
747	154
748	105
749	109
750	124
751	122
752	124
753	119
754	129
755	132
756	119
757	124
758	122
759	118
760	146
761	152
762	150
763	147
764	152
765	177
766	175
767	198
768	238
769	233
770	250
771	280
772	275
773	261
774	286
775	248
776	241
777	246
778	236
779	207
780	196
781	175
782	174
783	159
784	137
785	127
786	132
787	139
788	136
789	124
790	137
791	132
792	121
793	125
794	133
795	150
796	133
797	143
798	146
799	125
800	129
801	142
802	128
803	154
804	115
805	149
806	123
807	150
808	138
809	128
810	126
811	158
812	136
813	164
814	146
815	136
816	152
817	148
818	157
819	140
820	162
821	142
822	159
823	146
824	146
825	158
826	147
827	132
828	130
829	153
830	146
831	146
832	154
833	146
834	118
835	133
836	152
837	124
838	130
839	160
840	105
841	152
842	139
843	122
844	142
845	153
846	152
847	142
848	121
849	150
850	155
851	128
852	175
853	165
854	159
855	149
856	172
857	196
858	179
859	197
860	217
861	194
862	190
863	217
864	226
865	241
866	233
867	208
868	204
869	177
870	224
871	189
872	205
873	222
874	211
875	257
876	243
877	242
878	232
879	248
880	260
881	284
882	306
883	318
884	324
885	340
886	360
887	362
888	439
889	426
890	423
891	461
892	422
893	489
894	529
895	542
896	539
897	516
898	536
899	537
900	564
901	585
902	588
903	584
904	617
905	529
906	544
907	521
908	505
909	459
910	414
911	429
912	410
913	373
914	410
915	358
916	336
917	325
918	307
919	292
920	288
921	275
922	249
923	248
924	203
925	201
926	238
927	198
928	204
929	191
930	179
931	157
932	174
933	163
934	193
935	178
936	155
937	149
938	158
939	180
940	181
941	171
942	197
943	195
944	211
945	232
946	228
947	289
948	330
949	343
950	381
951	393
952	402
953	448
954	420
955	430
956	410
957	349
958	357
959	323
960	298
961	244
962	218
963	212
964	180
965	175
966	143
967	140
968	131
969	162
970	126
971	128
972	146
973	108
974	117
975	117
976	116
977	115
978	120
979	134
980	118
981	154
982	132
983	136
984	113
985	119
986	135
987	134
988	128
989	155
990	160
991	163
992	142
993	146
994	149
995	161
996	130
997	159
998	180
999	174
1000	188
1001	172
1002	199
1003	180
1004	176
1005	158
1006	172
1007	166
1008	161
1009	167
1010	168
1011	192
1012	180
1013	176
1014	148
1015	153
1016	160
1017	134
1018	147
1019	148
1020	145
1021	137
1022	150
1023	130
1024	105
