Date:	08/05/2018		Time:	22:41		Version no:	0.00		Project name:	55		Sample name:	222		Section name:	section		Position	380.915039	mm	E0	0.000000	keV	E1	1.000000	keV/channel	sample surface	6.191129	cm	Tube anode:	Mo		Tube voltage:	30	kV	Tube current:	50	mA	gain	10		std. database			resultfile	result		matrix element	11		sample thickness	1.000000		air passage	0.560000	cm	comments	in position		peaking_time	2.200000	m-sec	trigger_threshold	547.363281	V	mca_bin_width	22.090000	no:	number_mca_channels	1024.000000	no:	gap_time	0.150000	m-sec	trigger_peaking_time	0.200000	m-sec	GAINDAC	18610		HIGHGAIN	1		TAURC	1		RCTAU	1		RCTAUFRAC	1		livetime	9.430797	seconds	runtime	10.000493	seconds	input_count_rate	24506.837004	cps	output_count_rate	19991.914798	cps	triggers	231119	seconds	events_in_run	199929	seconds	channel	content		1	0
2	0
3	0
4	0
5	0
6	0
7	0
8	0
9	0
10	0
11	0
12	0
13	0
14	0
15	0
16	0
17	0
18	0
19	0
20	0
21	0
22	0
23	0
24	0
25	0
26	0
27	0
28	0
29	0
30	0
31	11
32	23
33	19
34	15
35	14
36	14
37	9
38	8
39	16
40	18
41	11
42	14
43	13
44	16
45	12
46	18
47	14
48	18
49	7
50	13
51	6
52	12
53	11
54	10
55	9
56	6
57	7
58	10
59	12
60	7
61	9
62	13
63	11
64	5
65	12
66	10
67	6
68	5
69	14
70	10
71	7
72	13
73	5
74	11
75	6
76	7
77	9
78	14
79	9
80	11
81	8
82	11
83	6
84	12
85	13
86	8
87	11
88	4
89	3
90	11
91	3
92	7
93	9
94	17
95	9
96	18
97	12
98	20
99	17
100	8
101	6
102	5
103	5
104	6
105	14
106	4
107	7
108	12
109	7
110	7
111	7
112	6
113	12
114	7
115	6
116	5
117	5
118	2
119	1
120	5
121	6
122	5
123	9
124	3
125	6
126	6
127	4
128	5
129	5
130	2
131	4
132	3
133	3
134	2
135	3
136	6
137	3
138	4
139	1
140	2
141	5
142	2
143	7
144	0
145	2
146	2
147	2
148	3
149	1
150	3
151	5
152	4
153	5
154	3
155	5
156	9
157	6
158	17
159	13
160	17
161	30
162	28
163	29
164	24
165	23
166	21
167	10
168	9
169	11
170	7
171	4
172	4
173	6
174	8
175	3
176	13
177	9
178	12
179	11
180	19
181	21
182	24
183	21
184	23
185	16
186	14
187	12
188	5
189	3
190	6
191	2
192	8
193	9
194	13
195	9
196	34
197	62
198	110
199	160
200	272
201	379
202	432
203	458
204	408
205	331
206	267
207	180
208	103
209	56
210	29
211	15
212	16
213	13
214	19
215	15
216	33
217	43
218	55
219	62
220	62
221	84
222	55
223	58
224	40
225	32
226	27
227	15
228	10
229	3
230	1
231	5
232	5
233	7
234	5
235	4
236	2
237	1
238	4
239	10
240	14
241	18
242	33
243	61
244	93
245	122
246	155
247	170
248	195
249	154
250	139
251	109
252	97
253	72
254	57
255	42
256	41
257	35
258	26
259	22
260	21
261	15
262	9
263	13
264	16
265	25
266	13
267	24
268	42
269	34
270	44
271	50
272	56
273	47
274	36
275	35
276	25
277	15
278	16
279	10
280	12
281	10
282	9
283	14
284	18
285	8
286	18
287	14
288	19
289	11
290	12
291	26
292	16
293	16
294	13
295	14
296	25
297	19
298	25
299	15
300	26
301	19
302	15
303	10
304	18
305	12
306	8
307	13
308	11
309	10
310	11
311	15
312	14
313	18
314	17
315	18
316	26
317	22
318	20
319	38
320	50
321	68
322	72
323	89
324	82
325	70
326	65
327	48
328	40
329	33
330	38
331	23
332	34
333	34
334	24
335	39
336	41
337	34
338	60
339	94
340	100
341	203
342	401
343	710
344	1257
345	1951
346	3112
347	4415
348	5842
349	7212
350	7905
351	8458
352	7900
353	6918
354	5640
355	4212
356	2941
357	1813
358	1098
359	596
360	339
361	175
362	83
363	63
364	56
365	48
366	34
367	36
368	43
369	41
370	54
371	49
372	44
373	55
374	66
375	62
376	81
377	101
378	171
379	209
380	355
381	477
382	654
383	845
384	1007
385	1288
386	1357
387	1400
388	1316
389	1116
390	954
391	739
392	507
393	338
394	207
395	127
396	64
397	44
398	39
399	34
400	25
401	27
402	24
403	31
404	25
405	32
406	32
407	39
408	35
409	29
410	41
411	42
412	40
413	24
414	29
415	33
416	25
417	35
418	31
419	26
420	34
421	29
422	27
423	39
424	40
425	32
426	40
427	29
428	43
429	38
430	42
431	29
432	34
433	30
434	42
435	46
436	54
437	64
438	70
439	66
440	68
441	78
442	68
443	59
444	79
445	56
446	58
447	68
448	71
449	52
450	56
451	56
452	54
453	46
454	67
455	57
456	69
457	66
458	77
459	63
460	83
461	64
462	76
463	70
464	56
465	65
466	58
467	62
468	60
469	68
470	61
471	61
472	49
473	71
474	63
475	64
476	59
477	61
478	65
479	57
480	56
481	53
482	52
483	57
484	54
485	59
486	56
487	68
488	64
489	41
490	57
491	65
492	52
493	60
494	55
495	50
496	54
497	61
498	50
499	56
500	63
501	72
502	64
503	58
504	69
505	71
506	79
507	69
508	85
509	82
510	73
511	62
512	61
513	71
514	73
515	70
516	84
517	60
518	73
519	91
520	85
521	88
522	81
523	85
524	94
525	86
526	99
527	83
528	93
529	109
530	120
531	84
532	88
533	101
534	81
535	70
536	62
537	88
538	83
539	82
540	63
541	65
542	84
543	89
544	81
545	91
546	73
547	66
548	88
549	81
550	73
551	57
552	67
553	75
554	68
555	67
556	77
557	76
558	68
559	77
560	68
561	84
562	75
563	73
564	90
565	74
566	64
567	75
568	80
569	72
570	93
571	81
572	78
573	62
574	95
575	87
576	67
577	69
578	87
579	87
580	62
581	86
582	65
583	87
584	91
585	77
586	82
587	88
588	80
589	81
590	87
591	107
592	113
593	74
594	90
595	72
596	83
597	80
598	100
599	98
600	92
601	98
602	78
603	77
604	104
605	108
606	102
607	88
608	107
609	85
610	83
611	72
612	92
613	97
614	104
615	96
616	91
617	104
618	99
619	83
620	92
621	104
622	103
623	87
624	86
625	100
626	105
627	97
628	101
629	82
630	101
631	87
632	90
633	91
634	105
635	114
636	89
637	95
638	98
639	108
640	100
641	103
642	123
643	86
644	102
645	97
646	113
647	103
648	108
649	90
650	111
651	121
652	109
653	117
654	95
655	126
656	103
657	117
658	119
659	107
660	103
661	101
662	90
663	102
664	102
665	124
666	109
667	106
668	96
669	97
670	104
671	99
672	92
673	111
674	111
675	107
676	96
677	100
678	101
679	104
680	118
681	112
682	109
683	111
684	119
685	103
686	108
687	102
688	101
689	122
690	123
691	106
692	112
693	140
694	100
695	116
696	119
697	111
698	117
699	129
700	141
701	114
702	98
703	124
704	123
705	108
706	121
707	110
708	120
709	130
710	120
711	115
712	121
713	129
714	135
715	126
716	117
717	120
718	137
719	128
720	133
721	129
722	115
723	123
724	129
725	117
726	125
727	124
728	117
729	145
730	136
731	124
732	131
733	135
734	126
735	122
736	159
737	134
738	128
739	109
740	120
741	105
742	117
743	119
744	120
745	121
746	123
747	125
748	152
749	111
750	113
751	153
752	137
753	132
754	118
755	106
756	136
757	157
758	136
759	133
760	165
761	136
762	149
763	136
764	179
765	175
766	187
767	222
768	247
769	247
770	271
771	313
772	322
773	343
774	333
775	313
776	304
777	290
778	254
779	269
780	217
781	190
782	170
783	136
784	140
785	141
786	159
787	137
788	143
789	132
790	127
791	140
792	117
793	148
794	125
795	146
796	126
797	134
798	117
799	155
800	132
801	128
802	137
803	121
804	151
805	130
806	132
807	154
808	144
809	128
810	144
811	133
812	145
813	137
814	146
815	127
816	139
817	162
818	144
819	158
820	146
821	134
822	146
823	136
824	143
825	139
826	135
827	161
828	152
829	140
830	127
831	152
832	146
833	132
834	137
835	141
836	159
837	139
838	149
839	138
840	165
841	142
842	136
843	147
844	159
845	160
846	148
847	129
848	152
849	137
850	160
851	153
852	144
853	158
854	169
855	185
856	166
857	194
858	171
859	188
860	186
861	203
862	215
863	220
864	208
865	202
866	190
867	202
868	205
869	211
870	215
871	201
872	228
873	216
874	214
875	223
876	211
877	258
878	253
879	281
880	255
881	250
882	285
883	255
884	315
885	364
886	357
887	383
888	412
889	427
890	435
891	393
892	462
893	481
894	475
895	506
896	540
897	532
898	569
899	559
900	538
901	592
902	565
903	557
904	502
905	513
906	484
907	497
908	489
909	485
910	449
911	441
912	415
913	372
914	376
915	336
916	362
917	317
918	281
919	285
920	311
921	249
922	202
923	223
924	215
925	178
926	219
927	206
928	185
929	175
930	179
931	149
932	179
933	176
934	155
935	157
936	136
937	167
938	162
939	159
940	180
941	184
942	194
943	195
944	222
945	230
946	283
947	282
948	327
949	348
950	374
951	393
952	419
953	422
954	414
955	426
956	397
957	407
958	351
959	348
960	326
961	241
962	234
963	236
964	175
965	157
966	157
967	154
968	130
969	136
970	135
971	119
972	115
973	119
974	126
975	123
976	111
977	103
978	133
979	118
980	107
981	132
982	128
983	125
984	130
985	140
986	146
987	130
988	126
989	147
990	140
991	136
992	151
993	171
994	151
995	175
996	145
997	178
998	173
999	160
1000	164
1001	176
1002	169
1003	167
1004	161
1005	171
1006	179
1007	162
1008	165
1009	165
1010	151
1011	156
1012	159
1013	168
1014	173
1015	168
1016	158
1017	157
1018	132
1019	131
1020	150
1021	109
1022	100
1023	122
1024	121
