Date:	08/05/2018		Time:	21:10		Version no:	0.00		Project name:	55		Sample name:	222		Section name:	section		Position	285.715027	mm	E0	0.000000	keV	E1	1.000000	keV/channel	sample surface	5.954044	cm	Tube anode:	Mo		Tube voltage:	30	kV	Tube current:	50	mA	gain	10		std. database			resultfile	result		matrix element	11		sample thickness	1.000000		air passage	0.560000	cm	comments	in position		peaking_time	2.200000	m-sec	trigger_threshold	547.363281	V	mca_bin_width	22.090000	no:	number_mca_channels	1024.000000	no:	gap_time	0.150000	m-sec	trigger_peaking_time	0.200000	m-sec	GAINDAC	18610		HIGHGAIN	1		TAURC	1		RCTAU	1		RCTAUFRAC	1		livetime	9.416076	seconds	runtime	10.000493	seconds	input_count_rate	25237.158239	cps	output_count_rate	20527.288415	cps	triggers	237635	seconds	events_in_run	205283	seconds	channel	content		1	0
2	0
3	0
4	0
5	0
6	0
7	0
8	0
9	0
10	0
11	0
12	0
13	0
14	0
15	0
16	0
17	0
18	0
19	0
20	0
21	0
22	0
23	0
24	0
25	0
26	0
27	0
28	0
29	0
30	0
31	15
32	18
33	13
34	12
35	17
36	19
37	18
38	13
39	20
40	17
41	19
42	16
43	9
44	15
45	15
46	16
47	8
48	19
49	9
50	11
51	11
52	15
53	9
54	20
55	14
56	8
57	13
58	8
59	18
60	13
61	11
62	7
63	11
64	15
65	11
66	9
67	12
68	8
69	6
70	14
71	10
72	10
73	9
74	5
75	4
76	4
77	5
78	7
79	11
80	8
81	11
82	10
83	7
84	10
85	9
86	10
87	5
88	4
89	7
90	6
91	7
92	10
93	11
94	4
95	11
96	7
97	15
98	16
99	10
100	8
101	7
102	1
103	4
104	8
105	10
106	5
107	8
108	8
109	6
110	7
111	4
112	8
113	2
114	4
115	5
116	9
117	4
118	4
119	4
120	3
121	8
122	6
123	5
124	5
125	6
126	4
127	6
128	3
129	5
130	2
131	3
132	2
133	2
134	2
135	4
136	5
137	5
138	4
139	3
140	5
141	4
142	8
143	7
144	2
145	3
146	3
147	7
148	3
149	5
150	4
151	3
152	2
153	3
154	4
155	6
156	5
157	2
158	8
159	9
160	12
161	29
162	28
163	31
164	30
165	22
166	18
167	20
168	9
169	13
170	2
171	5
172	2
173	5
174	10
175	6
176	10
177	10
178	12
179	13
180	19
181	22
182	20
183	26
184	19
185	14
186	17
187	9
188	9
189	2
190	2
191	4
192	3
193	5
194	4
195	11
196	28
197	40
198	69
199	110
200	169
201	202
202	208
203	259
204	239
205	202
206	155
207	95
208	59
209	34
210	19
211	6
212	7
213	10
214	8
215	16
216	20
217	25
218	32
219	25
220	36
221	50
222	54
223	38
224	19
225	16
226	18
227	18
228	9
229	5
230	6
231	5
232	9
233	1
234	3
235	4
236	9
237	2
238	3
239	8
240	14
241	17
242	37
243	58
244	57
245	114
246	145
247	149
248	143
249	162
250	140
251	105
252	87
253	62
254	55
255	46
256	39
257	38
258	35
259	28
260	23
261	12
262	6
263	11
264	13
265	25
266	28
267	28
268	32
269	32
270	34
271	60
272	38
273	41
274	32
275	27
276	20
277	19
278	13
279	13
280	15
281	12
282	8
283	7
284	13
285	11
286	16
287	14
288	16
289	19
290	11
291	20
292	14
293	13
294	17
295	13
296	14
297	16
298	18
299	18
300	18
301	24
302	13
303	17
304	7
305	9
306	13
307	7
308	15
309	13
310	21
311	17
312	10
313	13
314	23
315	35
316	44
317	66
318	102
319	143
320	195
321	234
322	256
323	310
324	316
325	262
326	237
327	169
328	141
329	95
330	71
331	50
332	32
333	41
334	32
335	37
336	29
337	56
338	54
339	82
340	133
341	217
342	427
343	755
344	1323
345	2169
346	3452
347	4740
348	6209
349	7655
350	8625
351	8913
352	8575
353	7462
354	6153
355	4615
356	3107
357	2143
358	1226
359	727
360	371
361	219
362	110
363	59
364	54
365	44
366	42
367	36
368	37
369	44
370	35
371	48
372	57
373	49
374	51
375	69
376	92
377	105
378	160
379	200
380	343
381	465
382	676
383	908
384	1152
385	1327
386	1509
387	1465
388	1373
389	1239
390	992
391	746
392	537
393	340
394	215
395	163
396	76
397	38
398	41
399	28
400	28
401	27
402	31
403	34
404	26
405	23
406	33
407	29
408	24
409	31
410	47
411	32
412	32
413	25
414	27
415	37
416	36
417	27
418	31
419	25
420	25
421	20
422	30
423	26
424	17
425	31
426	23
427	34
428	32
429	30
430	26
431	43
432	30
433	37
434	46
435	38
436	45
437	52
438	63
439	61
440	69
441	64
442	59
443	58
444	64
445	59
446	54
447	63
448	56
449	62
450	45
451	60
452	51
453	61
454	49
455	45
456	71
457	68
458	59
459	76
460	69
461	81
462	76
463	64
464	47
465	48
466	61
467	48
468	51
469	60
470	43
471	65
472	54
473	54
474	51
475	61
476	59
477	50
478	57
479	43
480	40
481	43
482	49
483	52
484	56
485	45
486	66
487	53
488	52
489	48
490	57
491	36
492	53
493	62
494	50
495	58
496	35
497	53
498	68
499	54
500	43
501	71
502	55
503	58
504	54
505	62
506	62
507	68
508	74
509	85
510	63
511	76
512	83
513	83
514	84
515	60
516	78
517	70
518	92
519	61
520	75
521	81
522	83
523	94
524	86
525	89
526	78
527	85
528	77
529	90
530	88
531	84
532	88
533	73
534	75
535	74
536	65
537	68
538	86
539	78
540	64
541	80
542	74
543	67
544	79
545	96
546	83
547	71
548	70
549	70
550	56
551	64
552	69
553	53
554	81
555	70
556	76
557	64
558	52
559	64
560	83
561	76
562	69
563	62
564	73
565	61
566	66
567	77
568	68
569	75
570	74
571	79
572	77
573	93
574	70
575	74
576	77
577	92
578	77
579	70
580	77
581	74
582	86
583	86
584	63
585	88
586	69
587	80
588	83
589	77
590	90
591	92
592	69
593	73
594	80
595	97
596	83
597	91
598	70
599	99
600	78
601	90
602	95
603	98
604	89
605	87
606	64
607	89
608	101
609	82
610	74
611	88
612	98
613	86
614	111
615	96
616	108
617	98
618	94
619	92
620	100
621	88
622	112
623	92
624	102
625	98
626	96
627	101
628	93
629	93
630	91
631	74
632	97
633	100
634	95
635	95
636	103
637	89
638	88
639	96
640	102
641	110
642	98
643	121
644	108
645	101
646	92
647	112
648	112
649	113
650	120
651	125
652	115
653	94
654	111
655	102
656	100
657	100
658	122
659	121
660	109
661	123
662	96
663	105
664	93
665	105
666	93
667	100
668	114
669	109
670	86
671	98
672	105
673	105
674	89
675	95
676	98
677	101
678	94
679	125
680	102
681	105
682	98
683	87
684	89
685	108
686	104
687	116
688	104
689	112
690	109
691	137
692	105
693	115
694	107
695	112
696	119
697	130
698	101
699	103
700	108
701	125
702	117
703	138
704	104
705	101
706	119
707	118
708	113
709	107
710	123
711	111
712	110
713	129
714	129
715	112
716	111
717	110
718	137
719	118
720	125
721	128
722	116
723	130
724	121
725	129
726	132
727	107
728	117
729	119
730	119
731	123
732	124
733	110
734	125
735	141
736	145
737	130
738	124
739	147
740	126
741	134
742	107
743	125
744	141
745	129
746	105
747	121
748	116
749	112
750	124
751	146
752	114
753	119
754	105
755	149
756	125
757	116
758	105
759	122
760	144
761	137
762	130
763	125
764	113
765	173
766	179
767	144
768	183
769	192
770	236
771	230
772	260
773	235
774	227
775	240
776	202
777	209
778	225
779	178
780	187
781	170
782	173
783	177
784	171
785	134
786	117
787	137
788	130
789	133
790	112
791	135
792	134
793	143
794	134
795	132
796	132
797	120
798	156
799	141
800	120
801	123
802	142
803	141
804	137
805	123
806	147
807	126
808	145
809	124
810	116
811	103
812	139
813	144
814	118
815	143
816	160
817	141
818	147
819	163
820	118
821	141
822	159
823	149
824	153
825	135
826	122
827	150
828	150
829	136
830	124
831	132
832	142
833	137
834	151
835	156
836	161
837	153
838	164
839	142
840	157
841	142
842	150
843	142
844	126
845	154
846	153
847	158
848	140
849	153
850	163
851	146
852	159
853	172
854	160
855	186
856	152
857	168
858	181
859	165
860	192
861	201
862	225
863	189
864	197
865	193
866	185
867	221
868	208
869	186
870	194
871	213
872	208
873	216
874	217
875	223
876	253
877	238
878	231
879	269
880	261
881	299
882	275
883	308
884	299
885	386
886	352
887	391
888	377
889	431
890	409
891	427
892	480
893	459
894	519
895	557
896	562
897	563
898	546
899	577
900	547
901	548
902	618
903	516
904	525
905	553
906	566
907	496
908	520
909	491
910	456
911	469
912	401
913	395
914	381
915	370
916	338
917	351
918	320
919	287
920	272
921	266
922	254
923	232
924	241
925	212
926	222
927	195
928	182
929	208
930	191
931	196
932	167
933	170
934	163
935	164
936	152
937	159
938	167
939	152
940	145
941	167
942	196
943	203
944	221
945	229
946	267
947	308
948	328
949	347
950	390
951	378
952	428
953	406
954	426
955	423
956	398
957	379
958	341
959	298
960	288
961	232
962	249
963	208
964	203
965	172
966	157
967	140
968	147
969	143
970	122
971	132
972	140
973	115
974	144
975	127
976	123
977	123
978	141
979	122
980	134
981	116
982	135
983	124
984	144
985	111
986	138
987	133
988	122
989	151
990	150
991	164
992	151
993	139
994	178
995	198
996	151
997	195
998	176
999	181
1000	162
1001	182
1002	209
1003	177
1004	162
1005	184
1006	158
1007	186
1008	147
1009	164
1010	164
1011	151
1012	177
1013	158
1014	149
1015	115
1016	145
1017	156
1018	128
1019	126
1020	134
1021	147
1022	123
1023	126
1024	126
