Date:	08/05/2018		Time:	20:51		Version no:	0.00		Project name:	55		Sample name:	222		Section name:	section		Position	265.915039	mm	E0	0.000000	keV	E1	1.000000	keV/channel	sample surface	5.924360	cm	Tube anode:	Mo		Tube voltage:	30	kV	Tube current:	50	mA	gain	10		std. database			resultfile	result		matrix element	11		sample thickness	1.000000		air passage	0.560000	cm	comments	in position		peaking_time	2.200000	m-sec	trigger_threshold	547.363281	V	mca_bin_width	22.090000	no:	number_mca_channels	1024.000000	no:	gap_time	0.150000	m-sec	trigger_peaking_time	0.200000	m-sec	GAINDAC	18610		HIGHGAIN	1		TAURC	1		RCTAU	1		RCTAUFRAC	1		livetime	9.483635	seconds	runtime	10.000494	seconds	input_count_rate	21472.673264	cps	output_count_rate	17869.416536	cps	triggers	203639	seconds	events_in_run	178703	seconds	channel	content		1	0
2	0
3	0
4	0
5	0
6	0
7	0
8	0
9	0
10	0
11	0
12	0
13	0
14	0
15	0
16	0
17	0
18	0
19	0
20	0
21	0
22	0
23	0
24	0
25	0
26	0
27	0
28	0
29	0
30	0
31	8
32	6
33	15
34	16
35	13
36	9
37	12
38	9
39	12
40	12
41	14
42	8
43	17
44	13
45	12
46	5
47	13
48	12
49	10
50	13
51	9
52	16
53	8
54	10
55	11
56	13
57	9
58	14
59	7
60	8
61	13
62	8
63	5
64	4
65	5
66	13
67	17
68	11
69	4
70	3
71	5
72	5
73	8
74	10
75	12
76	6
77	7
78	8
79	9
80	9
81	16
82	12
83	11
84	5
85	12
86	10
87	6
88	4
89	4
90	5
91	5
92	8
93	10
94	14
95	10
96	11
97	11
98	12
99	10
100	7
101	10
102	2
103	6
104	10
105	9
106	8
107	11
108	8
109	8
110	5
111	8
112	7
113	7
114	5
115	2
116	8
117	5
118	1
119	2
120	3
121	3
122	3
123	3
124	10
125	3
126	3
127	2
128	7
129	4
130	2
131	2
132	2
133	5
134	1
135	6
136	4
137	3
138	2
139	6
140	3
141	6
142	2
143	1
144	6
145	4
146	4
147	2
148	2
149	3
150	3
151	2
152	4
153	5
154	1
155	5
156	3
157	9
158	15
159	15
160	23
161	16
162	28
163	32
164	31
165	16
166	14
167	3
168	7
169	4
170	3
171	2
172	5
173	6
174	6
175	8
176	8
177	9
178	10
179	11
180	15
181	28
182	22
183	20
184	16
185	12
186	6
187	7
188	7
189	1
190	4
191	3
192	4
193	5
194	12
195	15
196	34
197	47
198	81
199	124
200	162
201	237
202	288
203	302
204	267
205	262
206	197
207	129
208	81
209	47
210	27
211	12
212	10
213	9
214	10
215	16
216	19
217	26
218	32
219	51
220	65
221	72
222	58
223	46
224	21
225	28
226	11
227	11
228	3
229	6
230	2
231	2
232	5
233	4
234	6
235	5
236	6
237	7
238	8
239	7
240	12
241	21
242	32
243	48
244	58
245	101
246	96
247	144
248	142
249	115
250	97
251	96
252	74
253	62
254	39
255	49
256	42
257	32
258	29
259	14
260	19
261	10
262	8
263	11
264	12
265	19
266	20
267	19
268	39
269	28
270	46
271	51
272	35
273	30
274	30
275	28
276	23
277	11
278	10
279	10
280	11
281	8
282	12
283	8
284	9
285	16
286	11
287	12
288	17
289	23
290	16
291	21
292	19
293	15
294	9
295	24
296	16
297	9
298	15
299	15
300	8
301	12
302	8
303	12
304	10
305	9
306	8
307	8
308	9
309	8
310	21
311	12
312	13
313	10
314	11
315	20
316	26
317	27
318	52
319	50
320	61
321	114
322	109
323	114
324	113
325	112
326	97
327	65
328	50
329	46
330	29
331	30
332	25
333	24
334	28
335	26
336	29
337	42
338	39
339	57
340	98
341	193
342	315
343	566
344	1037
345	1650
346	2656
347	3712
348	4899
349	6012
350	6720
351	6884
352	6573
353	5780
354	4685
355	3596
356	2411
357	1546
358	925
359	464
360	277
361	158
362	83
363	59
364	28
365	38
366	30
367	29
368	33
369	35
370	32
371	41
372	49
373	49
374	54
375	55
376	59
377	92
378	136
379	189
380	270
381	365
382	579
383	704
384	895
385	993
386	1047
387	1203
388	1140
389	943
390	808
391	597
392	416
393	288
394	166
395	116
396	75
397	44
398	27
399	33
400	26
401	18
402	23
403	37
404	30
405	25
406	28
407	33
408	33
409	35
410	38
411	35
412	42
413	31
414	31
415	34
416	31
417	25
418	23
419	19
420	21
421	32
422	30
423	42
424	33
425	36
426	29
427	35
428	25
429	24
430	31
431	23
432	41
433	45
434	35
435	52
436	47
437	56
438	52
439	46
440	55
441	63
442	51
443	59
444	64
445	59
446	55
447	42
448	57
449	61
450	43
451	57
452	56
453	53
454	59
455	57
456	63
457	65
458	67
459	69
460	75
461	78
462	70
463	58
464	55
465	59
466	51
467	57
468	52
469	52
470	52
471	51
472	62
473	58
474	73
475	56
476	52
477	46
478	34
479	48
480	36
481	57
482	41
483	42
484	41
485	57
486	39
487	54
488	53
489	56
490	62
491	55
492	54
493	56
494	57
495	64
496	49
497	50
498	58
499	44
500	46
501	48
502	68
503	79
504	63
505	67
506	66
507	68
508	80
509	53
510	70
511	70
512	69
513	67
514	57
515	72
516	81
517	66
518	85
519	69
520	80
521	77
522	72
523	79
524	84
525	70
526	85
527	84
528	101
529	85
530	97
531	82
532	86
533	88
534	64
535	83
536	91
537	60
538	65
539	78
540	81
541	76
542	79
543	81
544	74
545	60
546	71
547	70
548	68
549	69
550	60
551	63
552	72
553	56
554	60
555	76
556	53
557	64
558	76
559	68
560	76
561	70
562	75
563	81
564	73
565	68
566	90
567	77
568	73
569	93
570	86
571	67
572	64
573	62
574	77
575	71
576	79
577	88
578	65
579	79
580	88
581	73
582	78
583	82
584	86
585	72
586	100
587	83
588	68
589	81
590	98
591	92
592	85
593	80
594	86
595	82
596	77
597	91
598	89
599	91
600	96
601	101
602	78
603	75
604	72
605	88
606	74
607	104
608	94
609	92
610	101
611	85
612	95
613	97
614	96
615	87
616	105
617	104
618	84
619	106
620	105
621	74
622	107
623	107
624	89
625	92
626	99
627	83
628	94
629	99
630	88
631	82
632	101
633	82
634	87
635	97
636	89
637	94
638	103
639	90
640	108
641	93
642	80
643	94
644	87
645	81
646	78
647	102
648	89
649	112
650	99
651	96
652	121
653	109
654	113
655	103
656	96
657	97
658	110
659	99
660	100
661	91
662	94
663	101
664	98
665	113
666	97
667	103
668	107
669	124
670	97
671	89
672	109
673	91
674	111
675	95
676	106
677	81
678	101
679	110
680	91
681	106
682	104
683	109
684	110
685	106
686	108
687	125
688	110
689	118
690	109
691	95
692	103
693	119
694	114
695	121
696	120
697	136
698	125
699	140
700	90
701	123
702	107
703	101
704	109
705	115
706	104
707	110
708	116
709	100
710	107
711	102
712	148
713	100
714	95
715	113
716	113
717	130
718	107
719	110
720	120
721	114
722	110
723	103
724	125
725	118
726	123
727	137
728	121
729	129
730	118
731	127
732	120
733	118
734	115
735	141
736	122
737	121
738	114
739	124
740	133
741	134
742	121
743	106
744	122
745	124
746	121
747	120
748	130
749	106
750	122
751	127
752	126
753	111
754	125
755	135
756	139
757	121
758	123
759	129
760	133
761	131
762	137
763	120
764	176
765	159
766	181
767	179
768	207
769	250
770	257
771	257
772	254
773	268
774	293
775	274
776	280
777	237
778	214
779	187
780	188
781	189
782	167
783	141
784	138
785	142
786	131
787	130
788	127
789	119
790	121
791	131
792	127
793	133
794	113
795	136
796	111
797	129
798	123
799	112
800	118
801	104
802	112
803	129
804	121
805	122
806	126
807	120
808	131
809	117
810	126
811	120
812	126
813	119
814	150
815	119
816	135
817	153
818	143
819	134
820	132
821	124
822	127
823	114
824	137
825	128
826	123
827	136
828	147
829	141
830	138
831	163
832	148
833	135
834	153
835	135
836	135
837	137
838	150
839	136
840	131
841	142
842	131
843	141
844	146
845	130
846	133
847	125
848	158
849	135
850	167
851	152
852	162
853	150
854	169
855	159
856	161
857	171
858	167
859	196
860	184
861	188
862	183
863	192
864	195
865	198
866	202
867	202
868	187
869	197
870	196
871	181
872	195
873	194
874	219
875	226
876	228
877	246
878	241
879	280
880	282
881	281
882	302
883	273
884	302
885	297
886	329
887	335
888	387
889	408
890	417
891	437
892	438
893	453
894	457
895	484
896	499
897	523
898	522
899	529
900	512
901	527
902	505
903	519
904	475
905	484
906	503
907	463
908	412
909	438
910	422
911	401
912	374
913	343
914	346
915	354
916	329
917	323
918	283
919	298
920	268
921	273
922	221
923	208
924	173
925	233
926	196
927	173
928	202
929	160
930	184
931	173
932	178
933	148
934	151
935	163
936	154
937	143
938	138
939	164
940	167
941	151
942	181
943	210
944	224
945	210
946	273
947	285
948	309
949	329
950	322
951	388
952	429
953	405
954	418
955	364
956	407
957	381
958	362
959	291
960	282
961	233
962	231
963	223
964	187
965	174
966	145
967	128
968	121
969	127
970	123
971	120
972	118
973	121
974	117
975	119
976	116
977	112
978	126
979	145
980	131
981	123
982	114
983	128
984	125
985	139
986	127
987	120
988	126
989	117
990	146
991	122
992	141
993	147
994	146
995	154
996	148
997	155
998	159
999	156
1000	167
1001	168
1002	155
1003	188
1004	150
1005	167
1006	165
1007	160
1008	183
1009	153
1010	152
1011	147
1012	169
1013	142
1014	145
1015	143
1016	138
1017	140
1018	126
1019	143
1020	126
1021	125
1022	126
1023	108
1024	119
