Date:	08/05/2018		Time:	23:35		Version no:	0.00		Project name:	55		Sample name:	222		Section name:	section		Position	437.515045	mm	E0	0.000000	keV	E1	1.000000	keV/channel	sample surface	6.281492	cm	Tube anode:	Mo		Tube voltage:	30	kV	Tube current:	50	mA	gain	10		std. database			resultfile	result		matrix element	11		sample thickness	1.000000		air passage	0.560000	cm	comments	in position		peaking_time	2.200000	m-sec	trigger_threshold	547.363281	V	mca_bin_width	22.090000	no:	number_mca_channels	1024.000000	no:	gap_time	0.150000	m-sec	trigger_peaking_time	0.200000	m-sec	GAINDAC	18610		HIGHGAIN	1		TAURC	1		RCTAU	1		RCTAUFRAC	1		livetime	9.406074	seconds	runtime	10.000490	seconds	input_count_rate	25467.904017	cps	output_count_rate	20650.987276	cps	triggers	239553	seconds	events_in_run	206520	seconds	channel	content		1	0
2	0
3	0
4	0
5	0
6	0
7	0
8	0
9	0
10	0
11	0
12	0
13	0
14	0
15	0
16	0
17	0
18	0
19	0
20	0
21	0
22	0
23	0
24	0
25	0
26	0
27	0
28	0
29	0
30	0
31	9
32	16
33	11
34	11
35	17
36	18
37	14
38	16
39	10
40	17
41	8
42	15
43	16
44	23
45	11
46	14
47	19
48	14
49	24
50	13
51	6
52	11
53	17
54	11
55	15
56	7
57	12
58	14
59	20
60	8
61	13
62	8
63	12
64	20
65	10
66	11
67	10
68	12
69	10
70	11
71	10
72	11
73	11
74	7
75	9
76	10
77	8
78	10
79	9
80	17
81	15
82	12
83	14
84	6
85	11
86	11
87	9
88	9
89	4
90	12
91	9
92	18
93	8
94	17
95	22
96	33
97	20
98	20
99	15
100	5
101	11
102	8
103	4
104	6
105	8
106	3
107	9
108	7
109	11
110	7
111	6
112	6
113	4
114	4
115	8
116	3
117	3
118	5
119	4
120	9
121	1
122	8
123	4
124	5
125	3
126	4
127	4
128	6
129	5
130	4
131	2
132	2
133	4
134	8
135	6
136	3
137	7
138	7
139	2
140	1
141	6
142	4
143	8
144	4
145	2
146	6
147	4
148	3
149	3
150	7
151	3
152	5
153	4
154	4
155	5
156	4
157	6
158	12
159	8
160	10
161	14
162	33
163	26
164	28
165	29
166	20
167	7
168	7
169	5
170	2
171	0
172	7
173	9
174	9
175	3
176	9
177	9
178	13
179	18
180	22
181	16
182	25
183	21
184	25
185	28
186	14
187	12
188	7
189	4
190	3
191	6
192	2
193	6
194	7
195	20
196	29
197	71
198	93
199	179
200	230
201	332
202	328
203	403
204	386
205	293
206	258
207	156
208	81
209	43
210	28
211	18
212	11
213	18
214	11
215	14
216	29
217	30
218	49
219	67
220	67
221	56
222	50
223	52
224	39
225	32
226	14
227	12
228	5
229	6
230	3
231	11
232	4
233	9
234	1
235	5
236	5
237	8
238	5
239	9
240	15
241	23
242	31
243	66
244	95
245	120
246	152
247	166
248	189
249	166
250	129
251	113
252	85
253	75
254	57
255	49
256	39
257	45
258	25
259	28
260	22
261	20
262	14
263	14
264	14
265	23
266	22
267	29
268	28
269	48
270	49
271	58
272	39
273	39
274	27
275	25
276	27
277	16
278	5
279	13
280	11
281	7
282	8
283	12
284	14
285	12
286	12
287	13
288	19
289	20
290	22
291	9
292	15
293	14
294	18
295	14
296	21
297	24
298	22
299	15
300	18
301	14
302	18
303	14
304	17
305	15
306	21
307	18
308	12
309	7
310	19
311	12
312	11
313	8
314	19
315	24
316	20
317	48
318	62
319	72
320	109
321	149
322	174
323	136
324	151
325	134
326	113
327	109
328	64
329	59
330	35
331	33
332	34
333	18
334	36
335	39
336	31
337	41
338	51
339	61
340	108
341	244
342	373
343	739
344	1272
345	2244
346	3198
347	4464
348	6115
349	7235
350	8159
351	8510
352	7869
353	7107
354	5651
355	4158
356	2861
357	1805
358	1097
359	595
360	323
361	211
362	98
363	65
364	50
365	46
366	48
367	45
368	47
369	39
370	39
371	44
372	58
373	68
374	52
375	59
376	95
377	110
378	154
379	204
380	354
381	444
382	626
383	906
384	1170
385	1313
386	1370
387	1328
388	1314
389	1157
390	916
391	725
392	484
393	335
394	228
395	125
396	86
397	62
398	40
399	37
400	25
401	31
402	26
403	38
404	32
405	36
406	28
407	40
408	31
409	42
410	44
411	38
412	28
413	34
414	32
415	28
416	34
417	25
418	28
419	32
420	42
421	26
422	27
423	42
424	24
425	38
426	34
427	41
428	36
429	36
430	38
431	36
432	32
433	39
434	39
435	58
436	61
437	69
438	68
439	67
440	74
441	86
442	79
443	85
444	75
445	78
446	82
447	87
448	59
449	63
450	60
451	82
452	69
453	63
454	81
455	92
456	86
457	79
458	91
459	82
460	82
461	68
462	80
463	77
464	76
465	71
466	68
467	56
468	58
469	58
470	65
471	79
472	67
473	71
474	69
475	74
476	72
477	64
478	65
479	56
480	55
481	61
482	59
483	68
484	53
485	75
486	54
487	58
488	54
489	58
490	58
491	77
492	54
493	45
494	59
495	67
496	66
497	64
498	62
499	58
500	73
501	71
502	51
503	74
504	70
505	73
506	95
507	78
508	84
509	71
510	76
511	109
512	77
513	72
514	86
515	83
516	87
517	81
518	93
519	72
520	91
521	111
522	79
523	83
524	101
525	84
526	107
527	99
528	105
529	100
530	104
531	104
532	97
533	98
534	92
535	93
536	79
537	86
538	103
539	69
540	85
541	95
542	105
543	73
544	84
545	87
546	85
547	104
548	70
549	80
550	86
551	76
552	79
553	87
554	73
555	71
556	85
557	71
558	93
559	66
560	80
561	79
562	63
563	85
564	86
565	86
566	73
567	84
568	80
569	83
570	89
571	86
572	85
573	83
574	96
575	79
576	71
577	73
578	92
579	74
580	88
581	104
582	82
583	96
584	111
585	79
586	90
587	88
588	90
589	100
590	91
591	101
592	102
593	102
594	121
595	106
596	93
597	88
598	92
599	101
600	91
601	83
602	102
603	104
604	110
605	94
606	88
607	106
608	79
609	110
610	91
611	101
612	120
613	96
614	104
615	126
616	110
617	101
618	80
619	111
620	115
621	111
622	106
623	96
624	98
625	91
626	98
627	102
628	116
629	97
630	91
631	111
632	102
633	110
634	126
635	95
636	128
637	104
638	117
639	102
640	116
641	107
642	102
643	102
644	116
645	118
646	109
647	108
648	129
649	124
650	103
651	108
652	111
653	117
654	121
655	137
656	118
657	113
658	109
659	107
660	108
661	121
662	113
663	106
664	118
665	122
666	98
667	109
668	95
669	106
670	104
671	127
672	111
673	116
674	108
675	120
676	126
677	104
678	131
679	113
680	110
681	118
682	114
683	126
684	117
685	133
686	124
687	122
688	110
689	103
690	133
691	120
692	133
693	134
694	127
695	133
696	131
697	138
698	133
699	117
700	136
701	128
702	112
703	113
704	150
705	145
706	146
707	131
708	133
709	137
710	139
711	132
712	135
713	135
714	124
715	123
716	122
717	147
718	109
719	127
720	113
721	122
722	131
723	132
724	114
725	139
726	115
727	150
728	125
729	148
730	143
731	134
732	136
733	157
734	146
735	156
736	136
737	132
738	131
739	138
740	140
741	134
742	127
743	126
744	131
745	125
746	137
747	132
748	124
749	130
750	136
751	128
752	132
753	109
754	125
755	137
756	136
757	135
758	136
759	130
760	145
761	136
762	134
763	144
764	173
765	195
766	196
767	216
768	231
769	278
770	295
771	285
772	328
773	321
774	323
775	327
776	322
777	278
778	251
779	267
780	208
781	197
782	192
783	184
784	157
785	153
786	149
787	150
788	143
789	148
790	134
791	129
792	144
793	145
794	135
795	149
796	152
797	127
798	142
799	139
800	145
801	129
802	130
803	134
804	136
805	146
806	130
807	142
808	147
809	141
810	161
811	132
812	135
813	125
814	148
815	124
816	151
817	150
818	160
819	137
820	130
821	155
822	125
823	157
824	151
825	145
826	144
827	153
828	136
829	155
830	140
831	147
832	145
833	142
834	124
835	155
836	146
837	162
838	146
839	162
840	164
841	146
842	159
843	165
844	135
845	162
846	170
847	161
848	166
849	175
850	155
851	186
852	171
853	154
854	172
855	161
856	174
857	187
858	180
859	201
860	189
861	211
862	214
863	214
864	227
865	220
866	210
867	213
868	227
869	226
870	192
871	199
872	201
873	243
874	243
875	237
876	236
877	247
878	272
879	265
880	247
881	298
882	293
883	310
884	323
885	357
886	376
887	330
888	421
889	427
890	441
891	456
892	477
893	479
894	510
895	540
896	565
897	575
898	511
899	578
900	550
901	558
902	586
903	596
904	519
905	553
906	553
907	515
908	506
909	469
910	480
911	424
912	433
913	398
914	405
915	375
916	376
917	326
918	326
919	293
920	302
921	257
922	237
923	270
924	244
925	234
926	212
927	213
928	216
929	175
930	194
931	189
932	170
933	150
934	164
935	165
936	172
937	164
938	162
939	171
940	169
941	213
942	183
943	242
944	228
945	297
946	249
947	334
948	306
949	366
950	406
951	415
952	416
953	413
954	427
955	404
956	375
957	397
958	390
959	334
960	282
961	287
962	276
963	221
964	178
965	195
966	155
967	127
968	114
969	134
970	139
971	135
972	137
973	147
974	139
975	116
976	127
977	122
978	136
979	131
980	133
981	145
982	116
983	129
984	122
985	157
986	145
987	165
988	137
989	144
990	185
991	155
992	136
993	170
994	149
995	173
996	160
997	186
998	178
999	165
1000	182
1001	193
1002	183
1003	183
1004	169
1005	162
1006	151
1007	184
1008	166
1009	153
1010	150
1011	163
1012	166
1013	165
1014	149
1015	158
1016	133
1017	131
1018	167
1019	152
1020	129
1021	132
1022	129
1023	131
1024	122
