Date:	08/05/2018		Time:	20:45		Version no:	0.00		Project name:	55		Sample name:	222		Section name:	section		Position	259.715027	mm	E0	0.000000	keV	E1	1.000000	keV/channel	sample surface	5.933652	cm	Tube anode:	Mo		Tube voltage:	30	kV	Tube current:	50	mA	gain	10		std. database			resultfile	result		matrix element	11		sample thickness	1.000000		air passage	0.560000	cm	comments	in position		peaking_time	2.200000	m-sec	trigger_threshold	547.363281	V	mca_bin_width	22.090000	no:	number_mca_channels	1024.000000	no:	gap_time	0.150000	m-sec	trigger_peaking_time	0.200000	m-sec	GAINDAC	18610		HIGHGAIN	1		TAURC	1		RCTAU	1		RCTAUFRAC	1		livetime	9.484774	seconds	runtime	10.000490	seconds	input_count_rate	21219.062098	cps	output_count_rate	17686.732643	cps	triggers	201258	seconds	events_in_run	176876	seconds	channel	content		1	0
2	0
3	0
4	0
5	0
6	0
7	0
8	0
9	0
10	0
11	0
12	0
13	0
14	0
15	0
16	0
17	0
18	0
19	0
20	0
21	0
22	0
23	0
24	0
25	0
26	0
27	0
28	0
29	0
30	0
31	14
32	10
33	12
34	19
35	16
36	17
37	9
38	13
39	12
40	18
41	25
42	21
43	8
44	12
45	10
46	13
47	15
48	17
49	10
50	14
51	10
52	14
53	11
54	6
55	16
56	9
57	10
58	10
59	9
60	9
61	7
62	11
63	9
64	10
65	13
66	13
67	9
68	9
69	8
70	11
71	8
72	6
73	9
74	11
75	6
76	4
77	6
78	8
79	6
80	16
81	18
82	10
83	6
84	12
85	6
86	9
87	7
88	11
89	5
90	7
91	9
92	9
93	13
94	17
95	16
96	15
97	15
98	10
99	10
100	6
101	10
102	4
103	5
104	5
105	9
106	5
107	10
108	12
109	5
110	5
111	7
112	3
113	2
114	3
115	8
116	4
117	4
118	4
119	4
120	3
121	6
122	4
123	2
124	3
125	2
126	4
127	5
128	1
129	5
130	2
131	1
132	2
133	4
134	2
135	1
136	3
137	5
138	3
139	6
140	4
141	2
142	1
143	1
144	2
145	3
146	2
147	3
148	2
149	6
150	4
151	5
152	4
153	4
154	3
155	10
156	4
157	6
158	8
159	16
160	12
161	21
162	34
163	40
164	17
165	16
166	12
167	11
168	6
169	9
170	6
171	8
172	2
173	6
174	0
175	6
176	9
177	9
178	8
179	12
180	10
181	18
182	12
183	14
184	26
185	15
186	9
187	5
188	8
189	1
190	5
191	2
192	3
193	1
194	15
195	15
196	26
197	33
198	64
199	117
200	172
201	203
202	269
203	294
204	271
205	215
206	158
207	118
208	69
209	43
210	20
211	10
212	11
213	10
214	9
215	17
216	23
217	30
218	34
219	42
220	36
221	47
222	38
223	25
224	28
225	19
226	12
227	9
228	8
229	3
230	3
231	4
232	3
233	3
234	2
235	6
236	2
237	5
238	5
239	8
240	8
241	13
242	27
243	41
244	76
245	62
246	105
247	136
248	144
249	135
250	104
251	95
252	67
253	57
254	43
255	34
256	26
257	29
258	17
259	15
260	11
261	23
262	13
263	13
264	15
265	17
266	17
267	25
268	18
269	34
270	29
271	40
272	42
273	32
274	20
275	23
276	14
277	16
278	12
279	9
280	7
281	10
282	10
283	13
284	12
285	10
286	11
287	11
288	11
289	14
290	9
291	10
292	14
293	14
294	13
295	6
296	11
297	9
298	10
299	10
300	13
301	6
302	11
303	11
304	11
305	9
306	7
307	23
308	15
309	15
310	11
311	14
312	9
313	13
314	6
315	13
316	15
317	32
318	26
319	38
320	49
321	59
322	66
323	68
324	72
325	68
326	53
327	37
328	31
329	30
330	22
331	18
332	22
333	17
334	20
335	24
336	27
337	38
338	34
339	66
340	77
341	158
342	286
343	525
344	974
345	1549
346	2466
347	3462
348	4594
349	5659
350	6385
351	6512
352	6244
353	5395
354	4498
355	3327
356	2264
357	1432
358	893
359	492
360	287
361	117
362	60
363	48
364	30
365	41
366	27
367	21
368	25
369	34
370	39
371	36
372	49
373	41
374	51
375	42
376	71
377	75
378	99
379	168
380	241
381	329
382	489
383	695
384	884
385	900
386	1121
387	1097
388	1059
389	943
390	748
391	568
392	414
393	287
394	195
395	111
396	68
397	42
398	28
399	34
400	23
401	34
402	29
403	30
404	24
405	32
406	26
407	23
408	25
409	37
410	32
411	31
412	29
413	27
414	26
415	26
416	21
417	25
418	23
419	26
420	38
421	24
422	31
423	28
424	32
425	33
426	37
427	27
428	27
429	23
430	16
431	32
432	27
433	33
434	43
435	39
436	39
437	52
438	66
439	54
440	59
441	63
442	70
443	60
444	63
445	61
446	63
447	59
448	52
449	46
450	47
451	57
452	59
453	53
454	55
455	62
456	65
457	77
458	79
459	67
460	72
461	73
462	71
463	72
464	54
465	61
466	52
467	51
468	48
469	52
470	49
471	52
472	55
473	75
474	58
475	46
476	49
477	53
478	49
479	47
480	45
481	52
482	42
483	34
484	39
485	52
486	43
487	53
488	56
489	46
490	47
491	48
492	54
493	43
494	53
495	57
496	59
497	48
498	59
499	61
500	58
501	60
502	59
503	65
504	65
505	68
506	57
507	56
508	65
509	72
510	75
511	53
512	70
513	75
514	71
515	79
516	69
517	63
518	75
519	67
520	76
521	63
522	73
523	66
524	83
525	89
526	88
527	74
528	90
529	90
530	93
531	89
532	84
533	74
534	92
535	58
536	65
537	72
538	77
539	78
540	75
541	79
542	57
543	75
544	82
545	74
546	80
547	66
548	69
549	56
550	64
551	85
552	76
553	62
554	57
555	89
556	54
557	78
558	73
559	69
560	66
561	63
562	70
563	77
564	91
565	83
566	87
567	65
568	91
569	76
570	76
571	59
572	76
573	81
574	74
575	90
576	76
577	74
578	82
579	85
580	93
581	70
582	71
583	76
584	78
585	79
586	76
587	85
588	79
589	78
590	85
591	99
592	75
593	77
594	88
595	95
596	87
597	82
598	64
599	88
600	87
601	82
602	88
603	72
604	92
605	84
606	92
607	79
608	82
609	91
610	90
611	94
612	98
613	83
614	94
615	90
616	97
617	87
618	97
619	102
620	116
621	102
622	78
623	104
624	88
625	75
626	78
627	98
628	106
629	98
630	105
631	91
632	92
633	93
634	85
635	102
636	104
637	115
638	98
639	84
640	106
641	109
642	98
643	95
644	92
645	89
646	86
647	105
648	100
649	100
650	103
651	92
652	102
653	113
654	104
655	115
656	98
657	94
658	89
659	97
660	97
661	116
662	93
663	93
664	90
665	103
666	101
667	121
668	99
669	112
670	98
671	85
672	96
673	94
674	97
675	113
676	122
677	105
678	108
679	101
680	87
681	142
682	101
683	117
684	111
685	123
686	102
687	90
688	120
689	118
690	119
691	118
692	92
693	123
694	96
695	105
696	116
697	101
698	133
699	115
700	127
701	117
702	107
703	106
704	123
705	102
706	104
707	123
708	109
709	139
710	117
711	110
712	118
713	115
714	122
715	122
716	132
717	120
718	128
719	113
720	114
721	132
722	137
723	112
724	130
725	120
726	127
727	130
728	114
729	118
730	119
731	125
732	109
733	120
734	129
735	122
736	130
737	127
738	121
739	130
740	131
741	108
742	122
743	122
744	123
745	130
746	126
747	136
748	144
749	126
750	128
751	120
752	109
753	117
754	123
755	113
756	128
757	123
758	133
759	132
760	137
761	139
762	126
763	156
764	145
765	178
766	181
767	197
768	201
769	231
770	256
771	243
772	275
773	276
774	263
775	261
776	296
777	263
778	226
779	198
780	225
781	175
782	158
783	137
784	136
785	147
786	136
787	134
788	107
789	151
790	94
791	143
792	127
793	104
794	128
795	141
796	130
797	137
798	134
799	130
800	112
801	135
802	136
803	144
804	127
805	136
806	129
807	134
808	113
809	122
810	131
811	148
812	137
813	145
814	141
815	133
816	154
817	142
818	155
819	120
820	147
821	150
822	130
823	139
824	130
825	139
826	148
827	141
828	131
829	136
830	140
831	163
832	150
833	148
834	127
835	162
836	113
837	148
838	122
839	140
840	154
841	134
842	134
843	146
844	133
845	162
846	146
847	125
848	164
849	164
850	149
851	142
852	152
853	155
854	177
855	172
856	174
857	168
858	171
859	187
860	168
861	200
862	200
863	207
864	203
865	224
866	229
867	222
868	189
869	185
870	192
871	188
872	205
873	183
874	219
875	220
876	240
877	238
878	249
879	231
880	256
881	275
882	309
883	291
884	347
885	356
886	368
887	390
888	402
889	433
890	436
891	447
892	479
893	543
894	484
895	544
896	547
897	539
898	565
899	537
900	533
901	535
902	566
903	561
904	542
905	478
906	512
907	498
908	485
909	497
910	423
911	462
912	441
913	412
914	360
915	370
916	309
917	341
918	313
919	285
920	251
921	265
922	244
923	207
924	223
925	244
926	184
927	199
928	193
929	190
930	163
931	188
932	156
933	140
934	164
935	157
936	169
937	154
938	150
939	188
940	160
941	181
942	170
943	191
944	206
945	240
946	272
947	300
948	304
949	357
950	381
951	370
952	380
953	390
954	452
955	423
956	423
957	393
958	353
959	320
960	280
961	270
962	237
963	229
964	191
965	145
966	140
967	138
968	132
969	127
970	131
971	112
972	133
973	130
974	122
975	125
976	131
977	123
978	114
979	129
980	126
981	127
982	139
983	135
984	160
985	139
986	131
987	139
988	148
989	167
990	126
991	135
992	169
993	125
994	135
995	164
996	144
997	166
998	171
999	186
1000	192
1001	174
1002	175
1003	159
1004	185
1005	180
1006	175
1007	166
1008	175
1009	157
1010	157
1011	151
1012	161
1013	161
1014	147
1015	158
1016	163
1017	142
1018	144
1019	137
1020	149
1021	133
1022	122
1023	124
1024	115
