Date:	08/05/2018		Time:	21:52		Version no:	0.00		Project name:	55		Sample name:	222		Section name:	section		Position	329.715027	mm	E0	0.000000	keV	E1	1.000000	keV/channel	sample surface	6.196426	cm	Tube anode:	Mo		Tube voltage:	30	kV	Tube current:	50	mA	gain	10		std. database			resultfile	result		matrix element	11		sample thickness	1.000000		air passage	0.560000	cm	comments	in position		peaking_time	2.200000	m-sec	trigger_threshold	547.363281	V	mca_bin_width	22.090000	no:	number_mca_channels	1024.000000	no:	gap_time	0.150000	m-sec	trigger_peaking_time	0.200000	m-sec	GAINDAC	18610		HIGHGAIN	1		TAURC	1		RCTAU	1		RCTAUFRAC	1		livetime	9.462694	seconds	runtime	10.000491	seconds	input_count_rate	22423.319297	cps	output_count_rate	18564.688103	cps	triggers	212185	seconds	events_in_run	185656	seconds	channel	content		1	0
2	0
3	0
4	0
5	0
6	0
7	0
8	0
9	0
10	0
11	0
12	0
13	0
14	0
15	0
16	0
17	0
18	0
19	0
20	0
21	0
22	0
23	0
24	0
25	0
26	0
27	0
28	0
29	0
30	0
31	13
32	13
33	14
34	14
35	15
36	19
37	16
38	14
39	20
40	13
41	14
42	16
43	12
44	16
45	16
46	15
47	12
48	19
49	11
50	18
51	13
52	13
53	11
54	18
55	13
56	15
57	13
58	20
59	12
60	10
61	11
62	14
63	15
64	4
65	8
66	10
67	7
68	9
69	9
70	10
71	12
72	9
73	5
74	4
75	5
76	9
77	9
78	7
79	7
80	7
81	9
82	16
83	10
84	9
85	16
86	9
87	4
88	6
89	5
90	9
91	5
92	17
93	16
94	22
95	25
96	24
97	19
98	24
99	17
100	12
101	9
102	6
103	8
104	9
105	7
106	9
107	6
108	10
109	11
110	8
111	6
112	2
113	5
114	5
115	4
116	4
117	3
118	5
119	6
120	4
121	5
122	3
123	5
124	7
125	3
126	2
127	5
128	5
129	8
130	3
131	7
132	2
133	1
134	4
135	3
136	5
137	7
138	3
139	2
140	2
141	5
142	5
143	6
144	2
145	5
146	3
147	3
148	4
149	5
150	4
151	4
152	5
153	5
154	6
155	4
156	6
157	10
158	12
159	11
160	20
161	26
162	23
163	32
164	19
165	17
166	13
167	13
168	13
169	6
170	2
171	5
172	6
173	8
174	9
175	10
176	6
177	10
178	11
179	13
180	20
181	29
182	19
183	16
184	18
185	26
186	14
187	9
188	6
189	7
190	9
191	2
192	5
193	4
194	8
195	15
196	38
197	58
198	119
199	177
200	291
201	318
202	383
203	419
204	377
205	324
206	236
207	163
208	96
209	67
210	26
211	13
212	11
213	6
214	15
215	15
216	29
217	42
218	58
219	60
220	53
221	61
222	59
223	48
224	48
225	27
226	13
227	12
228	6
229	7
230	8
231	3
232	6
233	4
234	2
235	4
236	4
237	5
238	4
239	7
240	21
241	26
242	54
243	84
244	131
245	193
246	228
247	237
248	250
249	246
250	232
251	148
252	108
253	86
254	54
255	40
256	36
257	31
258	28
259	15
260	8
261	9
262	20
263	8
264	17
265	20
266	29
267	35
268	49
269	54
270	62
271	60
272	67
273	50
274	50
275	32
276	16
277	26
278	11
279	12
280	11
281	12
282	7
283	8
284	13
285	16
286	11
287	13
288	12
289	12
290	14
291	23
292	14
293	12
294	13
295	11
296	13
297	15
298	19
299	19
300	10
301	9
302	15
303	16
304	12
305	11
306	14
307	9
308	10
309	14
310	12
311	10
312	8
313	13
314	12
315	21
316	35
317	25
318	34
319	45
320	60
321	104
322	109
323	107
324	114
325	109
326	89
327	63
328	51
329	51
330	38
331	32
332	32
333	18
334	28
335	27
336	34
337	46
338	35
339	65
340	101
341	184
342	336
343	582
344	1021
345	1761
346	2637
347	3843
348	4905
349	6001
350	6766
351	7028
352	6608
353	5748
354	4684
355	3551
356	2429
357	1562
358	900
359	532
360	284
361	152
362	69
363	51
364	34
365	39
366	34
367	43
368	27
369	33
370	43
371	37
372	40
373	45
374	39
375	72
376	79
377	105
378	128
379	194
380	298
381	388
382	558
383	686
384	834
385	1054
386	1188
387	1172
388	1107
389	961
390	752
391	625
392	432
393	295
394	162
395	107
396	73
397	54
398	37
399	43
400	25
401	22
402	32
403	29
404	25
405	31
406	31
407	36
408	23
409	42
410	35
411	34
412	37
413	31
414	29
415	14
416	32
417	23
418	27
419	29
420	23
421	32
422	27
423	28
424	20
425	35
426	26
427	30
428	36
429	31
430	40
431	27
432	34
433	40
434	37
435	53
436	50
437	51
438	65
439	68
440	56
441	50
442	67
443	70
444	49
445	59
446	57
447	65
448	60
449	48
450	49
451	61
452	63
453	65
454	76
455	75
456	56
457	58
458	67
459	65
460	65
461	84
462	81
463	61
464	59
465	65
466	69
467	53
468	60
469	49
470	64
471	53
472	80
473	55
474	55
475	61
476	45
477	58
478	51
479	59
480	57
481	46
482	54
483	61
484	65
485	40
486	54
487	73
488	59
489	64
490	48
491	44
492	54
493	54
494	51
495	62
496	59
497	49
498	55
499	65
500	62
501	65
502	67
503	61
504	59
505	78
506	73
507	77
508	79
509	71
510	56
511	65
512	75
513	68
514	78
515	67
516	76
517	64
518	78
519	77
520	80
521	76
522	84
523	92
524	86
525	85
526	92
527	81
528	90
529	112
530	93
531	103
532	88
533	94
534	88
535	68
536	75
537	84
538	82
539	84
540	65
541	80
542	79
543	79
544	86
545	82
546	93
547	67
548	87
549	81
550	58
551	90
552	64
553	69
554	82
555	83
556	76
557	77
558	82
559	69
560	74
561	73
562	69
563	67
564	72
565	69
566	89
567	75
568	72
569	78
570	75
571	71
572	85
573	77
574	70
575	67
576	63
577	99
578	86
579	78
580	74
581	83
582	87
583	88
584	93
585	71
586	71
587	79
588	78
589	77
590	87
591	77
592	93
593	100
594	95
595	99
596	87
597	102
598	99
599	97
600	92
601	96
602	88
603	74
604	92
605	87
606	87
607	102
608	103
609	84
610	115
611	92
612	97
613	75
614	83
615	94
616	97
617	84
618	91
619	78
620	115
621	96
622	101
623	93
624	82
625	86
626	96
627	88
628	86
629	67
630	95
631	90
632	88
633	89
634	102
635	87
636	100
637	96
638	88
639	94
640	112
641	103
642	101
643	91
644	98
645	113
646	109
647	120
648	86
649	100
650	107
651	119
652	97
653	99
654	112
655	99
656	105
657	112
658	129
659	105
660	96
661	113
662	103
663	101
664	85
665	99
666	89
667	122
668	110
669	115
670	107
671	88
672	102
673	99
674	107
675	119
676	107
677	94
678	95
679	123
680	105
681	110
682	101
683	117
684	115
685	109
686	100
687	108
688	114
689	103
690	102
691	102
692	122
693	114
694	100
695	134
696	97
697	132
698	126
699	114
700	117
701	111
702	141
703	112
704	126
705	122
706	119
707	126
708	125
709	115
710	109
711	120
712	127
713	118
714	113
715	136
716	139
717	123
718	122
719	112
720	108
721	123
722	126
723	112
724	127
725	135
726	128
727	125
728	124
729	107
730	120
731	128
732	113
733	131
734	124
735	117
736	118
737	135
738	130
739	134
740	120
741	132
742	126
743	126
744	130
745	142
746	97
747	128
748	108
749	133
750	122
751	139
752	129
753	138
754	109
755	128
756	125
757	134
758	145
759	143
760	140
761	120
762	141
763	159
764	151
765	170
766	149
767	211
768	231
769	240
770	255
771	290
772	338
773	293
774	291
775	266
776	274
777	250
778	242
779	188
780	179
781	190
782	146
783	167
784	153
785	165
786	146
787	122
788	136
789	140
790	122
791	126
792	103
793	126
794	123
795	121
796	118
797	118
798	145
799	128
800	111
801	112
802	125
803	143
804	138
805	150
806	158
807	149
808	137
809	151
810	121
811	140
812	140
813	133
814	123
815	148
816	150
817	159
818	160
819	137
820	144
821	159
822	128
823	137
824	133
825	128
826	130
827	131
828	145
829	115
830	145
831	147
832	149
833	150
834	169
835	139
836	135
837	132
838	151
839	148
840	143
841	159
842	136
843	150
844	133
845	142
846	131
847	168
848	154
849	158
850	171
851	185
852	139
853	172
854	155
855	169
856	151
857	202
858	212
859	201
860	204
861	205
862	203
863	228
864	232
865	206
866	198
867	227
868	216
869	215
870	232
871	203
872	221
873	220
874	203
875	252
876	234
877	235
878	230
879	268
880	290
881	282
882	259
883	333
884	325
885	320
886	350
887	390
888	381
889	452
890	419
891	450
892	469
893	455
894	475
895	507
896	548
897	525
898	525
899	530
900	528
901	558
902	476
903	557
904	508
905	484
906	481
907	462
908	430
909	440
910	461
911	425
912	423
913	359
914	363
915	351
916	317
917	312
918	310
919	323
920	248
921	294
922	243
923	252
924	239
925	220
926	202
927	205
928	185
929	208
930	169
931	204
932	169
933	177
934	152
935	125
936	186
937	147
938	177
939	157
940	178
941	195
942	183
943	191
944	223
945	271
946	252
947	271
948	303
949	352
950	376
951	382
952	382
953	458
954	404
955	433
956	410
957	391
958	359
959	319
960	293
961	261
962	249
963	196
964	185
965	184
966	156
967	142
968	135
969	150
970	138
971	104
972	141
973	119
974	114
975	122
976	116
977	120
978	120
979	137
980	143
981	125
982	125
983	125
984	144
985	135
986	132
987	146
988	136
989	139
990	153
991	153
992	147
993	159
994	153
995	171
996	155
997	174
998	166
999	152
1000	155
1001	175
1002	160
1003	157
1004	145
1005	175
1006	166
1007	157
1008	162
1009	185
1010	156
1011	164
1012	136
1013	139
1014	161
1015	152
1016	132
1017	120
1018	136
1019	121
1020	116
1021	141
1022	109
1023	115
1024	119
