Date:	08/05/2018		Time:	21:47		Version no:	0.00		Project name:	55		Sample name:	222		Section name:	section		Position	324.315033	mm	E0	0.000000	keV	E1	1.000000	keV/channel	sample surface	6.200902	cm	Tube anode:	Mo		Tube voltage:	30	kV	Tube current:	50	mA	gain	10		std. database			resultfile	result		matrix element	11		sample thickness	1.000000		air passage	0.560000	cm	comments	in position		peaking_time	2.200000	m-sec	trigger_threshold	547.363281	V	mca_bin_width	22.090000	no:	number_mca_channels	1024.000000	no:	gap_time	0.150000	m-sec	trigger_peaking_time	0.200000	m-sec	GAINDAC	18610		HIGHGAIN	1		TAURC	1		RCTAU	1		RCTAUFRAC	1		livetime	9.424514	seconds	runtime	10.000495	seconds	input_count_rate	24166.127788	cps	output_count_rate	19743.622296	cps	triggers	227754	seconds	events_in_run	197446	seconds	channel	content		1	0
2	0
3	0
4	0
5	0
6	0
7	0
8	0
9	0
10	0
11	0
12	0
13	0
14	0
15	0
16	0
17	0
18	0
19	0
20	0
21	0
22	0
23	0
24	0
25	0
26	0
27	0
28	0
29	0
30	0
31	21
32	9
33	23
34	18
35	21
36	14
37	16
38	13
39	16
40	17
41	14
42	13
43	16
44	16
45	15
46	16
47	13
48	12
49	17
50	13
51	12
52	9
53	13
54	13
55	16
56	8
57	12
58	15
59	14
60	10
61	13
62	8
63	6
64	12
65	7
66	12
67	15
68	6
69	13
70	11
71	8
72	9
73	10
74	7
75	4
76	2
77	10
78	10
79	18
80	18
81	10
82	7
83	18
84	5
85	11
86	7
87	7
88	6
89	7
90	5
91	10
92	9
93	12
94	15
95	18
96	12
97	18
98	17
99	18
100	7
101	7
102	3
103	9
104	15
105	9
106	14
107	5
108	10
109	10
110	8
111	6
112	9
113	3
114	4
115	6
116	3
117	8
118	2
119	3
120	2
121	5
122	6
123	5
124	6
125	5
126	9
127	4
128	9
129	2
130	6
131	2
132	4
133	2
134	3
135	6
136	5
137	2
138	10
139	5
140	2
141	3
142	0
143	4
144	0
145	1
146	4
147	3
148	9
149	5
150	6
151	2
152	2
153	7
154	3
155	7
156	4
157	6
158	10
159	11
160	14
161	18
162	36
163	30
164	34
165	26
166	12
167	6
168	4
169	4
170	3
171	4
172	7
173	6
174	4
175	7
176	6
177	13
178	11
179	18
180	15
181	24
182	21
183	28
184	22
185	19
186	15
187	5
188	9
189	7
190	7
191	6
192	7
193	7
194	13
195	16
196	40
197	52
198	88
199	166
200	240
201	308
202	407
203	438
204	373
205	339
206	255
207	182
208	88
209	56
210	23
211	12
212	6
213	9
214	11
215	19
216	36
217	28
218	55
219	58
220	72
221	91
222	54
223	61
224	44
225	34
226	15
227	10
228	8
229	9
230	4
231	3
232	4
233	3
234	5
235	7
236	6
237	3
238	6
239	8
240	21
241	30
242	66
243	82
244	123
245	194
246	224
247	243
248	258
249	245
250	212
251	170
252	118
253	81
254	74
255	49
256	42
257	34
258	29
259	19
260	13
261	14
262	17
263	12
264	15
265	17
266	26
267	35
268	43
269	50
270	60
271	55
272	51
273	42
274	38
275	37
276	32
277	19
278	14
279	17
280	9
281	4
282	10
283	11
284	12
285	11
286	11
287	13
288	13
289	8
290	12
291	21
292	16
293	17
294	17
295	18
296	25
297	17
298	19
299	17
300	13
301	9
302	11
303	8
304	11
305	17
306	11
307	7
308	13
309	10
310	11
311	15
312	12
313	9
314	17
315	13
316	26
317	26
318	35
319	38
320	92
321	84
322	105
323	108
324	94
325	99
326	71
327	71
328	57
329	39
330	56
331	25
332	33
333	27
334	13
335	28
336	30
337	28
338	42
339	74
340	107
341	171
342	318
343	594
344	1038
345	1769
346	2736
347	3982
348	5279
349	6308
350	7079
351	7425
352	7131
353	6188
354	5186
355	3956
356	2686
357	1656
358	1030
359	573
360	307
361	169
362	102
363	60
364	38
365	36
366	39
367	40
368	37
369	42
370	45
371	45
372	41
373	58
374	32
375	48
376	61
377	81
378	121
379	185
380	284
381	415
382	578
383	787
384	921
385	1080
386	1257
387	1244
388	1173
389	999
390	891
391	607
392	450
393	298
394	196
395	132
396	78
397	59
398	39
399	35
400	24
401	27
402	34
403	32
404	23
405	37
406	35
407	35
408	37
409	28
410	53
411	40
412	46
413	44
414	27
415	24
416	35
417	31
418	24
419	32
420	36
421	20
422	31
423	25
424	20
425	36
426	25
427	39
428	34
429	34
430	32
431	46
432	36
433	46
434	43
435	52
436	56
437	70
438	69
439	62
440	68
441	55
442	78
443	78
444	68
445	73
446	54
447	64
448	68
449	64
450	49
451	63
452	53
453	75
454	80
455	78
456	74
457	69
458	80
459	92
460	88
461	104
462	84
463	78
464	69
465	62
466	58
467	61
468	61
469	59
470	57
471	67
472	59
473	80
474	74
475	60
476	70
477	65
478	69
479	56
480	39
481	59
482	49
483	64
484	57
485	54
486	55
487	61
488	63
489	59
490	58
491	43
492	60
493	55
494	60
495	64
496	50
497	65
498	71
499	67
500	63
501	72
502	80
503	67
504	71
505	84
506	78
507	92
508	70
509	77
510	74
511	77
512	72
513	92
514	65
515	83
516	70
517	91
518	87
519	87
520	69
521	87
522	64
523	78
524	104
525	104
526	91
527	113
528	103
529	86
530	92
531	92
532	99
533	99
534	80
535	91
536	86
537	89
538	76
539	73
540	71
541	97
542	77
543	90
544	93
545	77
546	100
547	79
548	69
549	86
550	88
551	98
552	78
553	91
554	70
555	75
556	78
557	89
558	87
559	76
560	92
561	85
562	74
563	80
564	71
565	88
566	82
567	60
568	86
569	73
570	74
571	67
572	86
573	90
574	75
575	93
576	86
577	88
578	94
579	98
580	98
581	107
582	79
583	99
584	97
585	99
586	76
587	94
588	70
589	96
590	82
591	92
592	102
593	102
594	87
595	104
596	90
597	79
598	114
599	90
600	98
601	100
602	91
603	89
604	90
605	87
606	95
607	94
608	119
609	104
610	87
611	88
612	104
613	79
614	97
615	113
616	104
617	111
618	113
619	96
620	96
621	104
622	96
623	93
624	100
625	120
626	118
627	123
628	92
629	106
630	87
631	102
632	132
633	88
634	106
635	110
636	110
637	106
638	96
639	119
640	106
641	102
642	112
643	94
644	107
645	90
646	115
647	116
648	122
649	127
650	123
651	128
652	134
653	93
654	112
655	107
656	102
657	112
658	137
659	116
660	96
661	110
662	117
663	122
664	96
665	94
666	104
667	114
668	110
669	117
670	114
671	118
672	105
673	107
674	126
675	100
676	94
677	104
678	103
679	108
680	110
681	108
682	124
683	117
684	98
685	133
686	103
687	116
688	114
689	124
690	139
691	114
692	132
693	136
694	136
695	131
696	128
697	127
698	120
699	109
700	131
701	115
702	116
703	132
704	127
705	149
706	113
707	140
708	140
709	132
710	125
711	135
712	148
713	131
714	136
715	109
716	139
717	135
718	134
719	128
720	136
721	128
722	126
723	147
724	126
725	142
726	128
727	137
728	138
729	152
730	135
731	131
732	129
733	131
734	124
735	129
736	132
737	114
738	152
739	139
740	153
741	134
742	123
743	130
744	141
745	149
746	150
747	131
748	131
749	141
750	141
751	121
752	146
753	123
754	145
755	150
756	136
757	142
758	129
759	142
760	150
761	136
762	142
763	135
764	148
765	195
766	199
767	179
768	244
769	209
770	270
771	301
772	277
773	300
774	296
775	290
776	279
777	249
778	260
779	216
780	231
781	193
782	162
783	181
784	167
785	159
786	143
787	153
788	138
789	117
790	137
791	142
792	151
793	150
794	141
795	120
796	159
797	144
798	142
799	155
800	153
801	131
802	135
803	143
804	157
805	147
806	142
807	115
808	148
809	140
810	135
811	156
812	145
813	150
814	169
815	136
816	155
817	167
818	162
819	168
820	169
821	159
822	137
823	153
824	158
825	172
826	170
827	123
828	144
829	154
830	147
831	154
832	142
833	132
834	139
835	149
836	149
837	146
838	128
839	158
840	153
841	156
842	175
843	141
844	144
845	134
846	156
847	161
848	163
849	152
850	175
851	179
852	189
853	193
854	182
855	189
856	220
857	182
858	215
859	198
860	229
861	229
862	261
863	239
864	230
865	230
866	247
867	221
868	222
869	237
870	231
871	202
872	235
873	217
874	231
875	249
876	225
877	261
878	253
879	262
880	240
881	258
882	312
883	320
884	346
885	325
886	384
887	370
888	431
889	473
890	451
891	502
892	511
893	539
894	511
895	581
896	618
897	590
898	609
899	573
900	601
901	605
902	552
903	574
904	565
905	578
906	533
907	514
908	540
909	508
910	457
911	420
912	446
913	343
914	436
915	362
916	396
917	359
918	320
919	290
920	253
921	284
922	252
923	285
924	268
925	210
926	207
927	221
928	198
929	183
930	183
931	200
932	207
933	198
934	183
935	162
936	192
937	182
938	178
939	187
940	165
941	164
942	208
943	214
944	213
945	235
946	275
947	298
948	312
949	387
950	390
951	425
952	427
953	440
954	463
955	453
956	410
957	405
958	384
959	335
960	306
961	246
962	245
963	194
964	220
965	169
966	165
967	172
968	140
969	153
970	153
971	139
972	138
973	148
974	127
975	133
976	111
977	139
978	134
979	124
980	137
981	134
982	149
983	130
984	151
985	139
986	134
987	177
988	142
989	154
990	139
991	174
992	150
993	153
994	160
995	177
996	169
997	172
998	190
999	171
1000	167
1001	184
1002	214
1003	200
1004	185
1005	198
1006	183
1007	175
1008	174
1009	165
1010	196
1011	159
1012	173
1013	155
1014	154
1015	166
1016	152
1017	155
1018	143
1019	133
1020	117
1021	105
1022	142
1023	128
1024	135
