Date:	08/05/2018		Time:	23:01		Version no:	0.00		Project name:	55		Sample name:	222		Section name:	section		Position	402.115021	mm	E0	0.000000	keV	E1	1.000000	keV/channel	sample surface	6.129352	cm	Tube anode:	Mo		Tube voltage:	30	kV	Tube current:	50	mA	gain	10		std. database			resultfile	result		matrix element	11		sample thickness	1.000000		air passage	0.560000	cm	comments	in position		peaking_time	2.200000	m-sec	trigger_threshold	547.363281	V	mca_bin_width	22.090000	no:	number_mca_channels	1024.000000	no:	gap_time	0.150000	m-sec	trigger_peaking_time	0.200000	m-sec	GAINDAC	18610		HIGHGAIN	1		TAURC	1		RCTAU	1		RCTAUFRAC	1		livetime	9.413696	seconds	runtime	10.000486	seconds	input_count_rate	25603.758609	cps	output_count_rate	20801.188230	cps	triggers	241026	seconds	events_in_run	208022	seconds	channel	content		1	0
2	0
3	0
4	0
5	0
6	0
7	0
8	0
9	0
10	0
11	0
12	0
13	0
14	0
15	0
16	0
17	0
18	0
19	0
20	0
21	0
22	0
23	0
24	0
25	0
26	0
27	0
28	0
29	0
30	0
31	10
32	15
33	13
34	10
35	19
36	18
37	14
38	11
39	13
40	9
41	15
42	17
43	18
44	13
45	15
46	16
47	15
48	18
49	13
50	21
51	16
52	16
53	15
54	12
55	12
56	15
57	11
58	9
59	8
60	12
61	8
62	10
63	7
64	9
65	10
66	11
67	7
68	2
69	11
70	3
71	11
72	4
73	8
74	3
75	6
76	8
77	7
78	14
79	9
80	10
81	13
82	4
83	19
84	10
85	11
86	4
87	11
88	13
89	4
90	5
91	9
92	3
93	10
94	9
95	11
96	16
97	17
98	12
99	10
100	9
101	7
102	6
103	6
104	6
105	13
106	6
107	10
108	14
109	4
110	14
111	9
112	4
113	3
114	9
115	5
116	5
117	6
118	4
119	4
120	0
121	3
122	3
123	6
124	4
125	3
126	5
127	8
128	5
129	3
130	6
131	2
132	6
133	4
134	4
135	5
136	3
137	2
138	1
139	4
140	2
141	2
142	3
143	6
144	3
145	1
146	3
147	2
148	6
149	2
150	2
151	7
152	9
153	9
154	4
155	7
156	4
157	8
158	11
159	10
160	17
161	22
162	34
163	32
164	25
165	15
166	13
167	10
168	6
169	4
170	4
171	6
172	9
173	8
174	6
175	4
176	7
177	7
178	11
179	15
180	22
181	23
182	24
183	26
184	20
185	8
186	7
187	12
188	7
189	5
190	4
191	3
192	5
193	5
194	8
195	13
196	24
197	53
198	91
199	142
200	216
201	241
202	309
203	339
204	366
205	277
206	232
207	145
208	85
209	33
210	26
211	14
212	12
213	7
214	7
215	17
216	14
217	26
218	41
219	47
220	72
221	61
222	46
223	45
224	34
225	20
226	12
227	10
228	8
229	6
230	4
231	3
232	5
233	3
234	4
235	7
236	3
237	5
238	6
239	16
240	15
241	37
242	55
243	96
244	126
245	160
246	228
247	281
248	249
249	218
250	206
251	156
252	136
253	91
254	73
255	55
256	48
257	46
258	32
259	30
260	20
261	23
262	8
263	12
264	14
265	14
266	30
267	40
268	49
269	55
270	56
271	78
272	63
273	54
274	55
275	32
276	16
277	21
278	14
279	5
280	9
281	9
282	9
283	9
284	10
285	13
286	13
287	18
288	19
289	13
290	16
291	19
292	17
293	16
294	17
295	25
296	20
297	14
298	15
299	21
300	15
301	21
302	14
303	18
304	15
305	13
306	13
307	14
308	13
309	14
310	19
311	22
312	11
313	15
314	20
315	21
316	37
317	39
318	47
319	53
320	88
321	109
322	148
323	142
324	125
325	118
326	104
327	78
328	71
329	44
330	35
331	34
332	31
333	30
334	30
335	38
336	42
337	43
338	42
339	73
340	114
341	235
342	420
343	759
344	1391
345	2241
346	3479
347	5018
348	6612
349	7844
350	8972
351	9190
352	8787
353	7717
354	6282
355	4754
356	3219
357	2109
358	1289
359	729
360	372
361	166
362	119
363	68
364	53
365	39
366	48
367	50
368	52
369	37
370	54
371	37
372	66
373	61
374	73
375	65
376	87
377	130
378	134
379	246
380	339
381	525
382	683
383	950
384	1168
385	1321
386	1522
387	1570
388	1501
389	1251
390	1001
391	795
392	553
393	382
394	274
395	133
396	89
397	53
398	42
399	26
400	29
401	26
402	21
403	21
404	31
405	31
406	33
407	35
408	34
409	30
410	32
411	36
412	33
413	16
414	36
415	39
416	27
417	32
418	31
419	29
420	24
421	26
422	34
423	30
424	28
425	27
426	40
427	34
428	29
429	36
430	24
431	30
432	34
433	30
434	30
435	56
436	39
437	47
438	54
439	60
440	76
441	94
442	62
443	68
444	79
445	67
446	59
447	60
448	61
449	55
450	50
451	47
452	67
453	64
454	61
455	76
456	78
457	64
458	80
459	75
460	81
461	72
462	72
463	82
464	59
465	55
466	60
467	57
468	53
469	58
470	57
471	54
472	57
473	50
474	66
475	64
476	60
477	58
478	45
479	51
480	48
481	52
482	50
483	45
484	40
485	48
486	53
487	50
488	60
489	59
490	45
491	54
492	39
493	50
494	46
495	60
496	67
497	56
498	53
499	58
500	65
501	57
502	73
503	69
504	84
505	70
506	82
507	71
508	75
509	75
510	58
511	68
512	73
513	63
514	91
515	68
516	78
517	64
518	80
519	80
520	92
521	69
522	78
523	64
524	106
525	81
526	87
527	103
528	101
529	103
530	85
531	90
532	74
533	91
534	94
535	80
536	83
537	85
538	77
539	80
540	67
541	71
542	78
543	94
544	70
545	70
546	75
547	92
548	84
549	74
550	76
551	77
552	64
553	74
554	79
555	72
556	75
557	78
558	78
559	73
560	84
561	81
562	73
563	74
564	70
565	82
566	73
567	85
568	70
569	70
570	73
571	85
572	82
573	96
574	106
575	73
576	85
577	65
578	72
579	65
580	70
581	91
582	84
583	91
584	92
585	77
586	86
587	76
588	96
589	81
590	83
591	92
592	89
593	94
594	94
595	96
596	80
597	94
598	92
599	85
600	99
601	90
602	86
603	67
604	91
605	91
606	95
607	104
608	90
609	87
610	98
611	108
612	95
613	97
614	104
615	98
616	90
617	86
618	108
619	94
620	90
621	89
622	108
623	86
624	73
625	102
626	126
627	94
628	93
629	88
630	88
631	104
632	92
633	89
634	91
635	95
636	107
637	87
638	96
639	114
640	102
641	116
642	102
643	104
644	112
645	117
646	93
647	109
648	101
649	115
650	90
651	104
652	114
653	119
654	114
655	109
656	111
657	111
658	105
659	99
660	111
661	109
662	90
663	100
664	91
665	87
666	131
667	78
668	88
669	116
670	106
671	106
672	110
673	131
674	103
675	98
676	113
677	97
678	112
679	125
680	97
681	105
682	100
683	107
684	102
685	96
686	108
687	92
688	115
689	115
690	112
691	107
692	124
693	104
694	107
695	122
696	129
697	124
698	124
699	117
700	124
701	138
702	120
703	121
704	112
705	138
706	141
707	120
708	111
709	111
710	109
711	129
712	119
713	103
714	125
715	136
716	125
717	114
718	111
719	118
720	124
721	115
722	138
723	121
724	119
725	120
726	121
727	122
728	115
729	120
730	140
731	125
732	134
733	127
734	118
735	140
736	152
737	121
738	118
739	136
740	117
741	119
742	134
743	134
744	121
745	147
746	112
747	121
748	106
749	120
750	108
751	110
752	138
753	130
754	123
755	124
756	135
757	139
758	123
759	125
760	124
761	124
762	152
763	140
764	173
765	155
766	164
767	161
768	204
769	220
770	273
771	263
772	229
773	280
774	240
775	268
776	246
777	192
778	221
779	199
780	182
781	173
782	145
783	140
784	146
785	124
786	124
787	131
788	117
789	140
790	124
791	143
792	116
793	124
794	108
795	137
796	112
797	122
798	135
799	131
800	125
801	103
802	113
803	122
804	112
805	129
806	110
807	143
808	134
809	125
810	135
811	120
812	161
813	124
814	134
815	170
816	135
817	132
818	136
819	111
820	131
821	119
822	133
823	127
824	142
825	130
826	154
827	137
828	149
829	160
830	142
831	116
832	137
833	143
834	164
835	156
836	121
837	149
838	141
839	115
840	166
841	145
842	147
843	132
844	144
845	147
846	126
847	151
848	149
849	131
850	163
851	140
852	178
853	157
854	156
855	164
856	201
857	171
858	183
859	201
860	188
861	212
862	192
863	219
864	238
865	209
866	213
867	181
868	234
869	224
870	224
871	202
872	201
873	183
874	206
875	214
876	235
877	218
878	262
879	234
880	257
881	273
882	291
883	315
884	352
885	336
886	335
887	351
888	370
889	387
890	415
891	434
892	442
893	503
894	500
895	495
896	525
897	522
898	551
899	542
900	538
901	553
902	572
903	564
904	530
905	498
906	495
907	539
908	450
909	458
910	425
911	425
912	362
913	379
914	391
915	340
916	349
917	325
918	310
919	281
920	246
921	277
922	255
923	223
924	224
925	216
926	216
927	185
928	194
929	196
930	163
931	164
932	173
933	173
934	166
935	147
936	170
937	172
938	143
939	152
940	164
941	160
942	181
943	190
944	231
945	232
946	256
947	289
948	306
949	329
950	337
951	340
952	426
953	418
954	424
955	413
956	387
957	357
958	337
959	321
960	273
961	260
962	216
963	199
964	217
965	158
966	143
967	127
968	146
969	114
970	130
971	120
972	126
973	146
974	105
975	125
976	137
977	111
978	132
979	110
980	133
981	114
982	108
983	137
984	154
985	153
986	153
987	143
988	140
989	120
990	138
991	150
992	149
993	149
994	148
995	179
996	143
997	178
998	167
999	179
1000	179
1001	158
1002	181
1003	185
1004	180
1005	159
1006	173
1007	180
1008	157
1009	159
1010	173
1011	173
1012	150
1013	158
1014	138
1015	139
1016	134
1017	156
1018	158
1019	153
1020	124
1021	137
1022	126
1023	106
1024	129
