Date:	08/05/2018		Time:	22:36		Version no:	0.00		Project name:	55		Sample name:	222		Section name:	section		Position	375.915039	mm	E0	0.000000	keV	E1	1.000000	keV/channel	sample surface	6.212368	cm	Tube anode:	Mo		Tube voltage:	30	kV	Tube current:	50	mA	gain	10		std. database			resultfile	result		matrix element	11		sample thickness	1.000000		air passage	0.560000	cm	comments	in position		peaking_time	2.200000	m-sec	trigger_threshold	547.363281	V	mca_bin_width	22.090000	no:	number_mca_channels	1024.000000	no:	gap_time	0.150000	m-sec	trigger_peaking_time	0.200000	m-sec	GAINDAC	18610		HIGHGAIN	1		TAURC	1		RCTAU	1		RCTAUFRAC	1		livetime	9.469601	seconds	runtime	10.000170	seconds	input_count_rate	22372.115200	cps	output_count_rate	18553.685329	cps	triggers	211855	seconds	events_in_run	185540	seconds	channel	content		1	0
2	0
3	0
4	0
5	0
6	0
7	0
8	0
9	0
10	0
11	0
12	0
13	0
14	0
15	0
16	0
17	0
18	0
19	0
20	0
21	0
22	0
23	0
24	0
25	0
26	0
27	0
28	0
29	0
30	0
31	11
32	18
33	12
34	11
35	16
36	11
37	17
38	15
39	18
40	10
41	6
42	11
43	13
44	17
45	16
46	19
47	10
48	17
49	18
50	12
51	8
52	13
53	11
54	12
55	12
56	12
57	13
58	10
59	14
60	10
61	11
62	10
63	12
64	16
65	12
66	8
67	5
68	9
69	10
70	9
71	6
72	8
73	5
74	9
75	6
76	6
77	7
78	3
79	10
80	10
81	11
82	13
83	7
84	13
85	6
86	5
87	8
88	4
89	9
90	7
91	5
92	6
93	6
94	12
95	20
96	23
97	19
98	16
99	19
100	8
101	5
102	10
103	5
104	8
105	9
106	10
107	6
108	13
109	13
110	12
111	6
112	6
113	6
114	2
115	4
116	5
117	4
118	2
119	3
120	3
121	3
122	6
123	5
124	3
125	4
126	6
127	5
128	3
129	7
130	2
131	6
132	4
133	3
134	4
135	2
136	4
137	7
138	7
139	3
140	1
141	3
142	3
143	2
144	4
145	1
146	9
147	3
148	4
149	5
150	4
151	6
152	3
153	6
154	8
155	3
156	5
157	8
158	4
159	16
160	24
161	15
162	22
163	28
164	28
165	23
166	12
167	16
168	12
169	4
170	5
171	2
172	6
173	4
174	8
175	9
176	0
177	12
178	16
179	12
180	26
181	24
182	26
183	21
184	17
185	22
186	12
187	8
188	4
189	1
190	5
191	3
192	2
193	9
194	8
195	7
196	37
197	57
198	100
199	166
200	241
201	301
202	368
203	369
204	337
205	259
206	201
207	141
208	96
209	42
210	28
211	9
212	10
213	13
214	13
215	19
216	25
217	33
218	53
219	58
220	56
221	55
222	68
223	41
224	31
225	29
226	16
227	14
228	9
229	5
230	2
231	2
232	3
233	3
234	2
235	5
236	2
237	6
238	2
239	6
240	11
241	16
242	33
243	49
244	70
245	89
246	120
247	128
248	148
249	137
250	117
251	87
252	64
253	54
254	40
255	42
256	36
257	35
258	26
259	23
260	17
261	19
262	16
263	12
264	12
265	20
266	13
267	27
268	22
269	35
270	40
271	41
272	36
273	24
274	32
275	19
276	10
277	8
278	9
279	8
280	7
281	5
282	9
283	10
284	17
285	16
286	13
287	13
288	10
289	17
290	12
291	11
292	18
293	10
294	16
295	16
296	16
297	10
298	21
299	16
300	23
301	17
302	10
303	11
304	10
305	7
306	11
307	9
308	10
309	11
310	11
311	15
312	10
313	13
314	12
315	19
316	18
317	23
318	29
319	47
320	65
321	58
322	67
323	81
324	89
325	69
326	60
327	55
328	44
329	25
330	36
331	29
332	22
333	18
334	22
335	27
336	27
337	37
338	53
339	56
340	94
341	177
342	334
343	633
344	1121
345	1884
346	2877
347	3978
348	5271
349	6270
350	7135
351	7296
352	6962
353	6102
354	4982
355	3717
356	2559
357	1633
358	945
359	549
360	272
361	147
362	105
363	62
364	44
365	42
366	29
367	40
368	42
369	43
370	38
371	45
372	55
373	48
374	46
375	73
376	73
377	85
378	140
379	210
380	316
381	424
382	603
383	734
384	950
385	1138
386	1195
387	1254
388	1197
389	983
390	882
391	676
392	440
393	304
394	172
395	127
396	100
397	48
398	39
399	23
400	17
401	26
402	29
403	23
404	30
405	21
406	27
407	35
408	41
409	39
410	31
411	27
412	35
413	24
414	31
415	35
416	23
417	25
418	24
419	27
420	22
421	23
422	31
423	34
424	38
425	36
426	27
427	34
428	48
429	30
430	35
431	32
432	35
433	44
434	54
435	50
436	58
437	53
438	57
439	42
440	46
441	64
442	69
443	56
444	50
445	60
446	64
447	61
448	55
449	58
450	77
451	57
452	56
453	47
454	55
455	52
456	88
457	67
458	71
459	95
460	75
461	90
462	76
463	57
464	58
465	68
466	50
467	48
468	50
469	41
470	48
471	51
472	55
473	57
474	66
475	53
476	52
477	67
478	60
479	47
480	33
481	38
482	47
483	51
484	52
485	57
486	47
487	47
488	52
489	59
490	50
491	58
492	50
493	54
494	54
495	60
496	57
497	40
498	66
499	53
500	60
501	63
502	53
503	67
504	80
505	69
506	56
507	55
508	73
509	63
510	82
511	64
512	82
513	73
514	70
515	69
516	82
517	68
518	74
519	73
520	68
521	91
522	86
523	67
524	75
525	84
526	81
527	87
528	77
529	92
530	94
531	86
532	94
533	86
534	73
535	66
536	81
537	80
538	84
539	87
540	77
541	64
542	65
543	70
544	94
545	80
546	60
547	84
548	83
549	72
550	88
551	79
552	68
553	71
554	56
555	62
556	65
557	86
558	77
559	85
560	64
561	80
562	64
563	75
564	62
565	77
566	71
567	52
568	63
569	76
570	68
571	86
572	85
573	67
574	68
575	85
576	73
577	91
578	81
579	70
580	84
581	69
582	69
583	81
584	82
585	73
586	79
587	83
588	93
589	65
590	84
591	81
592	77
593	73
594	74
595	89
596	93
597	86
598	100
599	99
600	93
601	89
602	90
603	91
604	74
605	84
606	82
607	95
608	82
609	86
610	82
611	72
612	92
613	105
614	86
615	103
616	88
617	87
618	77
619	105
620	82
621	97
622	104
623	84
624	97
625	100
626	93
627	79
628	90
629	80
630	100
631	81
632	99
633	111
634	92
635	109
636	95
637	109
638	97
639	102
640	98
641	83
642	90
643	96
644	86
645	85
646	95
647	96
648	93
649	87
650	96
651	102
652	105
653	115
654	87
655	95
656	104
657	103
658	96
659	88
660	94
661	97
662	101
663	103
664	90
665	85
666	112
667	91
668	110
669	92
670	77
671	96
672	121
673	95
674	107
675	101
676	119
677	88
678	97
679	106
680	87
681	107
682	100
683	91
684	123
685	116
686	106
687	105
688	113
689	129
690	106
691	126
692	115
693	104
694	108
695	110
696	111
697	122
698	118
699	127
700	118
701	123
702	123
703	133
704	118
705	135
706	112
707	122
708	127
709	130
710	126
711	108
712	112
713	109
714	99
715	117
716	112
717	110
718	111
719	147
720	98
721	110
722	119
723	118
724	114
725	134
726	113
727	97
728	121
729	131
730	123
731	111
732	129
733	112
734	104
735	149
736	128
737	114
738	139
739	125
740	128
741	128
742	123
743	117
744	152
745	118
746	124
747	135
748	118
749	118
750	117
751	117
752	123
753	120
754	122
755	130
756	126
757	123
758	126
759	108
760	103
761	118
762	144
763	149
764	151
765	177
766	175
767	222
768	206
769	260
770	268
771	303
772	329
773	295
774	288
775	298
776	282
777	271
778	262
779	220
780	197
781	212
782	186
783	137
784	155
785	116
786	148
787	123
788	115
789	134
790	118
791	124
792	115
793	134
794	115
795	117
796	116
797	145
798	124
799	145
800	123
801	125
802	134
803	124
804	130
805	124
806	114
807	123
808	137
809	140
810	138
811	123
812	144
813	120
814	140
815	123
816	118
817	131
818	149
819	132
820	117
821	135
822	143
823	138
824	114
825	144
826	133
827	125
828	128
829	133
830	146
831	135
832	137
833	149
834	128
835	133
836	127
837	114
838	120
839	144
840	160
841	144
842	148
843	139
844	140
845	143
846	158
847	150
848	139
849	143
850	166
851	161
852	139
853	184
854	169
855	159
856	169
857	204
858	190
859	178
860	203
861	188
862	215
863	191
864	205
865	209
866	206
867	231
868	207
869	203
870	208
871	227
872	197
873	199
874	192
875	192
876	255
877	223
878	226
879	245
880	244
881	275
882	277
883	284
884	300
885	317
886	299
887	327
888	389
889	417
890	389
891	438
892	439
893	486
894	471
895	535
896	507
897	556
898	522
899	539
900	509
901	520
902	536
903	540
904	514
905	518
906	472
907	521
908	507
909	463
910	438
911	424
912	372
913	399
914	344
915	355
916	304
917	291
918	293
919	298
920	278
921	235
922	268
923	236
924	244
925	188
926	195
927	192
928	165
929	150
930	171
931	183
932	166
933	145
934	154
935	160
936	145
937	137
938	162
939	178
940	174
941	189
942	206
943	196
944	240
945	221
946	256
947	313
948	309
949	352
950	364
951	361
952	405
953	438
954	414
955	408
956	412
957	399
958	328
959	282
960	316
961	251
962	224
963	218
964	192
965	149
966	147
967	172
968	137
969	115
970	134
971	120
972	115
973	146
974	120
975	119
976	110
977	110
978	134
979	119
980	123
981	132
982	101
983	122
984	126
985	129
986	129
987	141
988	134
989	134
990	146
991	143
992	136
993	146
994	161
995	159
996	160
997	169
998	149
999	187
1000	180
1001	175
1002	151
1003	163
1004	151
1005	178
1006	148
1007	153
1008	159
1009	163
1010	164
1011	170
1012	165
1013	141
1014	140
1015	140
1016	110
1017	138
1018	130
1019	119
1020	154
1021	141
1022	125
1023	124
1024	117
