Date:	08/05/2018		Time:	22:58		Version no:	0.00		Project name:	55		Sample name:	222		Section name:	section		Position	398.515045	mm	E0	0.000000	keV	E1	1.000000	keV/channel	sample surface	6.117683	cm	Tube anode:	Mo		Tube voltage:	30	kV	Tube current:	50	mA	gain	10		std. database			resultfile	result		matrix element	11		sample thickness	1.000000		air passage	0.560000	cm	comments	in position		peaking_time	2.200000	m-sec	trigger_threshold	547.363281	V	mca_bin_width	22.090000	no:	number_mca_channels	1024.000000	no:	gap_time	0.150000	m-sec	trigger_peaking_time	0.200000	m-sec	GAINDAC	18610		HIGHGAIN	1		TAURC	1		RCTAU	1		RCTAUFRAC	1		livetime	9.404497	seconds	runtime	10.000493	seconds	input_count_rate	25874.643288	cps	output_count_rate	20961.267029	cps	triggers	243338	seconds	events_in_run	209623	seconds	channel	content		1	0
2	0
3	0
4	0
5	0
6	0
7	0
8	0
9	0
10	0
11	0
12	0
13	0
14	0
15	0
16	0
17	0
18	0
19	0
20	0
21	0
22	0
23	0
24	0
25	0
26	0
27	0
28	0
29	0
30	0
31	16
32	10
33	10
34	12
35	15
36	9
37	18
38	15
39	15
40	13
41	13
42	12
43	17
44	17
45	15
46	13
47	16
48	10
49	14
50	16
51	15
52	19
53	16
54	9
55	11
56	13
57	15
58	11
59	8
60	12
61	11
62	16
63	11
64	11
65	7
66	13
67	10
68	10
69	9
70	8
71	9
72	12
73	7
74	6
75	11
76	6
77	5
78	14
79	8
80	12
81	11
82	16
83	15
84	12
85	9
86	8
87	11
88	7
89	6
90	7
91	9
92	8
93	7
94	16
95	14
96	12
97	22
98	14
99	8
100	15
101	6
102	7
103	5
104	10
105	11
106	7
107	14
108	7
109	11
110	5
111	10
112	5
113	5
114	6
115	1
116	9
117	7
118	2
119	5
120	6
121	4
122	4
123	6
124	4
125	7
126	8
127	3
128	1
129	1
130	5
131	3
132	4
133	5
134	4
135	5
136	4
137	3
138	6
139	2
140	9
141	0
142	6
143	8
144	6
145	4
146	3
147	7
148	2
149	1
150	3
151	3
152	4
153	7
154	8
155	5
156	1
157	6
158	8
159	8
160	20
161	29
162	24
163	22
164	23
165	19
166	15
167	14
168	5
169	4
170	6
171	4
172	3
173	5
174	2
175	10
176	9
177	2
178	11
179	14
180	16
181	15
182	24
183	30
184	25
185	16
186	14
187	8
188	10
189	5
190	2
191	4
192	6
193	7
194	10
195	17
196	26
197	57
198	93
199	139
200	212
201	267
202	341
203	321
204	311
205	263
206	185
207	146
208	80
209	47
210	26
211	15
212	9
213	14
214	13
215	18
216	21
217	37
218	51
219	44
220	64
221	67
222	48
223	43
224	35
225	22
226	20
227	12
228	10
229	4
230	7
231	9
232	1
233	9
234	2
235	7
236	5
237	3
238	6
239	10
240	12
241	34
242	56
243	61
244	110
245	157
246	203
247	223
248	222
249	192
250	183
251	140
252	117
253	87
254	58
255	54
256	49
257	35
258	38
259	24
260	22
261	14
262	13
263	15
264	12
265	25
266	22
267	35
268	44
269	49
270	45
271	58
272	62
273	61
274	46
275	31
276	35
277	26
278	16
279	8
280	6
281	18
282	8
283	6
284	11
285	13
286	8
287	17
288	22
289	18
290	16
291	18
292	16
293	16
294	15
295	16
296	12
297	16
298	16
299	11
300	13
301	15
302	17
303	13
304	15
305	17
306	23
307	21
308	7
309	13
310	10
311	16
312	9
313	11
314	12
315	20
316	27
317	28
318	50
319	64
320	90
321	93
322	114
323	134
324	125
325	120
326	109
327	89
328	66
329	50
330	39
331	35
332	37
333	41
334	32
335	22
336	38
337	40
338	59
339	75
340	133
341	228
342	389
343	778
344	1389
345	2380
346	3455
347	4966
348	6531
349	7982
350	8864
351	9176
352	8656
353	7684
354	6183
355	4591
356	3111
357	2085
358	1181
359	694
360	377
361	182
362	95
363	44
364	53
365	44
366	43
367	52
368	46
369	39
370	46
371	52
372	42
373	53
374	56
375	70
376	88
377	106
378	142
379	263
380	363
381	495
382	678
383	943
384	1192
385	1361
386	1451
387	1557
388	1409
389	1243
390	1047
391	718
392	535
393	368
394	217
395	145
396	82
397	51
398	43
399	30
400	36
401	29
402	23
403	18
404	38
405	31
406	27
407	34
408	30
409	32
410	35
411	45
412	42
413	32
414	26
415	36
416	28
417	32
418	31
419	20
420	26
421	19
422	36
423	34
424	35
425	31
426	43
427	32
428	28
429	30
430	32
431	35
432	41
433	35
434	40
435	50
436	53
437	63
438	64
439	68
440	69
441	72
442	70
443	63
444	69
445	68
446	49
447	62
448	58
449	57
450	43
451	55
452	55
453	61
454	78
455	54
456	83
457	68
458	66
459	76
460	72
461	76
462	89
463	69
464	73
465	69
466	66
467	62
468	54
469	48
470	52
471	70
472	80
473	59
474	80
475	54
476	47
477	67
478	55
479	51
480	39
481	62
482	39
483	47
484	76
485	56
486	72
487	55
488	46
489	57
490	53
491	48
492	56
493	55
494	57
495	67
496	53
497	54
498	57
499	63
500	45
501	67
502	57
503	76
504	81
505	81
506	74
507	73
508	82
509	79
510	79
511	64
512	70
513	88
514	79
515	74
516	83
517	84
518	85
519	84
520	71
521	80
522	71
523	86
524	75
525	88
526	96
527	87
528	115
529	86
530	86
531	91
532	78
533	112
534	78
535	95
536	77
537	67
538	81
539	68
540	81
541	70
542	67
543	76
544	76
545	88
546	90
547	75
548	67
549	67
550	68
551	67
552	68
553	76
554	55
555	63
556	75
557	64
558	70
559	87
560	79
561	65
562	79
563	72
564	73
565	58
566	76
567	68
568	76
569	81
570	75
571	83
572	92
573	85
574	89
575	86
576	73
577	81
578	93
579	75
580	86
581	87
582	100
583	82
584	94
585	90
586	75
587	76
588	86
589	87
590	73
591	77
592	71
593	95
594	98
595	76
596	80
597	81
598	90
599	89
600	109
601	91
602	91
603	79
604	98
605	91
606	104
607	103
608	97
609	104
610	80
611	106
612	80
613	85
614	89
615	101
616	95
617	99
618	98
619	114
620	118
621	83
622	103
623	99
624	122
625	121
626	89
627	91
628	99
629	80
630	95
631	94
632	88
633	111
634	118
635	89
636	108
637	91
638	105
639	87
640	111
641	97
642	103
643	100
644	105
645	100
646	109
647	101
648	98
649	126
650	103
651	97
652	120
653	93
654	98
655	100
656	112
657	122
658	119
659	91
660	101
661	108
662	105
663	117
664	109
665	114
666	107
667	116
668	112
669	99
670	125
671	110
672	126
673	99
674	103
675	109
676	128
677	105
678	101
679	132
680	104
681	114
682	119
683	118
684	118
685	116
686	126
687	111
688	116
689	90
690	120
691	116
692	98
693	137
694	104
695	103
696	119
697	113
698	118
699	116
700	119
701	141
702	127
703	113
704	139
705	115
706	112
707	125
708	136
709	137
710	101
711	130
712	139
713	113
714	140
715	120
716	123
717	108
718	117
719	136
720	119
721	128
722	120
723	119
724	122
725	120
726	122
727	135
728	116
729	127
730	132
731	143
732	121
733	119
734	115
735	138
736	136
737	141
738	135
739	121
740	141
741	152
742	127
743	111
744	122
745	141
746	123
747	136
748	139
749	126
750	129
751	128
752	113
753	112
754	103
755	128
756	145
757	125
758	131
759	154
760	133
761	116
762	118
763	164
764	131
765	167
766	199
767	190
768	233
769	214
770	232
771	265
772	262
773	224
774	290
775	266
776	240
777	251
778	228
779	188
780	218
781	193
782	169
783	160
784	166
785	125
786	127
787	122
788	149
789	127
790	130
791	131
792	139
793	128
794	136
795	133
796	133
797	135
798	115
799	130
800	110
801	150
802	140
803	137
804	139
805	136
806	149
807	129
808	136
809	130
810	157
811	137
812	126
813	137
814	142
815	139
816	140
817	138
818	145
819	163
820	147
821	141
822	139
823	142
824	148
825	128
826	119
827	142
828	126
829	142
830	133
831	126
832	145
833	138
834	166
835	134
836	134
837	151
838	133
839	147
840	155
841	162
842	160
843	129
844	152
845	166
846	154
847	176
848	160
849	170
850	139
851	185
852	144
853	156
854	157
855	164
856	167
857	168
858	183
859	193
860	199
861	187
862	211
863	214
864	206
865	202
866	222
867	204
868	230
869	198
870	201
871	205
872	211
873	218
874	226
875	213
876	239
877	263
878	228
879	247
880	287
881	298
882	306
883	279
884	307
885	339
886	372
887	374
888	397
889	423
890	411
891	457
892	458
893	502
894	527
895	523
896	558
897	556
898	526
899	579
900	584
901	534
902	562
903	545
904	584
905	520
906	527
907	521
908	443
909	495
910	451
911	412
912	416
913	378
914	350
915	362
916	364
917	331
918	305
919	315
920	290
921	249
922	238
923	254
924	229
925	207
926	216
927	206
928	200
929	181
930	209
931	177
932	175
933	173
934	164
935	145
936	191
937	162
938	177
939	176
940	175
941	186
942	210
943	194
944	206
945	261
946	279
947	307
948	330
949	344
950	344
951	405
952	430
953	429
954	434
955	461
956	404
957	374
958	341
959	329
960	283
961	230
962	216
963	214
964	177
965	161
966	152
967	138
968	135
969	136
970	129
971	126
972	119
973	130
974	125
975	148
976	115
977	111
978	127
979	115
980	129
981	129
982	138
983	131
984	153
985	152
986	124
987	161
988	145
989	163
990	163
991	158
992	166
993	163
994	163
995	190
996	179
997	176
998	157
999	154
1000	181
1001	196
1002	165
1003	196
1004	178
1005	182
1006	176
1007	162
1008	166
1009	165
1010	165
1011	147
1012	163
1013	159
1014	151
1015	147
1016	167
1017	142
1018	141
1019	148
1020	146
1021	136
1022	110
1023	125
1024	96
