Date:	08/05/2018		Time:	21:30		Version no:	0.00		Project name:	55		Sample name:	222		Section name:	section		Position	306.715027	mm	E0	0.000000	keV	E1	1.000000	keV/channel	sample surface	6.061089	cm	Tube anode:	Mo		Tube voltage:	30	kV	Tube current:	50	mA	gain	10		std. database			resultfile	result		matrix element	11		sample thickness	1.000000		air passage	0.560000	cm	comments	in position		peaking_time	2.200000	m-sec	trigger_threshold	547.363281	V	mca_bin_width	22.090000	no:	number_mca_channels	1024.000000	no:	gap_time	0.150000	m-sec	trigger_peaking_time	0.200000	m-sec	GAINDAC	18610		HIGHGAIN	1		TAURC	1		RCTAU	1		RCTAUFRAC	1		livetime	9.469191	seconds	runtime	10.000078	seconds	input_count_rate	22387.022875	cps	output_count_rate	18530.854718	cps	triggers	211987	seconds	events_in_run	185310	seconds	channel	content		1	0
2	0
3	0
4	0
5	0
6	0
7	0
8	0
9	0
10	0
11	0
12	0
13	0
14	0
15	0
16	0
17	0
18	0
19	0
20	0
21	0
22	0
23	0
24	0
25	0
26	0
27	0
28	0
29	0
30	0
31	13
32	7
33	19
34	11
35	5
36	15
37	9
38	17
39	12
40	12
41	10
42	18
43	17
44	15
45	11
46	18
47	9
48	24
49	22
50	15
51	10
52	16
53	9
54	11
55	13
56	13
57	5
58	15
59	12
60	10
61	12
62	11
63	14
64	14
65	11
66	10
67	12
68	5
69	7
70	4
71	16
72	11
73	10
74	6
75	12
76	9
77	6
78	6
79	8
80	9
81	13
82	6
83	10
84	7
85	10
86	6
87	7
88	7
89	5
90	10
91	8
92	2
93	11
94	14
95	17
96	14
97	19
98	21
99	9
100	13
101	14
102	3
103	10
104	7
105	6
106	4
107	5
108	5
109	7
110	10
111	8
112	7
113	4
114	5
115	6
116	7
117	3
118	4
119	5
120	2
121	4
122	8
123	5
124	2
125	7
126	5
127	6
128	4
129	5
130	5
131	3
132	2
133	8
134	5
135	3
136	3
137	1
138	5
139	4
140	2
141	1
142	4
143	5
144	2
145	3
146	6
147	2
148	6
149	4
150	5
151	3
152	3
153	6
154	4
155	3
156	3
157	6
158	8
159	16
160	11
161	21
162	27
163	23
164	34
165	28
166	15
167	7
168	6
169	6
170	10
171	4
172	4
173	9
174	3
175	8
176	5
177	9
178	12
179	14
180	18
181	19
182	25
183	25
184	14
185	16
186	12
187	4
188	6
189	2
190	2
191	3
192	3
193	1
194	7
195	8
196	27
197	59
198	78
199	127
200	174
201	257
202	307
203	298
204	299
205	272
206	191
207	125
208	71
209	46
210	15
211	18
212	15
213	10
214	12
215	12
216	28
217	23
218	41
219	46
220	56
221	43
222	39
223	28
224	28
225	26
226	14
227	16
228	11
229	7
230	4
231	4
232	5
233	7
234	6
235	6
236	4
237	6
238	4
239	7
240	17
241	23
242	43
243	69
244	101
245	130
246	186
247	215
248	221
249	182
250	147
251	129
252	102
253	71
254	55
255	43
256	25
257	23
258	24
259	20
260	12
261	16
262	8
263	12
264	13
265	16
266	26
267	32
268	28
269	45
270	51
271	55
272	53
273	29
274	36
275	32
276	25
277	22
278	11
279	11
280	7
281	11
282	8
283	12
284	9
285	8
286	13
287	15
288	8
289	14
290	18
291	16
292	13
293	17
294	20
295	20
296	10
297	16
298	18
299	16
300	12
301	12
302	13
303	12
304	14
305	11
306	13
307	11
308	15
309	8
310	16
311	14
312	12
313	19
314	9
315	23
316	35
317	33
318	48
319	63
320	80
321	107
322	115
323	118
324	130
325	123
326	114
327	78
328	70
329	36
330	36
331	30
332	18
333	13
334	22
335	30
336	26
337	45
338	47
339	60
340	76
341	152
342	329
343	557
344	1001
345	1655
346	2557
347	3586
348	4737
349	5809
350	6448
351	6658
352	6205
353	5499
354	4472
355	3260
356	2305
357	1450
358	882
359	520
360	280
361	151
362	79
363	52
364	44
365	35
366	33
367	33
368	30
369	25
370	39
371	33
372	40
373	61
374	43
375	64
376	72
377	102
378	107
379	170
380	285
381	375
382	527
383	732
384	833
385	1012
386	1133
387	1119
388	1084
389	990
390	781
391	549
392	424
393	270
394	172
395	105
396	56
397	55
398	36
399	20
400	27
401	23
402	26
403	33
404	43
405	34
406	39
407	30
408	30
409	43
410	38
411	34
412	39
413	23
414	36
415	35
416	42
417	30
418	34
419	28
420	33
421	40
422	18
423	27
424	21
425	29
426	33
427	27
428	36
429	36
430	29
431	33
432	58
433	30
434	40
435	45
436	46
437	44
438	63
439	70
440	65
441	70
442	51
443	77
444	63
445	65
446	72
447	40
448	69
449	63
450	67
451	58
452	77
453	58
454	65
455	73
456	76
457	71
458	64
459	69
460	68
461	85
462	85
463	61
464	65
465	58
466	73
467	72
468	56
469	41
470	56
471	59
472	56
473	51
474	58
475	76
476	64
477	60
478	54
479	50
480	57
481	63
482	64
483	45
484	54
485	47
486	60
487	67
488	50
489	53
490	61
491	58
492	71
493	54
494	56
495	62
496	69
497	66
498	55
499	57
500	68
501	63
502	68
503	66
504	63
505	77
506	79
507	83
508	55
509	69
510	82
511	86
512	65
513	72
514	86
515	62
516	87
517	79
518	85
519	79
520	77
521	80
522	78
523	90
524	91
525	90
526	97
527	91
528	94
529	93
530	91
531	104
532	80
533	103
534	91
535	82
536	82
537	85
538	67
539	82
540	70
541	68
542	79
543	97
544	86
545	70
546	74
547	77
548	74
549	83
550	78
551	86
552	68
553	78
554	74
555	67
556	67
557	70
558	68
559	71
560	68
561	69
562	77
563	80
564	81
565	71
566	89
567	75
568	79
569	74
570	83
571	80
572	99
573	91
574	88
575	78
576	78
577	68
578	82
579	74
580	85
581	98
582	81
583	87
584	73
585	88
586	89
587	77
588	73
589	78
590	91
591	85
592	86
593	91
594	97
595	97
596	101
597	95
598	86
599	100
600	107
601	113
602	89
603	86
604	84
605	79
606	90
607	82
608	105
609	85
610	91
611	92
612	82
613	103
614	76
615	87
616	86
617	105
618	83
619	91
620	91
621	114
622	103
623	98
624	89
625	125
626	91
627	113
628	95
629	100
630	83
631	89
632	97
633	101
634	97
635	103
636	109
637	97
638	109
639	100
640	93
641	109
642	94
643	119
644	101
645	94
646	108
647	101
648	109
649	115
650	123
651	116
652	108
653	112
654	111
655	104
656	109
657	114
658	95
659	112
660	99
661	101
662	103
663	106
664	99
665	96
666	109
667	102
668	102
669	89
670	103
671	131
672	105
673	100
674	111
675	89
676	138
677	132
678	108
679	130
680	100
681	105
682	116
683	100
684	99
685	131
686	101
687	99
688	120
689	109
690	103
691	134
692	125
693	97
694	131
695	104
696	115
697	121
698	129
699	128
700	130
701	144
702	136
703	122
704	125
705	128
706	128
707	117
708	138
709	118
710	129
711	120
712	127
713	154
714	140
715	128
716	130
717	112
718	126
719	133
720	127
721	120
722	122
723	124
724	126
725	111
726	105
727	125
728	112
729	131
730	148
731	131
732	133
733	139
734	120
735	157
736	132
737	134
738	151
739	123
740	130
741	120
742	133
743	136
744	117
745	127
746	128
747	121
748	136
749	138
750	127
751	102
752	123
753	143
754	123
755	122
756	144
757	134
758	125
759	112
760	143
761	134
762	168
763	142
764	157
765	158
766	186
767	204
768	211
769	225
770	244
771	286
772	247
773	268
774	235
775	260
776	248
777	279
778	260
779	223
780	214
781	174
782	193
783	159
784	150
785	122
786	142
787	149
788	147
789	126
790	122
791	142
792	137
793	150
794	117
795	136
796	140
797	121
798	151
799	126
800	132
801	132
802	148
803	136
804	159
805	129
806	137
807	128
808	133
809	127
810	137
811	150
812	124
813	161
814	163
815	146
816	143
817	154
818	154
819	155
820	148
821	147
822	150
823	188
824	147
825	133
826	157
827	163
828	148
829	167
830	165
831	144
832	139
833	155
834	160
835	158
836	157
837	151
838	146
839	146
840	167
841	133
842	146
843	154
844	150
845	138
846	167
847	175
848	136
849	132
850	168
851	169
852	163
853	176
854	167
855	174
856	176
857	192
858	177
859	196
860	191
861	221
862	214
863	226
864	236
865	245
866	241
867	232
868	229
869	216
870	232
871	212
872	235
873	220
874	204
875	250
876	232
877	240
878	270
879	269
880	278
881	297
882	291
883	309
884	322
885	341
886	373
887	383
888	376
889	459
890	473
891	465
892	521
893	510
894	523
895	506
896	556
897	556
898	583
899	568
900	534
901	572
902	563
903	592
904	563
905	560
906	526
907	506
908	505
909	462
910	479
911	449
912	433
913	410
914	384
915	407
916	357
917	358
918	293
919	311
920	297
921	275
922	265
923	217
924	238
925	232
926	189
927	209
928	209
929	170
930	189
931	183
932	185
933	178
934	187
935	178
936	168
937	174
938	154
939	209
940	162
941	181
942	197
943	201
944	230
945	258
946	253
947	290
948	324
949	363
950	352
951	377
952	414
953	462
954	430
955	431
956	406
957	399
958	389
959	335
960	328
961	272
962	230
963	228
964	222
965	182
966	190
967	140
968	157
969	127
970	137
971	140
972	131
973	126
974	135
975	130
976	134
977	144
978	120
979	131
980	139
981	138
982	138
983	133
984	122
985	135
986	133
987	155
988	167
989	178
990	155
991	154
992	167
993	158
994	160
995	165
996	184
997	184
998	186
999	187
1000	174
1001	166
1002	180
1003	193
1004	183
1005	181
1006	165
1007	193
1008	180
1009	147
1010	162
1011	156
1012	183
1013	182
1014	174
1015	179
1016	145
1017	158
1018	149
1019	120
1020	133
1021	128
1022	120
1023	125
1024	135
