Date:	08/05/2018		Time:	23:08		Version no:	0.00		Project name:	55		Sample name:	222		Section name:	section		Position	409.515045	mm	E0	0.000000	keV	E1	1.000000	keV/channel	sample surface	6.146195	cm	Tube anode:	Mo		Tube voltage:	30	kV	Tube current:	50	mA	gain	10		std. database			resultfile	result		matrix element	11		sample thickness	1.000000		air passage	0.560000	cm	comments	in position		peaking_time	2.200000	m-sec	trigger_threshold	547.363281	V	mca_bin_width	22.090000	no:	number_mca_channels	1024.000000	no:	gap_time	0.150000	m-sec	trigger_peaking_time	0.200000	m-sec	GAINDAC	18610		HIGHGAIN	1		TAURC	1		RCTAU	1		RCTAUFRAC	1		livetime	9.392995	seconds	runtime	10.000490	seconds	input_count_rate	26793.051060	cps	output_count_rate	21605.740454	cps	triggers	251667	seconds	events_in_run	216068	seconds	channel	content		1	0
2	0
3	0
4	0
5	0
6	0
7	0
8	0
9	0
10	0
11	0
12	0
13	0
14	0
15	0
16	0
17	0
18	0
19	0
20	0
21	0
22	0
23	0
24	0
25	0
26	0
27	0
28	0
29	0
30	0
31	12
32	15
33	17
34	21
35	18
36	12
37	19
38	9
39	11
40	13
41	19
42	10
43	18
44	13
45	11
46	11
47	16
48	15
49	6
50	12
51	8
52	14
53	8
54	16
55	11
56	19
57	21
58	12
59	11
60	7
61	14
62	6
63	13
64	8
65	8
66	10
67	7
68	5
69	14
70	8
71	8
72	9
73	8
74	11
75	3
76	9
77	7
78	11
79	5
80	9
81	8
82	10
83	7
84	5
85	11
86	7
87	5
88	8
89	9
90	8
91	4
92	13
93	16
94	11
95	17
96	18
97	16
98	11
99	15
100	8
101	3
102	9
103	4
104	5
105	5
106	4
107	12
108	10
109	15
110	7
111	2
112	6
113	4
114	5
115	13
116	10
117	6
118	7
119	5
120	6
121	2
122	6
123	6
124	4
125	6
126	4
127	4
128	5
129	3
130	4
131	2
132	1
133	5
134	1
135	7
136	5
137	1
138	2
139	6
140	5
141	3
142	6
143	5
144	6
145	4
146	3
147	2
148	7
149	6
150	6
151	8
152	6
153	4
154	4
155	2
156	4
157	4
158	6
159	10
160	20
161	23
162	33
163	32
164	28
165	25
166	16
167	11
168	11
169	6
170	7
171	0
172	4
173	6
174	6
175	9
176	15
177	7
178	16
179	13
180	22
181	18
182	22
183	19
184	21
185	19
186	9
187	4
188	12
189	6
190	4
191	5
192	7
193	5
194	10
195	6
196	29
197	57
198	111
199	178
200	231
201	325
202	362
203	432
204	418
205	325
206	238
207	165
208	103
209	52
210	22
211	22
212	8
213	12
214	13
215	24
216	21
217	36
218	45
219	70
220	64
221	73
222	66
223	43
224	46
225	21
226	17
227	15
228	13
229	7
230	4
231	4
232	2
233	5
234	4
235	1
236	7
237	4
238	11
239	11
240	21
241	44
242	84
243	144
244	209
245	271
246	308
247	371
248	370
249	337
250	279
251	205
252	162
253	141
254	99
255	63
256	52
257	44
258	40
259	34
260	24
261	14
262	13
263	18
264	19
265	21
266	40
267	57
268	50
269	66
270	75
271	78
272	90
273	74
274	62
275	48
276	32
277	29
278	19
279	11
280	9
281	9
282	18
283	12
284	12
285	9
286	8
287	17
288	21
289	22
290	23
291	22
292	20
293	21
294	24
295	16
296	15
297	28
298	31
299	25
300	14
301	9
302	16
303	17
304	15
305	23
306	20
307	14
308	13
309	16
310	22
311	15
312	20
313	15
314	18
315	17
316	23
317	37
318	33
319	71
320	80
321	105
322	127
323	120
324	133
325	110
326	81
327	82
328	52
329	44
330	46
331	41
332	34
333	28
334	31
335	38
336	43
337	46
338	51
339	84
340	128
341	213
342	454
343	883
344	1451
345	2387
346	3674
347	5124
348	6922
349	8074
350	9431
351	9687
352	9109
353	8112
354	6573
355	4763
356	3353
357	2158
358	1273
359	652
360	364
361	218
362	103
363	79
364	49
365	45
366	36
367	53
368	28
369	39
370	46
371	51
372	68
373	49
374	56
375	80
376	102
377	129
378	181
379	240
380	375
381	521
382	747
383	989
384	1225
385	1418
386	1660
387	1565
388	1487
389	1309
390	1097
391	833
392	577
393	369
394	246
395	135
396	86
397	54
398	34
399	46
400	31
401	32
402	25
403	25
404	27
405	32
406	44
407	39
408	32
409	45
410	35
411	31
412	45
413	29
414	31
415	29
416	31
417	41
418	33
419	25
420	28
421	31
422	24
423	40
424	20
425	30
426	32
427	43
428	29
429	36
430	29
431	46
432	41
433	36
434	35
435	43
436	43
437	58
438	81
439	65
440	81
441	72
442	82
443	64
444	71
445	66
446	59
447	72
448	67
449	56
450	65
451	55
452	59
453	55
454	64
455	53
456	74
457	86
458	83
459	98
460	65
461	67
462	94
463	84
464	74
465	54
466	51
467	58
468	60
469	48
470	63
471	69
472	68
473	60
474	63
475	66
476	61
477	59
478	49
479	62
480	45
481	56
482	45
483	64
484	62
485	54
486	62
487	71
488	52
489	59
490	53
491	61
492	69
493	55
494	52
495	43
496	46
497	71
498	46
499	61
500	62
501	58
502	70
503	64
504	79
505	56
506	55
507	56
508	89
509	74
510	74
511	69
512	84
513	77
514	81
515	67
516	79
517	74
518	77
519	90
520	77
521	81
522	84
523	75
524	86
525	73
526	97
527	94
528	116
529	88
530	89
531	82
532	95
533	92
534	84
535	88
536	82
537	87
538	90
539	64
540	82
541	75
542	78
543	85
544	85
545	85
546	72
547	68
548	79
549	90
550	86
551	82
552	79
553	81
554	76
555	85
556	68
557	80
558	82
559	90
560	83
561	74
562	85
563	70
564	66
565	70
566	70
567	76
568	75
569	74
570	78
571	79
572	88
573	78
574	81
575	88
576	86
577	71
578	83
579	83
580	71
581	91
582	85
583	86
584	76
585	94
586	59
587	92
588	98
589	74
590	73
591	99
592	96
593	89
594	88
595	96
596	97
597	96
598	90
599	100
600	100
601	102
602	89
603	84
604	97
605	84
606	92
607	92
608	77
609	92
610	97
611	84
612	96
613	122
614	100
615	102
616	98
617	89
618	99
619	103
620	86
621	107
622	85
623	104
624	108
625	103
626	91
627	98
628	91
629	108
630	82
631	74
632	84
633	95
634	95
635	115
636	95
637	111
638	123
639	104
640	98
641	127
642	96
643	107
644	86
645	95
646	100
647	98
648	118
649	90
650	116
651	90
652	123
653	107
654	86
655	101
656	99
657	101
658	101
659	94
660	123
661	106
662	115
663	125
664	114
665	111
666	88
667	108
668	105
669	103
670	94
671	111
672	111
673	94
674	107
675	107
676	100
677	97
678	100
679	117
680	104
681	113
682	100
683	125
684	99
685	106
686	101
687	96
688	112
689	100
690	98
691	111
692	121
693	126
694	102
695	119
696	104
697	106
698	123
699	127
700	135
701	127
702	126
703	99
704	116
705	136
706	111
707	111
708	122
709	118
710	110
711	127
712	102
713	131
714	120
715	127
716	126
717	133
718	116
719	136
720	136
721	126
722	125
723	122
724	108
725	108
726	114
727	101
728	118
729	110
730	120
731	133
732	111
733	143
734	133
735	114
736	128
737	154
738	121
739	125
740	137
741	125
742	121
743	125
744	119
745	121
746	123
747	130
748	118
749	129
750	135
751	131
752	114
753	115
754	135
755	133
756	111
757	140
758	118
759	147
760	134
761	113
762	154
763	149
764	184
765	169
766	149
767	198
768	213
769	228
770	250
771	237
772	272
773	267
774	270
775	259
776	243
777	237
778	256
779	193
780	190
781	191
782	166
783	160
784	148
785	161
786	147
787	137
788	150
789	134
790	143
791	133
792	138
793	118
794	128
795	134
796	118
797	152
798	132
799	134
800	129
801	133
802	142
803	146
804	135
805	112
806	120
807	119
808	118
809	146
810	158
811	151
812	145
813	148
814	153
815	148
816	143
817	153
818	145
819	148
820	135
821	141
822	156
823	141
824	149
825	162
826	148
827	165
828	127
829	157
830	145
831	140
832	142
833	142
834	143
835	131
836	131
837	149
838	143
839	127
840	131
841	130
842	160
843	130
844	148
845	141
846	134
847	162
848	137
849	139
850	132
851	130
852	154
853	168
854	173
855	163
856	165
857	169
858	179
859	213
860	216
861	194
862	221
863	203
864	219
865	183
866	214
867	231
868	222
869	209
870	194
871	211
872	222
873	232
874	220
875	212
876	220
877	208
878	229
879	257
880	266
881	253
882	273
883	307
884	349
885	344
886	359
887	357
888	386
889	411
890	426
891	431
892	474
893	503
894	513
895	494
896	524
897	554
898	564
899	537
900	615
901	565
902	545
903	545
904	559
905	507
906	532
907	490
908	509
909	483
910	453
911	445
912	365
913	360
914	386
915	380
916	330
917	327
918	302
919	329
920	281
921	266
922	239
923	221
924	199
925	227
926	198
927	186
928	194
929	175
930	228
931	158
932	157
933	178
934	178
935	178
936	162
937	169
938	155
939	136
940	193
941	160
942	193
943	217
944	213
945	218
946	277
947	302
948	314
949	386
950	364
951	379
952	417
953	418
954	422
955	401
956	423
957	374
958	369
959	351
960	290
961	262
962	237
963	205
964	206
965	180
966	152
967	147
968	163
969	124
970	130
971	135
972	116
973	145
974	116
975	132
976	130
977	134
978	124
979	159
980	151
981	104
982	125
983	148
984	148
985	126
986	154
987	129
988	141
989	155
990	134
991	160
992	145
993	153
994	148
995	148
996	176
997	150
998	172
999	195
1000	187
1001	180
1002	167
1003	183
1004	143
1005	171
1006	158
1007	168
1008	180
1009	203
1010	154
1011	153
1012	182
1013	154
1014	159
1015	150
1016	145
1017	137
1018	131
1019	139
1020	115
1021	133
1022	120
1023	126
1024	124
