Date:	08/05/2018		Time:	20:51		Version no:	0.00		Project name:	55		Sample name:	222		Section name:	section		Position	265.515045	mm	E0	0.000000	keV	E1	1.000000	keV/channel	sample surface	5.924042	cm	Tube anode:	Mo		Tube voltage:	30	kV	Tube current:	50	mA	gain	10		std. database			resultfile	result		matrix element	11		sample thickness	1.000000		air passage	0.560000	cm	comments	in position		peaking_time	2.200000	m-sec	trigger_threshold	547.363281	V	mca_bin_width	22.090000	no:	number_mca_channels	1024.000000	no:	gap_time	0.150000	m-sec	trigger_peaking_time	0.200000	m-sec	GAINDAC	18610		HIGHGAIN	1		TAURC	1		RCTAU	1		RCTAUFRAC	1		livetime	9.480342	seconds	runtime	10.000490	seconds	input_count_rate	21723.898917	cps	output_count_rate	18056.015977	cps	triggers	205950	seconds	events_in_run	180569	seconds	channel	content		1	0
2	0
3	0
4	0
5	0
6	0
7	0
8	0
9	0
10	0
11	0
12	0
13	0
14	0
15	0
16	0
17	0
18	0
19	0
20	0
21	0
22	0
23	0
24	0
25	0
26	0
27	0
28	0
29	0
30	0
31	19
32	19
33	10
34	16
35	14
36	9
37	16
38	13
39	21
40	19
41	17
42	10
43	13
44	15
45	15
46	12
47	13
48	14
49	7
50	12
51	17
52	12
53	12
54	9
55	16
56	9
57	7
58	12
59	12
60	10
61	7
62	13
63	15
64	8
65	12
66	9
67	6
68	10
69	8
70	6
71	8
72	8
73	12
74	12
75	7
76	9
77	6
78	5
79	3
80	9
81	5
82	10
83	13
84	14
85	4
86	9
87	7
88	8
89	5
90	4
91	6
92	8
93	10
94	10
95	17
96	14
97	14
98	9
99	5
100	10
101	6
102	4
103	6
104	13
105	5
106	13
107	8
108	11
109	7
110	6
111	5
112	6
113	6
114	1
115	4
116	2
117	7
118	2
119	5
120	6
121	3
122	5
123	4
124	3
125	4
126	6
127	5
128	3
129	1
130	2
131	3
132	3
133	3
134	6
135	3
136	1
137	1
138	2
139	1
140	3
141	2
142	6
143	2
144	1
145	0
146	3
147	4
148	3
149	2
150	2
151	1
152	7
153	4
154	5
155	5
156	4
157	8
158	11
159	16
160	14
161	16
162	19
163	19
164	23
165	16
166	20
167	12
168	10
169	4
170	3
171	7
172	4
173	6
174	10
175	11
176	8
177	6
178	11
179	9
180	16
181	22
182	24
183	20
184	24
185	13
186	11
187	4
188	4
189	6
190	2
191	8
192	3
193	4
194	10
195	18
196	21
197	50
198	73
199	118
200	179
201	230
202	281
203	283
204	279
205	231
206	172
207	105
208	82
209	50
210	21
211	8
212	6
213	7
214	7
215	12
216	25
217	26
218	34
219	35
220	56
221	47
222	41
223	36
224	21
225	18
226	8
227	9
228	5
229	7
230	5
231	5
232	7
233	4
234	8
235	4
236	3
237	7
238	3
239	9
240	6
241	24
242	35
243	61
244	82
245	105
246	118
247	158
248	144
249	149
250	100
251	90
252	85
253	51
254	38
255	40
256	39
257	30
258	28
259	26
260	11
261	11
262	7
263	9
264	10
265	17
266	21
267	25
268	37
269	26
270	37
271	38
272	36
273	35
274	35
275	24
276	22
277	18
278	12
279	10
280	4
281	7
282	10
283	12
284	6
285	11
286	12
287	11
288	11
289	11
290	8
291	12
292	11
293	22
294	21
295	16
296	17
297	14
298	19
299	14
300	8
301	9
302	11
303	11
304	11
305	13
306	8
307	16
308	10
309	10
310	11
311	9
312	19
313	17
314	11
315	15
316	16
317	33
318	48
319	60
320	80
321	89
322	135
323	123
324	127
325	114
326	107
327	77
328	60
329	54
330	31
331	27
332	21
333	24
334	24
335	23
336	34
337	26
338	44
339	65
340	107
341	177
342	361
343	588
344	985
345	1754
346	2671
347	3764
348	5096
349	6107
350	7096
351	7083
352	6611
353	5864
354	4818
355	3645
356	2485
357	1599
358	964
359	527
360	292
361	157
362	93
363	53
364	29
365	38
366	37
367	19
368	30
369	42
370	52
371	36
372	34
373	40
374	46
375	47
376	63
377	89
378	130
379	220
380	268
381	360
382	545
383	747
384	910
385	1078
386	1180
387	1233
388	1099
389	1006
390	792
391	598
392	440
393	313
394	184
395	112
396	61
397	42
398	37
399	29
400	31
401	24
402	27
403	21
404	31
405	29
406	31
407	32
408	29
409	32
410	18
411	26
412	27
413	27
414	43
415	34
416	25
417	21
418	36
419	24
420	28
421	33
422	28
423	26
424	24
425	27
426	31
427	42
428	36
429	24
430	27
431	31
432	32
433	27
434	34
435	41
436	54
437	54
438	44
439	51
440	52
441	63
442	63
443	57
444	58
445	49
446	52
447	63
448	57
449	44
450	49
451	58
452	66
453	53
454	63
455	61
456	75
457	74
458	76
459	64
460	78
461	63
462	71
463	69
464	69
465	53
466	46
467	39
468	58
469	49
470	49
471	69
472	52
473	62
474	54
475	48
476	54
477	46
478	51
479	45
480	52
481	51
482	47
483	49
484	51
485	49
486	62
487	54
488	46
489	46
490	56
491	56
492	34
493	62
494	52
495	52
496	44
497	56
498	49
499	61
500	55
501	61
502	64
503	54
504	68
505	74
506	63
507	77
508	66
509	63
510	70
511	72
512	64
513	73
514	83
515	69
516	66
517	77
518	74
519	72
520	71
521	77
522	69
523	74
524	79
525	88
526	84
527	77
528	84
529	90
530	79
531	95
532	92
533	83
534	72
535	85
536	87
537	73
538	77
539	66
540	74
541	82
542	75
543	68
544	67
545	79
546	76
547	58
548	67
549	77
550	71
551	70
552	67
553	83
554	67
555	72
556	62
557	60
558	64
559	65
560	72
561	76
562	72
563	76
564	89
565	76
566	67
567	66
568	69
569	73
570	66
571	65
572	91
573	77
574	70
575	66
576	84
577	55
578	74
579	77
580	65
581	82
582	72
583	101
584	73
585	77
586	76
587	82
588	79
589	67
590	93
591	87
592	90
593	73
594	84
595	80
596	87
597	84
598	102
599	88
600	88
601	88
602	97
603	97
604	88
605	90
606	94
607	95
608	86
609	107
610	97
611	94
612	90
613	92
614	93
615	81
616	95
617	97
618	98
619	88
620	86
621	105
622	92
623	120
624	87
625	77
626	97
627	110
628	94
629	91
630	89
631	77
632	109
633	89
634	101
635	97
636	92
637	89
638	87
639	73
640	108
641	112
642	111
643	101
644	97
645	90
646	104
647	107
648	103
649	94
650	97
651	109
652	104
653	93
654	112
655	105
656	108
657	112
658	93
659	103
660	118
661	93
662	94
663	109
664	126
665	93
666	87
667	97
668	96
669	107
670	95
671	105
672	89
673	102
674	112
675	93
676	109
677	104
678	102
679	107
680	95
681	100
682	112
683	98
684	115
685	115
686	132
687	104
688	106
689	131
690	115
691	123
692	99
693	110
694	108
695	95
696	128
697	114
698	102
699	106
700	110
701	131
702	102
703	111
704	107
705	99
706	99
707	113
708	101
709	113
710	111
711	121
712	118
713	108
714	108
715	124
716	103
717	115
718	148
719	118
720	120
721	123
722	113
723	101
724	126
725	123
726	129
727	128
728	124
729	130
730	138
731	120
732	143
733	118
734	126
735	98
736	125
737	134
738	124
739	127
740	94
741	102
742	128
743	121
744	131
745	143
746	139
747	104
748	102
749	132
750	106
751	102
752	125
753	128
754	128
755	117
756	125
757	119
758	110
759	124
760	113
761	134
762	123
763	134
764	171
765	165
766	156
767	172
768	201
769	212
770	245
771	235
772	275
773	272
774	260
775	252
776	234
777	250
778	230
779	216
780	178
781	184
782	169
783	145
784	146
785	132
786	153
787	158
788	129
789	153
790	144
791	141
792	142
793	134
794	125
795	137
796	130
797	140
798	136
799	106
800	137
801	140
802	143
803	143
804	117
805	128
806	103
807	142
808	120
809	114
810	121
811	146
812	130
813	151
814	141
815	128
816	139
817	146
818	116
819	152
820	139
821	117
822	138
823	133
824	137
825	131
826	141
827	118
828	129
829	134
830	137
831	136
832	117
833	129
834	149
835	134
836	128
837	123
838	128
839	136
840	168
841	145
842	156
843	124
844	129
845	137
846	121
847	144
848	135
849	159
850	128
851	139
852	175
853	166
854	145
855	150
856	167
857	175
858	198
859	162
860	196
861	198
862	180
863	199
864	193
865	202
866	214
867	202
868	206
869	208
870	193
871	216
872	211
873	209
874	235
875	218
876	229
877	218
878	215
879	233
880	241
881	279
882	274
883	298
884	316
885	311
886	323
887	380
888	383
889	373
890	393
891	434
892	447
893	461
894	491
895	526
896	504
897	506
898	481
899	510
900	496
901	527
902	520
903	553
904	510
905	467
906	484
907	484
908	430
909	441
910	429
911	413
912	386
913	396
914	343
915	336
916	322
917	327
918	314
919	267
920	281
921	256
922	229
923	231
924	205
925	205
926	215
927	203
928	191
929	176
930	163
931	162
932	167
933	184
934	145
935	141
936	142
937	137
938	155
939	160
940	162
941	166
942	170
943	173
944	210
945	205
946	229
947	283
948	298
949	320
950	340
951	362
952	416
953	438
954	387
955	414
956	378
957	348
958	315
959	310
960	271
961	263
962	227
963	193
964	176
965	176
966	144
967	126
968	124
969	132
970	131
971	129
972	130
973	118
974	128
975	108
976	109
977	118
978	118
979	134
980	119
981	117
982	135
983	120
984	123
985	127
986	145
987	137
988	147
989	149
990	136
991	155
992	144
993	137
994	148
995	136
996	140
997	164
998	172
999	131
1000	182
1001	149
1002	168
1003	161
1004	169
1005	149
1006	177
1007	170
1008	161
1009	172
1010	157
1011	154
1012	169
1013	161
1014	161
1015	133
1016	132
1017	142
1018	112
1019	131
1020	122
1021	113
1022	116
1023	113
1024	110
