Date:	08/05/2018		Time:	23:12		Version no:	0.00		Project name:	55		Sample name:	222		Section name:	section		Position	413.115021	mm	E0	0.000000	keV	E1	1.000000	keV/channel	sample surface	6.161229	cm	Tube anode:	Mo		Tube voltage:	30	kV	Tube current:	50	mA	gain	10		std. database			resultfile	result		matrix element	11		sample thickness	1.000000		air passage	0.560000	cm	comments	in position		peaking_time	2.200000	m-sec	trigger_threshold	547.363281	V	mca_bin_width	22.090000	no:	number_mca_channels	1024.000000	no:	gap_time	0.150000	m-sec	trigger_peaking_time	0.200000	m-sec	GAINDAC	18610		HIGHGAIN	1		TAURC	1		RCTAU	1		RCTAUFRAC	1		livetime	9.395888	seconds	runtime	10.000492	seconds	input_count_rate	26576.732290	cps	output_count_rate	21427.345775	cps	triggers	249712	seconds	events_in_run	214284	seconds	channel	content		1	0
2	0
3	0
4	0
5	0
6	0
7	0
8	0
9	0
10	0
11	0
12	0
13	0
14	0
15	0
16	0
17	0
18	0
19	0
20	0
21	0
22	0
23	0
24	0
25	0
26	0
27	0
28	0
29	0
30	0
31	20
32	20
33	13
34	15
35	10
36	14
37	13
38	12
39	8
40	16
41	20
42	20
43	11
44	14
45	15
46	15
47	10
48	24
49	10
50	17
51	11
52	13
53	11
54	19
55	11
56	10
57	13
58	13
59	9
60	9
61	10
62	10
63	9
64	5
65	12
66	10
67	8
68	9
69	6
70	8
71	7
72	5
73	7
74	11
75	8
76	9
77	7
78	11
79	14
80	9
81	17
82	12
83	7
84	10
85	8
86	9
87	12
88	7
89	4
90	7
91	11
92	12
93	9
94	10
95	12
96	16
97	16
98	14
99	5
100	5
101	6
102	10
103	6
104	6
105	10
106	11
107	15
108	5
109	10
110	9
111	8
112	2
113	5
114	5
115	8
116	5
117	5
118	6
119	3
120	4
121	6
122	8
123	9
124	3
125	6
126	5
127	5
128	2
129	6
130	8
131	4
132	6
133	3
134	4
135	3
136	8
137	4
138	2
139	5
140	7
141	4
142	4
143	1
144	6
145	3
146	7
147	5
148	5
149	10
150	3
151	3
152	6
153	8
154	4
155	8
156	7
157	9
158	8
159	16
160	23
161	34
162	28
163	21
164	15
165	21
166	19
167	13
168	7
169	5
170	3
171	4
172	3
173	7
174	9
175	5
176	5
177	7
178	14
179	9
180	15
181	26
182	16
183	17
184	17
185	9
186	9
187	4
188	5
189	6
190	7
191	5
192	5
193	8
194	12
195	17
196	24
197	44
198	97
199	150
200	222
201	294
202	394
203	354
204	306
205	288
206	247
207	143
208	89
209	45
210	22
211	12
212	14
213	9
214	12
215	17
216	28
217	39
218	38
219	63
220	59
221	80
222	59
223	50
224	45
225	29
226	20
227	14
228	6
229	4
230	8
231	4
232	5
233	7
234	12
235	5
236	8
237	4
238	11
239	9
240	36
241	35
242	78
243	129
244	188
245	268
246	311
247	347
248	321
249	319
250	243
251	198
252	146
253	118
254	115
255	62
256	45
257	55
258	30
259	30
260	19
261	19
262	17
263	22
264	18
265	19
266	46
267	53
268	64
269	71
270	77
271	81
272	59
273	69
274	64
275	38
276	37
277	28
278	11
279	12
280	16
281	15
282	10
283	14
284	8
285	14
286	14
287	20
288	17
289	18
290	4
291	17
292	17
293	19
294	12
295	14
296	21
297	18
298	17
299	18
300	11
301	7
302	10
303	12
304	23
305	17
306	21
307	14
308	13
309	18
310	14
311	12
312	9
313	14
314	19
315	20
316	18
317	41
318	34
319	59
320	84
321	107
322	96
323	115
324	124
325	108
326	83
327	73
328	61
329	44
330	41
331	30
332	33
333	20
334	40
335	33
336	43
337	46
338	61
339	78
340	103
341	229
342	428
343	804
344	1472
345	2363
346	3482
347	5217
348	6756
349	8271
350	9310
351	9488
352	8983
353	7912
354	6563
355	4767
356	3371
357	2071
358	1301
359	649
360	387
361	224
362	126
363	61
364	47
365	37
366	42
367	46
368	45
369	42
370	59
371	45
372	46
373	74
374	63
375	77
376	92
377	125
378	170
379	222
380	327
381	488
382	790
383	935
384	1211
385	1363
386	1505
387	1552
388	1506
389	1368
390	1063
391	786
392	565
393	365
394	259
395	141
396	85
397	40
398	40
399	39
400	25
401	27
402	29
403	34
404	30
405	29
406	31
407	48
408	32
409	29
410	45
411	29
412	30
413	26
414	36
415	34
416	31
417	17
418	27
419	28
420	33
421	36
422	18
423	37
424	35
425	32
426	34
427	34
428	46
429	47
430	33
431	41
432	42
433	56
434	43
435	28
436	55
437	61
438	59
439	65
440	73
441	83
442	91
443	77
444	72
445	85
446	58
447	61
448	53
449	60
450	51
451	55
452	70
453	80
454	61
455	71
456	71
457	63
458	79
459	75
460	69
461	87
462	65
463	78
464	73
465	66
466	51
467	59
468	75
469	55
470	61
471	65
472	56
473	56
474	75
475	67
476	65
477	57
478	47
479	62
480	44
481	55
482	58
483	51
484	48
485	56
486	47
487	61
488	66
489	52
490	70
491	54
492	52
493	63
494	53
495	52
496	50
497	62
498	54
499	71
500	52
501	50
502	69
503	61
504	71
505	81
506	74
507	74
508	64
509	74
510	85
511	85
512	77
513	80
514	70
515	70
516	88
517	89
518	66
519	87
520	84
521	108
522	77
523	79
524	87
525	96
526	98
527	92
528	101
529	93
530	96
531	94
532	99
533	73
534	93
535	90
536	77
537	86
538	68
539	90
540	80
541	74
542	83
543	80
544	86
545	72
546	78
547	88
548	74
549	73
550	60
551	63
552	61
553	66
554	65
555	72
556	80
557	62
558	76
559	79
560	74
561	79
562	81
563	77
564	67
565	84
566	77
567	65
568	77
569	82
570	91
571	81
572	82
573	73
574	107
575	60
576	92
577	72
578	79
579	90
580	82
581	91
582	80
583	94
584	88
585	91
586	79
587	87
588	89
589	92
590	81
591	96
592	97
593	83
594	97
595	71
596	96
597	99
598	93
599	103
600	87
601	94
602	112
603	86
604	103
605	92
606	79
607	92
608	85
609	85
610	78
611	86
612	113
613	97
614	102
615	98
616	98
617	102
618	107
619	99
620	85
621	98
622	93
623	110
624	109
625	106
626	100
627	92
628	97
629	87
630	99
631	111
632	102
633	97
634	97
635	115
636	82
637	98
638	116
639	96
640	109
641	96
642	91
643	98
644	102
645	105
646	109
647	125
648	100
649	106
650	114
651	119
652	118
653	116
654	119
655	102
656	118
657	91
658	100
659	95
660	120
661	109
662	107
663	101
664	85
665	96
666	93
667	95
668	102
669	113
670	109
671	99
672	104
673	119
674	96
675	119
676	97
677	129
678	114
679	96
680	120
681	107
682	93
683	120
684	113
685	118
686	122
687	103
688	106
689	118
690	124
691	103
692	125
693	126
694	129
695	106
696	125
697	127
698	114
699	138
700	111
701	113
702	116
703	129
704	116
705	121
706	134
707	115
708	111
709	103
710	116
711	115
712	126
713	116
714	146
715	136
716	120
717	124
718	136
719	135
720	108
721	134
722	132
723	127
724	138
725	134
726	125
727	114
728	133
729	143
730	126
731	153
732	126
733	124
734	140
735	133
736	127
737	133
738	116
739	138
740	126
741	144
742	141
743	131
744	118
745	128
746	131
747	135
748	110
749	128
750	133
751	133
752	122
753	129
754	139
755	127
756	124
757	135
758	127
759	123
760	107
761	137
762	142
763	154
764	146
765	150
766	161
767	176
768	219
769	207
770	245
771	206
772	268
773	269
774	274
775	257
776	259
777	245
778	184
779	228
780	168
781	160
782	182
783	160
784	141
785	142
786	126
787	120
788	117
789	123
790	129
791	149
792	120
793	130
794	127
795	136
796	132
797	142
798	119
799	127
800	123
801	125
802	139
803	126
804	154
805	140
806	121
807	146
808	128
809	133
810	166
811	123
812	144
813	134
814	142
815	144
816	169
817	176
818	130
819	157
820	141
821	140
822	155
823	145
824	132
825	149
826	155
827	149
828	146
829	130
830	128
831	154
832	140
833	132
834	149
835	158
836	141
837	107
838	136
839	128
840	147
841	159
842	164
843	153
844	144
845	133
846	171
847	157
848	143
849	164
850	157
851	175
852	157
853	177
854	173
855	171
856	160
857	175
858	199
859	173
860	205
861	206
862	201
863	210
864	204
865	240
866	240
867	232
868	219
869	199
870	218
871	243
872	213
873	180
874	197
875	200
876	233
877	226
878	264
879	256
880	269
881	278
882	307
883	316
884	272
885	332
886	320
887	390
888	365
889	411
890	414
891	489
892	480
893	466
894	510
895	509
896	528
897	546
898	576
899	535
900	549
901	530
902	616
903	554
904	600
905	565
906	513
907	507
908	489
909	454
910	428
911	460
912	429
913	353
914	315
915	368
916	315
917	325
918	301
919	292
920	259
921	262
922	242
923	261
924	215
925	219
926	207
927	193
928	186
929	196
930	188
931	201
932	173
933	170
934	151
935	142
936	165
937	147
938	140
939	153
940	151
941	177
942	201
943	178
944	218
945	238
946	276
947	276
948	293
949	353
950	393
951	389
952	385
953	384
954	430
955	418
956	407
957	362
958	329
959	325
960	305
961	262
962	257
963	188
964	190
965	181
966	158
967	157
968	150
969	134
970	153
971	136
972	137
973	127
974	130
975	125
976	125
977	139
978	113
979	135
980	121
981	114
982	129
983	145
984	142
985	139
986	141
987	129
988	133
989	127
990	162
991	139
992	155
993	165
994	171
995	193
996	168
997	152
998	150
999	172
1000	159
1001	157
1002	169
1003	162
1004	166
1005	175
1006	191
1007	165
1008	163
1009	168
1010	161
1011	174
1012	166
1013	170
1014	152
1015	153
1016	143
1017	140
1018	150
1019	140
1020	92
1021	137
1022	125
1023	111
1024	114
