Date:	08/05/2018		Time:	20:58		Version no:	0.00		Project name:	55		Sample name:	222		Section name:	section		Position	273.115021	mm	E0	0.000000	keV	E1	1.000000	keV/channel	sample surface	5.930485	cm	Tube anode:	Mo		Tube voltage:	30	kV	Tube current:	50	mA	gain	10		std. database			resultfile	result		matrix element	11		sample thickness	1.000000		air passage	0.560000	cm	comments	in position		peaking_time	2.200000	m-sec	trigger_threshold	547.363281	V	mca_bin_width	22.090000	no:	number_mca_channels	1024.000000	no:	gap_time	0.150000	m-sec	trigger_peaking_time	0.200000	m-sec	GAINDAC	18610		HIGHGAIN	1		TAURC	1		RCTAU	1		RCTAUFRAC	1		livetime	9.470335	seconds	runtime	10.000490	seconds	input_count_rate	21727.214048	cps	output_count_rate	18030.315793	cps	triggers	205764	seconds	events_in_run	180312	seconds	channel	content		1	0
2	0
3	0
4	0
5	0
6	0
7	0
8	0
9	0
10	0
11	0
12	0
13	0
14	0
15	0
16	0
17	0
18	0
19	0
20	0
21	0
22	0
23	0
24	0
25	0
26	0
27	0
28	0
29	0
30	0
31	14
32	13
33	11
34	12
35	18
36	19
37	17
38	12
39	16
40	19
41	14
42	14
43	17
44	15
45	7
46	14
47	15
48	8
49	17
50	11
51	9
52	11
53	16
54	6
55	7
56	8
57	13
58	6
59	11
60	10
61	15
62	11
63	7
64	9
65	11
66	8
67	7
68	11
69	9
70	9
71	9
72	6
73	9
74	8
75	8
76	8
77	3
78	8
79	10
80	5
81	6
82	10
83	10
84	8
85	9
86	7
87	7
88	5
89	3
90	12
91	7
92	6
93	7
94	8
95	14
96	10
97	18
98	16
99	10
100	8
101	7
102	8
103	10
104	10
105	9
106	7
107	10
108	9
109	4
110	5
111	5
112	3
113	9
114	7
115	4
116	3
117	8
118	9
119	4
120	5
121	5
122	10
123	8
124	5
125	11
126	5
127	6
128	2
129	5
130	6
131	5
132	3
133	4
134	4
135	6
136	9
137	4
138	4
139	5
140	3
141	3
142	2
143	5
144	4
145	7
146	9
147	5
148	2
149	0
150	4
151	7
152	2
153	4
154	6
155	3
156	3
157	7
158	14
159	7
160	15
161	22
162	29
163	23
164	36
165	25
166	14
167	16
168	9
169	2
170	7
171	4
172	2
173	1
174	5
175	6
176	7
177	11
178	9
179	8
180	25
181	20
182	21
183	25
184	30
185	8
186	13
187	7
188	5
189	4
190	5
191	5
192	5
193	4
194	8
195	12
196	27
197	44
198	69
199	113
200	178
201	225
202	274
203	283
204	253
205	223
206	171
207	123
208	83
209	48
210	20
211	14
212	7
213	13
214	12
215	11
216	25
217	23
218	43
219	48
220	56
221	46
222	69
223	32
224	27
225	13
226	14
227	13
228	7
229	3
230	3
231	3
232	3
233	6
234	3
235	7
236	5
237	5
238	8
239	9
240	16
241	23
242	34
243	58
244	80
245	115
246	130
247	178
248	149
249	167
250	129
251	110
252	78
253	62
254	58
255	24
256	39
257	27
258	25
259	17
260	14
261	11
262	5
263	10
264	5
265	11
266	12
267	32
268	35
269	40
270	50
271	47
272	38
273	30
274	32
275	20
276	16
277	17
278	12
279	14
280	13
281	9
282	14
283	13
284	9
285	14
286	16
287	9
288	15
289	16
290	19
291	18
292	19
293	15
294	9
295	18
296	20
297	17
298	17
299	13
300	22
301	16
302	10
303	6
304	9
305	12
306	12
307	14
308	12
309	10
310	14
311	7
312	9
313	19
314	18
315	26
316	35
317	51
318	79
319	124
320	141
321	198
322	242
323	234
324	222
325	198
326	177
327	140
328	105
329	85
330	57
331	37
332	34
333	21
334	26
335	24
336	30
337	38
338	37
339	48
340	74
341	150
342	278
343	568
344	1006
345	1571
346	2495
347	3477
348	4626
349	5520
350	6376
351	6550
352	6079
353	5386
354	4429
355	3261
356	2269
357	1440
358	897
359	516
360	277
361	134
362	78
363	56
364	51
365	36
366	34
367	31
368	50
369	37
370	34
371	39
372	36
373	35
374	54
375	47
376	70
377	104
378	117
379	162
380	256
381	374
382	513
383	655
384	802
385	993
386	1152
387	1134
388	1039
389	926
390	753
391	534
392	401
393	260
394	161
395	89
396	69
397	37
398	29
399	23
400	21
401	29
402	33
403	30
404	25
405	35
406	24
407	36
408	32
409	34
410	51
411	25
412	33
413	39
414	30
415	35
416	28
417	42
418	29
419	27
420	31
421	31
422	22
423	27
424	30
425	30
426	38
427	33
428	35
429	41
430	32
431	42
432	34
433	35
434	41
435	46
436	44
437	67
438	53
439	57
440	62
441	65
442	76
443	62
444	56
445	63
446	63
447	62
448	48
449	66
450	61
451	51
452	60
453	58
454	56
455	51
456	65
457	88
458	81
459	72
460	75
461	68
462	73
463	58
464	58
465	57
466	52
467	49
468	57
469	75
470	66
471	68
472	73
473	57
474	50
475	54
476	44
477	59
478	58
479	45
480	56
481	55
482	52
483	51
484	58
485	44
486	60
487	56
488	54
489	54
490	59
491	55
492	44
493	45
494	57
495	39
496	53
497	60
498	48
499	51
500	61
501	62
502	56
503	61
504	67
505	73
506	62
507	71
508	61
509	79
510	74
511	73
512	71
513	72
514	82
515	81
516	68
517	70
518	80
519	74
520	72
521	87
522	96
523	85
524	103
525	79
526	99
527	96
528	83
529	79
530	88
531	93
532	90
533	66
534	83
535	82
536	69
537	73
538	76
539	73
540	72
541	69
542	91
543	73
544	83
545	72
546	72
547	66
548	83
549	75
550	83
551	68
552	73
553	66
554	75
555	87
556	72
557	72
558	71
559	80
560	80
561	88
562	71
563	77
564	71
565	74
566	76
567	71
568	82
569	87
570	74
571	84
572	70
573	81
574	79
575	81
576	76
577	74
578	94
579	77
580	91
581	79
582	82
583	97
584	83
585	90
586	97
587	68
588	81
589	86
590	92
591	104
592	90
593	90
594	81
595	89
596	86
597	65
598	98
599	86
600	90
601	94
602	95
603	99
604	98
605	91
606	95
607	92
608	79
609	87
610	93
611	87
612	106
613	92
614	94
615	106
616	88
617	101
618	100
619	105
620	82
621	83
622	106
623	97
624	83
625	101
626	98
627	89
628	92
629	91
630	109
631	114
632	93
633	118
634	116
635	85
636	97
637	103
638	102
639	92
640	114
641	104
642	105
643	102
644	103
645	95
646	120
647	112
648	107
649	107
650	101
651	96
652	112
653	111
654	115
655	110
656	130
657	104
658	130
659	97
660	105
661	94
662	101
663	93
664	108
665	109
666	116
667	96
668	112
669	120
670	85
671	95
672	111
673	125
674	104
675	107
676	120
677	102
678	108
679	111
680	129
681	111
682	99
683	100
684	129
685	103
686	91
687	116
688	115
689	116
690	117
691	115
692	117
693	124
694	127
695	132
696	125
697	101
698	114
699	129
700	125
701	109
702	128
703	110
704	96
705	137
706	117
707	116
708	115
709	113
710	115
711	136
712	111
713	118
714	128
715	122
716	100
717	124
718	126
719	132
720	116
721	112
722	121
723	127
724	124
725	138
726	120
727	126
728	121
729	107
730	146
731	118
732	141
733	129
734	128
735	133
736	106
737	121
738	119
739	133
740	134
741	139
742	114
743	123
744	127
745	118
746	153
747	139
748	112
749	125
750	125
751	126
752	120
753	123
754	136
755	130
756	140
757	122
758	149
759	136
760	140
761	131
762	151
763	139
764	148
765	180
766	143
767	198
768	196
769	212
770	288
771	259
772	262
773	293
774	297
775	288
776	273
777	244
778	255
779	224
780	210
781	190
782	169
783	167
784	155
785	132
786	150
787	151
788	131
789	146
790	125
791	134
792	123
793	139
794	132
795	130
796	128
797	159
798	122
799	137
800	110
801	119
802	129
803	131
804	122
805	127
806	144
807	145
808	146
809	120
810	146
811	140
812	139
813	160
814	131
815	139
816	130
817	148
818	136
819	135
820	124
821	156
822	145
823	144
824	162
825	136
826	160
827	144
828	153
829	147
830	146
831	138
832	161
833	163
834	150
835	142
836	122
837	144
838	137
839	146
840	140
841	137
842	142
843	166
844	133
845	149
846	136
847	152
848	133
849	144
850	161
851	183
852	145
853	163
854	183
855	164
856	172
857	195
858	189
859	196
860	197
861	202
862	175
863	231
864	200
865	237
866	181
867	203
868	235
869	216
870	216
871	215
872	216
873	201
874	201
875	264
876	221
877	251
878	218
879	267
880	270
881	266
882	265
883	290
884	319
885	351
886	363
887	419
888	377
889	397
890	434
891	443
892	473
893	504
894	507
895	524
896	544
897	534
898	529
899	546
900	558
901	586
902	573
903	534
904	526
905	491
906	562
907	509
908	467
909	493
910	458
911	399
912	391
913	413
914	369
915	382
916	301
917	309
918	295
919	250
920	259
921	281
922	253
923	261
924	225
925	203
926	201
927	204
928	173
929	182
930	176
931	148
932	153
933	163
934	160
935	152
936	172
937	159
938	138
939	160
940	147
941	188
942	185
943	194
944	214
945	263
946	245
947	278
948	335
949	355
950	371
951	373
952	416
953	395
954	441
955	434
956	410
957	368
958	304
959	338
960	301
961	244
962	235
963	228
964	183
965	167
966	171
967	151
968	128
969	151
970	135
971	132
972	130
973	147
974	116
975	125
976	136
977	116
978	134
979	118
980	122
981	148
982	134
983	136
984	144
985	157
986	109
987	111
988	154
989	150
990	154
991	142
992	160
993	149
994	168
995	148
996	160
997	152
998	165
999	151
1000	152
1001	170
1002	193
1003	158
1004	159
1005	181
1006	182
1007	160
1008	173
1009	153
1010	165
1011	159
1012	168
1013	162
1014	142
1015	151
1016	133
1017	149
1018	148
1019	138
1020	149
1021	139
1022	120
1023	114
1024	118
