Date:	08/05/2018		Time:	22:57		Version no:	0.00		Project name:	55		Sample name:	222		Section name:	section		Position	397.715027	mm	E0	0.000000	keV	E1	1.000000	keV/channel	sample surface	6.115235	cm	Tube anode:	Mo		Tube voltage:	30	kV	Tube current:	50	mA	gain	10		std. database			resultfile	result		matrix element	11		sample thickness	1.000000		air passage	0.560000	cm	comments	in position		peaking_time	2.200000	m-sec	trigger_threshold	547.363281	V	mca_bin_width	22.090000	no:	number_mca_channels	1024.000000	no:	gap_time	0.150000	m-sec	trigger_peaking_time	0.200000	m-sec	GAINDAC	18610		HIGHGAIN	1		TAURC	1		RCTAU	1		RCTAUFRAC	1		livetime	9.387214	seconds	runtime	10.000183	seconds	input_count_rate	26703.768479	cps	output_count_rate	21495.706199	cps	triggers	250674	seconds	events_in_run	214961	seconds	channel	content		1	0
2	0
3	0
4	0
5	0
6	0
7	0
8	0
9	0
10	0
11	0
12	0
13	0
14	0
15	0
16	0
17	0
18	0
19	0
20	0
21	0
22	0
23	0
24	0
25	0
26	0
27	0
28	0
29	0
30	0
31	18
32	11
33	15
34	13
35	18
36	15
37	16
38	16
39	13
40	13
41	19
42	13
43	14
44	17
45	10
46	18
47	8
48	19
49	13
50	19
51	14
52	13
53	12
54	9
55	5
56	12
57	11
58	7
59	15
60	5
61	11
62	11
63	12
64	7
65	10
66	6
67	11
68	11
69	3
70	12
71	11
72	4
73	15
74	9
75	6
76	7
77	12
78	6
79	11
80	10
81	8
82	11
83	15
84	8
85	9
86	8
87	7
88	6
89	8
90	5
91	5
92	6
93	8
94	12
95	20
96	25
97	15
98	15
99	10
100	9
101	11
102	6
103	8
104	2
105	6
106	3
107	10
108	9
109	9
110	10
111	4
112	8
113	7
114	3
115	6
116	5
117	7
118	4
119	5
120	3
121	5
122	1
123	8
124	6
125	5
126	6
127	4
128	8
129	6
130	4
131	6
132	2
133	2
134	7
135	4
136	3
137	3
138	8
139	7
140	2
141	2
142	2
143	1
144	2
145	6
146	1
147	1
148	6
149	3
150	4
151	6
152	4
153	5
154	6
155	1
156	3
157	5
158	5
159	9
160	19
161	21
162	30
163	31
164	27
165	19
166	11
167	10
168	7
169	8
170	10
171	4
172	6
173	6
174	3
175	8
176	11
177	8
178	13
179	14
180	17
181	14
182	19
183	24
184	18
185	15
186	9
187	7
188	7
189	4
190	3
191	2
192	5
193	6
194	11
195	14
196	31
197	59
198	87
199	150
200	221
201	305
202	378
203	366
204	335
205	283
206	206
207	145
208	78
209	45
210	18
211	10
212	9
213	9
214	19
215	22
216	29
217	29
218	44
219	41
220	70
221	59
222	45
223	50
224	41
225	24
226	21
227	13
228	8
229	4
230	5
231	4
232	3
233	2
234	2
235	5
236	4
237	2
238	9
239	16
240	17
241	27
242	58
243	86
244	143
245	149
246	191
247	236
248	252
249	214
250	186
251	131
252	104
253	90
254	62
255	42
256	53
257	44
258	37
259	11
260	22
261	12
262	12
263	16
264	17
265	22
266	30
267	38
268	43
269	43
270	60
271	55
272	44
273	43
274	42
275	28
276	26
277	20
278	22
279	10
280	12
281	10
282	11
283	14
284	16
285	12
286	15
287	14
288	17
289	16
290	14
291	21
292	20
293	19
294	22
295	14
296	24
297	21
298	23
299	18
300	14
301	18
302	19
303	14
304	12
305	15
306	14
307	12
308	16
309	13
310	11
311	9
312	18
313	22
314	21
315	22
316	28
317	43
318	53
319	72
320	94
321	123
322	120
323	125
324	145
325	117
326	91
327	87
328	71
329	48
330	30
331	43
332	25
333	21
334	37
335	30
336	38
337	45
338	54
339	67
340	138
341	233
342	421
343	848
344	1498
345	2391
346	3667
347	5188
348	6888
349	8164
350	9235
351	9496
352	8937
353	7853
354	6242
355	4659
356	3239
357	2062
358	1235
359	657
360	377
361	206
362	105
363	64
364	51
365	48
366	41
367	30
368	38
369	49
370	47
371	50
372	55
373	52
374	72
375	78
376	108
377	127
378	156
379	253
380	389
381	517
382	723
383	1030
384	1277
385	1416
386	1590
387	1615
388	1419
389	1284
390	1081
391	761
392	537
393	347
394	236
395	154
396	90
397	62
398	47
399	34
400	32
401	26
402	31
403	19
404	30
405	35
406	29
407	46
408	38
409	44
410	37
411	38
412	43
413	37
414	30
415	29
416	38
417	35
418	32
419	30
420	28
421	31
422	28
423	33
424	35
425	34
426	27
427	41
428	21
429	37
430	36
431	43
432	46
433	39
434	43
435	42
436	52
437	58
438	43
439	67
440	74
441	72
442	61
443	68
444	71
445	68
446	67
447	56
448	54
449	69
450	62
451	52
452	56
453	65
454	68
455	67
456	63
457	76
458	86
459	91
460	92
461	78
462	67
463	72
464	68
465	69
466	61
467	77
468	61
469	54
470	53
471	53
472	59
473	67
474	63
475	68
476	80
477	49
478	60
479	38
480	50
481	54
482	61
483	62
484	49
485	51
486	51
487	59
488	52
489	57
490	53
491	55
492	66
493	57
494	45
495	63
496	58
497	57
498	62
499	71
500	81
501	77
502	75
503	79
504	72
505	82
506	75
507	89
508	71
509	69
510	71
511	87
512	85
513	80
514	82
515	84
516	69
517	86
518	73
519	93
520	75
521	80
522	78
523	71
524	81
525	74
526	94
527	101
528	93
529	104
530	93
531	91
532	90
533	71
534	99
535	86
536	78
537	87
538	69
539	77
540	80
541	76
542	78
543	76
544	90
545	87
546	95
547	90
548	82
549	82
550	76
551	60
552	82
553	69
554	65
555	74
556	69
557	71
558	71
559	99
560	89
561	66
562	74
563	88
564	82
565	84
566	66
567	80
568	77
569	73
570	67
571	80
572	92
573	83
574	65
575	80
576	93
577	89
578	91
579	63
580	71
581	83
582	92
583	103
584	83
585	81
586	83
587	90
588	78
589	88
590	102
591	91
592	100
593	98
594	89
595	74
596	101
597	87
598	95
599	70
600	96
601	103
602	102
603	94
604	106
605	96
606	107
607	89
608	97
609	85
610	94
611	86
612	103
613	114
614	104
615	80
616	96
617	114
618	91
619	117
620	103
621	114
622	106
623	119
624	86
625	94
626	107
627	89
628	99
629	109
630	100
631	91
632	106
633	102
634	89
635	106
636	103
637	103
638	92
639	117
640	113
641	110
642	105
643	104
644	84
645	116
646	110
647	94
648	121
649	123
650	116
651	114
652	106
653	122
654	138
655	106
656	99
657	107
658	97
659	130
660	115
661	125
662	112
663	89
664	107
665	93
666	124
667	126
668	99
669	121
670	91
671	103
672	135
673	109
674	108
675	110
676	116
677	128
678	116
679	124
680	118
681	114
682	114
683	127
684	106
685	106
686	123
687	113
688	112
689	118
690	120
691	129
692	119
693	125
694	114
695	127
696	145
697	120
698	135
699	115
700	154
701	122
702	142
703	133
704	135
705	123
706	141
707	133
708	140
709	102
710	124
711	132
712	114
713	124
714	129
715	109
716	113
717	135
718	115
719	109
720	130
721	122
722	134
723	108
724	124
725	141
726	130
727	135
728	134
729	145
730	129
731	131
732	127
733	137
734	135
735	129
736	121
737	137
738	169
739	125
740	137
741	125
742	116
743	129
744	126
745	124
746	127
747	132
748	133
749	138
750	140
751	136
752	142
753	135
754	122
755	131
756	140
757	140
758	137
759	136
760	135
761	144
762	121
763	144
764	164
765	192
766	193
767	214
768	219
769	234
770	244
771	242
772	261
773	271
774	290
775	246
776	255
777	270
778	207
779	203
780	188
781	191
782	179
783	148
784	140
785	144
786	125
787	149
788	129
789	138
790	143
791	130
792	153
793	133
794	129
795	132
796	144
797	146
798	132
799	135
800	125
801	142
802	136
803	108
804	115
805	138
806	139
807	140
808	140
809	147
810	130
811	148
812	153
813	142
814	144
815	164
816	159
817	120
818	131
819	162
820	138
821	163
822	142
823	152
824	147
825	131
826	149
827	142
828	144
829	128
830	157
831	144
832	124
833	125
834	141
835	138
836	163
837	126
838	150
839	158
840	156
841	156
842	148
843	147
844	164
845	152
846	147
847	150
848	149
849	165
850	157
851	157
852	155
853	166
854	178
855	178
856	163
857	163
858	151
859	215
860	199
861	217
862	208
863	214
864	195
865	210
866	219
867	202
868	242
869	234
870	204
871	212
872	227
873	200
874	195
875	225
876	229
877	227
878	283
879	246
880	273
881	283
882	293
883	297
884	337
885	362
886	351
887	337
888	421
889	434
890	456
891	450
892	477
893	512
894	515
895	543
896	560
897	562
898	545
899	556
900	557
901	519
902	578
903	574
904	540
905	533
906	490
907	534
908	454
909	497
910	430
911	448
912	401
913	415
914	418
915	360
916	350
917	332
918	312
919	273
920	281
921	267
922	245
923	221
924	198
925	209
926	240
927	229
928	213
929	170
930	188
931	199
932	188
933	203
934	173
935	152
936	171
937	162
938	173
939	183
940	180
941	161
942	192
943	201
944	222
945	257
946	302
947	328
948	383
949	332
950	393
951	426
952	411
953	411
954	430
955	404
956	402
957	427
958	335
959	312
960	302
961	245
962	253
963	229
964	195
965	145
966	151
967	151
968	158
969	119
970	139
971	127
972	140
973	117
974	114
975	121
976	137
977	136
978	121
979	132
980	130
981	114
982	121
983	131
984	132
985	134
986	133
987	139
988	149
989	137
990	153
991	143
992	161
993	160
994	162
995	164
996	164
997	167
998	175
999	219
1000	167
1001	182
1002	172
1003	183
1004	180
1005	193
1006	197
1007	159
1008	181
1009	157
1010	156
1011	194
1012	194
1013	164
1014	155
1015	166
1016	149
1017	144
1018	141
1019	126
1020	121
1021	130
1022	133
1023	132
1024	121
