Date:	08/05/2018		Time:	20:34		Version no:	0.00		Project name:	55		Sample name:	222		Section name:	section		Position	248.115036	mm	E0	0.000000	keV	E1	1.000000	keV/channel	sample surface	5.946271	cm	Tube anode:	Mo		Tube voltage:	30	kV	Tube current:	50	mA	gain	10		std. database			resultfile	result		matrix element	11		sample thickness	1.000000		air passage	0.560000	cm	comments	in position		peaking_time	2.200000	m-sec	trigger_threshold	547.363281	V	mca_bin_width	22.090000	no:	number_mca_channels	1024.000000	no:	gap_time	0.150000	m-sec	trigger_peaking_time	0.200000	m-sec	GAINDAC	18610		HIGHGAIN	1		TAURC	1		RCTAU	1		RCTAUFRAC	1		livetime	9.472760	seconds	runtime	10.000488	seconds	input_count_rate	21519.916054	cps	output_count_rate	17916.225688	cps	triggers	203853	seconds	events_in_run	179171	seconds	channel	content		1	0
2	0
3	0
4	0
5	0
6	0
7	0
8	0
9	0
10	0
11	0
12	0
13	0
14	0
15	0
16	0
17	0
18	0
19	0
20	0
21	0
22	0
23	0
24	0
25	0
26	0
27	0
28	0
29	0
30	0
31	11
32	11
33	13
34	13
35	13
36	11
37	13
38	4
39	13
40	14
41	13
42	12
43	17
44	13
45	10
46	13
47	12
48	11
49	11
50	13
51	14
52	14
53	13
54	10
55	10
56	9
57	14
58	17
59	18
60	10
61	11
62	12
63	8
64	14
65	16
66	12
67	11
68	8
69	10
70	4
71	3
72	12
73	13
74	7
75	7
76	7
77	13
78	4
79	10
80	7
81	13
82	11
83	11
84	8
85	10
86	6
87	7
88	8
89	6
90	6
91	3
92	9
93	8
94	13
95	17
96	10
97	18
98	12
99	14
100	13
101	6
102	6
103	10
104	6
105	5
106	4
107	6
108	7
109	11
110	6
111	4
112	8
113	6
114	1
115	7
116	3
117	3
118	5
119	3
120	1
121	2
122	3
123	3
124	6
125	6
126	5
127	6
128	3
129	1
130	4
131	2
132	5
133	5
134	4
135	2
136	5
137	5
138	2
139	6
140	5
141	2
142	4
143	7
144	2
145	4
146	3
147	4
148	4
149	2
150	4
151	8
152	7
153	3
154	3
155	5
156	4
157	8
158	10
159	17
160	18
161	26
162	26
163	28
164	27
165	19
166	12
167	8
168	10
169	7
170	3
171	5
172	3
173	7
174	13
175	4
176	6
177	2
178	7
179	8
180	25
181	10
182	25
183	19
184	23
185	16
186	8
187	6
188	7
189	4
190	4
191	0
192	3
193	7
194	8
195	11
196	19
197	31
198	77
199	115
200	155
201	228
202	261
203	251
204	229
205	189
206	165
207	113
208	59
209	42
210	14
211	9
212	7
213	7
214	11
215	8
216	17
217	28
218	32
219	41
220	42
221	46
222	44
223	43
224	20
225	22
226	13
227	9
228	3
229	3
230	5
231	9
232	6
233	3
234	10
235	1
236	6
237	11
238	5
239	5
240	13
241	18
242	26
243	51
244	76
245	91
246	144
247	152
248	142
249	129
250	129
251	85
252	71
253	57
254	41
255	41
256	39
257	26
258	14
259	19
260	13
261	13
262	14
263	6
264	9
265	16
266	18
267	29
268	25
269	40
270	30
271	32
272	50
273	34
274	26
275	25
276	24
277	15
278	7
279	8
280	8
281	5
282	8
283	6
284	6
285	7
286	6
287	5
288	15
289	12
290	16
291	12
292	8
293	9
294	21
295	10
296	12
297	13
298	14
299	22
300	12
301	8
302	11
303	14
304	15
305	15
306	8
307	13
308	11
309	7
310	11
311	14
312	15
313	12
314	16
315	18
316	18
317	22
318	34
319	42
320	59
321	83
322	108
323	98
324	92
325	91
326	75
327	77
328	46
329	43
330	35
331	22
332	21
333	23
334	26
335	30
336	25
337	31
338	44
339	52
340	84
341	152
342	297
343	511
344	951
345	1555
346	2546
347	3392
348	4458
349	5422
350	6051
351	6261
352	6000
353	5392
354	4305
355	3280
356	2239
357	1449
358	847
359	470
360	288
361	118
362	79
363	47
364	40
365	29
366	39
367	25
368	38
369	39
370	40
371	39
372	41
373	55
374	55
375	48
376	71
377	78
378	131
379	168
380	249
381	354
382	492
383	671
384	814
385	940
386	1052
387	1103
388	1062
389	885
390	727
391	557
392	423
393	270
394	164
395	106
396	65
397	49
398	21
399	30
400	32
401	31
402	21
403	27
404	22
405	39
406	35
407	28
408	31
409	37
410	31
411	40
412	28
413	37
414	22
415	22
416	29
417	30
418	28
419	27
420	31
421	32
422	35
423	26
424	26
425	32
426	29
427	31
428	32
429	45
430	22
431	43
432	32
433	43
434	38
435	45
436	52
437	36
438	58
439	54
440	63
441	66
442	70
443	69
444	61
445	54
446	54
447	66
448	48
449	62
450	56
451	51
452	48
453	57
454	52
455	66
456	53
457	65
458	76
459	74
460	84
461	60
462	66
463	68
464	69
465	44
466	48
467	47
468	49
469	67
470	64
471	58
472	76
473	63
474	61
475	72
476	54
477	46
478	55
479	49
480	57
481	51
482	59
483	55
484	39
485	53
486	42
487	46
488	53
489	55
490	57
491	60
492	43
493	49
494	58
495	71
496	51
497	66
498	58
499	53
500	65
501	58
502	73
503	48
504	63
505	52
506	61
507	66
508	70
509	81
510	65
511	58
512	66
513	73
514	68
515	72
516	72
517	83
518	73
519	83
520	93
521	85
522	81
523	73
524	83
525	102
526	94
527	100
528	100
529	94
530	84
531	90
532	82
533	97
534	81
535	80
536	73
537	68
538	56
539	73
540	76
541	74
542	77
543	62
544	86
545	100
546	82
547	84
548	59
549	71
550	58
551	54
552	65
553	73
554	71
555	67
556	66
557	84
558	76
559	68
560	68
561	71
562	62
563	68
564	75
565	84
566	82
567	73
568	79
569	78
570	91
571	90
572	68
573	71
574	86
575	71
576	71
577	84
578	75
579	83
580	83
581	59
582	87
583	86
584	74
585	83
586	90
587	82
588	85
589	90
590	95
591	95
592	86
593	83
594	98
595	78
596	89
597	80
598	89
599	106
600	79
601	92
602	112
603	76
604	82
605	72
606	98
607	92
608	86
609	93
610	87
611	96
612	108
613	97
614	80
615	98
616	103
617	85
618	100
619	95
620	95
621	92
622	100
623	105
624	117
625	98
626	111
627	97
628	90
629	111
630	90
631	100
632	107
633	85
634	110
635	113
636	92
637	97
638	107
639	99
640	85
641	86
642	94
643	93
644	113
645	102
646	101
647	120
648	110
649	95
650	111
651	126
652	90
653	96
654	106
655	105
656	120
657	89
658	125
659	95
660	114
661	117
662	90
663	110
664	116
665	103
666	113
667	106
668	113
669	96
670	110
671	122
672	112
673	105
674	109
675	109
676	119
677	101
678	108
679	111
680	108
681	131
682	112
683	109
684	102
685	121
686	107
687	103
688	112
689	99
690	136
691	112
692	113
693	108
694	125
695	100
696	126
697	117
698	111
699	125
700	123
701	122
702	141
703	125
704	120
705	133
706	121
707	127
708	116
709	122
710	118
711	136
712	113
713	113
714	102
715	110
716	122
717	119
718	125
719	109
720	117
721	124
722	110
723	109
724	121
725	139
726	139
727	126
728	138
729	119
730	144
731	121
732	155
733	135
734	125
735	129
736	132
737	143
738	118
739	131
740	105
741	126
742	133
743	121
744	135
745	138
746	126
747	135
748	124
749	119
750	134
751	132
752	113
753	123
754	127
755	140
756	121
757	136
758	135
759	124
760	132
761	103
762	140
763	161
764	147
765	176
766	185
767	199
768	224
769	224
770	262
771	283
772	277
773	307
774	306
775	292
776	280
777	266
778	238
779	200
780	207
781	191
782	186
783	161
784	158
785	141
786	143
787	124
788	130
789	162
790	139
791	132
792	117
793	136
794	105
795	142
796	135
797	136
798	133
799	112
800	125
801	144
802	129
803	156
804	121
805	169
806	120
807	115
808	137
809	154
810	108
811	136
812	136
813	146
814	164
815	134
816	154
817	132
818	150
819	156
820	140
821	156
822	159
823	134
824	138
825	159
826	156
827	130
828	143
829	127
830	143
831	156
832	141
833	142
834	137
835	167
836	129
837	159
838	145
839	162
840	147
841	137
842	168
843	164
844	151
845	148
846	140
847	138
848	131
849	150
850	160
851	129
852	149
853	167
854	149
855	165
856	169
857	196
858	157
859	171
860	189
861	218
862	189
863	210
864	232
865	223
866	197
867	246
868	206
869	226
870	230
871	238
872	244
873	242
874	231
875	230
876	261
877	273
878	231
879	269
880	278
881	281
882	303
883	300
884	327
885	355
886	374
887	395
888	433
889	452
890	459
891	448
892	482
893	486
894	486
895	550
896	581
897	562
898	539
899	577
900	594
901	561
902	609
903	534
904	522
905	495
906	506
907	501
908	481
909	482
910	460
911	475
912	425
913	436
914	393
915	354
916	383
917	328
918	319
919	274
920	286
921	275
922	258
923	248
924	231
925	230
926	198
927	227
928	219
929	186
930	194
931	203
932	176
933	172
934	152
935	169
936	154
937	178
938	175
939	196
940	158
941	191
942	208
943	232
944	241
945	261
946	270
947	307
948	334
949	358
950	389
951	399
952	421
953	447
954	459
955	440
956	422
957	409
958	366
959	357
960	290
961	278
962	215
963	217
964	189
965	161
966	160
967	159
968	159
969	136
970	115
971	149
972	140
973	124
974	140
975	123
976	120
977	132
978	132
979	127
980	133
981	132
982	154
983	111
984	127
985	133
986	143
987	151
988	163
989	163
990	162
991	149
992	168
993	144
994	157
995	155
996	151
997	141
998	168
999	168
1000	176
1001	174
1002	168
1003	173
1004	186
1005	186
1006	189
1007	212
1008	181
1009	188
1010	163
1011	195
1012	142
1013	158
1014	158
1015	158
1016	150
1017	143
1018	143
1019	160
1020	140
1021	129
1022	127
1023	117
1024	103
