Date:	08/05/2018		Time:	22:57		Version no:	0.00		Project name:	55		Sample name:	222		Section name:	section		Position	397.315033	mm	E0	0.000000	keV	E1	1.000000	keV/channel	sample surface	6.113186	cm	Tube anode:	Mo		Tube voltage:	30	kV	Tube current:	50	mA	gain	10		std. database			resultfile	result		matrix element	11		sample thickness	1.000000		air passage	0.560000	cm	comments	in position		peaking_time	2.200000	m-sec	trigger_threshold	547.363281	V	mca_bin_width	22.090000	no:	number_mca_channels	1024.000000	no:	gap_time	0.150000	m-sec	trigger_peaking_time	0.200000	m-sec	GAINDAC	18610		HIGHGAIN	1		TAURC	1		RCTAU	1		RCTAUFRAC	1		livetime	9.389922	seconds	runtime	10.000492	seconds	input_count_rate	26516.515324	cps	output_count_rate	21384.147900	cps	triggers	248988	seconds	events_in_run	213852	seconds	channel	content		1	0
2	0
3	0
4	0
5	0
6	0
7	0
8	0
9	0
10	0
11	0
12	0
13	0
14	0
15	0
16	0
17	0
18	0
19	0
20	0
21	0
22	0
23	0
24	0
25	0
26	0
27	0
28	0
29	0
30	0
31	15
32	14
33	14
34	14
35	17
36	15
37	10
38	14
39	10
40	18
41	17
42	11
43	14
44	17
45	8
46	10
47	15
48	9
49	10
50	18
51	10
52	15
53	11
54	6
55	14
56	10
57	8
58	11
59	13
60	6
61	10
62	8
63	12
64	12
65	14
66	10
67	10
68	18
69	7
70	15
71	7
72	9
73	10
74	11
75	10
76	7
77	5
78	10
79	14
80	5
81	12
82	13
83	13
84	10
85	6
86	11
87	10
88	2
89	7
90	8
91	12
92	12
93	10
94	22
95	14
96	27
97	16
98	11
99	14
100	11
101	8
102	8
103	4
104	9
105	9
106	13
107	6
108	11
109	10
110	6
111	8
112	5
113	4
114	4
115	4
116	1
117	7
118	5
119	4
120	2
121	5
122	3
123	4
124	4
125	8
126	5
127	3
128	6
129	7
130	4
131	4
132	5
133	5
134	2
135	3
136	4
137	4
138	2
139	4
140	5
141	5
142	3
143	3
144	2
145	6
146	2
147	5
148	4
149	5
150	7
151	7
152	2
153	5
154	0
155	4
156	5
157	4
158	7
159	16
160	13
161	19
162	18
163	25
164	27
165	28
166	14
167	8
168	8
169	1
170	3
171	5
172	4
173	9
174	5
175	6
176	6
177	11
178	11
179	13
180	20
181	20
182	22
183	20
184	14
185	12
186	13
187	8
188	5
189	10
190	5
191	5
192	10
193	7
194	13
195	11
196	29
197	60
198	93
199	157
200	221
201	266
202	355
203	344
204	317
205	298
206	224
207	138
208	88
209	48
210	22
211	12
212	10
213	5
214	7
215	20
216	26
217	27
218	38
219	46
220	50
221	68
222	42
223	56
224	39
225	20
226	25
227	11
228	8
229	8
230	8
231	3
232	4
233	6
234	2
235	6
236	4
237	4
238	5
239	9
240	23
241	32
242	47
243	80
244	119
245	145
246	209
247	211
248	256
249	243
250	177
251	169
252	115
253	86
254	66
255	58
256	51
257	51
258	28
259	30
260	19
261	19
262	18
263	18
264	14
265	21
266	32
267	51
268	37
269	54
270	56
271	79
272	65
273	67
274	50
275	40
276	22
277	24
278	13
279	8
280	13
281	7
282	15
283	18
284	9
285	16
286	18
287	15
288	9
289	16
290	14
291	13
292	24
293	22
294	28
295	16
296	27
297	16
298	19
299	12
300	13
301	14
302	14
303	12
304	13
305	17
306	16
307	11
308	16
309	14
310	14
311	11
312	9
313	14
314	14
315	17
316	28
317	30
318	36
319	64
320	100
321	101
322	119
323	117
324	127
325	127
326	98
327	86
328	78
329	62
330	26
331	23
332	27
333	25
334	31
335	30
336	36
337	45
338	61
339	81
340	141
341	225
342	380
343	796
344	1411
345	2353
346	3579
347	5082
348	6509
349	8182
350	8993
351	9111
352	9008
353	7823
354	6410
355	4766
356	3316
357	2129
358	1229
359	738
360	349
361	188
362	103
363	76
364	56
365	50
366	54
367	39
368	53
369	48
370	51
371	39
372	50
373	67
374	68
375	63
376	95
377	126
378	168
379	224
380	370
381	533
382	744
383	936
384	1232
385	1436
386	1587
387	1583
388	1512
389	1250
390	1101
391	804
392	542
393	378
394	243
395	142
396	90
397	66
398	31
399	43
400	26
401	26
402	25
403	32
404	22
405	24
406	31
407	31
408	33
409	48
410	30
411	30
412	38
413	35
414	36
415	28
416	26
417	23
418	39
419	30
420	46
421	32
422	43
423	36
424	36
425	42
426	30
427	32
428	28
429	28
430	40
431	45
432	32
433	47
434	39
435	48
436	52
437	57
438	58
439	56
440	62
441	77
442	66
443	67
444	57
445	54
446	71
447	63
448	52
449	66
450	53
451	58
452	62
453	67
454	67
455	62
456	68
457	73
458	71
459	69
460	70
461	78
462	73
463	88
464	58
465	60
466	65
467	72
468	56
469	54
470	55
471	53
472	64
473	63
474	49
475	56
476	48
477	54
478	59
479	43
480	59
481	51
482	59
483	53
484	49
485	55
486	75
487	58
488	54
489	59
490	50
491	59
492	46
493	51
494	51
495	68
496	57
497	42
498	61
499	60
500	63
501	73
502	75
503	58
504	56
505	64
506	69
507	70
508	102
509	70
510	91
511	85
512	77
513	78
514	100
515	66
516	69
517	74
518	90
519	84
520	81
521	71
522	83
523	85
524	94
525	85
526	93
527	92
528	89
529	104
530	99
531	91
532	89
533	92
534	76
535	90
536	77
537	76
538	74
539	77
540	63
541	72
542	81
543	83
544	100
545	81
546	86
547	88
548	63
549	76
550	83
551	87
552	70
553	72
554	62
555	82
556	77
557	75
558	72
559	76
560	53
561	92
562	79
563	75
564	79
565	78
566	68
567	86
568	80
569	80
570	70
571	66
572	89
573	89
574	84
575	85
576	63
577	83
578	94
579	73
580	67
581	72
582	72
583	88
584	102
585	87
586	84
587	104
588	78
589	101
590	99
591	85
592	80
593	83
594	98
595	93
596	87
597	93
598	92
599	101
600	104
601	98
602	112
603	83
604	86
605	102
606	95
607	92
608	88
609	116
610	93
611	100
612	97
613	101
614	106
615	95
616	99
617	117
618	118
619	99
620	118
621	95
622	130
623	93
624	96
625	112
626	110
627	109
628	100
629	87
630	108
631	90
632	89
633	104
634	119
635	106
636	121
637	92
638	96
639	96
640	103
641	102
642	95
643	99
644	110
645	115
646	98
647	102
648	116
649	106
650	96
651	114
652	102
653	122
654	92
655	119
656	123
657	103
658	106
659	115
660	123
661	120
662	111
663	103
664	125
665	113
666	98
667	112
668	111
669	118
670	110
671	108
672	111
673	131
674	105
675	116
676	116
677	105
678	123
679	126
680	128
681	101
682	93
683	97
684	105
685	109
686	118
687	125
688	120
689	128
690	133
691	104
692	145
693	126
694	118
695	125
696	126
697	108
698	133
699	122
700	122
701	133
702	131
703	144
704	109
705	138
706	118
707	100
708	133
709	114
710	130
711	136
712	121
713	128
714	120
715	128
716	134
717	124
718	130
719	137
720	127
721	137
722	129
723	125
724	120
725	141
726	120
727	123
728	107
729	129
730	136
731	120
732	123
733	124
734	154
735	138
736	145
737	137
738	107
739	130
740	136
741	129
742	138
743	115
744	130
745	133
746	122
747	149
748	130
749	138
750	133
751	121
752	131
753	141
754	135
755	119
756	120
757	137
758	134
759	165
760	126
761	151
762	150
763	157
764	139
765	159
766	179
767	186
768	198
769	225
770	217
771	239
772	272
773	290
774	292
775	282
776	253
777	245
778	232
779	206
780	181
781	203
782	153
783	150
784	147
785	152
786	153
787	117
788	144
789	156
790	140
791	128
792	147
793	149
794	111
795	135
796	138
797	136
798	145
799	148
800	139
801	130
802	126
803	131
804	145
805	157
806	138
807	134
808	148
809	149
810	107
811	128
812	156
813	124
814	147
815	134
816	180
817	142
818	135
819	135
820	160
821	140
822	144
823	151
824	136
825	157
826	142
827	161
828	140
829	148
830	134
831	141
832	155
833	150
834	133
835	150
836	151
837	159
838	139
839	153
840	144
841	166
842	151
843	150
844	131
845	144
846	145
847	165
848	153
849	155
850	163
851	146
852	164
853	167
854	165
855	171
856	186
857	181
858	212
859	184
860	192
861	201
862	198
863	198
864	229
865	199
866	202
867	221
868	214
869	229
870	235
871	252
872	210
873	232
874	196
875	217
876	200
877	254
878	228
879	236
880	257
881	292
882	303
883	314
884	358
885	361
886	345
887	395
888	401
889	446
890	409
891	462
892	483
893	502
894	509
895	526
896	536
897	516
898	565
899	590
900	555
901	620
902	557
903	566
904	551
905	579
906	525
907	506
908	512
909	469
910	453
911	465
912	426
913	400
914	414
915	311
916	334
917	327
918	289
919	272
920	272
921	244
922	245
923	259
924	210
925	234
926	205
927	209
928	182
929	183
930	188
931	166
932	185
933	170
934	190
935	161
936	169
937	167
938	167
939	163
940	199
941	195
942	194
943	220
944	215
945	241
946	284
947	284
948	305
949	375
950	365
951	393
952	427
953	404
954	408
955	389
956	419
957	370
958	378
959	332
960	267
961	296
962	251
963	199
964	181
965	169
966	196
967	142
968	139
969	124
970	136
971	128
972	132
973	153
974	131
975	132
976	128
977	134
978	116
979	132
980	131
981	109
982	127
983	145
984	166
985	133
986	137
987	143
988	140
989	141
990	177
991	126
992	164
993	158
994	164
995	139
996	167
997	186
998	176
999	201
1000	178
1001	188
1002	153
1003	197
1004	171
1005	183
1006	165
1007	153
1008	177
1009	217
1010	188
1011	152
1012	161
1013	166
1014	150
1015	138
1016	153
1017	140
1018	156
1019	146
1020	128
1021	136
1022	128
1023	124
1024	128
