Date:	08/05/2018		Time:	20:43		Version no:	0.00		Project name:	55		Sample name:	222		Section name:	section		Position	257.515045	mm	E0	0.000000	keV	E1	1.000000	keV/channel	sample surface	5.936335	cm	Tube anode:	Mo		Tube voltage:	30	kV	Tube current:	50	mA	gain	10		std. database			resultfile	result		matrix element	11		sample thickness	1.000000		air passage	0.560000	cm	comments	in position		peaking_time	2.200000	m-sec	trigger_threshold	547.363281	V	mca_bin_width	22.090000	no:	number_mca_channels	1024.000000	no:	gap_time	0.150000	m-sec	trigger_peaking_time	0.200000	m-sec	GAINDAC	18610		HIGHGAIN	1		TAURC	1		RCTAU	1		RCTAUFRAC	1		livetime	9.467787	seconds	runtime	10.000497	seconds	input_count_rate	21785.238266	cps	output_count_rate	18091.001239	cps	triggers	206258	seconds	events_in_run	180919	seconds	channel	content		1	0
2	0
3	0
4	0
5	0
6	0
7	0
8	0
9	0
10	0
11	0
12	0
13	0
14	0
15	0
16	0
17	0
18	0
19	0
20	0
21	0
22	0
23	0
24	0
25	0
26	0
27	0
28	0
29	0
30	0
31	11
32	16
33	14
34	13
35	14
36	11
37	22
38	22
39	9
40	19
41	9
42	13
43	18
44	12
45	16
46	12
47	10
48	14
49	7
50	17
51	14
52	14
53	17
54	9
55	13
56	11
57	14
58	10
59	18
60	12
61	10
62	11
63	11
64	12
65	8
66	8
67	9
68	6
69	10
70	8
71	9
72	9
73	6
74	11
75	9
76	13
77	7
78	9
79	11
80	11
81	10
82	15
83	7
84	16
85	9
86	15
87	8
88	6
89	10
90	4
91	11
92	4
93	8
94	14
95	12
96	15
97	14
98	14
99	9
100	8
101	6
102	5
103	8
104	9
105	8
106	5
107	4
108	6
109	8
110	7
111	5
112	5
113	6
114	4
115	6
116	1
117	8
118	5
119	5
120	7
121	2
122	3
123	3
124	6
125	7
126	5
127	5
128	3
129	5
130	4
131	7
132	2
133	3
134	5
135	4
136	3
137	4
138	3
139	3
140	4
141	2
142	4
143	2
144	2
145	5
146	3
147	0
148	3
149	3
150	4
151	7
152	5
153	6
154	3
155	2
156	5
157	5
158	8
159	12
160	9
161	23
162	26
163	31
164	24
165	31
166	14
167	13
168	10
169	3
170	5
171	5
172	0
173	4
174	11
175	8
176	12
177	6
178	14
179	13
180	17
181	17
182	18
183	16
184	16
185	10
186	6
187	4
188	2
189	6
190	2
191	8
192	5
193	4
194	8
195	6
196	26
197	40
198	73
199	111
200	175
201	222
202	312
203	254
204	281
205	210
206	162
207	104
208	62
209	46
210	21
211	5
212	6
213	7
214	4
215	12
216	21
217	25
218	31
219	29
220	53
221	71
222	32
223	42
224	30
225	24
226	17
227	8
228	11
229	3
230	2
231	2
232	5
233	4
234	2
235	3
236	1
237	8
238	6
239	8
240	5
241	25
242	26
243	37
244	83
245	86
246	112
247	135
248	123
249	132
250	104
251	81
252	69
253	53
254	50
255	23
256	32
257	34
258	28
259	15
260	14
261	12
262	9
263	10
264	8
265	11
266	20
267	16
268	24
269	30
270	31
271	35
272	43
273	33
274	24
275	23
276	15
277	12
278	14
279	13
280	3
281	6
282	10
283	7
284	7
285	7
286	6
287	12
288	5
289	18
290	10
291	14
292	16
293	12
294	14
295	14
296	6
297	18
298	16
299	9
300	11
301	18
302	10
303	7
304	7
305	8
306	13
307	12
308	7
309	7
310	9
311	9
312	16
313	8
314	13
315	12
316	25
317	20
318	23
319	41
320	46
321	46
322	65
323	73
324	62
325	58
326	64
327	51
328	37
329	40
330	25
331	22
332	14
333	20
334	20
335	25
336	35
337	32
338	37
339	71
340	103
341	165
342	341
343	562
344	1003
345	1636
346	2491
347	3541
348	4653
349	5711
350	6289
351	6486
352	6196
353	5555
354	4542
355	3263
356	2260
357	1469
358	870
359	482
360	258
361	157
362	70
363	50
364	36
365	32
366	34
367	41
368	34
369	49
370	30
371	53
372	38
373	47
374	52
375	62
376	72
377	104
378	101
379	190
380	236
381	351
382	503
383	719
384	854
385	1008
386	1101
387	1089
388	1023
389	902
390	756
391	575
392	400
393	271
394	167
395	107
396	70
397	43
398	29
399	32
400	22
401	18
402	23
403	22
404	22
405	29
406	28
407	38
408	36
409	35
410	43
411	36
412	36
413	36
414	29
415	27
416	26
417	27
418	29
419	27
420	34
421	29
422	20
423	34
424	26
425	27
426	28
427	27
428	23
429	39
430	36
431	29
432	44
433	33
434	40
435	41
436	57
437	62
438	63
439	49
440	64
441	60
442	61
443	70
444	78
445	65
446	52
447	73
448	46
449	67
450	50
451	57
452	57
453	64
454	60
455	71
456	67
457	59
458	62
459	85
460	75
461	71
462	59
463	71
464	67
465	43
466	58
467	52
468	55
469	53
470	55
471	48
472	61
473	50
474	56
475	64
476	60
477	50
478	48
479	49
480	43
481	39
482	53
483	42
484	51
485	66
486	50
487	52
488	60
489	61
490	60
491	44
492	47
493	41
494	68
495	58
496	66
497	57
498	56
499	55
500	66
501	60
502	60
503	55
504	61
505	57
506	65
507	69
508	68
509	71
510	64
511	74
512	63
513	71
514	61
515	85
516	76
517	82
518	81
519	77
520	71
521	79
522	67
523	79
524	77
525	84
526	79
527	99
528	96
529	88
530	86
531	96
532	101
533	80
534	77
535	84
536	90
537	75
538	77
539	72
540	94
541	68
542	70
543	79
544	78
545	79
546	101
547	83
548	98
549	88
550	88
551	74
552	65
553	75
554	84
555	68
556	78
557	73
558	90
559	79
560	68
561	72
562	92
563	71
564	65
565	76
566	82
567	83
568	65
569	80
570	75
571	71
572	69
573	87
574	63
575	76
576	70
577	89
578	108
579	62
580	77
581	96
582	78
583	83
584	70
585	82
586	79
587	88
588	102
589	105
590	94
591	90
592	76
593	78
594	107
595	85
596	105
597	89
598	103
599	80
600	81
601	82
602	101
603	80
604	99
605	106
606	98
607	87
608	79
609	91
610	75
611	90
612	91
613	107
614	104
615	81
616	82
617	83
618	94
619	85
620	87
621	103
622	94
623	75
624	122
625	96
626	93
627	83
628	102
629	99
630	102
631	96
632	82
633	97
634	101
635	111
636	104
637	90
638	114
639	99
640	97
641	70
642	111
643	92
644	95
645	115
646	106
647	94
648	105
649	107
650	119
651	101
652	103
653	129
654	121
655	81
656	94
657	111
658	108
659	103
660	90
661	84
662	105
663	97
664	114
665	126
666	99
667	114
668	117
669	110
670	108
671	98
672	112
673	111
674	108
675	107
676	89
677	112
678	87
679	112
680	96
681	113
682	116
683	136
684	106
685	120
686	126
687	128
688	128
689	111
690	96
691	99
692	120
693	133
694	118
695	121
696	109
697	136
698	129
699	137
700	117
701	109
702	142
703	126
704	124
705	140
706	119
707	123
708	117
709	113
710	114
711	119
712	127
713	119
714	120
715	125
716	135
717	125
718	110
719	120
720	119
721	122
722	128
723	134
724	121
725	144
726	121
727	151
728	127
729	124
730	123
731	120
732	121
733	131
734	144
735	143
736	114
737	127
738	138
739	133
740	151
741	146
742	123
743	144
744	129
745	128
746	134
747	132
748	130
749	118
750	131
751	124
752	144
753	119
754	122
755	122
756	129
757	124
758	136
759	123
760	132
761	144
762	138
763	161
764	148
765	193
766	165
767	204
768	196
769	247
770	252
771	308
772	268
773	319
774	310
775	277
776	269
777	275
778	242
779	214
780	208
781	199
782	182
783	156
784	135
785	149
786	144
787	130
788	152
789	144
790	151
791	103
792	149
793	129
794	126
795	108
796	128
797	133
798	152
799	129
800	109
801	128
802	134
803	125
804	136
805	135
806	139
807	142
808	132
809	144
810	133
811	119
812	135
813	133
814	142
815	125
816	165
817	134
818	132
819	143
820	162
821	139
822	161
823	158
824	153
825	137
826	145
827	132
828	146
829	126
830	148
831	139
832	147
833	175
834	140
835	151
836	139
837	157
838	155
839	129
840	128
841	151
842	154
843	172
844	165
845	145
846	133
847	159
848	134
849	160
850	159
851	157
852	156
853	181
854	168
855	157
856	166
857	169
858	176
859	192
860	173
861	200
862	205
863	202
864	210
865	213
866	223
867	243
868	210
869	204
870	226
871	233
872	224
873	200
874	231
875	247
876	244
877	254
878	266
879	273
880	249
881	273
882	302
883	288
884	316
885	340
886	336
887	400
888	397
889	414
890	428
891	472
892	489
893	512
894	499
895	537
896	564
897	571
898	571
899	544
900	548
901	574
902	569
903	573
904	559
905	565
906	573
907	525
908	492
909	444
910	504
911	455
912	429
913	407
914	359
915	372
916	333
917	330
918	318
919	260
920	266
921	268
922	263
923	245
924	227
925	233
926	224
927	216
928	218
929	192
930	198
931	181
932	186
933	153
934	164
935	176
936	169
937	145
938	173
939	168
940	171
941	197
942	222
943	221
944	207
945	269
946	291
947	305
948	320
949	351
950	358
951	423
952	411
953	445
954	424
955	437
956	403
957	407
958	390
959	345
960	299
961	292
962	232
963	220
964	199
965	158
966	138
967	139
968	147
969	147
970	127
971	115
972	118
973	143
974	134
975	126
976	134
977	133
978	131
979	130
980	120
981	132
982	148
983	136
984	147
985	117
986	143
987	137
988	144
989	189
990	141
991	161
992	137
993	154
994	147
995	177
996	184
997	193
998	167
999	202
1000	177
1001	184
1002	175
1003	172
1004	176
1005	174
1006	194
1007	184
1008	165
1009	141
1010	181
1011	154
1012	158
1013	161
1014	169
1015	159
1016	146
1017	157
1018	122
1019	143
1020	145
1021	135
1022	112
1023	118
1024	115
