Date:	08/05/2018		Time:	22:44		Version no:	0.00		Project name:	55		Sample name:	222		Section name:	section		Position	384.715027	mm	E0	0.000000	keV	E1	1.000000	keV/channel	sample surface	6.167331	cm	Tube anode:	Mo		Tube voltage:	30	kV	Tube current:	50	mA	gain	10		std. database			resultfile	result		matrix element	11		sample thickness	1.000000		air passage	0.560000	cm	comments	in position		peaking_time	2.200000	m-sec	trigger_threshold	547.363281	V	mca_bin_width	22.090000	no:	number_mca_channels	1024.000000	no:	gap_time	0.150000	m-sec	trigger_peaking_time	0.200000	m-sec	GAINDAC	18610		HIGHGAIN	1		TAURC	1		RCTAU	1		RCTAUFRAC	1		livetime	9.431993	seconds	runtime	10.000498	seconds	input_count_rate	24668.911961	cps	output_count_rate	20173.196182	cps	triggers	232677	seconds	events_in_run	201742	seconds	channel	content		1	0
2	0
3	0
4	0
5	0
6	0
7	0
8	0
9	0
10	0
11	0
12	0
13	0
14	0
15	0
16	0
17	0
18	0
19	0
20	0
21	0
22	0
23	0
24	0
25	0
26	0
27	0
28	0
29	0
30	0
31	14
32	15
33	14
34	11
35	15
36	17
37	11
38	14
39	15
40	14
41	14
42	13
43	18
44	27
45	17
46	15
47	15
48	12
49	19
50	7
51	8
52	21
53	14
54	21
55	10
56	15
57	7
58	8
59	11
60	13
61	15
62	10
63	10
64	9
65	7
66	10
67	7
68	5
69	10
70	8
71	9
72	9
73	10
74	12
75	8
76	12
77	14
78	6
79	8
80	12
81	12
82	13
83	14
84	10
85	7
86	7
87	10
88	4
89	6
90	5
91	11
92	8
93	10
94	12
95	24
96	18
97	16
98	21
99	17
100	15
101	6
102	10
103	4
104	6
105	6
106	10
107	10
108	9
109	13
110	7
111	9
112	7
113	6
114	7
115	1
116	4
117	5
118	3
119	10
120	1
121	4
122	4
123	6
124	4
125	10
126	10
127	6
128	4
129	4
130	7
131	4
132	3
133	4
134	3
135	2
136	6
137	5
138	4
139	7
140	7
141	4
142	4
143	4
144	6
145	2
146	7
147	5
148	2
149	3
150	12
151	5
152	2
153	4
154	5
155	6
156	3
157	11
158	8
159	14
160	14
161	22
162	26
163	25
164	21
165	25
166	16
167	7
168	11
169	3
170	6
171	8
172	7
173	4
174	4
175	6
176	16
177	11
178	19
179	21
180	8
181	20
182	22
183	20
184	13
185	11
186	15
187	12
188	6
189	1
190	2
191	6
192	3
193	9
194	10
195	20
196	34
197	75
198	114
199	167
200	222
201	339
202	392
203	435
204	455
205	347
206	234
207	178
208	109
209	57
210	23
211	17
212	9
213	10
214	7
215	19
216	25
217	43
218	50
219	53
220	70
221	85
222	58
223	61
224	55
225	18
226	16
227	12
228	6
229	9
230	8
231	4
232	1
233	7
234	8
235	8
236	2
237	7
238	8
239	9
240	12
241	13
242	36
243	59
244	86
245	127
246	149
247	177
248	185
249	160
250	149
251	105
252	78
253	67
254	61
255	46
256	38
257	44
258	33
259	18
260	13
261	13
262	9
263	17
264	12
265	20
266	25
267	38
268	29
269	37
270	42
271	46
272	52
273	54
274	35
275	24
276	14
277	13
278	15
279	11
280	12
281	11
282	12
283	12
284	9
285	13
286	17
287	9
288	18
289	15
290	19
291	9
292	14
293	20
294	17
295	21
296	19
297	21
298	18
299	19
300	20
301	15
302	14
303	10
304	15
305	18
306	9
307	18
308	14
309	11
310	11
311	17
312	12
313	17
314	20
315	19
316	30
317	37
318	49
319	65
320	83
321	95
322	138
323	131
324	125
325	133
326	89
327	72
328	66
329	60
330	33
331	23
332	14
333	38
334	32
335	38
336	24
337	47
338	53
339	76
340	119
341	232
342	453
343	760
344	1340
345	2190
346	3431
347	4748
348	6445
349	7677
350	8626
351	8949
352	8295
353	7340
354	5932
355	4357
356	2912
357	1932
358	1132
359	675
360	324
361	182
362	87
363	62
364	53
365	32
366	38
367	51
368	43
369	32
370	48
371	46
372	42
373	51
374	62
375	78
376	77
377	100
378	159
379	247
380	352
381	538
382	704
383	936
384	1163
385	1326
386	1547
387	1419
388	1333
389	1186
390	977
391	711
392	476
393	358
394	238
395	138
396	89
397	65
398	45
399	24
400	25
401	18
402	25
403	38
404	26
405	31
406	42
407	33
408	36
409	49
410	30
411	27
412	28
413	43
414	31
415	28
416	21
417	35
418	34
419	26
420	24
421	33
422	33
423	25
424	37
425	35
426	32
427	26
428	35
429	34
430	38
431	31
432	32
433	43
434	41
435	63
436	45
437	52
438	59
439	71
440	56
441	65
442	62
443	68
444	78
445	89
446	64
447	61
448	58
449	53
450	58
451	59
452	63
453	54
454	56
455	67
456	84
457	72
458	90
459	81
460	76
461	72
462	76
463	71
464	70
465	48
466	49
467	58
468	50
469	47
470	68
471	58
472	45
473	75
474	55
475	63
476	45
477	59
478	47
479	50
480	50
481	48
482	48
483	45
484	62
485	54
486	66
487	55
488	65
489	57
490	55
491	54
492	53
493	47
494	62
495	51
496	56
497	50
498	44
499	54
500	53
501	60
502	58
503	58
504	63
505	69
506	69
507	68
508	67
509	65
510	68
511	71
512	67
513	76
514	67
515	71
516	67
517	81
518	83
519	85
520	63
521	88
522	84
523	74
524	76
525	82
526	93
527	69
528	85
529	72
530	87
531	103
532	80
533	71
534	76
535	80
536	64
537	67
538	66
539	61
540	78
541	68
542	75
543	85
544	76
545	87
546	92
547	60
548	75
549	100
550	73
551	76
552	63
553	65
554	60
555	50
556	85
557	90
558	81
559	58
560	68
561	78
562	60
563	73
564	72
565	93
566	85
567	72
568	60
569	68
570	72
571	90
572	77
573	69
574	72
575	58
576	74
577	71
578	56
579	76
580	78
581	69
582	81
583	68
584	83
585	79
586	72
587	87
588	81
589	83
590	78
591	98
592	71
593	77
594	86
595	82
596	89
597	99
598	90
599	93
600	92
601	82
602	99
603	89
604	87
605	93
606	86
607	82
608	101
609	81
610	88
611	91
612	90
613	77
614	93
615	93
616	92
617	100
618	93
619	74
620	90
621	89
622	84
623	105
624	100
625	92
626	104
627	88
628	93
629	84
630	83
631	97
632	90
633	101
634	86
635	94
636	85
637	104
638	100
639	77
640	89
641	90
642	100
643	112
644	107
645	77
646	91
647	103
648	94
649	116
650	92
651	114
652	120
653	84
654	103
655	102
656	88
657	108
658	85
659	94
660	89
661	86
662	102
663	91
664	108
665	103
666	96
667	101
668	94
669	112
670	98
671	110
672	104
673	115
674	95
675	134
676	104
677	122
678	106
679	99
680	102
681	109
682	96
683	96
684	102
685	101
686	108
687	126
688	120
689	107
690	97
691	100
692	107
693	92
694	121
695	101
696	108
697	98
698	105
699	112
700	132
701	114
702	118
703	143
704	108
705	138
706	97
707	125
708	114
709	107
710	117
711	107
712	132
713	121
714	125
715	98
716	126
717	115
718	124
719	101
720	137
721	119
722	130
723	125
724	131
725	121
726	107
727	125
728	120
729	115
730	122
731	110
732	130
733	108
734	123
735	123
736	135
737	103
738	92
739	116
740	137
741	122
742	96
743	112
744	120
745	128
746	105
747	130
748	138
749	103
750	125
751	106
752	108
753	139
754	116
755	139
756	99
757	117
758	134
759	115
760	130
761	141
762	143
763	141
764	139
765	196
766	187
767	211
768	204
769	256
770	255
771	280
772	287
773	314
774	269
775	286
776	259
777	245
778	219
779	226
780	211
781	168
782	161
783	160
784	148
785	146
786	124
787	115
788	117
789	145
790	116
791	122
792	130
793	118
794	134
795	134
796	129
797	142
798	106
799	129
800	119
801	116
802	149
803	128
804	143
805	128
806	142
807	103
808	134
809	131
810	123
811	126
812	126
813	138
814	130
815	146
816	121
817	152
818	142
819	163
820	136
821	131
822	125
823	151
824	147
825	127
826	141
827	138
828	141
829	133
830	132
831	154
832	143
833	111
834	137
835	127
836	130
837	139
838	126
839	143
840	128
841	161
842	135
843	135
844	143
845	132
846	144
847	136
848	128
849	167
850	156
851	166
852	133
853	140
854	154
855	165
856	149
857	182
858	186
859	173
860	188
861	193
862	198
863	206
864	211
865	215
866	206
867	195
868	211
869	204
870	193
871	190
872	206
873	211
874	244
875	230
876	232
877	221
878	238
879	241
880	254
881	253
882	308
883	295
884	314
885	289
886	293
887	375
888	368
889	384
890	385
891	430
892	440
893	458
894	448
895	523
896	501
897	542
898	516
899	540
900	530
901	496
902	579
903	536
904	492
905	505
906	471
907	495
908	405
909	428
910	432
911	404
912	378
913	364
914	353
915	352
916	330
917	264
918	267
919	268
920	246
921	220
922	205
923	240
924	200
925	193
926	209
927	192
928	188
929	156
930	171
931	155
932	166
933	155
934	173
935	173
936	166
937	144
938	143
939	151
940	175
941	169
942	165
943	205
944	229
945	230
946	255
947	281
948	333
949	346
950	400
951	391
952	403
953	413
954	416
955	378
956	393
957	359
958	379
959	299
960	268
961	258
962	232
963	194
964	191
965	167
966	153
967	136
968	142
969	141
970	125
971	128
972	112
973	135
974	120
975	117
976	114
977	109
978	112
979	135
980	112
981	108
982	132
983	131
984	124
985	139
986	128
987	124
988	153
989	144
990	141
991	135
992	152
993	151
994	156
995	152
996	163
997	149
998	158
999	150
1000	152
1001	164
1002	160
1003	161
1004	188
1005	161
1006	171
1007	169
1008	158
1009	157
1010	177
1011	176
1012	144
1013	156
1014	149
1015	140
1016	151
1017	130
1018	138
1019	157
1020	100
1021	99
1022	104
1023	91
1024	125
