Date:	08/05/2018		Time:	22:52		Version no:	0.00		Project name:	55		Sample name:	222		Section name:	section		Position	392.915039	mm	E0	0.000000	keV	E1	1.000000	keV/channel	sample surface	6.138511	cm	Tube anode:	Mo		Tube voltage:	30	kV	Tube current:	50	mA	gain	10		std. database			resultfile	result		matrix element	11		sample thickness	1.000000		air passage	0.560000	cm	comments	in position		peaking_time	2.200000	m-sec	trigger_threshold	547.363281	V	mca_bin_width	22.090000	no:	number_mca_channels	1024.000000	no:	gap_time	0.150000	m-sec	trigger_peaking_time	0.200000	m-sec	GAINDAC	18610		HIGHGAIN	1		TAURC	1		RCTAU	1		RCTAUFRAC	1		livetime	9.421978	seconds	runtime	10.000487	seconds	input_count_rate	24954.209189	cps	output_count_rate	20316.910160	cps	triggers	235118	seconds	events_in_run	203179	seconds	channel	content		1	0
2	0
3	0
4	0
5	0
6	0
7	0
8	0
9	0
10	0
11	0
12	0
13	0
14	0
15	0
16	0
17	0
18	0
19	0
20	0
21	0
22	0
23	0
24	0
25	0
26	0
27	0
28	0
29	0
30	0
31	16
32	14
33	9
34	13
35	24
36	13
37	17
38	11
39	9
40	19
41	8
42	15
43	9
44	14
45	17
46	9
47	11
48	16
49	11
50	15
51	9
52	16
53	4
54	18
55	13
56	8
57	10
58	14
59	8
60	11
61	5
62	9
63	12
64	9
65	6
66	7
67	6
68	11
69	5
70	6
71	8
72	10
73	6
74	9
75	8
76	5
77	4
78	10
79	10
80	11
81	11
82	14
83	13
84	12
85	12
86	10
87	8
88	6
89	7
90	7
91	5
92	7
93	10
94	15
95	23
96	16
97	14
98	17
99	14
100	10
101	5
102	4
103	4
104	8
105	9
106	9
107	15
108	13
109	8
110	12
111	7
112	10
113	6
114	5
115	5
116	3
117	4
118	7
119	4
120	4
121	4
122	1
123	6
124	3
125	4
126	11
127	8
128	3
129	6
130	3
131	4
132	5
133	8
134	5
135	3
136	0
137	2
138	0
139	2
140	2
141	4
142	4
143	2
144	6
145	6
146	5
147	0
148	4
149	6
150	7
151	5
152	8
153	4
154	3
155	5
156	7
157	9
158	11
159	12
160	17
161	32
162	25
163	38
164	34
165	18
166	22
167	13
168	7
169	8
170	4
171	4
172	3
173	4
174	8
175	7
176	6
177	7
178	21
179	12
180	19
181	15
182	29
183	20
184	30
185	16
186	13
187	3
188	5
189	1
190	4
191	5
192	9
193	13
194	5
195	16
196	29
197	62
198	108
199	200
200	268
201	373
202	456
203	460
204	431
205	347
206	250
207	173
208	100
209	38
210	28
211	25
212	12
213	11
214	8
215	21
216	33
217	54
218	57
219	61
220	71
221	85
222	69
223	61
224	40
225	35
226	20
227	11
228	10
229	2
230	5
231	5
232	6
233	2
234	2
235	4
236	2
237	6
238	9
239	12
240	17
241	23
242	39
243	60
244	118
245	124
246	184
247	196
248	177
249	161
250	158
251	117
252	89
253	79
254	52
255	42
256	37
257	40
258	22
259	22
260	17
261	17
262	5
263	12
264	20
265	18
266	17
267	21
268	29
269	38
270	45
271	40
272	62
273	39
274	38
275	29
276	21
277	15
278	13
279	12
280	11
281	7
282	8
283	12
284	8
285	13
286	14
287	12
288	9
289	15
290	14
291	12
292	15
293	21
294	18
295	18
296	21
297	19
298	14
299	26
300	20
301	7
302	14
303	23
304	13
305	15
306	10
307	10
308	12
309	13
310	13
311	8
312	8
313	17
314	16
315	17
316	19
317	27
318	34
319	50
320	58
321	76
322	100
323	97
324	95
325	87
326	84
327	66
328	38
329	39
330	40
331	38
332	25
333	26
334	26
335	32
336	34
337	41
338	63
339	74
340	97
341	210
342	392
343	732
344	1323
345	2148
346	3345
347	4753
348	6306
349	7540
350	8380
351	8659
352	8315
353	7141
354	5723
355	4414
356	3018
357	1882
358	1168
359	641
360	343
361	171
362	106
363	65
364	44
365	33
366	24
367	35
368	44
369	42
370	52
371	46
372	45
373	55
374	55
375	60
376	79
377	123
378	150
379	217
380	342
381	503
382	709
383	940
384	1089
385	1343
386	1392
387	1507
388	1426
389	1209
390	962
391	761
392	505
393	351
394	225
395	162
396	102
397	54
398	34
399	26
400	24
401	20
402	27
403	20
404	30
405	39
406	30
407	37
408	31
409	29
410	33
411	42
412	25
413	37
414	29
415	22
416	30
417	30
418	30
419	38
420	31
421	29
422	24
423	32
424	41
425	20
426	45
427	32
428	27
429	28
430	28
431	29
432	34
433	41
434	35
435	36
436	53
437	53
438	59
439	58
440	69
441	70
442	71
443	68
444	61
445	72
446	79
447	62
448	69
449	65
450	70
451	52
452	54
453	51
454	52
455	65
456	65
457	84
458	78
459	74
460	90
461	86
462	72
463	71
464	60
465	73
466	71
467	39
468	51
469	53
470	55
471	68
472	59
473	57
474	64
475	58
476	69
477	54
478	54
479	56
480	36
481	43
482	47
483	63
484	51
485	54
486	60
487	56
488	56
489	46
490	59
491	55
492	55
493	50
494	53
495	66
496	55
497	62
498	71
499	70
500	69
501	74
502	71
503	59
504	66
505	73
506	82
507	69
508	67
509	77
510	69
511	81
512	65
513	71
514	56
515	75
516	74
517	87
518	64
519	65
520	86
521	78
522	61
523	78
524	91
525	85
526	101
527	84
528	92
529	95
530	89
531	77
532	76
533	95
534	92
535	70
536	74
537	83
538	73
539	74
540	65
541	75
542	64
543	75
544	74
545	83
546	78
547	89
548	67
549	64
550	72
551	82
552	80
553	80
554	79
555	80
556	74
557	78
558	77
559	66
560	85
561	77
562	78
563	71
564	79
565	61
566	70
567	85
568	73
569	61
570	56
571	56
572	54
573	74
574	88
575	71
576	79
577	82
578	83
579	86
580	72
581	80
582	80
583	72
584	82
585	66
586	82
587	90
588	91
589	90
590	89
591	86
592	92
593	86
594	110
595	119
596	86
597	82
598	85
599	99
600	85
601	97
602	76
603	106
604	85
605	92
606	95
607	102
608	91
609	97
610	84
611	104
612	85
613	101
614	89
615	102
616	99
617	84
618	111
619	102
620	101
621	109
622	92
623	100
624	87
625	83
626	113
627	91
628	86
629	107
630	93
631	93
632	100
633	116
634	94
635	91
636	97
637	105
638	89
639	97
640	91
641	94
642	107
643	102
644	90
645	79
646	91
647	103
648	98
649	86
650	114
651	111
652	90
653	104
654	102
655	111
656	110
657	88
658	103
659	106
660	95
661	94
662	95
663	92
664	110
665	123
666	111
667	114
668	104
669	113
670	98
671	103
672	101
673	120
674	118
675	120
676	99
677	106
678	92
679	92
680	106
681	108
682	106
683	121
684	114
685	103
686	110
687	111
688	104
689	114
690	135
691	111
692	121
693	117
694	134
695	115
696	115
697	144
698	132
699	120
700	108
701	122
702	133
703	110
704	120
705	124
706	124
707	108
708	121
709	117
710	117
711	118
712	97
713	96
714	108
715	115
716	108
717	100
718	100
719	120
720	105
721	122
722	119
723	105
724	142
725	113
726	111
727	131
728	117
729	143
730	123
731	126
732	130
733	146
734	131
735	136
736	123
737	124
738	129
739	116
740	124
741	113
742	129
743	123
744	125
745	122
746	111
747	129
748	133
749	130
750	116
751	127
752	106
753	148
754	130
755	127
756	115
757	134
758	117
759	120
760	141
761	154
762	140
763	153
764	168
765	141
766	183
767	204
768	216
769	229
770	281
771	301
772	303
773	295
774	302
775	344
776	243
777	271
778	248
779	193
780	232
781	193
782	188
783	151
784	146
785	140
786	152
787	147
788	136
789	120
790	112
791	125
792	161
793	138
794	139
795	149
796	129
797	115
798	137
799	119
800	119
801	145
802	130
803	125
804	137
805	138
806	130
807	129
808	121
809	117
810	134
811	139
812	140
813	135
814	135
815	151
816	126
817	148
818	132
819	152
820	140
821	138
822	121
823	155
824	139
825	123
826	145
827	134
828	136
829	127
830	139
831	153
832	144
833	133
834	150
835	123
836	130
837	137
838	128
839	137
840	132
841	158
842	144
843	156
844	135
845	133
846	157
847	145
848	145
849	142
850	144
851	150
852	136
853	176
854	169
855	149
856	179
857	181
858	178
859	170
860	182
861	209
862	187
863	207
864	217
865	186
866	210
867	212
868	204
869	186
870	209
871	208
872	212
873	205
874	211
875	199
876	233
877	213
878	261
879	216
880	246
881	265
882	258
883	306
884	319
885	333
886	354
887	386
888	356
889	394
890	433
891	471
892	481
893	441
894	497
895	444
896	492
897	501
898	532
899	553
900	562
901	523
902	525
903	547
904	492
905	510
906	496
907	498
908	451
909	444
910	450
911	436
912	394
913	382
914	346
915	323
916	342
917	293
918	300
919	301
920	280
921	259
922	238
923	246
924	246
925	223
926	209
927	224
928	183
929	162
930	158
931	168
932	151
933	183
934	153
935	166
936	164
937	176
938	145
939	162
940	166
941	177
942	191
943	231
944	232
945	258
946	286
947	297
948	340
949	414
950	374
951	392
952	373
953	430
954	404
955	432
956	384
957	394
958	399
959	336
960	279
961	275
962	262
963	223
964	174
965	157
966	153
967	145
968	120
969	130
970	121
971	117
972	128
973	126
974	95
975	127
976	103
977	133
978	129
979	115
980	121
981	143
982	122
983	125
984	136
985	148
986	156
987	132
988	143
989	153
990	153
991	133
992	159
993	146
994	165
995	166
996	141
997	165
998	145
999	157
1000	161
1001	168
1002	169
1003	154
1004	162
1005	152
1006	164
1007	157
1008	169
1009	142
1010	191
1011	167
1012	141
1013	164
1014	169
1015	153
1016	135
1017	141
1018	169
1019	148
1020	133
1021	113
1022	124
1023	140
1024	123
