Date:	08/05/2018		Time:	23:07		Version no:	0.00		Project name:	55		Sample name:	222		Section name:	section		Position	407.915039	mm	E0	0.000000	keV	E1	1.000000	keV/channel	sample surface	6.142752	cm	Tube anode:	Mo		Tube voltage:	30	kV	Tube current:	50	mA	gain	10		std. database			resultfile	result		matrix element	11		sample thickness	1.000000		air passage	0.560000	cm	comments	in position		peaking_time	2.200000	m-sec	trigger_threshold	547.363281	V	mca_bin_width	22.090000	no:	number_mca_channels	1024.000000	no:	gap_time	0.150000	m-sec	trigger_peaking_time	0.200000	m-sec	GAINDAC	18610		HIGHGAIN	1		TAURC	1		RCTAU	1		RCTAUFRAC	1		livetime	9.384254	seconds	runtime	10.000493	seconds	input_count_rate	27062.994120	cps	output_count_rate	21748.428237	cps	triggers	253966	seconds	events_in_run	217495	seconds	channel	content		1	0
2	0
3	0
4	0
5	0
6	0
7	0
8	0
9	0
10	0
11	0
12	0
13	0
14	0
15	0
16	0
17	0
18	0
19	0
20	0
21	0
22	0
23	0
24	0
25	0
26	0
27	0
28	0
29	0
30	0
31	17
32	14
33	16
34	16
35	17
36	11
37	21
38	11
39	18
40	13
41	10
42	12
43	11
44	19
45	15
46	8
47	8
48	7
49	12
50	12
51	15
52	8
53	20
54	14
55	7
56	15
57	5
58	13
59	18
60	11
61	13
62	10
63	14
64	10
65	10
66	12
67	6
68	10
69	12
70	11
71	11
72	11
73	4
74	7
75	9
76	7
77	6
78	7
79	9
80	15
81	9
82	11
83	14
84	7
85	7
86	6
87	6
88	9
89	4
90	8
91	9
92	11
93	10
94	16
95	19
96	24
97	10
98	14
99	10
100	10
101	4
102	10
103	9
104	8
105	13
106	7
107	14
108	18
109	10
110	9
111	6
112	3
113	3
114	11
115	11
116	8
117	5
118	5
119	5
120	2
121	6
122	6
123	5
124	8
125	1
126	1
127	10
128	1
129	3
130	6
131	8
132	4
133	6
134	5
135	4
136	4
137	4
138	2
139	4
140	3
141	4
142	7
143	6
144	2
145	3
146	4
147	6
148	4
149	0
150	4
151	2
152	5
153	12
154	4
155	12
156	4
157	4
158	7
159	6
160	16
161	15
162	23
163	21
164	24
165	21
166	9
167	11
168	9
169	9
170	8
171	5
172	3
173	2
174	6
175	6
176	6
177	10
178	12
179	14
180	15
181	21
182	19
183	27
184	23
185	18
186	13
187	9
188	8
189	5
190	6
191	3
192	7
193	10
194	6
195	16
196	25
197	54
198	85
199	169
200	223
201	323
202	349
203	387
204	357
205	331
206	246
207	167
208	110
209	67
210	27
211	16
212	17
213	8
214	13
215	14
216	29
217	31
218	52
219	65
220	68
221	71
222	50
223	53
224	37
225	31
226	17
227	13
228	5
229	9
230	7
231	3
232	4
233	5
234	3
235	9
236	2
237	11
238	9
239	20
240	23
241	40
242	66
243	99
244	172
245	216
246	287
247	335
248	361
249	312
250	267
251	204
252	165
253	105
254	84
255	65
256	45
257	34
258	36
259	28
260	12
261	19
262	15
263	13
264	21
265	19
266	36
267	36
268	73
269	72
270	91
271	59
272	67
273	60
274	49
275	36
276	33
277	24
278	18
279	10
280	9
281	5
282	13
283	16
284	12
285	10
286	10
287	18
288	14
289	17
290	17
291	21
292	18
293	26
294	15
295	20
296	18
297	25
298	25
299	18
300	22
301	14
302	14
303	10
304	14
305	16
306	20
307	15
308	13
309	16
310	10
311	10
312	17
313	16
314	19
315	19
316	25
317	36
318	37
319	65
320	64
321	115
322	132
323	112
324	114
325	102
326	83
327	76
328	69
329	42
330	37
331	31
332	25
333	29
334	36
335	39
336	43
337	58
338	55
339	69
340	131
341	244
342	443
343	784
344	1503
345	2310
346	3637
347	5325
348	6831
349	8293
350	9494
351	9702
352	9226
353	8177
354	6652
355	4878
356	3359
357	2117
358	1283
359	741
360	390
361	208
362	103
363	58
364	49
365	51
366	49
367	35
368	43
369	55
370	52
371	58
372	60
373	58
374	62
375	81
376	103
377	115
378	178
379	238
380	368
381	539
382	802
383	1059
384	1334
385	1448
386	1598
387	1629
388	1520
389	1348
390	1077
391	843
392	608
393	373
394	255
395	160
396	86
397	68
398	47
399	29
400	32
401	28
402	28
403	23
404	42
405	39
406	32
407	49
408	51
409	36
410	51
411	38
412	42
413	43
414	39
415	21
416	31
417	33
418	42
419	29
420	42
421	31
422	30
423	24
424	40
425	23
426	29
427	34
428	33
429	39
430	28
431	44
432	35
433	43
434	36
435	48
436	61
437	65
438	53
439	73
440	72
441	95
442	67
443	74
444	75
445	83
446	87
447	67
448	69
449	56
450	59
451	79
452	73
453	50
454	73
455	80
456	71
457	74
458	79
459	93
460	84
461	73
462	73
463	81
464	60
465	67
466	59
467	47
468	57
469	63
470	52
471	61
472	62
473	60
474	69
475	81
476	60
477	56
478	65
479	51
480	43
481	51
482	60
483	51
484	51
485	48
486	56
487	68
488	60
489	56
490	58
491	46
492	57
493	59
494	59
495	59
496	67
497	61
498	61
499	69
500	64
501	49
502	66
503	66
504	68
505	75
506	77
507	98
508	73
509	77
510	73
511	74
512	65
513	68
514	94
515	78
516	84
517	78
518	78
519	62
520	62
521	80
522	84
523	78
524	88
525	78
526	91
527	85
528	91
529	99
530	96
531	76
532	93
533	97
534	93
535	72
536	87
537	85
538	81
539	75
540	75
541	98
542	76
543	89
544	79
545	68
546	97
547	69
548	95
549	87
550	67
551	75
552	74
553	82
554	62
555	68
556	80
557	62
558	79
559	74
560	91
561	72
562	67
563	75
564	68
565	76
566	65
567	66
568	87
569	82
570	76
571	75
572	76
573	78
574	82
575	78
576	71
577	99
578	91
579	73
580	84
581	109
582	70
583	79
584	90
585	76
586	90
587	94
588	84
589	82
590	93
591	89
592	81
593	94
594	91
595	89
596	94
597	88
598	102
599	84
600	81
601	87
602	98
603	96
604	116
605	85
606	93
607	84
608	106
609	103
610	97
611	89
612	79
613	102
614	100
615	91
616	118
617	108
618	102
619	102
620	106
621	92
622	84
623	104
624	74
625	80
626	99
627	85
628	102
629	94
630	97
631	88
632	84
633	104
634	106
635	102
636	111
637	92
638	87
639	108
640	110
641	99
642	102
643	122
644	102
645	88
646	112
647	132
648	102
649	114
650	109
651	115
652	93
653	109
654	113
655	119
656	106
657	112
658	106
659	119
660	102
661	123
662	115
663	96
664	104
665	91
666	105
667	97
668	88
669	104
670	106
671	109
672	89
673	106
674	109
675	82
676	126
677	102
678	86
679	118
680	111
681	111
682	109
683	113
684	95
685	124
686	110
687	128
688	118
689	127
690	104
691	133
692	120
693	129
694	118
695	97
696	123
697	111
698	125
699	119
700	103
701	132
702	110
703	128
704	132
705	132
706	127
707	122
708	125
709	148
710	119
711	110
712	114
713	114
714	116
715	104
716	107
717	117
718	122
719	117
720	124
721	126
722	122
723	119
724	134
725	131
726	123
727	123
728	110
729	125
730	122
731	133
732	132
733	109
734	142
735	112
736	150
737	125
738	136
739	99
740	134
741	127
742	143
743	135
744	127
745	156
746	140
747	127
748	133
749	145
750	113
751	137
752	109
753	147
754	132
755	118
756	161
757	119
758	134
759	143
760	127
761	137
762	132
763	150
764	173
765	201
766	155
767	190
768	213
769	210
770	259
771	249
772	248
773	253
774	271
775	246
776	251
777	246
778	224
779	224
780	193
781	170
782	163
783	166
784	139
785	165
786	154
787	134
788	151
789	141
790	112
791	127
792	152
793	126
794	154
795	152
796	128
797	124
798	101
799	138
800	123
801	135
802	117
803	129
804	119
805	132
806	131
807	145
808	142
809	129
810	166
811	134
812	135
813	135
814	134
815	149
816	121
817	143
818	153
819	144
820	140
821	138
822	134
823	150
824	137
825	144
826	153
827	161
828	139
829	140
830	131
831	131
832	158
833	155
834	151
835	150
836	135
837	141
838	141
839	139
840	164
841	136
842	155
843	133
844	170
845	136
846	139
847	151
848	180
849	172
850	176
851	161
852	171
853	179
854	168
855	194
856	189
857	190
858	189
859	226
860	185
861	183
862	224
863	227
864	204
865	213
866	217
867	246
868	203
869	212
870	224
871	211
872	222
873	221
874	231
875	198
876	221
877	227
878	254
879	293
880	261
881	282
882	282
883	299
884	315
885	378
886	361
887	378
888	367
889	409
890	474
891	471
892	442
893	495
894	466
895	545
896	537
897	526
898	563
899	544
900	576
901	605
902	526
903	580
904	556
905	520
906	524
907	515
908	487
909	450
910	455
911	448
912	411
913	398
914	371
915	328
916	331
917	337
918	305
919	300
920	268
921	264
922	254
923	264
924	217
925	228
926	210
927	209
928	178
929	159
930	202
931	177
932	149
933	172
934	174
935	173
936	146
937	153
938	185
939	151
940	188
941	185
942	207
943	191
944	190
945	228
946	274
947	290
948	304
949	369
950	353
951	422
952	397
953	427
954	403
955	432
956	391
957	378
958	327
959	327
960	290
961	266
962	243
963	239
964	197
965	172
966	157
967	147
968	138
969	136
970	117
971	129
972	125
973	129
974	132
975	124
976	129
977	136
978	136
979	130
980	125
981	129
982	153
983	143
984	148
985	132
986	145
987	148
988	129
989	151
990	162
991	155
992	172
993	140
994	167
995	162
996	155
997	164
998	180
999	183
1000	164
1001	172
1002	177
1003	176
1004	151
1005	191
1006	188
1007	177
1008	180
1009	167
1010	191
1011	166
1012	183
1013	149
1014	149
1015	174
1016	138
1017	136
1018	134
1019	141
1020	118
1021	132
1022	117
1023	111
1024	109
