Date:	08/05/2018		Time:	22:25		Version no:	0.00		Project name:	55		Sample name:	222		Section name:	section		Position	364.715027	mm	E0	0.000000	keV	E1	1.000000	keV/channel	sample surface	6.251500	cm	Tube anode:	Mo		Tube voltage:	30	kV	Tube current:	50	mA	gain	10		std. database			resultfile	result		matrix element	11		sample thickness	1.000000		air passage	0.560000	cm	comments	in position		peaking_time	2.200000	m-sec	trigger_threshold	547.363281	V	mca_bin_width	22.090000	no:	number_mca_channels	1024.000000	no:	gap_time	0.150000	m-sec	trigger_peaking_time	0.200000	m-sec	GAINDAC	18610		HIGHGAIN	1		TAURC	1		RCTAU	1		RCTAUFRAC	1		livetime	9.456072	seconds	runtime	10.000491	seconds	input_count_rate	23224.442453	cps	output_count_rate	19154.559128	cps	triggers	219612	seconds	events_in_run	191555	seconds	channel	content		1	0
2	0
3	0
4	0
5	0
6	0
7	0
8	0
9	0
10	0
11	0
12	0
13	0
14	0
15	0
16	0
17	0
18	0
19	0
20	0
21	0
22	0
23	0
24	0
25	0
26	0
27	0
28	0
29	0
30	0
31	16
32	13
33	17
34	16
35	11
36	19
37	15
38	17
39	12
40	11
41	3
42	13
43	15
44	16
45	13
46	7
47	20
48	12
49	20
50	8
51	12
52	13
53	11
54	13
55	15
56	8
57	12
58	9
59	13
60	7
61	10
62	6
63	7
64	7
65	8
66	15
67	13
68	12
69	12
70	7
71	12
72	6
73	7
74	8
75	10
76	13
77	6
78	8
79	7
80	7
81	11
82	16
83	11
84	13
85	8
86	7
87	13
88	5
89	8
90	5
91	4
92	7
93	11
94	5
95	11
96	11
97	16
98	14
99	12
100	9
101	11
102	8
103	5
104	7
105	11
106	9
107	14
108	3
109	4
110	10
111	11
112	4
113	8
114	3
115	7
116	6
117	2
118	7
119	5
120	8
121	7
122	6
123	4
124	3
125	5
126	5
127	5
128	10
129	4
130	4
131	4
132	8
133	1
134	7
135	4
136	2
137	5
138	4
139	2
140	5
141	5
142	3
143	6
144	6
145	5
146	2
147	2
148	2
149	3
150	2
151	4
152	4
153	2
154	6
155	4
156	10
157	5
158	9
159	16
160	13
161	20
162	31
163	36
164	30
165	23
166	22
167	8
168	4
169	2
170	3
171	5
172	4
173	7
174	6
175	2
176	5
177	8
178	11
179	16
180	23
181	17
182	25
183	20
184	16
185	9
186	9
187	6
188	5
189	5
190	3
191	3
192	3
193	11
194	9
195	20
196	35
197	72
198	104
199	173
200	234
201	319
202	341
203	371
204	319
205	272
206	213
207	166
208	104
209	51
210	26
211	13
212	9
213	9
214	17
215	13
216	23
217	42
218	51
219	58
220	77
221	76
222	62
223	57
224	28
225	18
226	20
227	11
228	4
229	3
230	4
231	4
232	2
233	7
234	3
235	8
236	7
237	5
238	5
239	8
240	15
241	24
242	39
243	44
244	74
245	115
246	101
247	122
248	160
249	135
250	102
251	91
252	74
253	52
254	49
255	39
256	44
257	32
258	18
259	23
260	18
261	9
262	15
263	18
264	17
265	23
266	15
267	23
268	28
269	34
270	41
271	41
272	42
273	35
274	36
275	22
276	19
277	14
278	11
279	5
280	7
281	14
282	11
283	13
284	20
285	5
286	17
287	13
288	15
289	21
290	19
291	12
292	11
293	16
294	12
295	17
296	29
297	18
298	17
299	14
300	16
301	15
302	14
303	8
304	15
305	12
306	13
307	7
308	15
309	16
310	11
311	8
312	11
313	14
314	10
315	18
316	26
317	21
318	34
319	50
320	62
321	76
322	84
323	96
324	114
325	83
326	57
327	54
328	49
329	42
330	32
331	17
332	23
333	27
334	22
335	30
336	26
337	38
338	52
339	75
340	120
341	204
342	359
343	682
344	1187
345	2026
346	3042
347	4325
348	5675
349	6886
350	7670
351	7799
352	7609
353	6598
354	5336
355	3917
356	2769
357	1692
358	1024
359	568
360	319
361	149
362	105
363	65
364	48
365	26
366	39
367	43
368	30
369	43
370	39
371	52
372	46
373	54
374	65
375	69
376	82
377	107
378	149
379	209
380	302
381	471
382	647
383	841
384	1040
385	1194
386	1281
387	1311
388	1249
389	1101
390	877
391	658
392	477
393	310
394	200
395	125
396	96
397	45
398	35
399	29
400	30
401	30
402	22
403	29
404	45
405	34
406	40
407	20
408	42
409	37
410	30
411	34
412	28
413	33
414	42
415	29
416	35
417	27
418	27
419	21
420	35
421	38
422	26
423	37
424	31
425	43
426	34
427	44
428	40
429	34
430	32
431	34
432	45
433	40
434	20
435	46
436	36
437	34
438	59
439	63
440	60
441	84
442	79
443	74
444	64
445	61
446	73
447	53
448	54
449	62
450	57
451	56
452	67
453	57
454	56
455	77
456	65
457	79
458	82
459	102
460	76
461	71
462	86
463	69
464	65
465	49
466	64
467	58
468	56
469	61
470	55
471	58
472	60
473	64
474	52
475	66
476	54
477	58
478	56
479	50
480	34
481	48
482	42
483	69
484	58
485	60
486	59
487	61
488	49
489	52
490	58
491	60
492	63
493	55
494	57
495	44
496	61
497	61
498	62
499	58
500	57
501	72
502	59
503	86
504	66
505	69
506	67
507	63
508	68
509	58
510	83
511	80
512	65
513	65
514	88
515	84
516	100
517	67
518	86
519	79
520	82
521	77
522	82
523	93
524	81
525	83
526	91
527	100
528	121
529	83
530	89
531	95
532	94
533	73
534	82
535	65
536	72
537	74
538	75
539	69
540	65
541	83
542	69
543	80
544	97
545	84
546	82
547	72
548	85
549	76
550	88
551	77
552	73
553	82
554	77
555	76
556	79
557	56
558	77
559	93
560	66
561	78
562	73
563	80
564	77
565	73
566	71
567	90
568	54
569	75
570	66
571	65
572	82
573	81
574	80
575	63
576	81
577	84
578	77
579	88
580	77
581	79
582	88
583	87
584	82
585	82
586	76
587	91
588	80
589	98
590	92
591	91
592	77
593	82
594	100
595	95
596	88
597	107
598	84
599	88
600	71
601	75
602	83
603	84
604	93
605	88
606	79
607	91
608	106
609	94
610	91
611	82
612	80
613	88
614	95
615	100
616	93
617	85
618	99
619	97
620	88
621	110
622	96
623	112
624	108
625	92
626	94
627	101
628	106
629	92
630	104
631	94
632	89
633	100
634	80
635	95
636	94
637	79
638	97
639	93
640	120
641	105
642	78
643	90
644	91
645	84
646	91
647	101
648	107
649	112
650	100
651	107
652	113
653	102
654	90
655	108
656	103
657	98
658	115
659	120
660	104
661	102
662	90
663	83
664	92
665	109
666	94
667	100
668	95
669	104
670	115
671	133
672	125
673	105
674	114
675	101
676	96
677	100
678	110
679	119
680	97
681	97
682	97
683	117
684	100
685	100
686	105
687	113
688	105
689	113
690	107
691	106
692	101
693	106
694	113
695	122
696	105
697	107
698	120
699	110
700	118
701	108
702	111
703	108
704	92
705	105
706	116
707	111
708	117
709	126
710	118
711	110
712	113
713	112
714	110
715	142
716	111
717	111
718	123
719	95
720	119
721	89
722	127
723	121
724	125
725	128
726	102
727	135
728	120
729	108
730	121
731	140
732	108
733	132
734	125
735	122
736	129
737	130
738	127
739	103
740	120
741	135
742	145
743	104
744	115
745	123
746	110
747	125
748	133
749	142
750	125
751	126
752	118
753	128
754	128
755	138
756	146
757	112
758	115
759	137
760	137
761	119
762	142
763	150
764	148
765	200
766	188
767	220
768	239
769	248
770	304
771	278
772	301
773	332
774	315
775	358
776	276
777	265
778	253
779	240
780	227
781	183
782	153
783	173
784	167
785	149
786	131
787	115
788	126
789	117
790	134
791	114
792	118
793	131
794	128
795	128
796	113
797	126
798	131
799	128
800	112
801	113
802	135
803	116
804	125
805	119
806	129
807	126
808	126
809	135
810	141
811	125
812	148
813	110
814	113
815	134
816	132
817	129
818	136
819	125
820	142
821	134
822	140
823	136
824	137
825	121
826	128
827	167
828	147
829	125
830	121
831	133
832	140
833	126
834	130
835	121
836	154
837	131
838	128
839	130
840	154
841	139
842	133
843	130
844	120
845	141
846	132
847	137
848	151
849	149
850	157
851	145
852	146
853	129
854	155
855	180
856	144
857	180
858	173
859	170
860	202
861	197
862	183
863	211
864	207
865	203
866	212
867	218
868	230
869	220
870	222
871	217
872	212
873	215
874	198
875	217
876	226
877	249
878	215
879	254
880	256
881	281
882	281
883	279
884	326
885	309
886	356
887	363
888	365
889	386
890	365
891	427
892	451
893	460
894	483
895	459
896	474
897	504
898	496
899	509
900	488
901	548
902	503
903	494
904	487
905	494
906	510
907	457
908	484
909	397
910	448
911	394
912	371
913	359
914	339
915	329
916	318
917	276
918	294
919	298
920	245
921	251
922	224
923	210
924	219
925	206
926	204
927	185
928	176
929	171
930	178
931	187
932	173
933	154
934	180
935	154
936	162
937	151
938	154
939	160
940	162
941	188
942	173
943	196
944	209
945	255
946	260
947	271
948	288
949	350
950	365
951	385
952	404
953	435
954	412
955	414
956	386
957	358
958	349
959	323
960	267
961	272
962	201
963	223
964	170
965	153
966	153
967	146
968	143
969	127
970	116
971	112
972	119
973	128
974	96
975	103
976	128
977	122
978	120
979	118
980	135
981	118
982	142
983	126
984	133
985	123
986	127
987	138
988	145
989	155
990	140
991	150
992	127
993	145
994	164
995	144
996	181
997	154
998	162
999	167
1000	162
1001	124
1002	168
1003	184
1004	178
1005	171
1006	150
1007	156
1008	165
1009	154
1010	153
1011	158
1012	172
1013	149
1014	155
1015	121
1016	138
1017	141
1018	126
1019	130
1020	143
1021	106
1022	119
1023	104
1024	116
