Date:	08/05/2018		Time:	21:07		Version no:	0.00		Project name:	55		Sample name:	222		Section name:	section		Position	281.915039	mm	E0	0.000000	keV	E1	1.000000	keV/channel	sample surface	5.943903	cm	Tube anode:	Mo		Tube voltage:	30	kV	Tube current:	50	mA	gain	10		std. database			resultfile	result		matrix element	11		sample thickness	1.000000		air passage	0.560000	cm	comments	in position		peaking_time	2.200000	m-sec	trigger_threshold	547.363281	V	mca_bin_width	22.090000	no:	number_mca_channels	1024.000000	no:	gap_time	0.150000	m-sec	trigger_peaking_time	0.200000	m-sec	GAINDAC	18610		HIGHGAIN	1		TAURC	1		RCTAU	1		RCTAUFRAC	1		livetime	9.422107	seconds	runtime	10.000493	seconds	input_count_rate	24662.423709	cps	output_count_rate	20126.808151	cps	triggers	232372	seconds	events_in_run	201278	seconds	channel	content		1	0
2	0
3	0
4	0
5	0
6	0
7	0
8	0
9	0
10	0
11	0
12	0
13	0
14	0
15	0
16	0
17	0
18	0
19	0
20	0
21	0
22	0
23	0
24	0
25	0
26	0
27	0
28	0
29	0
30	0
31	15
32	14
33	14
34	15
35	22
36	18
37	21
38	8
39	7
40	9
41	9
42	18
43	12
44	14
45	15
46	15
47	16
48	10
49	11
50	11
51	10
52	15
53	16
54	17
55	13
56	16
57	15
58	10
59	13
60	18
61	12
62	16
63	13
64	16
65	16
66	8
67	9
68	15
69	9
70	8
71	4
72	10
73	7
74	7
75	8
76	16
77	14
78	4
79	9
80	12
81	13
82	11
83	14
84	7
85	14
86	7
87	9
88	6
89	9
90	5
91	5
92	10
93	8
94	13
95	23
96	13
97	12
98	6
99	4
100	7
101	5
102	8
103	8
104	4
105	9
106	9
107	5
108	9
109	8
110	9
111	5
112	9
113	1
114	3
115	5
116	3
117	10
118	3
119	4
120	9
121	3
122	6
123	7
124	3
125	5
126	5
127	8
128	7
129	8
130	0
131	6
132	6
133	2
134	4
135	2
136	5
137	4
138	4
139	2
140	5
141	5
142	6
143	5
144	3
145	3
146	3
147	6
148	2
149	4
150	3
151	8
152	8
153	3
154	8
155	1
156	5
157	7
158	6
159	12
160	25
161	22
162	22
163	42
164	29
165	32
166	18
167	9
168	7
169	8
170	7
171	5
172	2
173	9
174	5
175	6
176	3
177	7
178	7
179	2
180	15
181	14
182	18
183	17
184	22
185	15
186	7
187	4
188	5
189	5
190	5
191	3
192	3
193	4
194	5
195	12
196	25
197	38
198	69
199	92
200	132
201	167
202	236
203	247
204	243
205	185
206	115
207	111
208	62
209	38
210	22
211	5
212	8
213	10
214	12
215	5
216	18
217	27
218	32
219	38
220	35
221	36
222	35
223	36
224	35
225	18
226	22
227	5
228	9
229	3
230	3
231	6
232	6
233	7
234	3
235	3
236	8
237	3
238	6
239	4
240	14
241	23
242	25
243	47
244	90
245	110
246	123
247	150
248	159
249	160
250	113
251	91
252	81
253	73
254	51
255	55
256	44
257	41
258	25
259	25
260	19
261	20
262	14
263	13
264	18
265	17
266	19
267	20
268	28
269	37
270	50
271	45
272	38
273	35
274	42
275	29
276	23
277	16
278	13
279	5
280	12
281	8
282	15
283	7
284	4
285	9
286	9
287	11
288	15
289	23
290	4
291	17
292	20
293	16
294	17
295	15
296	18
297	18
298	28
299	16
300	13
301	14
302	22
303	13
304	11
305	16
306	14
307	16
308	9
309	17
310	13
311	16
312	25
313	20
314	17
315	33
316	57
317	89
318	126
319	226
320	308
321	364
322	491
323	515
324	445
325	455
326	368
327	285
328	233
329	146
330	85
331	50
332	50
333	44
334	30
335	35
336	37
337	35
338	52
339	65
340	120
341	210
342	388
343	659
344	1252
345	1950
346	3018
347	4452
348	5902
349	7134
350	7818
351	8300
352	7854
353	6989
354	5707
355	4421
356	2957
357	1904
358	1181
359	687
360	374
361	208
362	115
363	75
364	36
365	40
366	54
367	37
368	37
369	49
370	37
371	34
372	49
373	51
374	68
375	68
376	86
377	93
378	169
379	208
380	307
381	446
382	607
383	849
384	1061
385	1247
386	1402
387	1378
388	1244
389	1119
390	894
391	699
392	536
393	361
394	225
395	136
396	75
397	65
398	42
399	36
400	27
401	27
402	23
403	35
404	17
405	28
406	28
407	30
408	34
409	33
410	39
411	25
412	33
413	35
414	38
415	31
416	22
417	35
418	38
419	27
420	31
421	27
422	30
423	26
424	31
425	27
426	23
427	29
428	30
429	20
430	31
431	29
432	34
433	35
434	44
435	56
436	51
437	51
438	47
439	49
440	74
441	62
442	71
443	65
444	65
445	58
446	63
447	46
448	61
449	51
450	54
451	60
452	59
453	51
454	43
455	64
456	69
457	70
458	85
459	86
460	70
461	79
462	63
463	53
464	54
465	52
466	51
467	56
468	52
469	55
470	70
471	41
472	60
473	60
474	62
475	55
476	62
477	34
478	47
479	47
480	54
481	43
482	43
483	48
484	55
485	52
486	51
487	56
488	48
489	44
490	50
491	45
492	71
493	50
494	49
495	47
496	62
497	56
498	60
499	67
500	69
501	63
502	66
503	66
504	74
505	79
506	65
507	56
508	74
509	75
510	78
511	77
512	66
513	66
514	53
515	85
516	67
517	57
518	72
519	65
520	70
521	91
522	68
523	84
524	77
525	87
526	69
527	82
528	85
529	84
530	87
531	98
532	97
533	79
534	64
535	84
536	84
537	63
538	78
539	73
540	87
541	79
542	78
543	63
544	66
545	83
546	61
547	61
548	67
549	63
550	69
551	73
552	71
553	69
554	68
555	65
556	74
557	63
558	70
559	57
560	79
561	81
562	87
563	55
564	62
565	74
566	78
567	77
568	71
569	68
570	77
571	71
572	83
573	91
574	78
575	72
576	99
577	80
578	86
579	101
580	67
581	72
582	73
583	88
584	83
585	85
586	78
587	87
588	71
589	66
590	84
591	98
592	93
593	105
594	83
595	97
596	102
597	82
598	88
599	98
600	100
601	72
602	97
603	103
604	82
605	84
606	94
607	93
608	77
609	103
610	87
611	97
612	83
613	101
614	100
615	93
616	89
617	99
618	106
619	93
620	93
621	90
622	103
623	87
624	88
625	101
626	112
627	109
628	80
629	111
630	94
631	94
632	98
633	91
634	94
635	113
636	120
637	80
638	88
639	95
640	94
641	92
642	86
643	91
644	111
645	106
646	94
647	92
648	94
649	112
650	118
651	104
652	113
653	137
654	108
655	106
656	118
657	99
658	94
659	103
660	127
661	98
662	94
663	103
664	103
665	110
666	112
667	92
668	107
669	88
670	116
671	108
672	116
673	109
674	97
675	103
676	93
677	105
678	107
679	113
680	98
681	88
682	119
683	117
684	112
685	118
686	92
687	120
688	101
689	106
690	108
691	102
692	137
693	133
694	97
695	126
696	109
697	112
698	109
699	139
700	123
701	122
702	127
703	123
704	133
705	127
706	117
707	129
708	120
709	110
710	119
711	121
712	115
713	116
714	117
715	121
716	117
717	144
718	117
719	121
720	132
721	97
722	105
723	139
724	127
725	130
726	116
727	131
728	135
729	118
730	148
731	138
732	125
733	136
734	136
735	110
736	120
737	118
738	123
739	141
740	134
741	135
742	104
743	140
744	144
745	138
746	124
747	142
748	137
749	110
750	124
751	128
752	114
753	113
754	125
755	106
756	139
757	124
758	126
759	115
760	146
761	123
762	149
763	140
764	133
765	156
766	159
767	181
768	191
769	229
770	223
771	240
772	222
773	223
774	240
775	257
776	222
777	238
778	215
779	204
780	190
781	164
782	170
783	146
784	145
785	141
786	147
787	148
788	116
789	118
790	112
791	136
792	120
793	128
794	133
795	145
796	142
797	124
798	146
799	138
800	130
801	144
802	132
803	122
804	121
805	129
806	147
807	140
808	168
809	117
810	151
811	161
812	137
813	144
814	148
815	151
816	140
817	163
818	135
819	145
820	156
821	133
822	158
823	147
824	157
825	137
826	124
827	143
828	144
829	146
830	150
831	150
832	137
833	134
834	143
835	164
836	147
837	137
838	156
839	149
840	146
841	158
842	139
843	140
844	159
845	157
846	136
847	142
848	182
849	157
850	161
851	140
852	162
853	165
854	159
855	189
856	181
857	191
858	189
859	216
860	182
861	189
862	196
863	205
864	229
865	215
866	205
867	223
868	209
869	197
870	234
871	191
872	213
873	206
874	236
875	238
876	217
877	249
878	249
879	260
880	264
881	260
882	293
883	350
884	308
885	349
886	318
887	395
888	375
889	405
890	416
891	439
892	502
893	458
894	494
895	589
896	589
897	544
898	553
899	526
900	546
901	515
902	561
903	500
904	559
905	561
906	527
907	503
908	498
909	494
910	467
911	430
912	408
913	397
914	352
915	365
916	356
917	332
918	330
919	292
920	302
921	250
922	228
923	251
924	231
925	220
926	203
927	206
928	199
929	195
930	216
931	186
932	172
933	142
934	177
935	176
936	181
937	169
938	166
939	149
940	159
941	180
942	175
943	193
944	220
945	249
946	267
947	283
948	317
949	354
950	382
951	377
952	414
953	419
954	423
955	403
956	445
957	400
958	339
959	332
960	302
961	285
962	242
963	235
964	172
965	149
966	147
967	149
968	160
969	143
970	149
971	119
972	128
973	115
974	106
975	136
976	108
977	116
978	118
979	124
980	138
981	120
982	140
983	122
984	156
985	126
986	119
987	147
988	162
989	153
990	152
991	157
992	146
993	183
994	152
995	192
996	151
997	172
998	168
999	164
1000	174
1001	185
1002	181
1003	174
1004	186
1005	160
1006	177
1007	178
1008	171
1009	174
1010	154
1011	190
1012	155
1013	157
1014	152
1015	151
1016	156
1017	142
1018	129
1019	155
1020	124
1021	134
1022	126
1023	129
1024	125
