Date:	08/05/2018		Time:	23:34		Version no:	0.00		Project name:	55		Sample name:	222		Section name:	section		Position	436.515045	mm	E0	0.000000	keV	E1	1.000000	keV/channel	sample surface	6.277979	cm	Tube anode:	Mo		Tube voltage:	30	kV	Tube current:	50	mA	gain	10		std. database			resultfile	result		matrix element	11		sample thickness	1.000000		air passage	0.560000	cm	comments	in position		peaking_time	2.200000	m-sec	trigger_threshold	547.363281	V	mca_bin_width	22.090000	no:	number_mca_channels	1024.000000	no:	gap_time	0.150000	m-sec	trigger_peaking_time	0.200000	m-sec	GAINDAC	18610		HIGHGAIN	1		TAURC	1		RCTAU	1		RCTAUFRAC	1		livetime	9.413603	seconds	runtime	10.000014	seconds	input_count_rate	24982.144988	cps	output_count_rate	20294.370776	cps	triggers	235172	seconds	events_in_run	202944	seconds	channel	content		1	0
2	0
3	0
4	0
5	0
6	0
7	0
8	0
9	0
10	0
11	0
12	0
13	0
14	0
15	0
16	0
17	0
18	0
19	0
20	0
21	0
22	0
23	0
24	0
25	0
26	0
27	0
28	0
29	0
30	0
31	14
32	17
33	19
34	14
35	12
36	17
37	25
38	14
39	13
40	13
41	10
42	11
43	17
44	10
45	15
46	14
47	17
48	8
49	10
50	17
51	13
52	17
53	16
54	14
55	11
56	15
57	18
58	16
59	11
60	11
61	11
62	14
63	9
64	11
65	6
66	14
67	14
68	10
69	7
70	6
71	12
72	11
73	7
74	7
75	6
76	4
77	8
78	8
79	16
80	14
81	9
82	11
83	7
84	12
85	2
86	10
87	5
88	8
89	6
90	6
91	9
92	8
93	15
94	19
95	20
96	23
97	25
98	10
99	12
100	8
101	12
102	5
103	6
104	15
105	7
106	10
107	11
108	10
109	6
110	3
111	8
112	8
113	8
114	5
115	6
116	3
117	2
118	3
119	0
120	4
121	3
122	5
123	6
124	2
125	7
126	0
127	5
128	8
129	3
130	4
131	0
132	6
133	7
134	4
135	10
136	2
137	3
138	3
139	2
140	6
141	11
142	3
143	7
144	4
145	3
146	4
147	5
148	5
149	4
150	5
151	5
152	3
153	5
154	6
155	4
156	6
157	6
158	8
159	12
160	11
161	24
162	24
163	39
164	26
165	17
166	17
167	17
168	7
169	1
170	4
171	8
172	4
173	8
174	5
175	11
176	9
177	7
178	8
179	23
180	24
181	23
182	29
183	40
184	21
185	21
186	14
187	14
188	7
189	6
190	1
191	6
192	8
193	11
194	14
195	17
196	24
197	51
198	99
199	139
200	242
201	325
202	382
203	427
204	394
205	300
206	232
207	159
208	84
209	47
210	21
211	16
212	7
213	7
214	11
215	15
216	32
217	40
218	49
219	71
220	69
221	61
222	50
223	43
224	40
225	26
226	19
227	11
228	5
229	6
230	5
231	6
232	4
233	8
234	6
235	4
236	5
237	8
238	4
239	2
240	20
241	23
242	33
243	77
244	80
245	137
246	155
247	156
248	213
249	161
250	133
251	106
252	105
253	65
254	56
255	56
256	26
257	34
258	24
259	22
260	13
261	15
262	11
263	11
264	15
265	21
266	14
267	29
268	43
269	45
270	53
271	48
272	43
273	42
274	33
275	34
276	30
277	19
278	11
279	16
280	11
281	10
282	12
283	5
284	9
285	12
286	12
287	16
288	14
289	17
290	13
291	22
292	15
293	27
294	17
295	21
296	23
297	13
298	15
299	17
300	14
301	18
302	17
303	13
304	19
305	18
306	10
307	15
308	12
309	12
310	10
311	16
312	15
313	13
314	18
315	28
316	31
317	39
318	75
319	76
320	115
321	131
322	143
323	168
324	137
325	147
326	124
327	104
328	81
329	54
330	42
331	29
332	22
333	30
334	36
335	19
336	41
337	33
338	46
339	75
340	113
341	216
342	384
343	662
344	1239
345	2062
346	3023
347	4489
348	5870
349	7206
350	8137
351	8367
352	7824
353	6913
354	5551
355	4171
356	2887
357	1820
358	1107
359	656
360	319
361	178
362	103
363	68
364	46
365	50
366	54
367	31
368	50
369	37
370	46
371	41
372	42
373	57
374	69
375	71
376	85
377	129
378	133
379	223
380	289
381	459
382	645
383	841
384	1085
385	1282
386	1374
387	1271
388	1317
389	1136
390	881
391	687
392	509
393	331
394	203
395	141
396	94
397	49
398	34
399	35
400	29
401	36
402	32
403	36
404	23
405	34
406	44
407	44
408	35
409	33
410	49
411	42
412	32
413	37
414	39
415	34
416	28
417	26
418	47
419	30
420	42
421	34
422	31
423	30
424	33
425	35
426	32
427	32
428	39
429	38
430	34
431	36
432	47
433	37
434	44
435	66
436	48
437	66
438	74
439	65
440	76
441	70
442	78
443	71
444	80
445	72
446	58
447	57
448	62
449	60
450	71
451	56
452	77
453	64
454	70
455	77
456	76
457	81
458	95
459	102
460	89
461	106
462	72
463	70
464	66
465	75
466	61
467	57
468	60
469	68
470	68
471	76
472	67
473	68
474	57
475	75
476	52
477	49
478	53
479	71
480	58
481	54
482	51
483	55
484	63
485	58
486	59
487	45
488	55
489	48
490	56
491	64
492	73
493	63
494	78
495	61
496	53
497	65
498	53
499	64
500	65
501	66
502	65
503	69
504	57
505	76
506	86
507	88
508	71
509	87
510	94
511	73
512	74
513	109
514	65
515	64
516	86
517	98
518	89
519	77
520	86
521	93
522	82
523	76
524	102
525	88
526	95
527	88
528	98
529	97
530	86
531	100
532	99
533	97
534	82
535	81
536	87
537	94
538	74
539	85
540	78
541	82
542	96
543	82
544	76
545	98
546	94
547	101
548	91
549	70
550	83
551	81
552	84
553	85
554	96
555	71
556	72
557	76
558	72
559	89
560	87
561	86
562	74
563	75
564	75
565	68
566	80
567	87
568	81
569	72
570	66
571	89
572	83
573	92
574	77
575	81
576	81
577	75
578	84
579	90
580	80
581	82
582	93
583	78
584	88
585	82
586	85
587	97
588	105
589	87
590	99
591	107
592	82
593	96
594	84
595	82
596	96
597	84
598	96
599	84
600	101
601	105
602	93
603	85
604	82
605	101
606	81
607	125
608	96
609	100
610	108
611	105
612	102
613	95
614	98
615	118
616	107
617	78
618	115
619	115
620	97
621	109
622	82
623	103
624	92
625	81
626	100
627	86
628	96
629	98
630	112
631	94
632	106
633	99
634	113
635	96
636	86
637	94
638	100
639	97
640	111
641	103
642	115
643	103
644	125
645	112
646	99
647	107
648	112
649	122
650	99
651	109
652	104
653	121
654	106
655	131
656	104
657	121
658	110
659	113
660	117
661	101
662	106
663	109
664	99
665	118
666	114
667	88
668	126
669	113
670	119
671	101
672	101
673	111
674	99
675	108
676	132
677	132
678	102
679	106
680	104
681	129
682	121
683	110
684	112
685	120
686	124
687	117
688	106
689	121
690	118
691	94
692	120
693	128
694	110
695	143
696	100
697	117
698	145
699	116
700	124
701	137
702	128
703	112
704	117
705	141
706	151
707	133
708	123
709	133
710	134
711	107
712	109
713	125
714	121
715	122
716	108
717	110
718	127
719	119
720	127
721	130
722	129
723	101
724	151
725	140
726	140
727	142
728	133
729	124
730	120
731	117
732	123
733	144
734	120
735	139
736	145
737	137
738	126
739	129
740	127
741	127
742	125
743	120
744	128
745	113
746	134
747	124
748	125
749	138
750	124
751	126
752	118
753	132
754	131
755	136
756	119
757	137
758	132
759	133
760	138
761	152
762	152
763	161
764	147
765	205
766	211
767	239
768	231
769	239
770	298
771	292
772	358
773	324
774	337
775	328
776	326
777	324
778	259
779	249
780	200
781	199
782	186
783	172
784	149
785	165
786	146
787	134
788	132
789	133
790	134
791	135
792	131
793	136
794	115
795	125
796	137
797	126
798	112
799	146
800	133
801	153
802	146
803	163
804	143
805	121
806	118
807	155
808	143
809	110
810	139
811	154
812	140
813	168
814	120
815	142
816	157
817	159
818	129
819	139
820	145
821	145
822	150
823	149
824	151
825	149
826	140
827	144
828	148
829	143
830	170
831	150
832	148
833	149
834	132
835	129
836	171
837	152
838	134
839	130
840	154
841	133
842	146
843	152
844	156
845	156
846	141
847	148
848	130
849	151
850	159
851	180
852	175
853	154
854	156
855	179
856	183
857	185
858	191
859	173
860	202
861	206
862	203
863	216
864	207
865	202
866	220
867	232
868	196
869	215
870	228
871	201
872	220
873	236
874	231
875	215
876	264
877	255
878	245
879	244
880	259
881	276
882	265
883	317
884	332
885	314
886	328
887	375
888	392
889	393
890	441
891	470
892	495
893	492
894	514
895	477
896	558
897	547
898	561
899	565
900	561
901	556
902	563
903	575
904	508
905	502
906	512
907	552
908	479
909	436
910	426
911	463
912	420
913	400
914	396
915	406
916	343
917	341
918	326
919	302
920	263
921	237
922	240
923	254
924	222
925	206
926	227
927	227
928	190
929	180
930	168
931	157
932	194
933	211
934	154
935	192
936	189
937	171
938	161
939	136
940	177
941	173
942	178
943	203
944	234
945	242
946	287
947	309
948	366
949	364
950	383
951	395
952	438
953	449
954	397
955	418
956	393
957	367
958	374
959	341
960	299
961	262
962	225
963	235
964	183
965	189
966	160
967	151
968	116
969	138
970	126
971	123
972	112
973	110
974	131
975	131
976	141
977	137
978	131
979	128
980	133
981	126
982	152
983	113
984	120
985	156
986	132
987	129
988	139
989	133
990	155
991	153
992	170
993	145
994	172
995	152
996	177
997	153
998	179
999	194
1000	161
1001	162
1002	182
1003	163
1004	197
1005	155
1006	181
1007	151
1008	172
1009	170
1010	158
1011	153
1012	189
1013	134
1014	141
1015	144
1016	156
1017	124
1018	124
1019	134
1020	147
1021	129
1022	117
1023	97
1024	126
