Date:	08/05/2018		Time:	23:20		Version no:	0.00		Project name:	55		Sample name:	222		Section name:	section		Position	422.115021	mm	E0	0.000000	keV	E1	1.000000	keV/channel	sample surface	6.213065	cm	Tube anode:	Mo		Tube voltage:	30	kV	Tube current:	50	mA	gain	10		std. database			resultfile	result		matrix element	11		sample thickness	1.000000		air passage	0.560000	cm	comments	in position		peaking_time	2.200000	m-sec	trigger_threshold	547.363281	V	mca_bin_width	22.090000	no:	number_mca_channels	1024.000000	no:	gap_time	0.150000	m-sec	trigger_peaking_time	0.200000	m-sec	GAINDAC	18610		HIGHGAIN	1		TAURC	1		RCTAU	1		RCTAUFRAC	1		livetime	9.430629	seconds	runtime	10.000489	seconds	input_count_rate	24190.539659	cps	output_count_rate	19792.532541	cps	triggers	228132	seconds	events_in_run	197935	seconds	channel	content		1	0
2	0
3	0
4	0
5	0
6	0
7	0
8	0
9	0
10	0
11	0
12	0
13	0
14	0
15	0
16	0
17	0
18	0
19	0
20	0
21	0
22	0
23	0
24	0
25	0
26	0
27	0
28	0
29	0
30	0
31	20
32	12
33	11
34	11
35	23
36	11
37	16
38	12
39	24
40	19
41	12
42	14
43	15
44	7
45	13
46	12
47	12
48	18
49	17
50	7
51	8
52	17
53	14
54	8
55	11
56	15
57	11
58	15
59	11
60	9
61	14
62	5
63	6
64	14
65	6
66	16
67	10
68	6
69	8
70	10
71	6
72	5
73	1
74	9
75	10
76	6
77	4
78	4
79	5
80	9
81	11
82	10
83	8
84	9
85	12
86	11
87	6
88	7
89	10
90	5
91	6
92	11
93	9
94	13
95	17
96	27
97	18
98	21
99	18
100	8
101	12
102	3
103	10
104	10
105	5
106	4
107	8
108	5
109	14
110	11
111	10
112	11
113	5
114	6
115	2
116	6
117	4
118	5
119	7
120	1
121	3
122	12
123	3
124	3
125	6
126	12
127	2
128	6
129	9
130	2
131	5
132	3
133	4
134	5
135	4
136	6
137	5
138	2
139	3
140	3
141	2
142	5
143	5
144	0
145	3
146	1
147	1
148	5
149	6
150	6
151	6
152	4
153	8
154	1
155	1
156	7
157	8
158	7
159	14
160	20
161	26
162	21
163	26
164	29
165	23
166	16
167	10
168	11
169	6
170	5
171	5
172	2
173	6
174	6
175	5
176	8
177	10
178	17
179	18
180	25
181	28
182	33
183	31
184	21
185	18
186	19
187	8
188	7
189	1
190	5
191	7
192	6
193	8
194	9
195	10
196	34
197	68
198	103
199	145
200	246
201	309
202	380
203	382
204	424
205	281
206	233
207	147
208	89
209	44
210	30
211	16
212	14
213	16
214	13
215	15
216	28
217	40
218	56
219	50
220	63
221	69
222	66
223	54
224	39
225	24
226	21
227	18
228	6
229	12
230	5
231	3
232	3
233	7
234	5
235	7
236	6
237	3
238	6
239	12
240	17
241	24
242	36
243	51
244	74
245	114
246	134
247	178
248	167
249	164
250	141
251	107
252	78
253	53
254	49
255	48
256	42
257	32
258	23
259	26
260	16
261	17
262	13
263	11
264	12
265	13
266	32
267	32
268	34
269	44
270	50
271	41
272	46
273	35
274	33
275	25
276	29
277	14
278	12
279	14
280	14
281	15
282	9
283	21
284	17
285	16
286	18
287	15
288	10
289	18
290	19
291	22
292	17
293	11
294	17
295	26
296	19
297	25
298	18
299	16
300	17
301	19
302	10
303	17
304	11
305	14
306	13
307	9
308	14
309	18
310	13
311	10
312	21
313	16
314	18
315	22
316	28
317	47
318	64
319	88
320	132
321	151
322	180
323	192
324	207
325	153
326	160
327	137
328	96
329	63
330	55
331	30
332	24
333	34
334	26
335	32
336	38
337	37
338	47
339	65
340	125
341	190
342	356
343	727
344	1208
345	1956
346	2977
347	4275
348	5714
349	6700
350	7670
351	7965
352	7591
353	6714
354	5448
355	3915
356	2762
357	1736
358	1065
359	571
360	337
361	152
362	109
363	51
364	64
365	46
366	35
367	32
368	48
369	46
370	50
371	55
372	64
373	50
374	60
375	61
376	85
377	101
378	161
379	217
380	292
381	477
382	634
383	774
384	1053
385	1201
386	1317
387	1359
388	1278
389	1059
390	886
391	679
392	493
393	312
394	220
395	107
396	73
397	58
398	41
399	27
400	23
401	32
402	32
403	31
404	31
405	29
406	40
407	33
408	37
409	44
410	44
411	32
412	51
413	34
414	41
415	32
416	28
417	30
418	34
419	27
420	25
421	26
422	30
423	36
424	32
425	36
426	38
427	30
428	37
429	38
430	24
431	41
432	45
433	44
434	46
435	54
436	55
437	60
438	75
439	92
440	66
441	74
442	74
443	78
444	67
445	63
446	59
447	82
448	67
449	60
450	63
451	70
452	64
453	81
454	77
455	86
456	84
457	84
458	107
459	94
460	101
461	90
462	83
463	80
464	75
465	70
466	68
467	69
468	54
469	56
470	60
471	61
472	65
473	70
474	67
475	77
476	50
477	62
478	48
479	59
480	53
481	59
482	63
483	69
484	52
485	60
486	67
487	55
488	64
489	69
490	55
491	60
492	53
493	51
494	67
495	55
496	53
497	51
498	64
499	65
500	53
501	68
502	67
503	56
504	90
505	70
506	71
507	75
508	80
509	72
510	64
511	75
512	78
513	76
514	73
515	76
516	79
517	81
518	83
519	80
520	76
521	83
522	99
523	94
524	89
525	102
526	80
527	98
528	97
529	103
530	117
531	84
532	95
533	107
534	92
535	97
536	94
537	100
538	100
539	77
540	55
541	65
542	82
543	69
544	78
545	94
546	97
547	100
548	86
549	67
550	89
551	69
552	77
553	82
554	77
555	84
556	87
557	64
558	80
559	71
560	72
561	77
562	84
563	70
564	79
565	68
566	69
567	79
568	89
569	89
570	81
571	78
572	76
573	73
574	71
575	71
576	82
577	87
578	82
579	83
580	62
581	91
582	90
583	88
584	71
585	85
586	76
587	77
588	82
589	79
590	83
591	98
592	88
593	81
594	88
595	88
596	87
597	98
598	91
599	88
600	99
601	105
602	93
603	98
604	104
605	82
606	88
607	87
608	96
609	76
610	104
611	99
612	116
613	93
614	95
615	106
616	109
617	96
618	107
619	88
620	112
621	105
622	108
623	105
624	107
625	89
626	104
627	101
628	81
629	95
630	100
631	87
632	106
633	105
634	95
635	105
636	96
637	102
638	111
639	85
640	98
641	94
642	91
643	104
644	90
645	104
646	109
647	110
648	96
649	120
650	106
651	116
652	97
653	116
654	119
655	99
656	106
657	102
658	115
659	119
660	111
661	98
662	104
663	97
664	109
665	121
666	89
667	114
668	107
669	104
670	123
671	114
672	84
673	120
674	106
675	113
676	116
677	112
678	106
679	101
680	113
681	96
682	110
683	108
684	116
685	124
686	115
687	111
688	108
689	105
690	129
691	109
692	108
693	126
694	123
695	128
696	120
697	133
698	125
699	129
700	133
701	131
702	122
703	129
704	125
705	123
706	119
707	127
708	130
709	147
710	116
711	100
712	115
713	109
714	127
715	110
716	149
717	120
718	121
719	120
720	113
721	118
722	123
723	132
724	140
725	116
726	125
727	104
728	112
729	134
730	140
731	127
732	120
733	146
734	121
735	151
736	125
737	118
738	156
739	145
740	130
741	127
742	123
743	102
744	138
745	131
746	129
747	136
748	140
749	127
750	127
751	133
752	122
753	130
754	132
755	135
756	130
757	105
758	114
759	124
760	130
761	144
762	131
763	149
764	153
765	165
766	223
767	236
768	228
769	257
770	270
771	270
772	296
773	326
774	298
775	297
776	292
777	287
778	250
779	216
780	217
781	175
782	186
783	185
784	155
785	132
786	136
787	125
788	111
789	143
790	136
791	143
792	138
793	134
794	147
795	122
796	139
797	144
798	136
799	119
800	135
801	98
802	131
803	148
804	148
805	120
806	134
807	144
808	115
809	129
810	146
811	150
812	148
813	149
814	131
815	145
816	150
817	159
818	154
819	137
820	149
821	139
822	139
823	145
824	145
825	130
826	126
827	134
828	143
829	143
830	116
831	149
832	142
833	149
834	169
835	149
836	137
837	155
838	171
839	142
840	151
841	165
842	162
843	127
844	155
845	146
846	151
847	164
848	138
849	150
850	153
851	139
852	174
853	173
854	152
855	177
856	169
857	177
858	203
859	168
860	197
861	207
862	200
863	200
864	209
865	228
866	225
867	238
868	225
869	223
870	210
871	220
872	205
873	215
874	185
875	228
876	225
877	234
878	229
879	272
880	241
881	227
882	285
883	304
884	308
885	312
886	376
887	384
888	360
889	394
890	421
891	445
892	445
893	472
894	499
895	501
896	552
897	534
898	509
899	534
900	525
901	521
902	586
903	530
904	541
905	506
906	516
907	495
908	543
909	497
910	426
911	426
912	415
913	404
914	397
915	370
916	368
917	295
918	298
919	296
920	287
921	275
922	244
923	228
924	205
925	217
926	217
927	200
928	180
929	185
930	171
931	162
932	175
933	191
934	187
935	171
936	150
937	170
938	168
939	156
940	170
941	188
942	187
943	175
944	216
945	244
946	280
947	303
948	309
949	357
950	375
951	368
952	449
953	432
954	409
955	417
956	436
957	372
958	335
959	329
960	295
961	252
962	240
963	211
964	175
965	191
966	166
967	151
968	148
969	136
970	131
971	127
972	121
973	104
974	123
975	109
976	122
977	108
978	145
979	133
980	131
981	137
982	114
983	137
984	131
985	129
986	130
987	156
988	140
989	153
990	142
991	171
992	139
993	174
994	135
995	160
996	152
997	136
998	180
999	175
1000	167
1001	181
1002	176
1003	174
1004	174
1005	178
1006	175
1007	177
1008	174
1009	172
1010	175
1011	156
1012	161
1013	159
1014	149
1015	155
1016	127
1017	120
1018	145
1019	116
1020	141
1021	126
1022	132
1023	130
1024	116
