Date:	08/05/2018		Time:	22:08		Version no:	0.00		Project name:	55		Sample name:	222		Section name:	section		Position	346.315033	mm	E0	0.000000	keV	E1	1.000000	keV/channel	sample surface	6.323556	cm	Tube anode:	Mo		Tube voltage:	30	kV	Tube current:	50	mA	gain	10		std. database			resultfile	result		matrix element	11		sample thickness	1.000000		air passage	0.560000	cm	comments	in position		peaking_time	2.200000	m-sec	trigger_threshold	547.363281	V	mca_bin_width	22.090000	no:	number_mca_channels	1024.000000	no:	gap_time	0.150000	m-sec	trigger_peaking_time	0.200000	m-sec	GAINDAC	18610		HIGHGAIN	1		TAURC	1		RCTAU	1		RCTAUFRAC	1		livetime	9.517164	seconds	runtime	10.000494	seconds	input_count_rate	21238.049486	cps	output_count_rate	17796.621559	cps	triggers	202126	seconds	events_in_run	177975	seconds	channel	content		1	0
2	0
3	0
4	0
5	0
6	0
7	0
8	0
9	0
10	0
11	0
12	0
13	0
14	0
15	0
16	0
17	0
18	0
19	0
20	0
21	0
22	0
23	0
24	0
25	0
26	0
27	0
28	0
29	0
30	0
31	7
32	13
33	12
34	6
35	11
36	13
37	11
38	16
39	12
40	8
41	14
42	13
43	9
44	5
45	7
46	16
47	12
48	12
49	14
50	10
51	9
52	11
53	6
54	11
55	12
56	14
57	10
58	7
59	9
60	10
61	15
62	8
63	6
64	11
65	5
66	5
67	11
68	8
69	6
70	10
71	6
72	7
73	12
74	2
75	10
76	9
77	7
78	4
79	9
80	8
81	5
82	15
83	13
84	8
85	6
86	6
87	6
88	11
89	7
90	6
91	0
92	6
93	11
94	13
95	20
96	27
97	17
98	19
99	23
100	9
101	12
102	5
103	8
104	11
105	14
106	6
107	9
108	8
109	13
110	4
111	11
112	3
113	7
114	7
115	3
116	5
117	6
118	4
119	7
120	6
121	3
122	3
123	3
124	5
125	5
126	9
127	9
128	3
129	6
130	2
131	1
132	3
133	0
134	0
135	0
136	4
137	4
138	4
139	2
140	1
141	2
142	5
143	5
144	6
145	6
146	5
147	6
148	5
149	5
150	8
151	2
152	0
153	6
154	4
155	1
156	4
157	4
158	7
159	19
160	18
161	17
162	27
163	24
164	23
165	23
166	20
167	11
168	5
169	9
170	7
171	1
172	7
173	3
174	5
175	8
176	7
177	17
178	11
179	21
180	34
181	24
182	41
183	33
184	43
185	21
186	12
187	18
188	13
189	5
190	6
191	4
192	2
193	12
194	10
195	26
196	44
197	89
198	132
199	247
200	365
201	496
202	589
203	578
204	564
205	492
206	367
207	202
208	142
209	83
210	44
211	16
212	12
213	11
214	16
215	23
216	32
217	48
218	78
219	79
220	96
221	82
222	78
223	66
224	40
225	25
226	24
227	21
228	7
229	8
230	7
231	3
232	7
233	3
234	5
235	1
236	3
237	3
238	9
239	11
240	17
241	33
242	63
243	95
244	139
245	196
246	265
247	290
248	277
249	280
250	215
251	169
252	123
253	86
254	67
255	46
256	54
257	41
258	36
259	24
260	20
261	19
262	11
263	13
264	20
265	21
266	29
267	41
268	53
269	60
270	61
271	59
272	48
273	60
274	40
275	34
276	24
277	16
278	15
279	8
280	9
281	11
282	14
283	11
284	6
285	5
286	10
287	10
288	16
289	15
290	10
291	15
292	14
293	15
294	11
295	24
296	18
297	14
298	19
299	17
300	18
301	15
302	9
303	15
304	8
305	12
306	10
307	19
308	15
309	12
310	10
311	8
312	9
313	16
314	23
315	11
316	18
317	33
318	40
319	43
320	62
321	60
322	85
323	108
324	98
325	92
326	87
327	69
328	53
329	36
330	27
331	36
332	31
333	34
334	29
335	26
336	44
337	27
338	38
339	66
340	86
341	181
342	350
343	628
344	1131
345	1892
346	2939
347	4275
348	5632
349	6803
350	7526
351	7677
352	7644
353	6493
354	5212
355	4059
356	2816
357	1767
358	1050
359	570
360	297
361	188
362	92
363	45
364	41
365	42
366	36
367	31
368	36
369	32
370	33
371	36
372	63
373	49
374	57
375	61
376	76
377	105
378	120
379	228
380	304
381	414
382	659
383	803
384	1010
385	1272
386	1272
387	1304
388	1220
389	1100
390	887
391	666
392	456
393	312
394	203
395	140
396	74
397	59
398	30
399	27
400	32
401	24
402	31
403	23
404	16
405	34
406	31
407	39
408	38
409	35
410	30
411	35
412	24
413	28
414	31
415	26
416	26
417	23
418	19
419	22
420	35
421	26
422	29
423	30
424	29
425	31
426	33
427	36
428	20
429	20
430	29
431	24
432	22
433	30
434	43
435	37
436	48
437	32
438	52
439	49
440	38
441	64
442	53
443	56
444	58
445	64
446	55
447	43
448	53
449	54
450	50
451	32
452	41
453	56
454	67
455	55
456	68
457	74
458	67
459	81
460	91
461	73
462	81
463	69
464	57
465	59
466	45
467	54
468	56
469	49
470	61
471	54
472	62
473	59
474	53
475	45
476	57
477	57
478	51
479	50
480	43
481	45
482	45
483	47
484	44
485	40
486	58
487	29
488	48
489	41
490	34
491	45
492	41
493	40
494	44
495	53
496	43
497	49
498	54
499	44
500	57
501	56
502	54
503	63
504	49
505	63
506	56
507	60
508	75
509	60
510	61
511	52
512	64
513	74
514	57
515	70
516	67
517	81
518	61
519	60
520	71
521	71
522	73
523	76
524	72
525	71
526	90
527	101
528	80
529	71
530	91
531	68
532	80
533	75
534	73
535	60
536	75
537	90
538	70
539	68
540	67
541	63
542	68
543	73
544	64
545	75
546	51
547	63
548	57
549	73
550	60
551	60
552	56
553	71
554	63
555	51
556	67
557	63
558	66
559	71
560	51
561	59
562	53
563	76
564	62
565	69
566	64
567	55
568	58
569	56
570	53
571	68
572	58
573	66
574	49
575	55
576	58
577	66
578	80
579	64
580	54
581	63
582	74
583	70
584	73
585	55
586	63
587	60
588	73
589	58
590	60
591	68
592	74
593	77
594	67
595	58
596	63
597	64
598	67
599	72
600	67
601	83
602	75
603	73
604	79
605	79
606	80
607	90
608	80
609	72
610	78
611	71
612	75
613	76
614	88
615	75
616	93
617	53
618	77
619	94
620	89
621	72
622	88
623	73
624	93
625	85
626	82
627	78
628	83
629	75
630	74
631	68
632	86
633	79
634	88
635	79
636	88
637	65
638	74
639	88
640	77
641	64
642	89
643	86
644	98
645	88
646	96
647	88
648	80
649	96
650	81
651	78
652	79
653	80
654	76
655	86
656	97
657	78
658	86
659	83
660	87
661	93
662	93
663	109
664	93
665	108
666	93
667	75
668	93
669	88
670	79
671	82
672	106
673	70
674	90
675	90
676	81
677	92
678	98
679	84
680	88
681	100
682	94
683	100
684	94
685	73
686	102
687	100
688	92
689	81
690	85
691	85
692	95
693	100
694	77
695	107
696	96
697	84
698	114
699	93
700	103
701	89
702	96
703	87
704	106
705	91
706	94
707	112
708	108
709	102
710	93
711	111
712	81
713	100
714	105
715	92
716	93
717	109
718	99
719	118
720	106
721	89
722	96
723	106
724	99
725	108
726	101
727	98
728	92
729	89
730	100
731	108
732	105
733	93
734	85
735	101
736	94
737	99
738	108
739	98
740	97
741	93
742	118
743	97
744	117
745	98
746	105
747	98
748	88
749	106
750	107
751	91
752	93
753	96
754	112
755	101
756	109
757	112
758	96
759	99
760	108
761	115
762	121
763	119
764	149
765	136
766	161
767	188
768	181
769	218
770	256
771	280
772	241
773	250
774	268
775	231
776	265
777	230
778	227
779	184
780	161
781	142
782	159
783	138
784	139
785	126
786	116
787	116
788	90
789	113
790	111
791	106
792	96
793	115
794	106
795	112
796	95
797	107
798	131
799	98
800	126
801	117
802	124
803	93
804	119
805	118
806	102
807	91
808	111
809	127
810	127
811	118
812	120
813	121
814	130
815	110
816	109
817	112
818	112
819	125
820	134
821	129
822	124
823	118
824	96
825	125
826	131
827	102
828	135
829	106
830	119
831	127
832	114
833	108
834	134
835	117
836	108
837	97
838	112
839	128
840	114
841	119
842	128
843	104
844	115
845	110
846	110
847	125
848	107
849	127
850	127
851	144
852	120
853	137
854	148
855	141
856	149
857	167
858	166
859	174
860	181
861	195
862	201
863	176
864	197
865	206
866	198
867	200
868	201
869	162
870	198
871	196
872	160
873	196
874	152
875	168
876	169
877	191
878	206
879	185
880	224
881	226
882	209
883	227
884	230
885	239
886	272
887	240
888	319
889	277
890	322
891	330
892	342
893	360
894	352
895	366
896	370
897	412
898	431
899	406
900	430
901	401
902	361
903	395
904	363
905	379
906	386
907	349
908	362
909	346
910	321
911	338
912	310
913	306
914	268
915	285
916	281
917	247
918	236
919	217
920	194
921	214
922	191
923	179
924	190
925	181
926	160
927	167
928	171
929	159
930	157
931	144
932	152
933	127
934	153
935	149
936	121
937	125
938	133
939	147
940	152
941	159
942	147
943	180
944	196
945	202
946	231
947	239
948	317
949	330
950	347
951	329
952	369
953	353
954	384
955	381
956	358
957	341
958	329
959	264
960	244
961	226
962	210
963	198
964	161
965	147
966	137
967	111
968	102
969	109
970	106
971	100
972	97
973	108
974	111
975	121
976	102
977	112
978	90
979	81
980	100
981	89
982	117
983	102
984	106
985	115
986	113
987	91
988	97
989	125
990	108
991	122
992	108
993	122
994	119
995	136
996	134
997	136
998	121
999	140
1000	127
1001	125
1002	115
1003	141
1004	129
1005	134
1006	151
1007	116
1008	132
1009	121
1010	132
1011	119
1012	110
1013	109
1014	126
1015	112
1016	131
1017	113
1018	112
1019	99
1020	100
1021	96
1022	108
1023	106
1024	101
