Date:	08/05/2018		Time:	21:08		Version no:	0.00		Project name:	55		Sample name:	222		Section name:	section		Position	282.915039	mm	E0	0.000000	keV	E1	1.000000	keV/channel	sample surface	5.941564	cm	Tube anode:	Mo		Tube voltage:	30	kV	Tube current:	50	mA	gain	10		std. database			resultfile	result		matrix element	11		sample thickness	1.000000		air passage	0.560000	cm	comments	in position		peaking_time	2.200000	m-sec	trigger_threshold	547.363281	V	mca_bin_width	22.090000	no:	number_mca_channels	1024.000000	no:	gap_time	0.150000	m-sec	trigger_peaking_time	0.200000	m-sec	GAINDAC	18610		HIGHGAIN	1		TAURC	1		RCTAU	1		RCTAUFRAC	1		livetime	9.399328	seconds	runtime	10.000494	seconds	input_count_rate	26152.295143	cps	output_count_rate	21146.856191	cps	triggers	245814	seconds	events_in_run	211479	seconds	channel	content		1	0
2	0
3	0
4	0
5	0
6	0
7	0
8	0
9	0
10	0
11	0
12	0
13	0
14	0
15	0
16	0
17	0
18	0
19	0
20	0
21	0
22	0
23	0
24	0
25	0
26	0
27	0
28	0
29	0
30	0
31	12
32	17
33	12
34	11
35	9
36	11
37	13
38	15
39	13
40	19
41	19
42	19
43	12
44	14
45	9
46	11
47	18
48	14
49	17
50	8
51	15
52	14
53	11
54	17
55	11
56	10
57	13
58	15
59	11
60	11
61	10
62	9
63	12
64	17
65	6
66	12
67	8
68	11
69	6
70	8
71	6
72	8
73	3
74	14
75	10
76	10
77	9
78	12
79	8
80	17
81	10
82	10
83	12
84	7
85	13
86	10
87	8
88	6
89	11
90	8
91	2
92	4
93	11
94	19
95	15
96	12
97	17
98	16
99	9
100	5
101	9
102	8
103	6
104	3
105	10
106	12
107	8
108	7
109	8
110	3
111	6
112	5
113	5
114	5
115	7
116	5
117	5
118	6
119	5
120	4
121	4
122	4
123	12
124	2
125	6
126	6
127	6
128	4
129	3
130	4
131	5
132	4
133	4
134	5
135	4
136	1
137	5
138	5
139	7
140	1
141	0
142	2
143	3
144	3
145	7
146	3
147	9
148	4
149	10
150	3
151	8
152	4
153	11
154	4
155	6
156	4
157	9
158	14
159	11
160	16
161	19
162	26
163	33
164	29
165	20
166	17
167	13
168	9
169	6
170	4
171	6
172	2
173	7
174	7
175	5
176	9
177	3
178	7
179	17
180	16
181	14
182	21
183	17
184	18
185	17
186	11
187	10
188	5
189	3
190	3
191	6
192	4
193	6
194	7
195	17
196	20
197	42
198	68
199	108
200	164
201	213
202	257
203	287
204	259
205	211
206	163
207	102
208	59
209	37
210	14
211	20
212	10
213	10
214	9
215	16
216	22
217	31
218	25
219	31
220	50
221	48
222	51
223	38
224	29
225	17
226	17
227	8
228	6
229	5
230	13
231	8
232	4
233	3
234	7
235	9
236	8
237	7
238	7
239	12
240	17
241	27
242	44
243	61
244	59
245	128
246	142
247	171
248	175
249	177
250	150
251	99
252	94
253	72
254	61
255	54
256	51
257	46
258	36
259	24
260	23
261	16
262	21
263	9
264	13
265	21
266	22
267	24
268	38
269	36
270	61
271	68
272	58
273	37
274	36
275	33
276	18
277	21
278	15
279	12
280	16
281	15
282	11
283	13
284	17
285	16
286	12
287	9
288	16
289	21
290	14
291	16
292	15
293	20
294	18
295	12
296	24
297	30
298	15
299	22
300	19
301	15
302	16
303	15
304	15
305	11
306	14
307	20
308	10
309	13
310	9
311	18
312	13
313	14
314	25
315	32
316	50
317	86
318	100
319	160
320	225
321	245
322	293
323	305
324	306
325	275
326	252
327	175
328	125
329	81
330	70
331	35
332	30
333	25
334	27
335	37
336	38
337	39
338	51
339	74
340	138
341	251
342	420
343	797
344	1386
345	2335
346	3413
347	4930
348	6449
349	7955
350	8857
351	9221
352	8856
353	7649
354	6213
355	4651
356	3193
357	2008
358	1257
359	680
360	379
361	192
362	121
363	76
364	51
365	47
366	38
367	35
368	52
369	44
370	45
371	48
372	55
373	62
374	69
375	76
376	89
377	116
378	157
379	250
380	384
381	498
382	680
383	1001
384	1233
385	1358
386	1482
387	1529
388	1361
389	1218
390	1025
391	760
392	554
393	375
394	213
395	137
396	82
397	53
398	35
399	16
400	31
401	19
402	27
403	26
404	28
405	26
406	36
407	46
408	46
409	43
410	34
411	49
412	38
413	22
414	32
415	39
416	31
417	29
418	17
419	40
420	22
421	26
422	33
423	30
424	24
425	25
426	33
427	24
428	34
429	37
430	31
431	35
432	33
433	42
434	39
435	41
436	50
437	44
438	52
439	53
440	59
441	78
442	64
443	72
444	57
445	54
446	58
447	58
448	42
449	51
450	63
451	49
452	57
453	62
454	64
455	76
456	68
457	70
458	69
459	72
460	61
461	71
462	71
463	66
464	62
465	54
466	60
467	48
468	50
469	47
470	50
471	69
472	51
473	55
474	65
475	63
476	64
477	53
478	47
479	55
480	37
481	47
482	59
483	46
484	66
485	49
486	69
487	61
488	48
489	55
490	48
491	61
492	55
493	51
494	62
495	62
496	52
497	57
498	46
499	63
500	67
501	52
502	68
503	64
504	76
505	81
506	63
507	73
508	68
509	76
510	80
511	68
512	82
513	62
514	63
515	89
516	74
517	85
518	86
519	90
520	65
521	79
522	74
523	98
524	86
525	80
526	89
527	94
528	87
529	90
530	115
531	79
532	84
533	95
534	85
535	75
536	77
537	78
538	68
539	70
540	74
541	90
542	75
543	99
544	74
545	65
546	87
547	89
548	71
549	67
550	77
551	67
552	93
553	66
554	60
555	84
556	70
557	76
558	79
559	75
560	70
561	76
562	68
563	67
564	77
565	89
566	83
567	68
568	75
569	72
570	87
571	87
572	78
573	80
574	75
575	79
576	82
577	86
578	90
579	64
580	73
581	73
582	82
583	73
584	94
585	65
586	94
587	80
588	96
589	80
590	92
591	94
592	112
593	65
594	70
595	97
596	64
597	93
598	91
599	100
600	90
601	87
602	90
603	99
604	80
605	94
606	93
607	88
608	90
609	89
610	104
611	87
612	107
613	88
614	107
615	89
616	87
617	101
618	110
619	109
620	112
621	93
622	91
623	100
624	99
625	105
626	102
627	99
628	95
629	93
630	77
631	99
632	110
633	103
634	97
635	101
636	99
637	87
638	104
639	88
640	103
641	96
642	109
643	96
644	118
645	120
646	116
647	128
648	122
649	106
650	132
651	116
652	124
653	116
654	117
655	118
656	110
657	96
658	120
659	123
660	94
661	90
662	89
663	89
664	105
665	111
666	104
667	124
668	94
669	95
670	107
671	104
672	99
673	94
674	94
675	104
676	98
677	89
678	104
679	120
680	104
681	112
682	129
683	113
684	119
685	135
686	99
687	113
688	95
689	134
690	109
691	110
692	113
693	127
694	130
695	125
696	135
697	127
698	115
699	113
700	116
701	133
702	159
703	140
704	114
705	131
706	105
707	111
708	132
709	117
710	129
711	123
712	110
713	137
714	111
715	120
716	127
717	115
718	109
719	123
720	110
721	137
722	126
723	145
724	126
725	144
726	116
727	137
728	141
729	153
730	136
731	131
732	132
733	138
734	139
735	130
736	120
737	114
738	128
739	136
740	123
741	120
742	149
743	123
744	110
745	137
746	144
747	142
748	144
749	127
750	128
751	126
752	138
753	138
754	137
755	124
756	144
757	129
758	125
759	137
760	131
761	147
762	166
763	134
764	155
765	165
766	187
767	199
768	218
769	205
770	250
771	279
772	272
773	276
774	266
775	276
776	216
777	247
778	211
779	181
780	181
781	174
782	164
783	156
784	134
785	139
786	135
787	129
788	144
789	132
790	135
791	133
792	133
793	150
794	124
795	134
796	136
797	149
798	142
799	141
800	146
801	141
802	148
803	136
804	134
805	132
806	123
807	134
808	120
809	156
810	149
811	137
812	143
813	182
814	181
815	174
816	130
817	148
818	149
819	154
820	135
821	132
822	142
823	144
824	116
825	175
826	141
827	180
828	137
829	137
830	121
831	145
832	137
833	166
834	160
835	141
836	142
837	147
838	155
839	154
840	158
841	168
842	173
843	162
844	146
845	161
846	137
847	140
848	146
849	141
850	195
851	180
852	159
853	163
854	185
855	174
856	178
857	206
858	156
859	194
860	191
861	204
862	195
863	202
864	227
865	222
866	213
867	214
868	221
869	211
870	203
871	221
872	194
873	230
874	240
875	225
876	202
877	266
878	241
879	241
880	255
881	278
882	302
883	304
884	312
885	375
886	367
887	411
888	384
889	409
890	477
891	449
892	523
893	503
894	509
895	497
896	541
897	495
898	575
899	627
900	564
901	535
902	543
903	544
904	573
905	582
906	506
907	514
908	568
909	494
910	459
911	451
912	419
913	429
914	363
915	365
916	327
917	317
918	305
919	264
920	274
921	265
922	228
923	251
924	247
925	222
926	200
927	204
928	220
929	202
930	195
931	185
932	187
933	180
934	190
935	165
936	192
937	166
938	142
939	185
940	171
941	221
942	201
943	240
944	210
945	257
946	286
947	300
948	299
949	316
950	349
951	420
952	423
953	415
954	401
955	399
956	379
957	429
958	348
959	332
960	321
961	296
962	230
963	216
964	160
965	178
966	165
967	161
968	147
969	127
970	145
971	110
972	123
973	111
974	111
975	128
976	123
977	115
978	122
979	127
980	135
981	133
982	136
983	155
984	140
985	146
986	147
987	144
988	147
989	138
990	155
991	151
992	156
993	159
994	174
995	142
996	164
997	196
998	195
999	214
1000	165
1001	190
1002	179
1003	180
1004	168
1005	186
1006	188
1007	170
1008	181
1009	165
1010	168
1011	179
1012	165
1013	172
1014	146
1015	162
1016	149
1017	150
1018	151
1019	125
1020	130
1021	126
1022	103
1023	119
1024	106
