Date:	08/05/2018		Time:	20:54		Version no:	0.00		Project name:	55		Sample name:	222		Section name:	section		Position	268.715027	mm	E0	0.000000	keV	E1	1.000000	keV/channel	sample surface	5.934264	cm	Tube anode:	Mo		Tube voltage:	30	kV	Tube current:	50	mA	gain	10		std. database			resultfile	result		matrix element	11		sample thickness	1.000000		air passage	0.560000	cm	comments	in position		peaking_time	2.200000	m-sec	trigger_threshold	547.363281	V	mca_bin_width	22.090000	no:	number_mca_channels	1024.000000	no:	gap_time	0.150000	m-sec	trigger_peaking_time	0.200000	m-sec	GAINDAC	18610		HIGHGAIN	1		TAURC	1		RCTAU	1		RCTAUFRAC	1		livetime	9.467887	seconds	runtime	10.000493	seconds	input_count_rate	22437.529674	cps	output_count_rate	18609.982900	cps	triggers	212436	seconds	events_in_run	186109	seconds	channel	content		1	0
2	0
3	0
4	0
5	0
6	0
7	0
8	0
9	0
10	0
11	0
12	0
13	0
14	0
15	0
16	0
17	0
18	0
19	0
20	0
21	0
22	0
23	0
24	0
25	0
26	0
27	0
28	0
29	0
30	0
31	12
32	14
33	23
34	12
35	10
36	11
37	10
38	11
39	21
40	12
41	13
42	16
43	12
44	16
45	15
46	13
47	12
48	17
49	11
50	17
51	16
52	14
53	9
54	12
55	11
56	12
57	10
58	14
59	8
60	9
61	16
62	8
63	11
64	8
65	11
66	10
67	6
68	2
69	9
70	8
71	13
72	7
73	6
74	9
75	15
76	8
77	6
78	12
79	7
80	7
81	10
82	7
83	3
84	6
85	5
86	3
87	4
88	5
89	9
90	4
91	5
92	6
93	9
94	11
95	11
96	20
97	4
98	12
99	9
100	4
101	4
102	4
103	5
104	10
105	9
106	8
107	2
108	8
109	4
110	8
111	3
112	3
113	8
114	2
115	3
116	6
117	3
118	5
119	7
120	5
121	6
122	6
123	3
124	4
125	7
126	5
127	5
128	5
129	2
130	9
131	5
132	7
133	6
134	4
135	2
136	3
137	6
138	5
139	3
140	1
141	4
142	6
143	4
144	4
145	3
146	3
147	1
148	3
149	4
150	3
151	5
152	3
153	4
154	5
155	1
156	7
157	4
158	14
159	13
160	24
161	27
162	32
163	32
164	25
165	18
166	16
167	12
168	8
169	5
170	4
171	4
172	4
173	3
174	5
175	9
176	8
177	13
178	8
179	12
180	15
181	22
182	24
183	20
184	16
185	17
186	14
187	10
188	3
189	2
190	4
191	3
192	10
193	2
194	15
195	15
196	25
197	49
198	78
199	136
200	180
201	220
202	276
203	323
204	267
205	244
206	168
207	131
208	82
209	31
210	21
211	11
212	10
213	11
214	9
215	13
216	18
217	27
218	41
219	42
220	57
221	50
222	46
223	51
224	25
225	20
226	9
227	3
228	12
229	2
230	7
231	4
232	6
233	2
234	3
235	3
236	3
237	3
238	9
239	9
240	8
241	18
242	36
243	64
244	72
245	78
246	116
247	134
248	121
249	114
250	109
251	91
252	59
253	68
254	51
255	40
256	37
257	44
258	25
259	9
260	13
261	15
262	10
263	11
264	6
265	19
266	14
267	28
268	31
269	33
270	46
271	38
272	44
273	33
274	28
275	25
276	24
277	14
278	6
279	7
280	11
281	11
282	13
283	14
284	13
285	17
286	14
287	9
288	12
289	10
290	10
291	10
292	20
293	12
294	16
295	12
296	12
297	17
298	19
299	19
300	11
301	11
302	14
303	8
304	3
305	10
306	13
307	12
308	8
309	12
310	16
311	11
312	9
313	13
314	11
315	24
316	12
317	40
318	51
319	63
320	90
321	114
322	128
323	170
324	156
325	144
326	114
327	88
328	88
329	57
330	48
331	25
332	30
333	29
334	24
335	17
336	32
337	29
338	48
339	79
340	88
341	203
342	355
343	627
344	1126
345	1842
346	2783
347	3918
348	5317
349	6307
350	6940
351	7358
352	7108
353	6187
354	4912
355	3775
356	2526
357	1645
358	1009
359	533
360	298
361	157
362	87
363	60
364	44
365	56
366	35
367	33
368	22
369	38
370	50
371	42
372	48
373	41
374	60
375	73
376	74
377	102
378	126
379	189
380	281
381	437
382	552
383	783
384	949
385	1148
386	1290
387	1237
388	1126
389	1001
390	829
391	616
392	422
393	302
394	218
395	117
396	75
397	36
398	26
399	33
400	26
401	24
402	23
403	37
404	19
405	24
406	27
407	30
408	29
409	41
410	29
411	34
412	35
413	42
414	35
415	29
416	22
417	35
418	33
419	32
420	16
421	40
422	30
423	34
424	46
425	26
426	28
427	27
428	52
429	17
430	35
431	28
432	31
433	34
434	39
435	46
436	40
437	58
438	57
439	46
440	66
441	65
442	68
443	45
444	50
445	42
446	47
447	57
448	55
449	51
450	59
451	37
452	52
453	51
454	64
455	59
456	51
457	68
458	77
459	64
460	89
461	67
462	72
463	67
464	62
465	63
466	36
467	42
468	49
469	62
470	59
471	49
472	60
473	61
474	70
475	71
476	57
477	48
478	51
479	51
480	41
481	49
482	48
483	48
484	57
485	45
486	44
487	65
488	51
489	48
490	60
491	55
492	50
493	51
494	50
495	54
496	53
497	63
498	56
499	62
500	54
501	59
502	79
503	59
504	53
505	68
506	68
507	71
508	88
509	62
510	68
511	66
512	67
513	75
514	72
515	70
516	75
517	75
518	62
519	81
520	64
521	85
522	87
523	82
524	76
525	92
526	85
527	80
528	98
529	90
530	83
531	85
532	89
533	82
534	98
535	73
536	68
537	74
538	55
539	76
540	74
541	88
542	86
543	82
544	81
545	79
546	89
547	75
548	65
549	57
550	64
551	83
552	73
553	76
554	69
555	75
556	77
557	77
558	70
559	71
560	71
561	82
562	60
563	78
564	82
565	69
566	63
567	72
568	73
569	79
570	80
571	77
572	85
573	66
574	63
575	81
576	67
577	68
578	73
579	71
580	79
581	85
582	76
583	77
584	81
585	76
586	86
587	83
588	76
589	75
590	70
591	83
592	82
593	77
594	82
595	73
596	87
597	88
598	83
599	94
600	90
601	88
602	71
603	93
604	86
605	85
606	94
607	85
608	99
609	100
610	103
611	76
612	91
613	86
614	96
615	83
616	93
617	93
618	110
619	80
620	79
621	92
622	103
623	111
624	102
625	83
626	104
627	93
628	99
629	84
630	85
631	102
632	103
633	91
634	93
635	96
636	89
637	103
638	109
639	88
640	100
641	93
642	85
643	94
644	89
645	116
646	113
647	107
648	100
649	103
650	96
651	126
652	113
653	104
654	88
655	101
656	106
657	112
658	101
659	95
660	97
661	115
662	110
663	98
664	98
665	95
666	91
667	104
668	99
669	92
670	103
671	112
672	99
673	118
674	108
675	89
676	100
677	128
678	98
679	95
680	106
681	120
682	104
683	110
684	112
685	104
686	102
687	114
688	110
689	91
690	108
691	118
692	108
693	105
694	129
695	118
696	105
697	122
698	102
699	92
700	119
701	115
702	118
703	127
704	104
705	139
706	129
707	144
708	103
709	127
710	123
711	123
712	139
713	113
714	117
715	104
716	110
717	116
718	118
719	151
720	104
721	129
722	122
723	126
724	120
725	120
726	121
727	103
728	127
729	92
730	126
731	111
732	122
733	128
734	126
735	120
736	129
737	146
738	116
739	118
740	113
741	92
742	125
743	115
744	121
745	109
746	132
747	122
748	104
749	136
750	137
751	129
752	127
753	109
754	143
755	115
756	129
757	117
758	117
759	141
760	153
761	130
762	155
763	148
764	122
765	176
766	172
767	214
768	230
769	253
770	267
771	281
772	309
773	318
774	304
775	296
776	288
777	251
778	230
779	209
780	204
781	184
782	181
783	157
784	151
785	139
786	130
787	148
788	147
789	158
790	124
791	121
792	115
793	130
794	145
795	136
796	125
797	132
798	125
799	119
800	130
801	126
802	127
803	134
804	123
805	123
806	127
807	127
808	121
809	142
810	139
811	132
812	147
813	122
814	133
815	126
816	170
817	124
818	139
819	131
820	165
821	144
822	127
823	126
824	134
825	149
826	142
827	153
828	128
829	126
830	154
831	148
832	126
833	135
834	158
835	137
836	112
837	133
838	120
839	118
840	137
841	143
842	143
843	134
844	125
845	120
846	149
847	142
848	152
849	146
850	150
851	128
852	149
853	148
854	150
855	153
856	154
857	180
858	176
859	175
860	187
861	205
862	185
863	206
864	220
865	234
866	203
867	208
868	206
869	232
870	213
871	225
872	206
873	222
874	198
875	213
876	219
877	209
878	226
879	230
880	255
881	288
882	282
883	304
884	290
885	334
886	350
887	330
888	393
889	384
890	405
891	493
892	433
893	450
894	501
895	497
896	503
897	501
898	510
899	552
900	509
901	522
902	530
903	562
904	521
905	509
906	481
907	480
908	440
909	456
910	453
911	426
912	412
913	397
914	394
915	310
916	357
917	328
918	313
919	309
920	272
921	251
922	249
923	200
924	209
925	214
926	214
927	172
928	194
929	173
930	167
931	182
932	160
933	185
934	155
935	156
936	154
937	175
938	132
939	143
940	171
941	173
942	191
943	211
944	204
945	229
946	268
947	264
948	333
949	359
950	367
951	379
952	383
953	398
954	417
955	426
956	381
957	393
958	309
959	317
960	258
961	258
962	227
963	207
964	200
965	178
966	160
967	162
968	116
969	119
970	127
971	120
972	116
973	130
974	103
975	107
976	116
977	127
978	136
979	125
980	126
981	142
982	118
983	131
984	122
985	140
986	155
987	170
988	147
989	123
990	145
991	150
992	153
993	166
994	145
995	160
996	158
997	156
998	160
999	162
1000	185
1001	176
1002	158
1003	181
1004	157
1005	158
1006	165
1007	192
1008	161
1009	151
1010	174
1011	154
1012	142
1013	134
1014	141
1015	157
1016	140
1017	140
1018	117
1019	115
1020	107
1021	118
1022	122
1023	120
1024	119
