Date:	08/05/2018		Time:	20:55		Version no:	0.00		Project name:	55		Sample name:	222		Section name:	section		Position	270.315033	mm	E0	0.000000	keV	E1	1.000000	keV/channel	sample surface	5.934882	cm	Tube anode:	Mo		Tube voltage:	30	kV	Tube current:	50	mA	gain	10		std. database			resultfile	result		matrix element	11		sample thickness	1.000000		air passage	0.560000	cm	comments	in position		peaking_time	2.200000	m-sec	trigger_threshold	547.363281	V	mca_bin_width	22.090000	no:	number_mca_channels	1024.000000	no:	gap_time	0.150000	m-sec	trigger_peaking_time	0.200000	m-sec	GAINDAC	18610		HIGHGAIN	1		TAURC	1		RCTAU	1		RCTAUFRAC	1		livetime	9.457132	seconds	runtime	10.000495	seconds	input_count_rate	22874.799675	cps	output_count_rate	18884.164856	cps	triggers	216330	seconds	events_in_run	188851	seconds	channel	content		1	0
2	0
3	0
4	0
5	0
6	0
7	0
8	0
9	0
10	0
11	0
12	0
13	0
14	0
15	0
16	0
17	0
18	0
19	0
20	0
21	0
22	0
23	0
24	0
25	0
26	0
27	0
28	0
29	0
30	0
31	13
32	16
33	15
34	26
35	21
36	16
37	18
38	13
39	15
40	14
41	10
42	13
43	11
44	11
45	11
46	15
47	10
48	21
49	16
50	13
51	9
52	11
53	11
54	13
55	15
56	16
57	14
58	13
59	5
60	12
61	16
62	14
63	11
64	13
65	13
66	7
67	15
68	11
69	9
70	8
71	8
72	4
73	12
74	8
75	5
76	5
77	9
78	6
79	6
80	15
81	14
82	9
83	12
84	8
85	12
86	4
87	4
88	3
89	9
90	6
91	8
92	14
93	10
94	16
95	8
96	18
97	20
98	17
99	10
100	8
101	5
102	6
103	5
104	7
105	15
106	9
107	10
108	9
109	11
110	9
111	6
112	6
113	2
114	3
115	3
116	2
117	4
118	3
119	6
120	4
121	3
122	9
123	3
124	5
125	4
126	4
127	3
128	2
129	3
130	3
131	3
132	10
133	2
134	4
135	5
136	2
137	4
138	5
139	2
140	7
141	2
142	5
143	4
144	6
145	7
146	2
147	1
148	0
149	10
150	3
151	6
152	4
153	6
154	2
155	5
156	4
157	6
158	7
159	10
160	19
161	28
162	29
163	25
164	20
165	26
166	22
167	12
168	8
169	6
170	3
171	4
172	3
173	6
174	6
175	8
176	3
177	11
178	16
179	12
180	13
181	11
182	16
183	21
184	15
185	15
186	10
187	10
188	6
189	5
190	3
191	0
192	4
193	10
194	7
195	10
196	23
197	43
198	82
199	151
200	192
201	272
202	309
203	353
204	320
205	244
206	179
207	133
208	70
209	36
210	21
211	7
212	4
213	9
214	9
215	16
216	18
217	33
218	40
219	49
220	62
221	40
222	52
223	39
224	36
225	13
226	17
227	11
228	5
229	4
230	7
231	3
232	2
233	5
234	5
235	1
236	1
237	9
238	10
239	7
240	14
241	14
242	40
243	56
244	85
245	99
246	128
247	124
248	153
249	137
250	116
251	93
252	78
253	61
254	52
255	41
256	26
257	30
258	21
259	21
260	19
261	13
262	11
263	13
264	17
265	17
266	17
267	26
268	33
269	34
270	45
271	28
272	35
273	39
274	30
275	13
276	22
277	15
278	16
279	10
280	5
281	10
282	12
283	7
284	11
285	15
286	15
287	13
288	11
289	11
290	12
291	11
292	18
293	9
294	20
295	18
296	18
297	21
298	16
299	15
300	11
301	16
302	10
303	9
304	12
305	10
306	20
307	16
308	12
309	10
310	8
311	6
312	17
313	14
314	12
315	14
316	18
317	32
318	37
319	63
320	64
321	86
322	104
323	105
324	106
325	103
326	74
327	76
328	51
329	43
330	29
331	37
332	34
333	19
334	31
335	23
336	36
337	35
338	57
339	54
340	97
341	186
342	348
343	597
344	1092
345	1801
346	2700
347	4028
348	5254
349	6338
350	7198
351	7268
352	7029
353	6041
354	5001
355	3691
356	2556
357	1628
358	990
359	518
360	305
361	163
362	80
363	56
364	44
365	36
366	47
367	43
368	51
369	37
370	46
371	49
372	43
373	63
374	41
375	82
376	63
377	110
378	102
379	192
380	307
381	414
382	585
383	757
384	936
385	1115
386	1177
387	1150
388	1139
389	984
390	821
391	620
392	453
393	334
394	195
395	124
396	52
397	45
398	41
399	22
400	23
401	18
402	19
403	22
404	31
405	28
406	34
407	35
408	33
409	26
410	34
411	28
412	42
413	26
414	31
415	36
416	30
417	31
418	33
419	32
420	33
421	19
422	25
423	24
424	29
425	27
426	29
427	27
428	29
429	30
430	32
431	35
432	40
433	28
434	47
435	53
436	46
437	42
438	62
439	56
440	61
441	67
442	73
443	70
444	53
445	64
446	48
447	56
448	65
449	63
450	51
451	48
452	55
453	55
454	52
455	68
456	87
457	65
458	70
459	73
460	68
461	70
462	62
463	77
464	73
465	61
466	45
467	50
468	56
469	48
470	60
471	57
472	72
473	64
474	52
475	55
476	52
477	53
478	36
479	56
480	58
481	56
482	45
483	48
484	47
485	40
486	53
487	53
488	69
489	71
490	53
491	61
492	52
493	43
494	46
495	46
496	57
497	49
498	45
499	56
500	55
501	51
502	65
503	69
504	44
505	56
506	79
507	76
508	65
509	62
510	65
511	82
512	69
513	83
514	72
515	78
516	77
517	76
518	60
519	81
520	92
521	71
522	80
523	93
524	84
525	75
526	111
527	99
528	89
529	79
530	107
531	81
532	81
533	80
534	82
535	91
536	94
537	83
538	74
539	84
540	70
541	82
542	66
543	83
544	100
545	75
546	77
547	72
548	67
549	73
550	74
551	77
552	76
553	77
554	71
555	79
556	71
557	71
558	76
559	77
560	61
561	80
562	67
563	85
564	69
565	59
566	78
567	61
568	86
569	81
570	69
571	79
572	65
573	70
574	74
575	83
576	85
577	71
578	67
579	88
580	76
581	99
582	85
583	90
584	76
585	80
586	84
587	84
588	73
589	89
590	71
591	71
592	114
593	91
594	88
595	82
596	105
597	89
598	92
599	85
600	86
601	80
602	111
603	90
604	101
605	85
606	102
607	82
608	97
609	94
610	88
611	95
612	114
613	96
614	103
615	72
616	113
617	93
618	110
619	112
620	95
621	123
622	82
623	100
624	109
625	88
626	100
627	100
628	119
629	76
630	89
631	106
632	103
633	76
634	91
635	95
636	95
637	103
638	111
639	99
640	118
641	105
642	101
643	115
644	99
645	115
646	111
647	112
648	115
649	113
650	107
651	122
652	124
653	99
654	120
655	119
656	117
657	96
658	99
659	96
660	112
661	106
662	110
663	97
664	83
665	101
666	103
667	103
668	115
669	106
670	110
671	115
672	92
673	111
674	89
675	117
676	121
677	95
678	92
679	104
680	92
681	122
682	98
683	112
684	113
685	125
686	122
687	127
688	109
689	97
690	113
691	98
692	127
693	120
694	131
695	115
696	133
697	138
698	119
699	120
700	120
701	116
702	117
703	131
704	104
705	120
706	122
707	111
708	121
709	111
710	107
711	106
712	115
713	110
714	136
715	105
716	124
717	112
718	104
719	111
720	124
721	107
722	122
723	113
724	120
725	131
726	115
727	118
728	135
729	147
730	122
731	145
732	130
733	135
734	129
735	106
736	114
737	112
738	120
739	135
740	114
741	134
742	117
743	107
744	136
745	138
746	117
747	143
748	135
749	114
750	151
751	142
752	153
753	124
754	137
755	127
756	120
757	127
758	147
759	123
760	132
761	159
762	150
763	168
764	176
765	172
766	173
767	213
768	258
769	226
770	296
771	272
772	303
773	302
774	293
775	293
776	294
777	259
778	283
779	246
780	189
781	204
782	151
783	164
784	158
785	139
786	139
787	131
788	164
789	147
790	127
791	149
792	137
793	128
794	142
795	140
796	107
797	144
798	114
799	126
800	129
801	130
802	137
803	144
804	140
805	160
806	145
807	158
808	148
809	143
810	161
811	128
812	133
813	136
814	150
815	140
816	156
817	159
818	147
819	139
820	138
821	137
822	142
823	151
824	140
825	141
826	132
827	149
828	161
829	153
830	145
831	145
832	128
833	153
834	132
835	150
836	131
837	151
838	144
839	150
840	162
841	170
842	155
843	164
844	153
845	145
846	144
847	149
848	146
849	165
850	144
851	155
852	165
853	149
854	180
855	182
856	187
857	192
858	189
859	215
860	196
861	210
862	214
863	220
864	213
865	238
866	239
867	215
868	230
869	216
870	195
871	215
872	230
873	230
874	233
875	208
876	217
877	247
878	245
879	270
880	279
881	281
882	294
883	306
884	321
885	338
886	338
887	372
888	370
889	431
890	435
891	427
892	470
893	479
894	530
895	530
896	535
897	538
898	549
899	543
900	540
901	555
902	516
903	561
904	516
905	539
906	513
907	512
908	479
909	443
910	440
911	431
912	422
913	409
914	382
915	333
916	340
917	298
918	289
919	301
920	266
921	251
922	265
923	240
924	225
925	211
926	222
927	204
928	193
929	181
930	175
931	178
932	146
933	167
934	165
935	167
936	186
937	141
938	168
939	166
940	181
941	168
942	192
943	202
944	223
945	248
946	240
947	293
948	339
949	335
950	366
951	368
952	432
953	427
954	432
955	432
956	423
957	380
958	355
959	326
960	257
961	239
962	243
963	213
964	192
965	172
966	154
967	137
968	128
969	114
970	122
971	164
972	145
973	130
974	134
975	132
976	125
977	120
978	145
979	140
980	135
981	130
982	142
983	112
984	127
985	142
986	111
987	138
988	137
989	172
990	152
991	159
992	147
993	152
994	147
995	181
996	149
997	169
998	156
999	163
1000	156
1001	171
1002	178
1003	171
1004	185
1005	183
1006	163
1007	172
1008	171
1009	179
1010	156
1011	146
1012	171
1013	165
1014	142
1015	173
1016	138
1017	127
1018	123
1019	143
1020	125
1021	148
1022	122
1023	109
1024	121
