Date:	08/05/2018		Time:	20:35		Version no:	0.00		Project name:	55		Sample name:	222		Section name:	section		Position	249.315033	mm	E0	0.000000	keV	E1	1.000000	keV/channel	sample surface	5.943890	cm	Tube anode:	Mo		Tube voltage:	30	kV	Tube current:	50	mA	gain	10		std. database			resultfile	result		matrix element	11		sample thickness	1.000000		air passage	0.560000	cm	comments	in position		peaking_time	2.200000	m-sec	trigger_threshold	547.363281	V	mca_bin_width	22.090000	no:	number_mca_channels	1024.000000	no:	gap_time	0.150000	m-sec	trigger_peaking_time	0.200000	m-sec	GAINDAC	18610		HIGHGAIN	1		TAURC	1		RCTAU	1		RCTAUFRAC	1		livetime	9.469097	seconds	runtime	10.000494	seconds	input_count_rate	21821.722215	cps	output_count_rate	18089.105675	cps	triggers	206632	seconds	events_in_run	180900	seconds	channel	content		1	0
2	0
3	0
4	0
5	0
6	0
7	0
8	0
9	0
10	0
11	0
12	0
13	0
14	0
15	0
16	0
17	0
18	0
19	0
20	0
21	0
22	0
23	0
24	0
25	0
26	0
27	0
28	0
29	0
30	0
31	11
32	24
33	19
34	14
35	13
36	16
37	14
38	11
39	13
40	15
41	13
42	14
43	17
44	9
45	10
46	18
47	16
48	15
49	12
50	8
51	10
52	5
53	20
54	12
55	10
56	13
57	19
58	18
59	11
60	10
61	7
62	13
63	14
64	8
65	10
66	17
67	5
68	11
69	8
70	10
71	7
72	9
73	8
74	9
75	5
76	7
77	13
78	5
79	9
80	8
81	11
82	9
83	13
84	12
85	4
86	6
87	2
88	6
89	6
90	8
91	3
92	8
93	9
94	11
95	11
96	13
97	11
98	14
99	6
100	8
101	4
102	5
103	4
104	5
105	14
106	6
107	8
108	5
109	10
110	7
111	13
112	5
113	6
114	3
115	5
116	2
117	8
118	6
119	3
120	10
121	5
122	6
123	7
124	8
125	6
126	2
127	4
128	3
129	7
130	9
131	6
132	3
133	8
134	3
135	3
136	2
137	3
138	2
139	3
140	4
141	1
142	1
143	2
144	5
145	3
146	2
147	5
148	2
149	3
150	1
151	6
152	2
153	2
154	5
155	5
156	8
157	6
158	7
159	8
160	17
161	19
162	28
163	22
164	19
165	25
166	8
167	14
168	4
169	6
170	6
171	4
172	6
173	1
174	5
175	8
176	6
177	10
178	6
179	10
180	19
181	10
182	22
183	25
184	20
185	15
186	12
187	9
188	8
189	5
190	5
191	5
192	4
193	4
194	11
195	14
196	19
197	42
198	75
199	121
200	195
201	209
202	242
203	280
204	259
205	221
206	195
207	100
208	74
209	28
210	19
211	10
212	10
213	4
214	4
215	16
216	20
217	27
218	31
219	52
220	50
221	41
222	57
223	32
224	29
225	28
226	14
227	2
228	8
229	5
230	3
231	6
232	3
233	4
234	2
235	2
236	7
237	6
238	6
239	12
240	8
241	13
242	40
243	49
244	50
245	107
246	116
247	153
248	152
249	166
250	126
251	100
252	68
253	63
254	44
255	36
256	32
257	28
258	21
259	18
260	14
261	17
262	15
263	6
264	12
265	14
266	17
267	28
268	30
269	34
270	47
271	42
272	35
273	41
274	32
275	24
276	25
277	15
278	7
279	11
280	13
281	8
282	4
283	6
284	10
285	9
286	4
287	12
288	6
289	10
290	16
291	13
292	12
293	10
294	12
295	19
296	24
297	17
298	15
299	13
300	18
301	13
302	17
303	11
304	12
305	9
306	6
307	8
308	12
309	11
310	10
311	16
312	17
313	11
314	15
315	17
316	28
317	37
318	44
319	65
320	86
321	103
322	138
323	163
324	126
325	125
326	102
327	87
328	69
329	58
330	41
331	33
332	19
333	38
334	23
335	29
336	24
337	33
338	41
339	56
340	90
341	159
342	296
343	521
344	946
345	1538
346	2396
347	3382
348	4543
349	5497
350	6247
351	6578
352	6216
353	5401
354	4421
355	3404
356	2304
357	1554
358	908
359	497
360	258
361	155
362	80
363	65
364	41
365	31
366	35
367	43
368	31
369	32
370	32
371	36
372	42
373	38
374	39
375	58
376	66
377	94
378	126
379	202
380	274
381	363
382	508
383	658
384	824
385	1067
386	1107
387	1035
388	1060
389	975
390	754
391	585
392	432
393	279
394	177
395	113
396	63
397	37
398	32
399	30
400	19
401	25
402	20
403	27
404	24
405	19
406	23
407	26
408	32
409	38
410	43
411	32
412	28
413	38
414	31
415	25
416	31
417	31
418	23
419	28
420	32
421	27
422	28
423	23
424	27
425	33
426	30
427	30
428	40
429	36
430	25
431	34
432	40
433	39
434	45
435	43
436	50
437	56
438	51
439	68
440	62
441	59
442	77
443	68
444	53
445	71
446	57
447	54
448	54
449	54
450	50
451	51
452	51
453	57
454	52
455	68
456	70
457	85
458	60
459	74
460	65
461	70
462	59
463	64
464	51
465	52
466	47
467	50
468	44
469	56
470	56
471	61
472	67
473	51
474	70
475	68
476	56
477	50
478	48
479	60
480	51
481	53
482	57
483	36
484	61
485	53
486	55
487	48
488	56
489	54
490	55
491	53
492	53
493	34
494	56
495	55
496	44
497	59
498	45
499	71
500	63
501	61
502	58
503	50
504	55
505	62
506	61
507	59
508	66
509	78
510	74
511	73
512	58
513	76
514	69
515	66
516	68
517	67
518	76
519	65
520	65
521	82
522	85
523	93
524	67
525	77
526	80
527	82
528	96
529	64
530	89
531	92
532	92
533	80
534	82
535	79
536	74
537	89
538	74
539	89
540	76
541	81
542	74
543	73
544	86
545	61
546	66
547	71
548	69
549	66
550	84
551	67
552	78
553	63
554	67
555	67
556	69
557	64
558	76
559	73
560	77
561	71
562	64
563	68
564	67
565	62
566	80
567	69
568	86
569	77
570	62
571	84
572	80
573	74
574	86
575	75
576	76
577	82
578	74
579	84
580	81
581	75
582	77
583	91
584	82
585	70
586	75
587	95
588	88
589	87
590	75
591	81
592	72
593	89
594	87
595	81
596	89
597	82
598	76
599	96
600	69
601	100
602	92
603	99
604	82
605	85
606	87
607	104
608	95
609	94
610	96
611	86
612	106
613	90
614	104
615	99
616	103
617	84
618	103
619	120
620	91
621	80
622	88
623	112
624	102
625	90
626	107
627	95
628	89
629	104
630	83
631	108
632	93
633	98
634	93
635	110
636	111
637	106
638	95
639	106
640	97
641	90
642	101
643	101
644	96
645	105
646	104
647	84
648	118
649	103
650	99
651	106
652	117
653	107
654	108
655	98
656	96
657	99
658	97
659	108
660	107
661	101
662	103
663	109
664	99
665	99
666	99
667	107
668	97
669	103
670	102
671	99
672	106
673	130
674	121
675	106
676	128
677	103
678	110
679	90
680	92
681	123
682	104
683	99
684	115
685	122
686	112
687	119
688	93
689	126
690	125
691	120
692	118
693	108
694	101
695	128
696	108
697	89
698	119
699	124
700	112
701	108
702	124
703	128
704	116
705	121
706	122
707	112
708	114
709	110
710	131
711	129
712	128
713	117
714	117
715	96
716	135
717	95
718	116
719	127
720	127
721	133
722	129
723	110
724	140
725	119
726	139
727	120
728	130
729	144
730	150
731	139
732	137
733	119
734	117
735	121
736	120
737	132
738	154
739	119
740	149
741	121
742	110
743	132
744	113
745	119
746	116
747	113
748	130
749	139
750	121
751	140
752	125
753	147
754	133
755	130
756	126
757	115
758	117
759	154
760	161
761	135
762	132
763	148
764	165
765	192
766	179
767	211
768	207
769	223
770	238
771	290
772	288
773	278
774	262
775	267
776	264
777	231
778	229
779	217
780	184
781	196
782	162
783	159
784	151
785	135
786	143
787	126
788	122
789	138
790	143
791	153
792	125
793	122
794	138
795	155
796	117
797	127
798	122
799	147
800	137
801	142
802	144
803	140
804	128
805	142
806	156
807	118
808	151
809	149
810	168
811	173
812	156
813	136
814	147
815	170
816	140
817	130
818	151
819	145
820	151
821	134
822	159
823	149
824	140
825	143
826	148
827	144
828	130
829	138
830	152
831	156
832	151
833	122
834	139
835	135
836	126
837	158
838	163
839	167
840	136
841	157
842	152
843	146
844	156
845	168
846	145
847	122
848	170
849	142
850	139
851	162
852	194
853	193
854	173
855	155
856	155
857	165
858	195
859	183
860	181
861	198
862	233
863	216
864	210
865	201
866	219
867	229
868	228
869	192
870	233
871	233
872	204
873	214
874	236
875	240
876	237
877	218
878	264
879	268
880	271
881	269
882	305
883	314
884	322
885	346
886	359
887	350
888	384
889	397
890	453
891	457
892	498
893	492
894	551
895	567
896	580
897	538
898	575
899	558
900	595
901	576
902	633
903	577
904	549
905	563
906	526
907	524
908	504
909	458
910	454
911	433
912	464
913	402
914	366
915	363
916	343
917	320
918	294
919	317
920	299
921	297
922	252
923	247
924	232
925	220
926	212
927	221
928	189
929	196
930	200
931	191
932	193
933	184
934	149
935	186
936	167
937	165
938	185
939	172
940	169
941	185
942	213
943	197
944	222
945	267
946	258
947	304
948	306
949	327
950	414
951	402
952	462
953	400
954	380
955	388
956	386
957	399
958	392
959	332
960	316
961	266
962	226
963	249
964	179
965	157
966	157
967	151
968	117
969	134
970	131
971	127
972	119
973	116
974	143
975	120
976	123
977	129
978	132
979	124
980	129
981	155
982	139
983	141
984	143
985	148
986	157
987	142
988	140
989	137
990	161
991	145
992	157
993	160
994	183
995	184
996	166
997	187
998	192
999	186
1000	149
1001	181
1002	182
1003	171
1004	176
1005	163
1006	173
1007	180
1008	184
1009	160
1010	171
1011	181
1012	164
1013	151
1014	145
1015	158
1016	148
1017	125
1018	156
1019	129
1020	143
1021	125
1022	125
1023	136
1024	129
