Date:	08/05/2018		Time:	23:29		Version no:	0.00		Project name:	55		Sample name:	222		Section name:	section		Position	431.315033	mm	E0	0.000000	keV	E1	1.000000	keV/channel	sample surface	6.269749	cm	Tube anode:	Mo		Tube voltage:	30	kV	Tube current:	50	mA	gain	10		std. database			resultfile	result		matrix element	11		sample thickness	1.000000		air passage	0.560000	cm	comments	in position		peaking_time	2.200000	m-sec	trigger_threshold	547.363281	V	mca_bin_width	22.090000	no:	number_mca_channels	1024.000000	no:	gap_time	0.150000	m-sec	trigger_peaking_time	0.200000	m-sec	GAINDAC	18610		HIGHGAIN	1		TAURC	1		RCTAU	1		RCTAUFRAC	1		livetime	9.405057	seconds	runtime	10.000492	seconds	input_count_rate	25370.394361	cps	output_count_rate	20582.287351	cps	triggers	238610	seconds	events_in_run	205833	seconds	channel	content		1	0
2	0
3	0
4	0
5	0
6	0
7	0
8	0
9	0
10	0
11	0
12	0
13	0
14	0
15	0
16	0
17	0
18	0
19	0
20	0
21	0
22	0
23	0
24	0
25	0
26	0
27	0
28	0
29	0
30	0
31	16
32	15
33	14
34	15
35	14
36	14
37	14
38	16
39	19
40	17
41	10
42	19
43	15
44	12
45	17
46	14
47	14
48	8
49	14
50	11
51	19
52	14
53	17
54	12
55	11
56	5
57	6
58	9
59	13
60	11
61	9
62	7
63	15
64	14
65	14
66	16
67	10
68	17
69	12
70	9
71	14
72	5
73	9
74	8
75	13
76	10
77	3
78	8
79	9
80	12
81	11
82	17
83	11
84	7
85	9
86	8
87	8
88	6
89	8
90	8
91	7
92	7
93	14
94	14
95	21
96	25
97	26
98	21
99	11
100	15
101	11
102	10
103	10
104	9
105	9
106	7
107	5
108	9
109	6
110	10
111	9
112	3
113	4
114	6
115	8
116	5
117	4
118	6
119	7
120	3
121	4
122	7
123	2
124	3
125	9
126	0
127	7
128	4
129	3
130	5
131	3
132	6
133	2
134	4
135	1
136	7
137	4
138	3
139	5
140	3
141	5
142	2
143	0
144	4
145	3
146	3
147	4
148	3
149	3
150	5
151	3
152	3
153	2
154	10
155	4
156	8
157	6
158	10
159	14
160	19
161	19
162	24
163	22
164	27
165	16
166	21
167	16
168	5
169	6
170	7
171	5
172	5
173	8
174	9
175	6
176	10
177	8
178	21
179	22
180	29
181	27
182	23
183	38
184	18
185	18
186	13
187	13
188	8
189	8
190	2
191	3
192	3
193	9
194	12
195	16
196	35
197	68
198	94
199	173
200	225
201	298
202	328
203	394
204	363
205	279
206	253
207	161
208	85
209	60
210	26
211	12
212	10
213	7
214	7
215	24
216	26
217	33
218	54
219	52
220	61
221	52
222	66
223	42
224	53
225	25
226	24
227	9
228	5
229	11
230	4
231	3
232	3
233	2
234	5
235	3
236	9
237	5
238	4
239	10
240	9
241	23
242	42
243	59
244	92
245	132
246	147
247	169
248	156
249	154
250	167
251	105
252	84
253	67
254	48
255	61
256	44
257	31
258	26
259	16
260	18
261	22
262	16
263	15
264	11
265	15
266	25
267	31
268	42
269	47
270	37
271	57
272	42
273	48
274	26
275	25
276	19
277	17
278	12
279	8
280	15
281	13
282	16
283	17
284	6
285	11
286	22
287	19
288	26
289	18
290	16
291	13
292	12
293	17
294	21
295	20
296	23
297	19
298	24
299	18
300	12
301	10
302	21
303	20
304	17
305	10
306	15
307	16
308	12
309	13
310	19
311	11
312	9
313	16
314	15
315	20
316	18
317	38
318	45
319	79
320	87
321	103
322	132
323	130
324	120
325	104
326	113
327	71
328	54
329	51
330	30
331	36
332	30
333	27
334	36
335	26
336	32
337	50
338	51
339	72
340	130
341	240
342	427
343	759
344	1229
345	2099
346	3300
347	4632
348	6106
349	7191
350	8108
351	8392
352	8011
353	6876
354	5577
355	4105
356	2862
357	1779
358	1077
359	591
360	335
361	171
362	99
363	62
364	53
365	34
366	44
367	48
368	47
369	42
370	41
371	51
372	42
373	52
374	69
375	82
376	107
377	104
378	164
379	240
380	324
381	464
382	627
383	942
384	1090
385	1330
386	1404
387	1397
388	1262
389	1126
390	918
391	687
392	506
393	334
394	207
395	127
396	65
397	53
398	44
399	33
400	27
401	33
402	34
403	25
404	31
405	38
406	48
407	35
408	29
409	29
410	37
411	31
412	41
413	37
414	26
415	39
416	24
417	32
418	29
419	28
420	23
421	33
422	27
423	35
424	41
425	39
426	31
427	46
428	41
429	35
430	38
431	34
432	43
433	41
434	41
435	41
436	51
437	62
438	66
439	67
440	75
441	73
442	65
443	72
444	71
445	70
446	66
447	57
448	63
449	63
450	57
451	70
452	61
453	54
454	76
455	86
456	83
457	106
458	79
459	100
460	93
461	91
462	69
463	84
464	75
465	60
466	55
467	57
468	61
469	65
470	58
471	72
472	72
473	67
474	63
475	77
476	65
477	51
478	63
479	59
480	53
481	56
482	70
483	67
484	50
485	51
486	54
487	46
488	60
489	59
490	68
491	56
492	53
493	56
494	49
495	55
496	68
497	60
498	62
499	70
500	76
501	60
502	73
503	72
504	55
505	86
506	72
507	66
508	84
509	86
510	74
511	76
512	77
513	77
514	80
515	79
516	87
517	91
518	87
519	74
520	71
521	79
522	103
523	107
524	70
525	89
526	100
527	81
528	91
529	94
530	108
531	86
532	85
533	93
534	105
535	91
536	93
537	84
538	75
539	70
540	88
541	70
542	84
543	84
544	97
545	91
546	89
547	89
548	99
549	91
550	78
551	81
552	70
553	85
554	78
555	77
556	80
557	86
558	77
559	71
560	81
561	70
562	81
563	90
564	87
565	86
566	95
567	84
568	75
569	94
570	75
571	87
572	87
573	84
574	78
575	64
576	89
577	83
578	79
579	88
580	83
581	101
582	98
583	85
584	70
585	106
586	89
587	93
588	90
589	88
590	97
591	77
592	79
593	97
594	100
595	96
596	103
597	106
598	96
599	96
600	107
601	90
602	96
603	91
604	76
605	86
606	99
607	84
608	98
609	98
610	99
611	114
612	100
613	92
614	108
615	96
616	100
617	116
618	95
619	111
620	121
621	98
622	129
623	85
624	99
625	107
626	93
627	78
628	100
629	106
630	139
631	112
632	110
633	105
634	106
635	105
636	105
637	87
638	92
639	102
640	104
641	96
642	93
643	106
644	119
645	118
646	117
647	96
648	95
649	122
650	116
651	117
652	106
653	107
654	117
655	112
656	122
657	122
658	88
659	125
660	100
661	110
662	128
663	100
664	112
665	110
666	111
667	97
668	104
669	107
670	119
671	107
672	107
673	96
674	118
675	111
676	111
677	101
678	112
679	110
680	135
681	118
682	122
683	96
684	117
685	111
686	102
687	127
688	121
689	147
690	111
691	121
692	109
693	136
694	121
695	151
696	152
697	134
698	129
699	146
700	120
701	117
702	134
703	136
704	118
705	127
706	124
707	116
708	114
709	123
710	125
711	111
712	123
713	133
714	123
715	132
716	138
717	117
718	146
719	120
720	125
721	116
722	155
723	117
724	129
725	117
726	134
727	134
728	123
729	138
730	152
731	138
732	137
733	127
734	142
735	129
736	135
737	126
738	122
739	147
740	141
741	132
742	108
743	134
744	127
745	139
746	112
747	121
748	157
749	128
750	143
751	135
752	119
753	125
754	135
755	135
756	145
757	120
758	139
759	141
760	136
761	130
762	170
763	154
764	159
765	192
766	230
767	201
768	250
769	246
770	288
771	305
772	292
773	317
774	316
775	273
776	289
777	255
778	261
779	236
780	208
781	190
782	159
783	158
784	170
785	147
786	131
787	131
788	124
789	120
790	126
791	138
792	150
793	133
794	152
795	134
796	128
797	132
798	145
799	146
800	136
801	133
802	135
803	126
804	133
805	135
806	133
807	153
808	125
809	143
810	121
811	169
812	152
813	126
814	138
815	146
816	136
817	144
818	146
819	148
820	146
821	158
822	148
823	152
824	155
825	155
826	160
827	130
828	157
829	143
830	137
831	145
832	137
833	152
834	143
835	160
836	153
837	154
838	136
839	129
840	174
841	150
842	133
843	157
844	125
845	153
846	157
847	153
848	149
849	160
850	159
851	157
852	174
853	149
854	166
855	166
856	167
857	181
858	217
859	179
860	196
861	194
862	224
863	226
864	214
865	225
866	198
867	219
868	242
869	230
870	228
871	210
872	214
873	212
874	228
875	223
876	210
877	259
878	256
879	246
880	300
881	295
882	302
883	304
884	325
885	369
886	335
887	371
888	364
889	443
890	439
891	453
892	483
893	479
894	551
895	542
896	542
897	603
898	546
899	561
900	551
901	609
902	586
903	575
904	541
905	502
906	527
907	526
908	485
909	474
910	467
911	465
912	463
913	401
914	355
915	383
916	356
917	336
918	318
919	301
920	304
921	282
922	273
923	241
924	236
925	241
926	222
927	232
928	199
929	188
930	168
931	187
932	161
933	178
934	181
935	201
936	176
937	176
938	162
939	166
940	163
941	203
942	199
943	201
944	249
945	232
946	278
947	296
948	336
949	383
950	391
951	437
952	462
953	460
954	407
955	480
956	373
957	411
958	334
959	338
960	299
961	292
962	232
963	226
964	211
965	187
966	163
967	158
968	151
969	140
970	139
971	121
972	151
973	127
974	153
975	140
976	127
977	127
978	123
979	143
980	118
981	140
982	156
983	145
984	124
985	141
986	152
987	129
988	141
989	146
990	131
991	167
992	139
993	143
994	165
995	155
996	170
997	191
998	188
999	181
1000	163
1001	197
1002	173
1003	181
1004	180
1005	182
1006	184
1007	185
1008	186
1009	188
1010	164
1011	156
1012	169
1013	179
1014	154
1015	148
1016	181
1017	156
1018	145
1019	140
1020	140
1021	150
1022	140
1023	130
1024	125
