Date:	08/05/2018		Time:	21:10		Version no:	0.00		Project name:	55		Sample name:	222		Section name:	section		Position	285.315033	mm	E0	0.000000	keV	E1	1.000000	keV/channel	sample surface	5.952597	cm	Tube anode:	Mo		Tube voltage:	30	kV	Tube current:	50	mA	gain	10		std. database			resultfile	result		matrix element	11		sample thickness	1.000000		air passage	0.560000	cm	comments	in position		peaking_time	2.200000	m-sec	trigger_threshold	547.363281	V	mca_bin_width	22.090000	no:	number_mca_channels	1024.000000	no:	gap_time	0.150000	m-sec	trigger_peaking_time	0.200000	m-sec	GAINDAC	18610		HIGHGAIN	1		TAURC	1		RCTAU	1		RCTAUFRAC	1		livetime	9.425790	seconds	runtime	10.000492	seconds	input_count_rate	24756.650647	cps	output_count_rate	20204.705928	cps	triggers	233351	seconds	events_in_run	202057	seconds	channel	content		1	0
2	0
3	0
4	0
5	0
6	0
7	0
8	0
9	0
10	0
11	0
12	0
13	0
14	0
15	0
16	0
17	0
18	0
19	0
20	0
21	0
22	0
23	0
24	0
25	0
26	0
27	0
28	0
29	0
30	0
31	11
32	11
33	16
34	10
35	16
36	23
37	10
38	14
39	10
40	16
41	12
42	16
43	16
44	14
45	16
46	14
47	15
48	14
49	16
50	15
51	6
52	16
53	14
54	13
55	15
56	21
57	10
58	13
59	7
60	9
61	8
62	10
63	14
64	15
65	15
66	7
67	15
68	12
69	7
70	11
71	7
72	4
73	10
74	8
75	5
76	6
77	16
78	6
79	9
80	8
81	6
82	16
83	10
84	7
85	9
86	6
87	7
88	0
89	12
90	3
91	6
92	11
93	16
94	16
95	10
96	15
97	10
98	10
99	7
100	15
101	9
102	5
103	13
104	4
105	13
106	6
107	4
108	9
109	7
110	8
111	4
112	4
113	11
114	6
115	7
116	6
117	3
118	6
119	4
120	2
121	2
122	6
123	4
124	6
125	1
126	4
127	6
128	2
129	4
130	7
131	4
132	3
133	4
134	2
135	4
136	1
137	4
138	5
139	3
140	6
141	6
142	5
143	1
144	0
145	2
146	5
147	0
148	9
149	4
150	3
151	4
152	6
153	3
154	2
155	4
156	3
157	5
158	9
159	18
160	22
161	29
162	34
163	26
164	30
165	26
166	21
167	11
168	12
169	2
170	7
171	2
172	7
173	4
174	4
175	6
176	11
177	7
178	13
179	10
180	20
181	20
182	15
183	14
184	10
185	11
186	11
187	3
188	4
189	1
190	7
191	6
192	7
193	6
194	6
195	7
196	18
197	36
198	50
199	94
200	132
201	186
202	252
203	235
204	247
205	192
206	131
207	89
208	63
209	37
210	22
211	7
212	6
213	4
214	10
215	13
216	12
217	15
218	34
219	35
220	35
221	40
222	37
223	30
224	26
225	19
226	10
227	6
228	7
229	4
230	10
231	7
232	5
233	5
234	4
235	3
236	10
237	10
238	5
239	11
240	9
241	13
242	41
243	71
244	83
245	101
246	150
247	157
248	166
249	116
250	127
251	122
252	85
253	58
254	60
255	42
256	38
257	37
258	33
259	16
260	16
261	17
262	11
263	9
264	14
265	13
266	28
267	28
268	37
269	41
270	54
271	43
272	43
273	40
274	27
275	36
276	21
277	17
278	9
279	13
280	7
281	11
282	11
283	6
284	20
285	7
286	10
287	6
288	14
289	12
290	16
291	16
292	16
293	16
294	15
295	19
296	21
297	18
298	19
299	21
300	14
301	18
302	15
303	13
304	13
305	14
306	13
307	16
308	12
309	13
310	12
311	9
312	13
313	19
314	20
315	24
316	41
317	64
318	100
319	146
320	203
321	233
322	284
323	311
324	326
325	280
326	216
327	188
328	145
329	77
330	63
331	42
332	38
333	26
334	28
335	33
336	36
337	38
338	42
339	67
340	129
341	183
342	360
343	724
344	1248
345	2069
346	3358
347	4623
348	6070
349	7332
350	8472
351	8699
352	8248
353	7141
354	5935
355	4532
356	3154
357	2051
358	1262
359	697
360	366
361	199
362	107
363	66
364	65
365	47
366	37
367	39
368	43
369	49
370	36
371	44
372	44
373	54
374	56
375	57
376	95
377	116
378	148
379	211
380	316
381	512
382	595
383	863
384	1117
385	1292
386	1413
387	1497
388	1354
389	1207
390	969
391	744
392	538
393	339
394	207
395	128
396	75
397	54
398	38
399	32
400	27
401	26
402	27
403	17
404	22
405	26
406	31
407	37
408	34
409	34
410	36
411	41
412	24
413	32
414	37
415	34
416	30
417	28
418	24
419	24
420	33
421	31
422	23
423	19
424	29
425	23
426	24
427	27
428	34
429	25
430	32
431	23
432	26
433	31
434	31
435	32
436	52
437	45
438	59
439	64
440	66
441	71
442	64
443	57
444	80
445	61
446	59
447	46
448	60
449	50
450	44
451	60
452	44
453	34
454	62
455	59
456	58
457	72
458	72
459	71
460	87
461	74
462	69
463	67
464	53
465	62
466	35
467	52
468	48
469	61
470	49
471	40
472	58
473	61
474	69
475	43
476	55
477	59
478	54
479	67
480	56
481	38
482	48
483	38
484	39
485	37
486	38
487	37
488	61
489	49
490	60
491	38
492	50
493	68
494	58
495	52
496	44
497	66
498	64
499	65
500	63
501	58
502	56
503	54
504	59
505	64
506	62
507	71
508	77
509	80
510	86
511	83
512	75
513	80
514	63
515	71
516	64
517	88
518	52
519	76
520	72
521	77
522	57
523	76
524	77
525	79
526	99
527	88
528	79
529	86
530	94
531	80
532	86
533	66
534	79
535	68
536	72
537	81
538	84
539	66
540	74
541	65
542	68
543	75
544	72
545	77
546	70
547	77
548	75
549	72
550	81
551	66
552	73
553	77
554	71
555	61
556	55
557	64
558	66
559	62
560	74
561	74
562	86
563	75
564	64
565	67
566	71
567	80
568	60
569	66
570	76
571	66
572	78
573	74
574	78
575	72
576	72
577	78
578	95
579	79
580	96
581	92
582	63
583	88
584	65
585	97
586	76
587	77
588	71
589	75
590	78
591	88
592	90
593	74
594	99
595	94
596	74
597	75
598	87
599	78
600	84
601	92
602	87
603	89
604	95
605	106
606	106
607	84
608	102
609	90
610	94
611	92
612	94
613	94
614	99
615	102
616	98
617	75
618	83
619	80
620	110
621	91
622	88
623	97
624	86
625	94
626	83
627	98
628	97
629	81
630	85
631	79
632	101
633	86
634	103
635	100
636	83
637	87
638	92
639	95
640	106
641	123
642	100
643	103
644	99
645	98
646	95
647	117
648	111
649	96
650	111
651	121
652	135
653	129
654	109
655	93
656	98
657	93
658	102
659	107
660	97
661	104
662	106
663	113
664	102
665	88
666	97
667	117
668	112
669	109
670	86
671	115
672	81
673	123
674	111
675	105
676	104
677	111
678	105
679	96
680	103
681	109
682	116
683	130
684	105
685	109
686	121
687	117
688	123
689	105
690	119
691	106
692	126
693	124
694	118
695	112
696	100
697	103
698	127
699	123
700	122
701	123
702	123
703	122
704	136
705	121
706	123
707	110
708	112
709	136
710	121
711	106
712	106
713	105
714	111
715	98
716	112
717	129
718	116
719	110
720	97
721	117
722	115
723	108
724	96
725	121
726	117
727	113
728	125
729	121
730	130
731	113
732	112
733	119
734	120
735	141
736	133
737	129
738	138
739	118
740	130
741	154
742	135
743	140
744	115
745	139
746	118
747	133
748	117
749	112
750	134
751	128
752	152
753	152
754	125
755	153
756	131
757	113
758	153
759	124
760	133
761	126
762	136
763	154
764	139
765	153
766	152
767	163
768	195
769	204
770	224
771	240
772	225
773	222
774	268
775	253
776	215
777	244
778	197
779	214
780	166
781	155
782	169
783	161
784	146
785	155
786	130
787	115
788	132
789	123
790	137
791	122
792	108
793	135
794	147
795	135
796	120
797	124
798	132
799	136
800	154
801	123
802	137
803	116
804	144
805	119
806	138
807	125
808	131
809	151
810	128
811	153
812	144
813	151
814	138
815	136
816	127
817	158
818	159
819	123
820	139
821	129
822	130
823	139
824	131
825	144
826	136
827	150
828	147
829	137
830	141
831	145
832	152
833	128
834	138
835	150
836	146
837	133
838	159
839	146
840	134
841	161
842	127
843	153
844	140
845	137
846	158
847	139
848	155
849	136
850	164
851	148
852	175
853	167
854	185
855	164
856	156
857	180
858	173
859	200
860	186
861	191
862	171
863	214
864	215
865	204
866	207
867	217
868	222
869	218
870	211
871	202
872	236
873	212
874	206
875	215
876	242
877	222
878	275
879	235
880	267
881	252
882	286
883	308
884	349
885	308
886	354
887	357
888	393
889	407
890	421
891	438
892	481
893	524
894	499
895	534
896	555
897	512
898	594
899	612
900	595
901	553
902	521
903	538
904	561
905	520
906	518
907	477
908	472
909	472
910	439
911	433
912	405
913	418
914	390
915	352
916	321
917	321
918	280
919	288
920	274
921	284
922	229
923	258
924	238
925	200
926	220
927	231
928	179
929	200
930	191
931	162
932	192
933	174
934	177
935	150
936	141
937	177
938	150
939	159
940	158
941	160
942	172
943	202
944	242
945	233
946	241
947	279
948	328
949	370
950	362
951	375
952	410
953	405
954	405
955	417
956	390
957	364
958	363
959	315
960	266
961	246
962	217
963	227
964	179
965	173
966	132
967	158
968	148
969	128
970	115
971	119
972	126
973	130
974	126
975	120
976	117
977	148
978	119
979	151
980	140
981	137
982	139
983	115
984	132
985	117
986	148
987	131
988	144
989	155
990	157
991	160
992	154
993	143
994	142
995	160
996	170
997	159
998	159
999	196
1000	190
1001	186
1002	190
1003	189
1004	166
1005	192
1006	171
1007	164
1008	176
1009	170
1010	172
1011	177
1012	160
1013	139
1014	140
1015	144
1016	138
1017	149
1018	128
1019	133
1020	116
1021	145
1022	113
1023	133
1024	111
