Date:	08/05/2018		Time:	23:22		Version no:	0.00		Project name:	55		Sample name:	222		Section name:	section		Position	424.515045	mm	E0	0.000000	keV	E1	1.000000	keV/channel	sample surface	6.226829	cm	Tube anode:	Mo		Tube voltage:	30	kV	Tube current:	50	mA	gain	10		std. database			resultfile	result		matrix element	11		sample thickness	1.000000		air passage	0.560000	cm	comments	in position		peaking_time	2.200000	m-sec	trigger_threshold	547.363281	V	mca_bin_width	22.090000	no:	number_mca_channels	1024.000000	no:	gap_time	0.150000	m-sec	trigger_peaking_time	0.200000	m-sec	GAINDAC	18610		HIGHGAIN	1		TAURC	1		RCTAU	1		RCTAUFRAC	1		livetime	9.438400	seconds	runtime	10.000491	seconds	input_count_rate	23818.443804	cps	output_count_rate	19548.739766	cps	triggers	224808	seconds	events_in_run	195497	seconds	channel	content		1	0
2	0
3	0
4	0
5	0
6	0
7	0
8	0
9	0
10	0
11	0
12	0
13	0
14	0
15	0
16	0
17	0
18	0
19	0
20	0
21	0
22	0
23	0
24	0
25	0
26	0
27	0
28	0
29	0
30	0
31	24
32	18
33	11
34	14
35	19
36	12
37	14
38	15
39	14
40	17
41	13
42	18
43	12
44	21
45	14
46	8
47	11
48	16
49	13
50	18
51	14
52	8
53	10
54	14
55	7
56	12
57	14
58	7
59	9
60	8
61	6
62	7
63	6
64	9
65	9
66	11
67	7
68	8
69	4
70	12
71	7
72	10
73	11
74	11
75	10
76	9
77	4
78	13
79	5
80	7
81	10
82	10
83	6
84	16
85	8
86	6
87	8
88	8
89	9
90	7
91	8
92	8
93	10
94	12
95	18
96	24
97	17
98	13
99	17
100	7
101	9
102	8
103	2
104	8
105	7
106	8
107	7
108	8
109	6
110	5
111	8
112	11
113	5
114	9
115	7
116	4
117	4
118	8
119	6
120	5
121	7
122	7
123	7
124	5
125	6
126	1
127	4
128	6
129	4
130	7
131	5
132	6
133	2
134	6
135	4
136	3
137	4
138	1
139	2
140	4
141	4
142	2
143	2
144	1
145	5
146	3
147	2
148	5
149	2
150	2
151	4
152	5
153	6
154	6
155	2
156	2
157	0
158	10
159	10
160	24
161	25
162	31
163	26
164	24
165	18
166	17
167	13
168	7
169	9
170	4
171	2
172	6
173	4
174	5
175	6
176	6
177	13
178	13
179	14
180	25
181	26
182	30
183	29
184	18
185	14
186	16
187	10
188	4
189	7
190	3
191	4
192	3
193	7
194	7
195	23
196	35
197	67
198	80
199	152
200	232
201	307
202	351
203	366
204	372
205	325
206	236
207	168
208	96
209	36
210	20
211	16
212	9
213	6
214	10
215	18
216	24
217	44
218	47
219	45
220	65
221	69
222	55
223	56
224	48
225	22
226	17
227	13
228	11
229	4
230	7
231	3
232	4
233	3
234	7
235	3
236	10
237	2
238	7
239	7
240	15
241	21
242	28
243	70
244	101
245	113
246	144
247	157
248	179
249	150
250	138
251	107
252	78
253	62
254	63
255	43
256	42
257	33
258	24
259	19
260	15
261	11
262	21
263	14
264	14
265	21
266	28
267	24
268	37
269	44
270	51
271	48
272	45
273	39
274	31
275	34
276	15
277	12
278	17
279	7
280	12
281	8
282	11
283	15
284	9
285	10
286	16
287	18
288	12
289	19
290	12
291	11
292	17
293	24
294	20
295	16
296	13
297	19
298	20
299	22
300	24
301	20
302	16
303	11
304	14
305	9
306	9
307	13
308	14
309	11
310	14
311	11
312	16
313	16
314	22
315	19
316	28
317	54
318	57
319	81
320	88
321	147
322	136
323	166
324	165
325	151
326	124
327	105
328	75
329	53
330	46
331	42
332	28
333	24
334	25
335	21
336	27
337	39
338	41
339	68
340	108
341	210
342	340
343	662
344	1120
345	1928
346	3114
347	4184
348	5411
349	6791
350	7568
351	7713
352	7458
353	6471
354	5222
355	3953
356	2739
357	1819
358	1023
359	542
360	316
361	188
362	95
363	63
364	56
365	50
366	40
367	34
368	52
369	39
370	52
371	46
372	45
373	48
374	61
375	71
376	98
377	108
378	130
379	205
380	286
381	464
382	586
383	812
384	953
385	1168
386	1300
387	1326
388	1149
389	1099
390	866
391	680
392	421
393	282
394	216
395	117
396	72
397	43
398	43
399	22
400	36
401	27
402	26
403	35
404	40
405	31
406	37
407	35
408	29
409	27
410	43
411	35
412	32
413	25
414	40
415	36
416	34
417	37
418	27
419	38
420	28
421	38
422	27
423	37
424	24
425	41
426	43
427	37
428	37
429	35
430	26
431	45
432	43
433	41
434	44
435	52
436	54
437	51
438	62
439	60
440	58
441	72
442	82
443	96
444	69
445	64
446	78
447	71
448	69
449	57
450	58
451	58
452	68
453	71
454	64
455	83
456	75
457	59
458	94
459	85
460	95
461	99
462	80
463	72
464	75
465	65
466	56
467	76
468	51
469	51
470	59
471	61
472	66
473	79
474	65
475	66
476	56
477	63
478	52
479	62
480	61
481	59
482	59
483	59
484	51
485	54
486	68
487	50
488	57
489	68
490	69
491	59
492	47
493	65
494	50
495	52
496	56
497	49
498	54
499	59
500	66
501	60
502	63
503	52
504	82
505	61
506	76
507	83
508	87
509	81
510	83
511	77
512	83
513	81
514	79
515	86
516	83
517	66
518	96
519	96
520	96
521	90
522	88
523	89
524	78
525	112
526	110
527	94
528	100
529	112
530	89
531	110
532	87
533	115
534	102
535	93
536	98
537	85
538	78
539	75
540	88
541	73
542	92
543	86
544	87
545	83
546	85
547	90
548	87
549	67
550	90
551	75
552	76
553	64
554	85
555	73
556	76
557	73
558	76
559	68
560	84
561	93
562	72
563	75
564	79
565	72
566	83
567	68
568	70
569	93
570	68
571	78
572	93
573	97
574	84
575	76
576	73
577	77
578	88
579	82
580	74
581	81
582	91
583	81
584	70
585	74
586	85
587	81
588	86
589	91
590	95
591	84
592	81
593	87
594	102
595	108
596	89
597	113
598	81
599	102
600	98
601	103
602	91
603	85
604	95
605	100
606	97
607	88
608	98
609	107
610	95
611	99
612	101
613	104
614	100
615	94
616	105
617	101
618	106
619	97
620	119
621	109
622	94
623	99
624	96
625	94
626	123
627	87
628	94
629	84
630	98
631	95
632	82
633	95
634	97
635	122
636	92
637	81
638	102
639	98
640	106
641	100
642	124
643	111
644	113
645	106
646	106
647	96
648	137
649	105
650	115
651	116
652	105
653	113
654	115
655	128
656	116
657	107
658	135
659	107
660	113
661	89
662	111
663	93
664	109
665	118
666	102
667	107
668	91
669	109
670	107
671	91
672	103
673	107
674	102
675	120
676	85
677	117
678	107
679	121
680	109
681	135
682	97
683	116
684	114
685	110
686	122
687	93
688	103
689	125
690	106
691	120
692	113
693	117
694	131
695	131
696	117
697	124
698	126
699	145
700	108
701	125
702	133
703	131
704	115
705	105
706	135
707	122
708	105
709	134
710	121
711	94
712	117
713	130
714	106
715	112
716	130
717	153
718	132
719	104
720	136
721	110
722	112
723	142
724	117
725	132
726	115
727	121
728	145
729	120
730	119
731	141
732	127
733	150
734	138
735	142
736	142
737	126
738	133
739	140
740	124
741	134
742	128
743	116
744	141
745	107
746	120
747	128
748	147
749	131
750	125
751	139
752	116
753	137
754	123
755	139
756	124
757	109
758	128
759	119
760	127
761	145
762	158
763	149
764	145
765	172
766	205
767	197
768	237
769	241
770	287
771	312
772	346
773	306
774	331
775	307
776	283
777	271
778	253
779	247
780	185
781	178
782	172
783	168
784	127
785	139
786	112
787	138
788	141
789	124
790	141
791	138
792	132
793	129
794	130
795	127
796	120
797	150
798	121
799	135
800	121
801	152
802	143
803	131
804	147
805	152
806	129
807	138
808	130
809	136
810	136
811	143
812	126
813	133
814	136
815	143
816	137
817	128
818	132
819	141
820	134
821	154
822	138
823	148
824	145
825	153
826	133
827	145
828	119
829	119
830	133
831	127
832	135
833	123
834	142
835	131
836	156
837	124
838	143
839	151
840	146
841	151
842	139
843	173
844	157
845	143
846	137
847	170
848	154
849	152
850	142
851	155
852	146
853	152
854	167
855	156
856	180
857	184
858	166
859	174
860	189
861	207
862	197
863	222
864	220
865	224
866	225
867	192
868	195
869	204
870	217
871	208
872	232
873	211
874	218
875	233
876	213
877	233
878	230
879	236
880	250
881	266
882	277
883	304
884	314
885	330
886	320
887	332
888	352
889	366
890	428
891	451
892	460
893	492
894	496
895	515
896	520
897	523
898	520
899	518
900	527
901	531
902	563
903	509
904	532
905	557
906	433
907	483
908	492
909	469
910	447
911	448
912	405
913	409
914	375
915	356
916	328
917	305
918	292
919	332
920	261
921	273
922	259
923	232
924	233
925	243
926	199
927	189
928	205
929	204
930	193
931	203
932	184
933	185
934	167
935	167
936	168
937	162
938	166
939	157
940	161
941	167
942	199
943	185
944	211
945	239
946	280
947	323
948	349
949	343
950	350
951	427
952	376
953	444
954	418
955	427
956	419
957	383
958	333
959	319
960	319
961	261
962	239
963	228
964	171
965	173
966	160
967	153
968	149
969	112
970	128
971	129
972	127
973	143
974	132
975	114
976	127
977	112
978	137
979	100
980	114
981	139
982	136
983	110
984	134
985	125
986	121
987	121
988	143
989	134
990	169
991	143
992	170
993	143
994	151
995	146
996	157
997	160
998	160
999	170
1000	162
1001	147
1002	195
1003	169
1004	172
1005	181
1006	161
1007	158
1008	166
1009	180
1010	180
1011	162
1012	166
1013	154
1014	145
1015	156
1016	148
1017	141
1018	137
1019	134
1020	136
1021	131
1022	125
1023	114
1024	119
