Date:	08/05/2018		Time:	21:58		Version no:	0.00		Project name:	55		Sample name:	222		Section name:	section		Position	335.515045	mm	E0	0.000000	keV	E1	1.000000	keV/channel	sample surface	6.212447	cm	Tube anode:	Mo		Tube voltage:	30	kV	Tube current:	50	mA	gain	10		std. database			resultfile	result		matrix element	11		sample thickness	1.000000		air passage	0.560000	cm	comments	in position		peaking_time	2.200000	m-sec	trigger_threshold	547.363281	V	mca_bin_width	22.090000	no:	number_mca_channels	1024.000000	no:	gap_time	0.150000	m-sec	trigger_peaking_time	0.200000	m-sec	GAINDAC	18610		HIGHGAIN	1		TAURC	1		RCTAU	1		RCTAUFRAC	1		livetime	9.470849	seconds	runtime	10.000495	seconds	input_count_rate	22309.299247	cps	output_count_rate	18488.284460	cps	triggers	211288	seconds	events_in_run	184892	seconds	channel	content		1	0
2	0
3	0
4	0
5	0
6	0
7	0
8	0
9	0
10	0
11	0
12	0
13	0
14	0
15	0
16	0
17	0
18	0
19	0
20	0
21	0
22	0
23	0
24	0
25	0
26	0
27	0
28	0
29	0
30	0
31	20
32	16
33	15
34	15
35	30
36	10
37	10
38	16
39	9
40	14
41	12
42	11
43	12
44	14
45	20
46	15
47	12
48	12
49	19
50	12
51	16
52	10
53	15
54	10
55	12
56	12
57	9
58	10
59	10
60	16
61	12
62	8
63	7
64	7
65	12
66	11
67	12
68	10
69	11
70	6
71	9
72	5
73	7
74	4
75	5
76	7
77	9
78	5
79	6
80	13
81	13
82	4
83	11
84	11
85	7
86	7
87	9
88	7
89	7
90	4
91	6
92	14
93	17
94	27
95	16
96	22
97	19
98	16
99	11
100	12
101	9
102	8
103	9
104	5
105	6
106	7
107	6
108	12
109	15
110	12
111	8
112	7
113	4
114	3
115	5
116	3
117	6
118	9
119	6
120	6
121	4
122	3
123	4
124	9
125	5
126	4
127	9
128	5
129	4
130	5
131	6
132	2
133	4
134	5
135	4
136	4
137	3
138	1
139	0
140	6
141	1
142	1
143	2
144	4
145	5
146	4
147	3
148	6
149	3
150	3
151	4
152	4
153	5
154	9
155	2
156	3
157	2
158	9
159	13
160	17
161	22
162	23
163	26
164	28
165	23
166	23
167	6
168	3
169	6
170	1
171	3
172	2
173	4
174	12
175	4
176	8
177	8
178	10
179	12
180	18
181	21
182	30
183	28
184	18
185	16
186	15
187	9
188	3
189	4
190	5
191	4
192	6
193	7
194	11
195	14
196	26
197	57
198	112
199	170
200	245
201	319
202	387
203	425
204	391
205	312
206	241
207	174
208	110
209	52
210	18
211	11
212	8
213	9
214	14
215	15
216	23
217	39
218	46
219	60
220	65
221	73
222	60
223	58
224	35
225	25
226	16
227	18
228	5
229	2
230	3
231	4
232	3
233	3
234	5
235	6
236	2
237	5
238	8
239	7
240	12
241	29
242	51
243	79
244	133
245	183
246	243
247	284
248	284
249	216
250	201
251	155
252	122
253	92
254	53
255	49
256	42
257	42
258	29
259	24
260	17
261	12
262	12
263	10
264	12
265	21
266	14
267	35
268	45
269	54
270	55
271	58
272	58
273	53
274	51
275	28
276	28
277	20
278	11
279	5
280	10
281	7
282	10
283	10
284	5
285	11
286	15
287	11
288	9
289	14
290	18
291	8
292	14
293	8
294	11
295	20
296	18
297	22
298	21
299	18
300	10
301	18
302	10
303	14
304	15
305	12
306	11
307	14
308	11
309	11
310	12
311	21
312	11
313	11
314	19
315	32
316	29
317	28
318	36
319	60
320	64
321	70
322	83
323	111
324	104
325	99
326	91
327	69
328	52
329	47
330	27
331	27
332	26
333	21
334	12
335	19
336	33
337	37
338	44
339	63
340	85
341	185
342	331
343	632
344	1067
345	1785
346	2680
347	3857
348	5176
349	6218
350	7013
351	7302
352	6859
353	6094
354	5079
355	3721
356	2437
357	1567
358	1006
359	526
360	291
361	161
362	88
363	41
364	39
365	46
366	34
367	30
368	32
369	35
370	53
371	39
372	40
373	57
374	58
375	52
376	74
377	88
378	123
379	221
380	298
381	439
382	580
383	749
384	918
385	1144
386	1201
387	1224
388	1185
389	1061
390	860
391	631
392	420
393	296
394	173
395	122
396	60
397	33
398	41
399	31
400	26
401	24
402	28
403	30
404	20
405	36
406	29
407	43
408	49
409	30
410	34
411	30
412	38
413	31
414	26
415	17
416	29
417	24
418	26
419	20
420	30
421	27
422	23
423	21
424	26
425	40
426	31
427	26
428	34
429	28
430	23
431	36
432	43
433	34
434	40
435	44
436	51
437	42
438	54
439	57
440	47
441	62
442	62
443	60
444	50
445	72
446	57
447	58
448	51
449	33
450	51
451	64
452	54
453	45
454	64
455	66
456	73
457	80
458	69
459	74
460	87
461	80
462	85
463	71
464	49
465	47
466	55
467	44
468	43
469	50
470	64
471	57
472	65
473	60
474	63
475	63
476	58
477	47
478	55
479	44
480	48
481	52
482	50
483	36
484	48
485	43
486	57
487	60
488	57
489	44
490	63
491	61
492	72
493	56
494	57
495	56
496	64
497	52
498	57
499	54
500	67
501	58
502	58
503	70
504	66
505	74
506	66
507	58
508	54
509	83
510	77
511	77
512	75
513	83
514	77
515	86
516	73
517	67
518	62
519	85
520	77
521	70
522	66
523	89
524	91
525	89
526	78
527	77
528	91
529	80
530	87
531	83
532	77
533	76
534	70
535	78
536	69
537	80
538	86
539	70
540	62
541	77
542	76
543	67
544	82
545	76
546	85
547	80
548	90
549	72
550	60
551	54
552	68
553	58
554	71
555	69
556	67
557	81
558	65
559	49
560	76
561	70
562	64
563	65
564	67
565	70
566	64
567	65
568	54
569	60
570	71
571	71
572	84
573	76
574	83
575	61
576	91
577	81
578	69
579	82
580	82
581	81
582	60
583	76
584	75
585	65
586	63
587	70
588	83
589	85
590	70
591	95
592	77
593	93
594	74
595	99
596	81
597	71
598	83
599	78
600	87
601	97
602	103
603	75
604	92
605	80
606	98
607	77
608	68
609	94
610	110
611	94
612	108
613	89
614	100
615	97
616	92
617	92
618	81
619	95
620	85
621	80
622	99
623	100
624	96
625	93
626	104
627	86
628	101
629	91
630	107
631	109
632	91
633	93
634	97
635	87
636	103
637	112
638	97
639	99
640	91
641	88
642	92
643	90
644	92
645	84
646	118
647	103
648	92
649	89
650	102
651	99
652	94
653	112
654	99
655	108
656	126
657	104
658	106
659	97
660	116
661	97
662	111
663	107
664	101
665	101
666	91
667	105
668	82
669	107
670	101
671	111
672	97
673	104
674	109
675	111
676	104
677	101
678	95
679	106
680	103
681	96
682	106
683	110
684	96
685	107
686	102
687	110
688	104
689	113
690	118
691	115
692	114
693	103
694	112
695	116
696	128
697	112
698	136
699	115
700	102
701	100
702	93
703	110
704	137
705	96
706	122
707	100
708	121
709	119
710	100
711	109
712	114
713	121
714	102
715	120
716	119
717	127
718	123
719	110
720	123
721	115
722	103
723	109
724	129
725	127
726	116
727	115
728	141
729	115
730	115
731	128
732	135
733	118
734	127
735	116
736	113
737	133
738	112
739	119
740	116
741	164
742	115
743	114
744	116
745	113
746	113
747	126
748	124
749	110
750	117
751	107
752	119
753	136
754	97
755	134
756	134
757	119
758	145
759	112
760	131
761	139
762	104
763	151
764	137
765	166
766	168
767	208
768	216
769	206
770	227
771	260
772	245
773	251
774	282
775	263
776	250
777	239
778	213
779	191
780	195
781	212
782	158
783	154
784	134
785	132
786	149
787	125
788	133
789	132
790	121
791	135
792	144
793	125
794	141
795	127
796	126
797	116
798	141
799	111
800	130
801	113
802	119
803	141
804	126
805	132
806	134
807	155
808	147
809	147
810	143
811	134
812	159
813	137
814	125
815	130
816	137
817	136
818	139
819	159
820	166
821	121
822	162
823	117
824	123
825	118
826	140
827	143
828	139
829	131
830	146
831	131
832	128
833	133
834	123
835	134
836	135
837	148
838	140
839	118
840	138
841	123
842	133
843	152
844	118
845	157
846	169
847	127
848	153
849	175
850	141
851	148
852	165
853	142
854	134
855	169
856	180
857	201
858	193
859	187
860	194
861	196
862	200
863	216
864	221
865	233
866	203
867	181
868	205
869	213
870	231
871	202
872	186
873	187
874	201
875	223
876	211
877	227
878	234
879	243
880	252
881	284
882	277
883	272
884	299
885	339
886	338
887	334
888	353
889	378
890	415
891	413
892	447
893	440
894	452
895	507
896	482
897	527
898	501
899	527
900	518
901	545
902	509
903	517
904	499
905	503
906	534
907	452
908	450
909	480
910	408
911	381
912	407
913	374
914	350
915	348
916	360
917	310
918	274
919	299
920	248
921	274
922	246
923	219
924	228
925	211
926	199
927	191
928	202
929	205
930	190
931	165
932	163
933	179
934	153
935	174
936	151
937	161
938	155
939	157
940	191
941	164
942	190
943	187
944	186
945	232
946	256
947	302
948	337
949	343
950	359
951	389
952	409
953	409
954	402
955	378
956	394
957	361
958	323
959	342
960	280
961	253
962	257
963	217
964	194
965	175
966	139
967	156
968	130
969	126
970	115
971	125
972	115
973	108
974	112
975	136
976	100
977	124
978	110
979	115
980	113
981	125
982	143
983	138
984	122
985	111
986	156
987	134
988	171
989	140
990	168
991	161
992	148
993	167
994	151
995	141
996	140
997	179
998	158
999	171
1000	158
1001	179
1002	153
1003	166
1004	161
1005	148
1006	176
1007	184
1008	158
1009	146
1010	157
1011	157
1012	153
1013	160
1014	145
1015	139
1016	141
1017	112
1018	125
1019	109
1020	113
1021	106
1022	100
1023	110
1024	117
