Date:	08/05/2018		Time:	22:07		Version no:	0.00		Project name:	55		Sample name:	222		Section name:	section		Position	345.115021	mm	E0	0.000000	keV	E1	1.000000	keV/channel	sample surface	6.318973	cm	Tube anode:	Mo		Tube voltage:	30	kV	Tube current:	50	mA	gain	10		std. database			resultfile	result		matrix element	11		sample thickness	1.000000		air passage	0.560000	cm	comments	in position		peaking_time	2.200000	m-sec	trigger_threshold	547.363281	V	mca_bin_width	22.090000	no:	number_mca_channels	1024.000000	no:	gap_time	0.150000	m-sec	trigger_peaking_time	0.200000	m-sec	GAINDAC	18610		HIGHGAIN	1		TAURC	1		RCTAU	1		RCTAUFRAC	1		livetime	9.529394	seconds	runtime	10.000497	seconds	input_count_rate	20645.175156	cps	output_count_rate	17395.035815	cps	triggers	196736	seconds	events_in_run	173959	seconds	channel	content		1	0
2	0
3	0
4	0
5	0
6	0
7	0
8	0
9	0
10	0
11	0
12	0
13	0
14	0
15	0
16	0
17	0
18	0
19	0
20	0
21	0
22	0
23	0
24	0
25	0
26	0
27	0
28	0
29	0
30	0
31	6
32	12
33	5
34	21
35	7
36	11
37	13
38	8
39	13
40	5
41	16
42	11
43	12
44	12
45	8
46	10
47	11
48	10
49	12
50	15
51	16
52	12
53	11
54	10
55	11
56	9
57	3
58	8
59	9
60	11
61	6
62	5
63	13
64	8
65	5
66	12
67	6
68	4
69	5
70	11
71	8
72	7
73	9
74	8
75	5
76	1
77	4
78	4
79	11
80	13
81	10
82	10
83	15
84	9
85	10
86	8
87	4
88	3
89	8
90	9
91	1
92	7
93	15
94	26
95	22
96	19
97	19
98	19
99	14
100	12
101	3
102	8
103	14
104	8
105	10
106	7
107	11
108	13
109	7
110	9
111	7
112	9
113	7
114	6
115	4
116	3
117	3
118	5
119	3
120	8
121	9
122	3
123	6
124	4
125	9
126	4
127	6
128	4
129	5
130	4
131	2
132	3
133	4
134	7
135	7
136	3
137	2
138	4
139	4
140	5
141	4
142	7
143	0
144	6
145	3
146	1
147	7
148	10
149	4
150	7
151	3
152	4
153	5
154	4
155	7
156	8
157	5
158	7
159	11
160	28
161	22
162	36
163	31
164	32
165	27
166	24
167	14
168	9
169	5
170	4
171	5
172	0
173	6
174	5
175	11
176	10
177	13
178	9
179	19
180	20
181	39
182	28
183	30
184	17
185	20
186	19
187	8
188	6
189	8
190	3
191	1
192	8
193	7
194	13
195	21
196	37
197	99
198	149
199	258
200	389
201	490
202	590
203	597
204	591
205	510
206	355
207	255
208	147
209	79
210	35
211	21
212	10
213	10
214	18
215	19
216	36
217	58
218	64
219	99
220	99
221	126
222	99
223	74
224	48
225	32
226	31
227	11
228	7
229	8
230	5
231	3
232	4
233	6
234	6
235	5
236	7
237	2
238	8
239	8
240	19
241	33
242	53
243	98
244	149
245	194
246	244
247	266
248	282
249	265
250	232
251	161
252	135
253	91
254	71
255	52
256	50
257	33
258	36
259	29
260	11
261	11
262	12
263	12
264	13
265	16
266	25
267	41
268	42
269	49
270	70
271	53
272	54
273	51
274	37
275	26
276	18
277	20
278	12
279	9
280	9
281	8
282	7
283	4
284	11
285	11
286	14
287	7
288	15
289	9
290	9
291	10
292	12
293	15
294	18
295	16
296	20
297	12
298	11
299	13
300	7
301	10
302	9
303	14
304	16
305	10
306	10
307	12
308	12
309	13
310	8
311	10
312	12
313	10
314	19
315	17
316	32
317	30
318	40
319	47
320	54
321	80
322	107
323	84
324	89
325	86
326	82
327	74
328	50
329	39
330	30
331	25
332	35
333	21
334	30
335	24
336	37
337	40
338	37
339	78
340	104
341	192
342	366
343	628
344	1111
345	1909
346	2826
347	4087
348	5352
349	6611
350	7373
351	7596
352	7333
353	6310
354	5151
355	3870
356	2692
357	1689
358	1006
359	553
360	283
361	152
362	70
363	60
364	37
365	21
366	24
367	36
368	28
369	43
370	30
371	41
372	35
373	38
374	64
375	45
376	71
377	97
378	139
379	195
380	276
381	440
382	619
383	787
384	1008
385	1218
386	1255
387	1259
388	1170
389	1046
390	832
391	641
392	460
393	285
394	176
395	114
396	57
397	46
398	34
399	24
400	22
401	23
402	24
403	13
404	25
405	19
406	38
407	17
408	23
409	29
410	29
411	37
412	29
413	24
414	33
415	32
416	18
417	35
418	37
419	30
420	36
421	25
422	19
423	30
424	30
425	18
426	35
427	26
428	35
429	29
430	36
431	28
432	27
433	28
434	28
435	23
436	38
437	39
438	47
439	56
440	37
441	50
442	48
443	53
444	55
445	46
446	36
447	44
448	38
449	47
450	51
451	50
452	29
453	53
454	51
455	50
456	58
457	78
458	70
459	59
460	83
461	69
462	66
463	61
464	51
465	47
466	48
467	40
468	35
469	61
470	73
471	50
472	49
473	48
474	54
475	63
476	60
477	47
478	41
479	39
480	44
481	51
482	49
483	51
484	37
485	43
486	46
487	33
488	48
489	48
490	52
491	46
492	44
493	40
494	31
495	49
496	50
497	40
498	41
499	48
500	43
501	54
502	52
503	57
504	67
505	53
506	74
507	54
508	51
509	74
510	64
511	56
512	61
513	71
514	59
515	68
516	78
517	78
518	51
519	71
520	58
521	73
522	80
523	85
524	78
525	79
526	68
527	61
528	87
529	77
530	81
531	79
532	77
533	82
534	74
535	64
536	63
537	82
538	65
539	61
540	61
541	62
542	69
543	69
544	60
545	64
546	55
547	74
548	66
549	58
550	65
551	52
552	74
553	86
554	60
555	55
556	58
557	68
558	53
559	69
560	51
561	58
562	44
563	60
564	58
565	63
566	55
567	54
568	65
569	59
570	66
571	51
572	61
573	63
574	67
575	75
576	59
577	63
578	69
579	70
580	75
581	66
582	70
583	57
584	72
585	82
586	55
587	48
588	60
589	76
590	67
591	70
592	71
593	64
594	72
595	73
596	75
597	67
598	79
599	77
600	88
601	73
602	90
603	60
604	80
605	76
606	83
607	67
608	71
609	70
610	71
611	70
612	78
613	91
614	74
615	100
616	81
617	65
618	74
619	76
620	76
621	92
622	75
623	79
624	64
625	79
626	78
627	70
628	74
629	79
630	74
631	77
632	88
633	71
634	82
635	71
636	66
637	65
638	91
639	81
640	85
641	85
642	87
643	81
644	82
645	83
646	80
647	75
648	75
649	102
650	66
651	101
652	92
653	91
654	89
655	74
656	64
657	74
658	72
659	92
660	99
661	77
662	99
663	74
664	61
665	81
666	95
667	84
668	72
669	73
670	77
671	89
672	84
673	94
674	74
675	107
676	88
677	78
678	55
679	92
680	75
681	82
682	93
683	77
684	87
685	99
686	85
687	88
688	69
689	72
690	79
691	87
692	105
693	91
694	102
695	86
696	106
697	93
698	98
699	77
700	100
701	96
702	108
703	85
704	108
705	88
706	109
707	96
708	75
709	98
710	108
711	99
712	98
713	79
714	103
715	95
716	96
717	99
718	97
719	86
720	85
721	108
722	97
723	99
724	109
725	100
726	106
727	111
728	98
729	106
730	98
731	100
732	103
733	104
734	104
735	96
736	76
737	108
738	125
739	91
740	110
741	100
742	98
743	115
744	99
745	117
746	93
747	100
748	100
749	109
750	80
751	92
752	109
753	112
754	85
755	117
756	89
757	96
758	108
759	100
760	95
761	94
762	110
763	134
764	152
765	149
766	141
767	188
768	177
769	194
770	240
771	260
772	264
773	270
774	266
775	244
776	253
777	217
778	216
779	198
780	162
781	166
782	123
783	139
784	128
785	118
786	118
787	112
788	113
789	105
790	102
791	95
792	107
793	78
794	108
795	127
796	86
797	95
798	94
799	110
800	98
801	103
802	109
803	93
804	90
805	100
806	114
807	111
808	117
809	91
810	98
811	105
812	111
813	112
814	113
815	116
816	133
817	123
818	114
819	118
820	137
821	122
822	111
823	97
824	122
825	119
826	121
827	106
828	111
829	107
830	95
831	121
832	94
833	129
834	123
835	91
836	104
837	106
838	120
839	123
840	102
841	138
842	108
843	116
844	112
845	124
846	130
847	117
848	122
849	124
850	131
851	146
852	138
853	137
854	133
855	148
856	153
857	157
858	135
859	161
860	154
861	181
862	173
863	172
864	192
865	185
866	180
867	179
868	169
869	175
870	173
871	162
872	178
873	157
874	180
875	169
876	166
877	198
878	181
879	194
880	219
881	231
882	243
883	224
884	245
885	273
886	263
887	258
888	302
889	258
890	312
891	336
892	323
893	366
894	366
895	388
896	377
897	377
898	382
899	403
900	389
901	385
902	372
903	369
904	393
905	375
906	400
907	368
908	318
909	330
910	358
911	292
912	299
913	302
914	306
915	254
916	242
917	266
918	248
919	207
920	208
921	193
922	213
923	186
924	198
925	165
926	192
927	147
928	145
929	159
930	161
931	142
932	153
933	121
934	133
935	131
936	109
937	136
938	116
939	138
940	124
941	152
942	161
943	174
944	174
945	218
946	220
947	224
948	326
949	316
950	341
951	352
952	387
953	340
954	374
955	341
956	375
957	349
958	291
959	280
960	225
961	202
962	212
963	163
964	170
965	146
966	125
967	118
968	107
969	102
970	109
971	93
972	107
973	112
974	98
975	85
976	96
977	95
978	101
979	88
980	100
981	102
982	101
983	100
984	109
985	95
986	108
987	111
988	116
989	108
990	121
991	122
992	118
993	119
994	115
995	117
996	135
997	138
998	117
999	116
1000	121
1001	139
1002	115
1003	117
1004	125
1005	110
1006	109
1007	134
1008	134
1009	137
1010	111
1011	124
1012	113
1013	105
1014	121
1015	117
1016	85
1017	110
1018	99
1019	106
1020	111
1021	106
1022	102
1023	81
1024	115
