Date:	08/05/2018		Time:	21:49		Version no:	0.00		Project name:	55		Sample name:	222		Section name:	section		Position	326.915039	mm	E0	0.000000	keV	E1	1.000000	keV/channel	sample surface	6.209088	cm	Tube anode:	Mo		Tube voltage:	30	kV	Tube current:	50	mA	gain	10		std. database			resultfile	result		matrix element	11		sample thickness	1.000000		air passage	0.560000	cm	comments	in position		peaking_time	2.200000	m-sec	trigger_threshold	547.363281	V	mca_bin_width	22.090000	no:	number_mca_channels	1024.000000	no:	gap_time	0.150000	m-sec	trigger_peaking_time	0.200000	m-sec	GAINDAC	18610		HIGHGAIN	1		TAURC	1		RCTAU	1		RCTAUFRAC	1		livetime	9.482471	seconds	runtime	10.000170	seconds	input_count_rate	21421.736562	cps	output_count_rate	17849.995836	cps	triggers	203131	seconds	events_in_run	178503	seconds	channel	content		1	0
2	0
3	0
4	0
5	0
6	0
7	0
8	0
9	0
10	0
11	0
12	0
13	0
14	0
15	0
16	0
17	0
18	0
19	0
20	0
21	0
22	0
23	0
24	0
25	0
26	0
27	0
28	0
29	0
30	0
31	12
32	16
33	18
34	12
35	10
36	17
37	11
38	13
39	15
40	18
41	20
42	20
43	17
44	14
45	25
46	17
47	19
48	9
49	12
50	12
51	13
52	18
53	15
54	10
55	12
56	5
57	11
58	7
59	7
60	9
61	14
62	9
63	11
64	12
65	7
66	15
67	17
68	14
69	16
70	9
71	11
72	6
73	13
74	7
75	6
76	8
77	6
78	5
79	8
80	12
81	12
82	7
83	12
84	10
85	11
86	9
87	9
88	4
89	5
90	7
91	9
92	10
93	8
94	16
95	18
96	23
97	17
98	13
99	17
100	15
101	7
102	10
103	8
104	3
105	8
106	9
107	4
108	9
109	7
110	5
111	6
112	4
113	5
114	4
115	3
116	4
117	5
118	7
119	8
120	2
121	2
122	8
123	4
124	8
125	4
126	11
127	6
128	7
129	3
130	3
131	4
132	2
133	4
134	3
135	4
136	3
137	4
138	6
139	5
140	2
141	2
142	4
143	5
144	2
145	3
146	1
147	4
148	5
149	5
150	8
151	10
152	8
153	3
154	3
155	7
156	6
157	4
158	6
159	11
160	21
161	26
162	35
163	33
164	31
165	22
166	18
167	11
168	7
169	4
170	4
171	4
172	2
173	7
174	4
175	6
176	5
177	6
178	15
179	16
180	19
181	20
182	19
183	20
184	20
185	4
186	8
187	8
188	7
189	7
190	1
191	5
192	4
193	4
194	10
195	24
196	27
197	66
198	99
199	129
200	235
201	303
202	353
203	335
204	341
205	265
206	206
207	150
208	97
209	45
210	21
211	15
212	3
213	5
214	14
215	14
216	22
217	29
218	42
219	59
220	71
221	57
222	46
223	52
224	38
225	24
226	9
227	11
228	14
229	4
230	3
231	3
232	3
233	2
234	2
235	3
236	3
237	5
238	7
239	16
240	11
241	29
242	49
243	87
244	114
245	162
246	180
247	227
248	237
249	216
250	195
251	127
252	106
253	55
254	56
255	29
256	33
257	32
258	20
259	19
260	17
261	6
262	11
263	13
264	16
265	18
266	21
267	28
268	39
269	40
270	45
271	49
272	47
273	42
274	32
275	18
276	19
277	20
278	19
279	4
280	16
281	9
282	9
283	18
284	10
285	7
286	9
287	14
288	16
289	9
290	18
291	12
292	13
293	17
294	20
295	21
296	16
297	19
298	18
299	16
300	11
301	10
302	12
303	14
304	8
305	11
306	9
307	13
308	16
309	13
310	14
311	7
312	17
313	12
314	21
315	27
316	32
317	34
318	79
319	84
320	126
321	139
322	166
323	170
324	166
325	170
326	168
327	117
328	89
329	46
330	42
331	32
332	18
333	30
334	36
335	15
336	28
337	39
338	29
339	47
340	91
341	134
342	290
343	559
344	904
345	1603
346	2375
347	3553
348	4561
349	5493
350	6142
351	6464
352	6115
353	5357
354	4371
355	3236
356	2213
357	1461
358	806
359	511
360	266
361	131
362	67
363	51
364	36
365	31
366	39
367	32
368	38
369	31
370	38
371	42
372	37
373	41
374	42
375	54
376	84
377	85
378	116
379	160
380	258
381	356
382	508
383	619
384	858
385	989
386	1082
387	1082
388	1018
389	927
390	717
391	516
392	379
393	280
394	188
395	93
396	56
397	38
398	29
399	23
400	28
401	31
402	29
403	30
404	32
405	24
406	27
407	24
408	29
409	27
410	22
411	35
412	37
413	36
414	37
415	34
416	29
417	25
418	31
419	21
420	33
421	31
422	27
423	26
424	32
425	32
426	20
427	31
428	20
429	28
430	25
431	35
432	33
433	27
434	45
435	44
436	56
437	47
438	73
439	60
440	55
441	67
442	57
443	58
444	64
445	59
446	52
447	70
448	45
449	45
450	59
451	45
452	60
453	47
454	62
455	46
456	49
457	78
458	68
459	69
460	55
461	77
462	81
463	62
464	61
465	53
466	51
467	53
468	64
469	60
470	43
471	61
472	70
473	58
474	61
475	58
476	45
477	64
478	46
479	66
480	55
481	47
482	51
483	44
484	51
485	46
486	54
487	64
488	51
489	53
490	50
491	56
492	56
493	63
494	43
495	50
496	43
497	58
498	54
499	61
500	60
501	59
502	63
503	75
504	70
505	67
506	78
507	68
508	72
509	67
510	72
511	65
512	80
513	60
514	68
515	65
516	82
517	74
518	66
519	81
520	75
521	82
522	84
523	80
524	71
525	84
526	93
527	88
528	95
529	79
530	100
531	105
532	91
533	91
534	65
535	76
536	74
537	73
538	79
539	68
540	71
541	65
542	73
543	68
544	79
545	63
546	69
547	77
548	77
549	68
550	72
551	69
552	53
553	72
554	80
555	64
556	60
557	73
558	73
559	68
560	61
561	81
562	66
563	70
564	65
565	79
566	81
567	69
568	74
569	61
570	66
571	63
572	74
573	72
574	88
575	67
576	62
577	65
578	81
579	74
580	76
581	63
582	72
583	59
584	81
585	73
586	85
587	64
588	68
589	82
590	77
591	90
592	84
593	75
594	81
595	80
596	82
597	90
598	99
599	88
600	91
601	98
602	87
603	71
604	92
605	112
606	84
607	95
608	62
609	74
610	83
611	81
612	93
613	101
614	94
615	106
616	97
617	86
618	90
619	82
620	104
621	113
622	93
623	85
624	78
625	94
626	94
627	78
628	92
629	89
630	92
631	110
632	97
633	95
634	94
635	117
636	94
637	90
638	95
639	98
640	94
641	93
642	91
643	105
644	98
645	98
646	100
647	88
648	108
649	112
650	103
651	105
652	116
653	103
654	108
655	87
656	90
657	101
658	96
659	104
660	107
661	100
662	97
663	115
664	91
665	91
666	109
667	98
668	108
669	107
670	113
671	92
672	85
673	109
674	99
675	132
676	105
677	107
678	92
679	113
680	101
681	102
682	96
683	103
684	93
685	128
686	123
687	89
688	106
689	108
690	106
691	132
692	99
693	111
694	123
695	114
696	93
697	97
698	97
699	119
700	136
701	146
702	123
703	130
704	133
705	109
706	129
707	98
708	114
709	127
710	119
711	111
712	111
713	116
714	123
715	110
716	122
717	112
718	102
719	102
720	124
721	130
722	124
723	137
724	122
725	128
726	106
727	122
728	125
729	114
730	120
731	140
732	131
733	127
734	119
735	112
736	97
737	133
738	117
739	125
740	120
741	127
742	127
743	125
744	130
745	110
746	121
747	131
748	101
749	120
750	139
751	106
752	124
753	126
754	132
755	110
756	125
757	130
758	133
759	128
760	127
761	137
762	142
763	129
764	131
765	197
766	196
767	211
768	210
769	232
770	262
771	287
772	267
773	284
774	300
775	255
776	275
777	267
778	262
779	216
780	204
781	168
782	181
783	158
784	180
785	153
786	136
787	117
788	133
789	117
790	140
791	113
792	141
793	138
794	142
795	132
796	107
797	117
798	120
799	128
800	125
801	136
802	129
803	121
804	125
805	127
806	140
807	132
808	144
809	126
810	139
811	127
812	139
813	133
814	143
815	143
816	143
817	160
818	140
819	170
820	148
821	129
822	132
823	144
824	152
825	143
826	149
827	125
828	136
829	133
830	132
831	126
832	153
833	142
834	158
835	135
836	169
837	159
838	130
839	130
840	125
841	139
842	137
843	141
844	153
845	144
846	139
847	145
848	154
849	157
850	162
851	159
852	187
853	172
854	163
855	199
856	187
857	159
858	207
859	202
860	198
861	204
862	210
863	215
864	226
865	234
866	225
867	202
868	210
869	221
870	223
871	236
872	226
873	208
874	193
875	221
876	229
877	237
878	248
879	250
880	279
881	270
882	307
883	269
884	352
885	328
886	349
887	357
888	402
889	392
890	395
891	432
892	474
893	424
894	469
895	485
896	528
897	536
898	520
899	541
900	555
901	548
902	554
903	553
904	542
905	519
906	515
907	469
908	487
909	433
910	447
911	413
912	392
913	369
914	393
915	357
916	322
917	328
918	299
919	275
920	251
921	234
922	227
923	229
924	209
925	232
926	190
927	177
928	207
929	177
930	180
931	167
932	154
933	187
934	196
935	152
936	177
937	159
938	163
939	168
940	157
941	187
942	202
943	208
944	239
945	227
946	275
947	288
948	299
949	350
950	366
951	367
952	458
953	434
954	387
955	404
956	438
957	397
958	324
959	330
960	307
961	297
962	250
963	208
964	176
965	188
966	162
967	174
968	123
969	129
970	121
971	129
972	118
973	137
974	108
975	114
976	103
977	127
978	134
979	148
980	140
981	124
982	139
983	140
984	133
985	145
986	133
987	154
988	133
989	146
990	163
991	120
992	140
993	165
994	174
995	184
996	154
997	170
998	162
999	169
1000	162
1001	165
1002	159
1003	176
1004	179
1005	171
1006	177
1007	190
1008	166
1009	165
1010	161
1011	138
1012	143
1013	156
1014	150
1015	162
1016	137
1017	128
1018	147
1019	140
1020	130
1021	120
1022	120
1023	123
1024	130
