Date:	08/05/2018		Time:	23:29		Version no:	0.00		Project name:	55		Sample name:	222		Section name:	section		Position	430.915039	mm	E0	0.000000	keV	E1	1.000000	keV/channel	sample surface	6.267467	cm	Tube anode:	Mo		Tube voltage:	30	kV	Tube current:	50	mA	gain	10		std. database			resultfile	result		matrix element	11		sample thickness	1.000000		air passage	0.560000	cm	comments	in position		peaking_time	2.200000	m-sec	trigger_threshold	547.363281	V	mca_bin_width	22.090000	no:	number_mca_channels	1024.000000	no:	gap_time	0.150000	m-sec	trigger_peaking_time	0.200000	m-sec	GAINDAC	18610		HIGHGAIN	1		TAURC	1		RCTAU	1		RCTAUFRAC	1		livetime	9.407374	seconds	runtime	10.000490	seconds	input_count_rate	25216.919186	cps	output_count_rate	20501.194621	cps	triggers	237225	seconds	events_in_run	205022	seconds	channel	content		1	0
2	0
3	0
4	0
5	0
6	0
7	0
8	0
9	0
10	0
11	0
12	0
13	0
14	0
15	0
16	0
17	0
18	0
19	0
20	0
21	0
22	0
23	0
24	0
25	0
26	0
27	0
28	0
29	0
30	0
31	12
32	8
33	9
34	11
35	18
36	12
37	14
38	13
39	13
40	12
41	9
42	12
43	16
44	10
45	16
46	12
47	11
48	19
49	13
50	12
51	15
52	18
53	16
54	12
55	10
56	16
57	9
58	17
59	14
60	12
61	16
62	9
63	8
64	14
65	9
66	14
67	7
68	9
69	15
70	10
71	4
72	7
73	5
74	10
75	6
76	8
77	8
78	10
79	9
80	7
81	11
82	16
83	11
84	12
85	8
86	6
87	7
88	13
89	8
90	7
91	15
92	12
93	18
94	19
95	27
96	22
97	24
98	18
99	16
100	12
101	14
102	5
103	6
104	8
105	15
106	8
107	11
108	7
109	11
110	9
111	8
112	12
113	4
114	7
115	5
116	5
117	1
118	3
119	6
120	6
121	3
122	4
123	7
124	7
125	2
126	7
127	1
128	5
129	7
130	3
131	3
132	0
133	5
134	4
135	2
136	8
137	3
138	6
139	3
140	5
141	7
142	3
143	8
144	5
145	1
146	2
147	1
148	5
149	10
150	5
151	5
152	5
153	6
154	7
155	3
156	8
157	6
158	12
159	11
160	22
161	27
162	22
163	25
164	28
165	25
166	17
167	10
168	10
169	8
170	4
171	3
172	7
173	7
174	4
175	5
176	5
177	12
178	15
179	19
180	32
181	20
182	31
183	20
184	32
185	15
186	15
187	10
188	9
189	4
190	2
191	3
192	5
193	10
194	12
195	23
196	25
197	49
198	102
199	184
200	229
201	300
202	369
203	410
204	335
205	292
206	195
207	128
208	79
209	42
210	25
211	12
212	10
213	11
214	3
215	17
216	17
217	30
218	45
219	53
220	49
221	59
222	47
223	41
224	39
225	24
226	22
227	18
228	6
229	6
230	3
231	1
232	4
233	2
234	4
235	3
236	5
237	5
238	5
239	9
240	10
241	20
242	36
243	68
244	77
245	121
246	167
247	183
248	147
249	167
250	134
251	108
252	95
253	62
254	59
255	41
256	36
257	31
258	39
259	19
260	17
261	13
262	17
263	10
264	16
265	23
266	19
267	31
268	42
269	36
270	45
271	36
272	42
273	37
274	29
275	26
276	20
277	13
278	10
279	8
280	10
281	7
282	11
283	8
284	13
285	13
286	13
287	17
288	15
289	14
290	18
291	12
292	14
293	19
294	18
295	25
296	18
297	12
298	12
299	17
300	14
301	21
302	17
303	14
304	10
305	12
306	14
307	12
308	17
309	9
310	10
311	16
312	15
313	19
314	17
315	29
316	35
317	54
318	67
319	102
320	137
321	169
322	169
323	206
324	195
325	200
326	146
327	117
328	94
329	68
330	42
331	31
332	46
333	26
334	34
335	30
336	34
337	39
338	52
339	70
340	127
341	229
342	407
343	717
344	1281
345	2061
346	3272
347	4499
348	5961
349	7091
350	8001
351	8431
352	7663
353	6851
354	5605
355	4011
356	2848
357	1746
358	1081
359	647
360	328
361	180
362	99
363	82
364	40
365	44
366	25
367	37
368	51
369	54
370	50
371	50
372	56
373	53
374	75
375	68
376	99
377	96
378	162
379	218
380	295
381	492
382	623
383	867
384	1120
385	1230
386	1321
387	1284
388	1301
389	1122
390	914
391	648
392	499
393	291
394	225
395	122
396	76
397	54
398	41
399	32
400	18
401	33
402	47
403	34
404	39
405	29
406	39
407	39
408	43
409	38
410	45
411	37
412	51
413	37
414	36
415	35
416	25
417	41
418	43
419	34
420	31
421	46
422	27
423	41
424	44
425	41
426	39
427	36
428	39
429	31
430	26
431	28
432	40
433	51
434	42
435	51
436	54
437	62
438	69
439	61
440	66
441	72
442	77
443	78
444	74
445	65
446	69
447	77
448	81
449	78
450	72
451	54
452	64
453	64
454	75
455	69
456	90
457	82
458	88
459	82
460	105
461	97
462	84
463	81
464	61
465	70
466	56
467	50
468	60
469	55
470	76
471	74
472	60
473	63
474	67
475	62
476	70
477	68
478	61
479	67
480	50
481	59
482	45
483	68
484	58
485	52
486	56
487	56
488	63
489	59
490	65
491	70
492	63
493	60
494	71
495	50
496	57
497	59
498	51
499	69
500	58
501	63
502	73
503	77
504	78
505	79
506	81
507	99
508	97
509	98
510	62
511	74
512	91
513	83
514	95
515	76
516	90
517	73
518	93
519	86
520	88
521	107
522	90
523	85
524	110
525	91
526	85
527	119
528	107
529	96
530	103
531	116
532	105
533	101
534	94
535	84
536	85
537	105
538	104
539	99
540	77
541	110
542	77
543	104
544	102
545	88
546	76
547	99
548	73
549	87
550	89
551	116
552	81
553	69
554	86
555	80
556	99
557	71
558	83
559	89
560	80
561	72
562	97
563	75
564	80
565	62
566	87
567	90
568	74
569	86
570	86
571	86
572	79
573	81
574	79
575	104
576	93
577	82
578	87
579	81
580	80
581	82
582	90
583	84
584	76
585	97
586	87
587	91
588	87
589	95
590	109
591	101
592	87
593	86
594	102
595	82
596	102
597	102
598	100
599	88
600	76
601	94
602	96
603	115
604	113
605	94
606	96
607	96
608	95
609	102
610	96
611	94
612	98
613	109
614	91
615	125
616	118
617	91
618	92
619	111
620	119
621	98
622	103
623	102
624	115
625	90
626	108
627	98
628	107
629	115
630	97
631	95
632	116
633	114
634	113
635	112
636	103
637	110
638	106
639	109
640	103
641	110
642	96
643	109
644	103
645	90
646	103
647	98
648	104
649	107
650	101
651	105
652	131
653	112
654	134
655	128
656	101
657	114
658	122
659	108
660	94
661	115
662	93
663	101
664	107
665	121
666	107
667	99
668	133
669	99
670	106
671	100
672	132
673	107
674	123
675	120
676	106
677	115
678	117
679	108
680	114
681	116
682	110
683	123
684	113
685	112
686	106
687	135
688	115
689	112
690	122
691	114
692	121
693	128
694	127
695	119
696	101
697	110
698	140
699	143
700	125
701	146
702	124
703	120
704	125
705	119
706	152
707	119
708	156
709	139
710	125
711	119
712	132
713	132
714	118
715	132
716	121
717	143
718	112
719	141
720	128
721	110
722	115
723	119
724	132
725	126
726	131
727	129
728	140
729	136
730	116
731	166
732	141
733	133
734	112
735	154
736	132
737	149
738	108
739	136
740	116
741	135
742	128
743	151
744	141
745	128
746	129
747	123
748	149
749	153
750	136
751	135
752	118
753	142
754	135
755	146
756	131
757	131
758	128
759	142
760	137
761	141
762	149
763	154
764	157
765	179
766	187
767	195
768	247
769	260
770	257
771	272
772	323
773	322
774	339
775	363
776	273
777	243
778	256
779	240
780	213
781	159
782	166
783	143
784	165
785	140
786	150
787	133
788	139
789	149
790	134
791	134
792	137
793	163
794	151
795	131
796	142
797	126
798	121
799	130
800	136
801	146
802	140
803	138
804	134
805	115
806	125
807	141
808	136
809	151
810	154
811	161
812	135
813	128
814	123
815	149
816	161
817	171
818	143
819	147
820	151
821	135
822	148
823	145
824	142
825	156
826	146
827	140
828	130
829	145
830	133
831	135
832	154
833	167
834	140
835	144
836	156
837	150
838	166
839	139
840	155
841	176
842	144
843	139
844	152
845	138
846	158
847	149
848	178
849	184
850	156
851	159
852	216
853	166
854	174
855	161
856	180
857	217
858	209
859	183
860	185
861	203
862	243
863	226
864	225
865	233
866	217
867	208
868	208
869	229
870	205
871	217
872	206
873	206
874	223
875	230
876	224
877	238
878	281
879	294
880	279
881	293
882	275
883	301
884	311
885	324
886	353
887	378
888	377
889	403
890	457
891	468
892	464
893	453
894	494
895	531
896	542
897	551
898	604
899	549
900	545
901	550
902	557
903	542
904	548
905	530
906	534
907	532
908	483
909	491
910	454
911	442
912	415
913	409
914	402
915	399
916	304
917	339
918	316
919	310
920	323
921	267
922	284
923	246
924	227
925	249
926	210
927	221
928	192
929	207
930	168
931	166
932	185
933	187
934	164
935	170
936	149
937	164
938	185
939	180
940	179
941	203
942	179
943	226
944	236
945	233
946	261
947	339
948	347
949	327
950	371
951	418
952	423
953	463
954	410
955	444
956	454
957	394
958	354
959	325
960	318
961	280
962	242
963	235
964	177
965	176
966	167
967	155
968	126
969	125
970	123
971	133
972	122
973	142
974	130
975	156
976	134
977	134
978	106
979	137
980	147
981	107
982	144
983	137
984	130
985	163
986	120
987	171
988	153
989	155
990	147
991	154
992	169
993	149
994	150
995	167
996	161
997	158
998	185
999	155
1000	163
1001	166
1002	171
1003	191
1004	189
1005	189
1006	171
1007	205
1008	153
1009	206
1010	180
1011	181
1012	193
1013	168
1014	161
1015	165
1016	158
1017	145
1018	147
1019	143
1020	138
1021	136
1022	127
1023	129
1024	112
