Date:	08/05/2018		Time:	20:52		Version no:	0.00		Project name:	55		Sample name:	222		Section name:	section		Position	266.515045	mm	E0	0.000000	keV	E1	1.000000	keV/channel	sample surface	5.924774	cm	Tube anode:	Mo		Tube voltage:	30	kV	Tube current:	50	mA	gain	10		std. database			resultfile	result		matrix element	11		sample thickness	1.000000		air passage	0.560000	cm	comments	in position		peaking_time	2.200000	m-sec	trigger_threshold	547.363281	V	mca_bin_width	22.090000	no:	number_mca_channels	1024.000000	no:	gap_time	0.150000	m-sec	trigger_peaking_time	0.200000	m-sec	GAINDAC	18610		HIGHGAIN	1		TAURC	1		RCTAU	1		RCTAUFRAC	1		livetime	9.485191	seconds	runtime	10.000158	seconds	input_count_rate	21438.471372	cps	output_count_rate	17880.118209	cps	triggers	203348	seconds	events_in_run	178804	seconds	channel	content		1	0
2	0
3	0
4	0
5	0
6	0
7	0
8	0
9	0
10	0
11	0
12	0
13	0
14	0
15	0
16	0
17	0
18	0
19	0
20	0
21	0
22	0
23	0
24	0
25	0
26	0
27	0
28	0
29	0
30	0
31	8
32	10
33	19
34	7
35	6
36	8
37	13
38	13
39	11
40	8
41	15
42	11
43	23
44	13
45	11
46	10
47	12
48	19
49	21
50	13
51	17
52	13
53	10
54	8
55	15
56	11
57	14
58	7
59	12
60	7
61	15
62	10
63	7
64	14
65	11
66	7
67	8
68	6
69	10
70	5
71	6
72	6
73	4
74	6
75	5
76	4
77	11
78	8
79	10
80	12
81	7
82	17
83	10
84	13
85	6
86	7
87	5
88	5
89	5
90	6
91	3
92	6
93	5
94	8
95	12
96	8
97	15
98	11
99	10
100	4
101	7
102	4
103	5
104	7
105	8
106	8
107	4
108	9
109	9
110	8
111	7
112	9
113	5
114	1
115	8
116	4
117	5
118	5
119	6
120	8
121	5
122	7
123	2
124	1
125	5
126	4
127	3
128	4
129	3
130	3
131	4
132	1
133	6
134	2
135	2
136	5
137	3
138	8
139	5
140	3
141	4
142	2
143	4
144	3
145	4
146	3
147	3
148	5
149	7
150	7
151	5
152	8
153	4
154	7
155	2
156	6
157	3
158	8
159	14
160	17
161	34
162	31
163	38
164	28
165	22
166	14
167	13
168	4
169	10
170	3
171	5
172	5
173	12
174	4
175	8
176	2
177	7
178	8
179	12
180	19
181	23
182	23
183	18
184	21
185	22
186	9
187	6
188	9
189	8
190	5
191	6
192	3
193	5
194	12
195	14
196	22
197	37
198	89
199	129
200	188
201	258
202	320
203	281
204	343
205	252
206	192
207	139
208	76
209	45
210	27
211	14
212	6
213	5
214	6
215	14
216	19
217	18
218	50
219	41
220	44
221	61
222	45
223	41
224	29
225	22
226	16
227	10
228	9
229	7
230	3
231	4
232	6
233	1
234	8
235	2
236	3
237	3
238	6
239	10
240	11
241	18
242	35
243	52
244	81
245	95
246	104
247	115
248	132
249	154
250	107
251	101
252	61
253	49
254	41
255	36
256	31
257	24
258	30
259	17
260	9
261	11
262	7
263	8
264	14
265	16
266	14
267	21
268	26
269	38
270	37
271	31
272	26
273	32
274	31
275	21
276	13
277	10
278	12
279	14
280	12
281	13
282	13
283	6
284	11
285	8
286	11
287	12
288	11
289	16
290	17
291	8
292	12
293	16
294	14
295	16
296	14
297	16
298	14
299	22
300	17
301	10
302	15
303	8
304	8
305	12
306	11
307	9
308	15
309	12
310	9
311	14
312	11
313	15
314	8
315	25
316	17
317	35
318	45
319	58
320	72
321	77
322	123
323	86
324	113
325	112
326	90
327	62
328	57
329	50
330	36
331	24
332	28
333	26
334	28
335	41
336	28
337	38
338	43
339	65
340	99
341	144
342	321
343	609
344	1093
345	1669
346	2593
347	3710
348	4842
349	5783
350	6673
351	6870
352	6724
353	5745
354	4759
355	3569
356	2471
357	1598
358	958
359	581
360	284
361	156
362	99
363	57
364	38
365	25
366	32
367	34
368	36
369	28
370	47
371	36
372	34
373	52
374	51
375	52
376	64
377	93
378	99
379	180
380	258
381	393
382	536
383	705
384	887
385	999
386	1147
387	1166
388	1135
389	963
390	803
391	548
392	422
393	284
394	203
395	131
396	71
397	41
398	48
399	29
400	23
401	17
402	23
403	23
404	21
405	23
406	37
407	32
408	39
409	36
410	43
411	22
412	25
413	22
414	28
415	22
416	35
417	36
418	20
419	22
420	26
421	31
422	21
423	37
424	27
425	35
426	24
427	39
428	26
429	24
430	27
431	38
432	29
433	34
434	40
435	42
436	39
437	36
438	62
439	68
440	75
441	46
442	64
443	74
444	58
445	66
446	49
447	39
448	60
449	52
450	53
451	48
452	44
453	49
454	44
455	74
456	66
457	53
458	75
459	66
460	79
461	73
462	61
463	67
464	63
465	58
466	47
467	52
468	57
469	61
470	45
471	51
472	67
473	51
474	49
475	40
476	58
477	51
478	38
479	47
480	44
481	41
482	64
483	51
484	52
485	45
486	53
487	48
488	47
489	49
490	40
491	50
492	54
493	56
494	61
495	38
496	59
497	45
498	58
499	52
500	64
501	56
502	57
503	66
504	62
505	66
506	67
507	69
508	56
509	72
510	75
511	68
512	57
513	63
514	78
515	73
516	84
517	76
518	67
519	63
520	60
521	51
522	68
523	70
524	79
525	63
526	99
527	70
528	90
529	83
530	102
531	75
532	77
533	80
534	65
535	76
536	88
537	49
538	93
539	68
540	84
541	87
542	82
543	65
544	59
545	77
546	84
547	69
548	65
549	82
550	66
551	70
552	71
553	78
554	61
555	65
556	64
557	68
558	76
559	57
560	67
561	62
562	59
563	70
564	68
565	68
566	69
567	78
568	48
569	52
570	75
571	57
572	72
573	75
574	76
575	77
576	85
577	83
578	83
579	70
580	82
581	81
582	70
583	93
584	70
585	77
586	71
587	77
588	63
589	80
590	71
591	97
592	82
593	77
594	77
595	77
596	91
597	95
598	83
599	85
600	69
601	85
602	88
603	86
604	87
605	71
606	86
607	83
608	69
609	94
610	92
611	105
612	88
613	89
614	74
615	97
616	87
617	81
618	85
619	89
620	98
621	88
622	95
623	97
624	116
625	90
626	90
627	81
628	78
629	80
630	103
631	92
632	91
633	99
634	93
635	99
636	91
637	83
638	85
639	90
640	84
641	102
642	82
643	93
644	96
645	97
646	86
647	112
648	94
649	100
650	97
651	89
652	104
653	103
654	92
655	77
656	107
657	104
658	111
659	95
660	94
661	96
662	114
663	101
664	98
665	81
666	100
667	88
668	102
669	101
670	82
671	110
672	98
673	93
674	106
675	104
676	103
677	83
678	118
679	92
680	113
681	102
682	99
683	104
684	106
685	107
686	106
687	115
688	108
689	115
690	114
691	106
692	126
693	121
694	116
695	117
696	116
697	108
698	115
699	125
700	124
701	127
702	115
703	121
704	121
705	124
706	103
707	108
708	121
709	113
710	114
711	114
712	127
713	113
714	99
715	120
716	102
717	105
718	111
719	104
720	111
721	136
722	104
723	116
724	101
725	117
726	123
727	119
728	117
729	114
730	116
731	101
732	118
733	111
734	126
735	128
736	121
737	134
738	115
739	108
740	132
741	113
742	109
743	107
744	107
745	116
746	137
747	125
748	122
749	93
750	121
751	105
752	138
753	106
754	124
755	101
756	107
757	112
758	144
759	133
760	139
761	123
762	133
763	164
764	159
765	191
766	187
767	194
768	215
769	244
770	282
771	291
772	314
773	329
774	308
775	319
776	249
777	292
778	249
779	233
780	199
781	177
782	172
783	160
784	129
785	170
786	131
787	114
788	97
789	158
790	136
791	126
792	122
793	125
794	129
795	121
796	148
797	134
798	118
799	134
800	115
801	126
802	144
803	132
804	121
805	127
806	123
807	112
808	118
809	138
810	131
811	144
812	148
813	138
814	122
815	125
816	123
817	127
818	148
819	121
820	145
821	137
822	133
823	170
824	140
825	122
826	131
827	122
828	117
829	136
830	126
831	100
832	103
833	136
834	142
835	136
836	164
837	127
838	145
839	144
840	133
841	132
842	132
843	158
844	158
845	143
846	141
847	134
848	165
849	145
850	152
851	147
852	127
853	151
854	170
855	150
856	190
857	175
858	194
859	165
860	186
861	197
862	182
863	212
864	204
865	229
866	213
867	221
868	191
869	183
870	220
871	183
872	218
873	208
874	212
875	211
876	227
877	197
878	244
879	245
880	265
881	236
882	262
883	276
884	280
885	342
886	310
887	356
888	357
889	376
890	390
891	397
892	401
893	452
894	510
895	464
896	531
897	505
898	484
899	510
900	561
901	496
902	496
903	528
904	478
905	516
906	533
907	481
908	504
909	424
910	445
911	415
912	395
913	370
914	386
915	333
916	341
917	316
918	290
919	281
920	275
921	270
922	241
923	250
924	216
925	221
926	219
927	180
928	177
929	195
930	154
931	194
932	156
933	150
934	163
935	138
936	141
937	165
938	148
939	137
940	166
941	159
942	185
943	191
944	204
945	230
946	268
947	266
948	319
949	355
950	335
951	385
952	414
953	460
954	426
955	392
956	383
957	376
958	343
959	344
960	266
961	248
962	243
963	225
964	183
965	173
966	136
967	144
968	117
969	111
970	131
971	113
972	129
973	104
974	109
975	115
976	97
977	123
978	126
979	116
980	126
981	102
982	127
983	120
984	138
985	127
986	126
987	154
988	143
989	154
990	132
991	156
992	160
993	127
994	132
995	150
996	156
997	169
998	164
999	156
1000	152
1001	155
1002	143
1003	159
1004	161
1005	160
1006	163
1007	184
1008	156
1009	164
1010	154
1011	152
1012	143
1013	147
1014	194
1015	144
1016	142
1017	141
1018	136
1019	129
1020	118
1021	146
1022	120
1023	122
1024	129
