Date:	08/05/2018		Time:	22:17		Version no:	0.00		Project name:	55		Sample name:	222		Section name:	section		Position	356.115021	mm	E0	0.000000	keV	E1	1.000000	keV/channel	sample surface	6.301963	cm	Tube anode:	Mo		Tube voltage:	30	kV	Tube current:	50	mA	gain	10		std. database			resultfile	result		matrix element	11		sample thickness	1.000000		air passage	0.560000	cm	comments	in position		peaking_time	2.200000	m-sec	trigger_threshold	547.363281	V	mca_bin_width	22.090000	no:	number_mca_channels	1024.000000	no:	gap_time	0.150000	m-sec	trigger_peaking_time	0.200000	m-sec	GAINDAC	18610		HIGHGAIN	1		TAURC	1		RCTAU	1		RCTAUFRAC	1		livetime	9.480497	seconds	runtime	10.000491	seconds	input_count_rate	22697.755670	cps	output_count_rate	18822.275450	cps	triggers	215186	seconds	events_in_run	188232	seconds	channel	content		1	0
2	0
3	0
4	0
5	0
6	0
7	0
8	0
9	0
10	0
11	0
12	0
13	0
14	0
15	0
16	0
17	0
18	0
19	0
20	0
21	0
22	0
23	0
24	0
25	0
26	0
27	0
28	0
29	0
30	0
31	9
32	10
33	7
34	16
35	11
36	13
37	23
38	14
39	11
40	9
41	14
42	11
43	12
44	10
45	20
46	8
47	11
48	15
49	10
50	16
51	12
52	16
53	14
54	9
55	5
56	11
57	6
58	10
59	15
60	9
61	10
62	6
63	5
64	10
65	10
66	12
67	8
68	12
69	11
70	9
71	6
72	5
73	4
74	8
75	6
76	3
77	8
78	12
79	9
80	17
81	7
82	8
83	11
84	12
85	8
86	8
87	10
88	8
89	8
90	10
91	8
92	9
93	16
94	15
95	17
96	25
97	21
98	16
99	22
100	8
101	8
102	9
103	6
104	16
105	11
106	8
107	14
108	11
109	7
110	10
111	12
112	10
113	10
114	4
115	3
116	6
117	4
118	1
119	8
120	3
121	4
122	7
123	9
124	6
125	1
126	4
127	5
128	4
129	0
130	3
131	2
132	3
133	3
134	5
135	2
136	3
137	6
138	2
139	2
140	2
141	4
142	3
143	4
144	3
145	5
146	5
147	5
148	5
149	4
150	4
151	4
152	4
153	4
154	7
155	3
156	4
157	7
158	9
159	11
160	22
161	16
162	30
163	27
164	35
165	19
166	16
167	8
168	7
169	7
170	5
171	4
172	4
173	1
174	10
175	7
176	6
177	7
178	10
179	17
180	19
181	19
182	36
183	20
184	25
185	21
186	19
187	7
188	10
189	6
190	5
191	3
192	4
193	6
194	10
195	17
196	50
197	76
198	146
199	228
200	307
201	402
202	494
203	510
204	499
205	425
206	303
207	220
208	130
209	61
210	36
211	18
212	14
213	17
214	11
215	22
216	34
217	42
218	57
219	75
220	91
221	91
222	91
223	64
224	53
225	34
226	24
227	13
228	9
229	9
230	6
231	5
232	7
233	5
234	3
235	4
236	3
237	3
238	12
239	11
240	20
241	43
242	48
243	86
244	136
245	183
246	244
247	242
248	263
249	234
250	221
251	146
252	115
253	106
254	53
255	46
256	58
257	40
258	31
259	22
260	18
261	23
262	13
263	13
264	14
265	22
266	25
267	27
268	39
269	54
270	65
271	62
272	65
273	59
274	48
275	30
276	26
277	21
278	11
279	10
280	3
281	4
282	6
283	10
284	8
285	8
286	14
287	11
288	13
289	15
290	8
291	16
292	11
293	26
294	17
295	24
296	11
297	24
298	13
299	24
300	21
301	12
302	23
303	13
304	14
305	14
306	13
307	10
308	12
309	8
310	6
311	11
312	10
313	10
314	16
315	25
316	28
317	35
318	59
319	75
320	80
321	104
322	123
323	164
324	172
325	151
326	107
327	82
328	56
329	44
330	27
331	22
332	30
333	31
334	31
335	24
336	35
337	40
338	56
339	68
340	118
341	215
342	381
343	633
344	1233
345	2037
346	3161
347	4420
348	5900
349	7152
350	7926
351	8139
352	7735
353	6653
354	5625
355	4056
356	2866
357	1844
358	1102
359	615
360	330
361	175
362	120
363	66
364	52
365	33
366	34
367	35
368	32
369	28
370	59
371	40
372	41
373	66
374	65
375	71
376	90
377	108
378	169
379	209
380	332
381	457
382	661
383	851
384	1064
385	1254
386	1350
387	1440
388	1315
389	1109
390	935
391	728
392	493
393	320
394	169
395	128
396	75
397	52
398	33
399	30
400	21
401	29
402	21
403	22
404	23
405	28
406	29
407	36
408	32
409	33
410	31
411	31
412	34
413	20
414	23
415	24
416	27
417	15
418	12
419	35
420	17
421	20
422	30
423	24
424	22
425	26
426	21
427	32
428	28
429	26
430	35
431	25
432	33
433	29
434	39
435	30
436	31
437	49
438	46
439	61
440	58
441	54
442	44
443	51
444	58
445	58
446	64
447	44
448	56
449	45
450	57
451	54
452	48
453	51
454	55
455	37
456	64
457	62
458	61
459	60
460	72
461	67
462	62
463	67
464	58
465	38
466	51
467	54
468	56
469	56
470	54
471	45
472	66
473	56
474	56
475	46
476	51
477	58
478	40
479	47
480	34
481	34
482	50
483	32
484	42
485	45
486	46
487	35
488	47
489	54
490	62
491	52
492	62
493	49
494	39
495	49
496	52
497	43
498	51
499	50
500	49
501	49
502	60
503	57
504	54
505	52
506	67
507	58
508	59
509	68
510	58
511	53
512	78
513	66
514	55
515	70
516	60
517	57
518	77
519	63
520	59
521	63
522	81
523	68
524	78
525	56
526	95
527	70
528	90
529	82
530	85
531	61
532	84
533	82
534	62
535	60
536	64
537	75
538	67
539	74
540	79
541	55
542	82
543	80
544	65
545	64
546	61
547	64
548	67
549	71
550	49
551	67
552	58
553	64
554	58
555	70
556	63
557	61
558	60
559	52
560	56
561	54
562	58
563	67
564	66
565	64
566	49
567	61
568	72
569	70
570	61
571	63
572	63
573	72
574	61
575	70
576	80
577	72
578	49
579	89
580	65
581	70
582	76
583	60
584	66
585	50
586	79
587	77
588	87
589	82
590	55
591	71
592	76
593	74
594	82
595	77
596	79
597	91
598	73
599	82
600	83
601	72
602	83
603	93
604	71
605	74
606	86
607	77
608	75
609	85
610	71
611	71
612	105
613	63
614	80
615	81
616	96
617	91
618	81
619	93
620	73
621	88
622	89
623	66
624	110
625	77
626	76
627	93
628	88
629	74
630	90
631	83
632	90
633	71
634	77
635	83
636	77
637	88
638	82
639	88
640	100
641	92
642	97
643	69
644	77
645	69
646	73
647	77
648	73
649	94
650	87
651	73
652	91
653	79
654	94
655	102
656	101
657	90
658	72
659	88
660	83
661	77
662	85
663	85
664	86
665	80
666	97
667	106
668	86
669	93
670	74
671	101
672	96
673	100
674	95
675	79
676	87
677	83
678	105
679	99
680	70
681	95
682	104
683	89
684	97
685	103
686	92
687	121
688	107
689	75
690	100
691	102
692	115
693	98
694	106
695	100
696	110
697	122
698	94
699	109
700	94
701	110
702	116
703	101
704	95
705	104
706	127
707	84
708	112
709	107
710	105
711	100
712	103
713	94
714	109
715	122
716	87
717	100
718	94
719	100
720	110
721	108
722	101
723	108
724	112
725	108
726	97
727	104
728	110
729	103
730	124
731	103
732	111
733	115
734	100
735	106
736	107
737	111
738	109
739	107
740	116
741	105
742	130
743	78
744	115
745	102
746	109
747	106
748	124
749	105
750	122
751	112
752	102
753	120
754	121
755	105
756	114
757	100
758	105
759	108
760	123
761	104
762	123
763	140
764	141
765	150
766	179
767	216
768	204
769	210
770	255
771	276
772	261
773	294
774	310
775	261
776	299
777	241
778	213
779	217
780	201
781	171
782	148
783	133
784	125
785	114
786	138
787	102
788	116
789	115
790	115
791	140
792	113
793	112
794	109
795	108
796	120
797	122
798	121
799	132
800	114
801	120
802	125
803	112
804	125
805	119
806	97
807	125
808	112
809	118
810	105
811	112
812	121
813	131
814	125
815	119
816	133
817	130
818	127
819	137
820	108
821	122
822	124
823	130
824	139
825	125
826	118
827	118
828	112
829	126
830	127
831	106
832	129
833	127
834	142
835	119
836	114
837	123
838	128
839	119
840	126
841	136
842	120
843	134
844	136
845	129
846	115
847	125
848	111
849	142
850	139
851	152
852	156
853	163
854	145
855	165
856	149
857	154
858	146
859	198
860	174
861	174
862	192
863	205
864	192
865	179
866	184
867	214
868	204
869	193
870	171
871	216
872	205
873	166
874	209
875	194
876	202
877	195
878	214
879	243
880	230
881	262
882	249
883	250
884	322
885	284
886	314
887	342
888	356
889	370
890	389
891	401
892	377
893	412
894	412
895	454
896	459
897	475
898	429
899	472
900	464
901	443
902	447
903	482
904	426
905	436
906	419
907	423
908	426
909	400
910	368
911	376
912	370
913	327
914	353
915	311
916	266
917	279
918	276
919	223
920	231
921	207
922	218
923	171
924	170
925	187
926	177
927	185
928	188
929	165
930	153
931	139
932	154
933	172
934	149
935	181
936	156
937	132
938	156
939	155
940	162
941	172
942	148
943	179
944	197
945	214
946	226
947	261
948	341
949	305
950	355
951	378
952	361
953	416
954	374
955	398
956	362
957	378
958	374
959	302
960	249
961	235
962	237
963	181
964	168
965	154
966	137
967	131
968	145
969	110
970	106
971	115
972	103
973	108
974	101
975	112
976	100
977	111
978	116
979	121
980	130
981	110
982	125
983	129
984	105
985	112
986	132
987	118
988	144
989	124
990	143
991	135
992	103
993	125
994	144
995	143
996	128
997	143
998	140
999	156
1000	179
1001	155
1002	146
1003	148
1004	152
1005	170
1006	153
1007	146
1008	143
1009	158
1010	151
1011	144
1012	134
1013	116
1014	128
1015	112
1016	129
1017	148
1018	114
1019	130
1020	130
1021	103
1022	101
1023	106
1024	100
