Date:	08/05/2018		Time:	22:34		Version no:	0.00		Project name:	55		Sample name:	222		Section name:	section		Position	373.715027	mm	E0	0.000000	keV	E1	1.000000	keV/channel	sample surface	6.226226	cm	Tube anode:	Mo		Tube voltage:	30	kV	Tube current:	50	mA	gain	10		std. database			resultfile	result		matrix element	11		sample thickness	1.000000		air passage	0.560000	cm	comments	in position		peaking_time	2.200000	m-sec	trigger_threshold	547.363281	V	mca_bin_width	22.090000	no:	number_mca_channels	1024.000000	no:	gap_time	0.150000	m-sec	trigger_peaking_time	0.200000	m-sec	GAINDAC	18610		HIGHGAIN	1		TAURC	1		RCTAU	1		RCTAUFRAC	1		livetime	9.431712	seconds	runtime	10.000490	seconds	input_count_rate	24656.711316	cps	output_count_rate	20098.016001	cps	triggers	232555	seconds	events_in_run	200990	seconds	channel	content		1	0
2	0
3	0
4	0
5	0
6	0
7	0
8	0
9	0
10	0
11	0
12	0
13	0
14	0
15	0
16	0
17	0
18	0
19	0
20	0
21	0
22	0
23	0
24	0
25	0
26	0
27	0
28	0
29	0
30	0
31	15
32	16
33	13
34	6
35	12
36	9
37	11
38	11
39	9
40	9
41	17
42	15
43	10
44	14
45	14
46	12
47	11
48	9
49	17
50	9
51	18
52	13
53	10
54	17
55	12
56	14
57	10
58	14
59	15
60	16
61	9
62	5
63	10
64	7
65	14
66	16
67	12
68	7
69	10
70	6
71	7
72	6
73	7
74	12
75	7
76	7
77	7
78	8
79	7
80	16
81	12
82	16
83	11
84	17
85	9
86	6
87	10
88	6
89	11
90	5
91	12
92	5
93	10
94	8
95	19
96	14
97	14
98	21
99	11
100	5
101	4
102	8
103	12
104	7
105	11
106	12
107	8
108	6
109	6
110	4
111	7
112	7
113	5
114	5
115	1
116	4
117	5
118	6
119	3
120	3
121	0
122	8
123	4
124	3
125	6
126	2
127	8
128	2
129	8
130	8
131	3
132	2
133	4
134	9
135	3
136	10
137	4
138	3
139	3
140	6
141	6
142	1
143	3
144	1
145	2
146	3
147	1
148	5
149	6
150	6
151	5
152	8
153	4
154	4
155	7
156	2
157	6
158	6
159	16
160	13
161	30
162	28
163	27
164	22
165	19
166	11
167	6
168	8
169	5
170	5
171	4
172	4
173	4
174	9
175	5
176	8
177	12
178	12
179	17
180	24
181	26
182	26
183	20
184	17
185	12
186	11
187	15
188	5
189	3
190	9
191	5
192	6
193	5
194	5
195	13
196	25
197	64
198	101
199	171
200	206
201	336
202	368
203	373
204	381
205	319
206	227
207	153
208	72
209	54
210	26
211	18
212	10
213	13
214	15
215	12
216	20
217	26
218	50
219	51
220	65
221	66
222	61
223	50
224	46
225	27
226	13
227	11
228	5
229	6
230	6
231	5
232	3
233	3
234	2
235	2
236	8
237	12
238	5
239	9
240	14
241	20
242	29
243	29
244	68
245	92
246	133
247	132
248	131
249	120
250	117
251	103
252	67
253	53
254	56
255	38
256	39
257	34
258	44
259	23
260	21
261	12
262	11
263	14
264	10
265	19
266	22
267	21
268	34
269	46
270	32
271	48
272	43
273	35
274	37
275	22
276	27
277	14
278	9
279	6
280	8
281	8
282	9
283	6
284	8
285	17
286	12
287	13
288	14
289	18
290	15
291	17
292	15
293	17
294	22
295	22
296	24
297	19
298	11
299	19
300	13
301	11
302	20
303	17
304	6
305	12
306	10
307	19
308	10
309	11
310	9
311	11
312	13
313	9
314	14
315	17
316	30
317	30
318	54
319	66
320	79
321	105
322	115
323	135
324	125
325	114
326	94
327	91
328	53
329	45
330	40
331	25
332	28
333	23
334	36
335	36
336	42
337	55
338	57
339	64
340	131
341	240
342	413
343	704
344	1349
345	2242
346	3262
347	4974
348	6281
349	7557
350	8336
351	8928
352	8419
353	7454
354	5884
355	4353
356	3006
357	1878
358	1176
359	682
360	334
361	175
362	104
363	57
364	55
365	35
366	48
367	43
368	43
369	39
370	52
371	51
372	49
373	55
374	52
375	78
376	90
377	108
378	165
379	246
380	310
381	492
382	692
383	906
384	1183
385	1324
386	1427
387	1427
388	1356
389	1227
390	969
391	767
392	509
393	332
394	219
395	125
396	67
397	52
398	42
399	27
400	19
401	33
402	31
403	30
404	29
405	39
406	33
407	35
408	40
409	31
410	35
411	40
412	30
413	32
414	35
415	26
416	48
417	30
418	30
419	28
420	36
421	31
422	24
423	33
424	26
425	29
426	39
427	32
428	32
429	36
430	27
431	37
432	34
433	35
434	33
435	46
436	54
437	59
438	63
439	54
440	57
441	78
442	63
443	81
444	66
445	63
446	63
447	58
448	56
449	57
450	58
451	56
452	64
453	70
454	60
455	58
456	61
457	85
458	87
459	69
460	88
461	83
462	75
463	56
464	59
465	56
466	42
467	58
468	52
469	64
470	60
471	67
472	60
473	74
474	66
475	53
476	54
477	55
478	41
479	52
480	50
481	49
482	61
483	53
484	47
485	48
486	58
487	70
488	60
489	62
490	56
491	52
492	57
493	57
494	68
495	51
496	61
497	59
498	49
499	52
500	62
501	65
502	62
503	65
504	56
505	81
506	69
507	76
508	66
509	79
510	83
511	73
512	66
513	71
514	78
515	78
516	79
517	70
518	84
519	71
520	73
521	97
522	63
523	69
524	85
525	83
526	75
527	73
528	75
529	96
530	72
531	115
532	76
533	103
534	86
535	79
536	81
537	83
538	85
539	90
540	68
541	87
542	83
543	78
544	70
545	85
546	95
547	83
548	65
549	81
550	73
551	63
552	65
553	74
554	72
555	67
556	82
557	68
558	89
559	76
560	60
561	61
562	68
563	69
564	64
565	84
566	72
567	81
568	69
569	92
570	81
571	76
572	78
573	73
574	77
575	69
576	66
577	75
578	80
579	88
580	95
581	69
582	78
583	72
584	80
585	83
586	82
587	73
588	88
589	89
590	89
591	76
592	88
593	83
594	77
595	78
596	86
597	104
598	92
599	87
600	76
601	79
602	97
603	86
604	78
605	104
606	94
607	75
608	95
609	105
610	79
611	89
612	89
613	81
614	109
615	103
616	95
617	105
618	113
619	93
620	99
621	102
622	81
623	90
624	93
625	111
626	80
627	84
628	80
629	94
630	106
631	98
632	94
633	104
634	81
635	109
636	84
637	105
638	104
639	95
640	90
641	108
642	102
643	79
644	108
645	98
646	92
647	95
648	86
649	115
650	111
651	102
652	120
653	107
654	105
655	110
656	87
657	105
658	111
659	122
660	101
661	94
662	102
663	106
664	104
665	88
666	85
667	95
668	97
669	107
670	96
671	92
672	104
673	110
674	97
675	94
676	84
677	96
678	101
679	116
680	91
681	120
682	97
683	106
684	101
685	101
686	109
687	135
688	121
689	116
690	101
691	112
692	124
693	117
694	117
695	116
696	118
697	134
698	128
699	103
700	123
701	133
702	111
703	132
704	123
705	109
706	129
707	130
708	136
709	113
710	109
711	103
712	111
713	94
714	121
715	105
716	108
717	115
718	108
719	119
720	133
721	120
722	105
723	110
724	132
725	132
726	99
727	128
728	121
729	121
730	117
731	127
732	126
733	127
734	108
735	113
736	130
737	126
738	124
739	125
740	122
741	121
742	119
743	125
744	131
745	110
746	129
747	123
748	119
749	110
750	163
751	115
752	121
753	111
754	114
755	118
756	123
757	105
758	138
759	133
760	124
761	131
762	131
763	158
764	149
765	165
766	190
767	206
768	251
769	281
770	296
771	260
772	302
773	306
774	279
775	262
776	289
777	243
778	223
779	240
780	214
781	177
782	186
783	137
784	138
785	128
786	120
787	141
788	132
789	114
790	109
791	126
792	112
793	129
794	122
795	127
796	125
797	123
798	130
799	122
800	125
801	126
802	142
803	127
804	123
805	118
806	121
807	127
808	136
809	135
810	143
811	120
812	137
813	129
814	160
815	124
816	150
817	147
818	139
819	134
820	138
821	131
822	141
823	143
824	123
825	127
826	141
827	138
828	152
829	136
830	165
831	118
832	156
833	119
834	131
835	149
836	161
837	156
838	139
839	139
840	140
841	145
842	125
843	141
844	151
845	132
846	131
847	141
848	143
849	154
850	158
851	175
852	136
853	142
854	146
855	161
856	168
857	171
858	181
859	160
860	164
861	164
862	193
863	213
864	212
865	199
866	218
867	201
868	205
869	209
870	194
871	230
872	194
873	214
874	228
875	238
876	209
877	217
878	234
879	240
880	214
881	290
882	267
883	280
884	304
885	330
886	360
887	380
888	367
889	371
890	416
891	408
892	450
893	472
894	488
895	461
896	498
897	525
898	456
899	516
900	495
901	534
902	571
903	487
904	496
905	499
906	455
907	488
908	481
909	434
910	420
911	381
912	334
913	363
914	383
915	313
916	293
917	316
918	279
919	245
920	261
921	261
922	235
923	219
924	215
925	201
926	210
927	195
928	187
929	171
930	181
931	182
932	166
933	176
934	172
935	153
936	133
937	125
938	156
939	149
940	162
941	190
942	176
943	192
944	241
945	256
946	278
947	275
948	301
949	288
950	357
951	386
952	399
953	405
954	396
955	396
956	362
957	356
958	382
959	319
960	278
961	262
962	238
963	200
964	200
965	146
966	144
967	155
968	139
969	129
970	114
971	113
972	113
973	114
974	126
975	110
976	127
977	124
978	116
979	137
980	127
981	116
982	125
983	123
984	122
985	123
986	131
987	127
988	160
989	131
990	146
991	142
992	140
993	126
994	143
995	146
996	167
997	160
998	182
999	151
1000	149
1001	163
1002	148
1003	178
1004	164
1005	168
1006	194
1007	168
1008	166
1009	138
1010	166
1011	172
1012	146
1013	158
1014	171
1015	152
1016	123
1017	148
1018	143
1019	125
1020	143
1021	114
1022	110
1023	134
1024	105
