Date:	08/05/2018		Time:	22:47		Version no:	0.00		Project name:	55		Sample name:	222		Section name:	section		Position	387.115021	mm	E0	0.000000	keV	E1	1.000000	keV/channel	sample surface	6.161204	cm	Tube anode:	Mo		Tube voltage:	30	kV	Tube current:	50	mA	gain	10		std. database			resultfile	result		matrix element	11		sample thickness	1.000000		air passage	0.560000	cm	comments	in position		peaking_time	2.200000	m-sec	trigger_threshold	547.363281	V	mca_bin_width	22.090000	no:	number_mca_channels	1024.000000	no:	gap_time	0.150000	m-sec	trigger_peaking_time	0.200000	m-sec	GAINDAC	18610		HIGHGAIN	1		TAURC	1		RCTAU	1		RCTAUFRAC	1		livetime	9.430549	seconds	runtime	10.000491	seconds	input_count_rate	24797.814524	cps	output_count_rate	20265.904539	cps	triggers	233857	seconds	events_in_run	202669	seconds	channel	content		1	0
2	0
3	0
4	0
5	0
6	0
7	0
8	0
9	0
10	0
11	0
12	0
13	0
14	0
15	0
16	0
17	0
18	0
19	0
20	0
21	0
22	0
23	0
24	0
25	0
26	0
27	0
28	0
29	0
30	0
31	12
32	15
33	14
34	13
35	17
36	16
37	13
38	16
39	17
40	15
41	13
42	10
43	22
44	18
45	15
46	20
47	12
48	18
49	13
50	11
51	11
52	10
53	13
54	15
55	7
56	14
57	9
58	13
59	15
60	9
61	7
62	12
63	9
64	12
65	9
66	9
67	7
68	14
69	6
70	8
71	15
72	6
73	11
74	10
75	4
76	8
77	7
78	11
79	10
80	7
81	9
82	11
83	11
84	17
85	16
86	10
87	6
88	5
89	5
90	8
91	7
92	14
93	13
94	11
95	12
96	22
97	16
98	16
99	13
100	17
101	15
102	9
103	5
104	4
105	7
106	8
107	9
108	9
109	11
110	11
111	6
112	9
113	10
114	3
115	1
116	7
117	8
118	3
119	3
120	3
121	5
122	6
123	6
124	7
125	2
126	2
127	8
128	4
129	2
130	3
131	4
132	3
133	7
134	2
135	3
136	2
137	0
138	2
139	8
140	4
141	1
142	10
143	2
144	4
145	8
146	1
147	8
148	4
149	5
150	4
151	5
152	1
153	6
154	4
155	6
156	7
157	9
158	7
159	16
160	19
161	30
162	33
163	21
164	32
165	24
166	15
167	10
168	7
169	7
170	5
171	4
172	3
173	4
174	7
175	8
176	7
177	12
178	11
179	11
180	15
181	26
182	21
183	29
184	22
185	15
186	10
187	8
188	7
189	4
190	7
191	6
192	9
193	6
194	12
195	16
196	41
197	81
198	122
199	182
200	252
201	369
202	425
203	463
204	433
205	385
206	271
207	180
208	119
209	61
210	26
211	18
212	11
213	11
214	20
215	15
216	34
217	44
218	47
219	69
220	83
221	81
222	67
223	55
224	50
225	28
226	19
227	11
228	8
229	2
230	9
231	7
232	3
233	10
234	3
235	3
236	3
237	6
238	9
239	7
240	14
241	28
242	33
243	55
244	80
245	132
246	145
247	192
248	161
249	163
250	131
251	110
252	111
253	73
254	64
255	45
256	45
257	36
258	20
259	28
260	20
261	18
262	20
263	14
264	12
265	12
266	22
267	25
268	35
269	43
270	55
271	53
272	46
273	33
274	31
275	32
276	22
277	22
278	13
279	5
280	6
281	7
282	13
283	5
284	19
285	7
286	11
287	12
288	18
289	11
290	12
291	19
292	16
293	16
294	18
295	22
296	16
297	16
298	15
299	19
300	12
301	19
302	15
303	15
304	13
305	16
306	10
307	17
308	7
309	12
310	12
311	9
312	13
313	14
314	22
315	23
316	14
317	27
318	25
319	50
320	50
321	75
322	83
323	107
324	96
325	94
326	56
327	71
328	58
329	35
330	34
331	41
332	26
333	33
334	20
335	26
336	31
337	36
338	53
339	79
340	125
341	223
342	411
343	748
344	1292
345	2075
346	3338
347	4681
348	6155
349	7512
350	8524
351	8870
352	8307
353	7279
354	5959
355	4509
356	3061
357	1936
358	1203
359	659
360	348
361	205
362	97
363	77
364	44
365	50
366	42
367	47
368	32
369	56
370	54
371	39
372	53
373	55
374	60
375	74
376	89
377	107
378	168
379	216
380	310
381	447
382	661
383	907
384	1120
385	1282
386	1448
387	1465
388	1425
389	1214
390	1002
391	727
392	538
393	359
394	218
395	151
396	97
397	60
398	43
399	28
400	31
401	23
402	34
403	33
404	29
405	33
406	26
407	43
408	23
409	45
410	44
411	23
412	35
413	30
414	32
415	29
416	29
417	23
418	25
419	25
420	29
421	40
422	27
423	33
424	37
425	29
426	35
427	24
428	33
429	29
430	38
431	39
432	36
433	41
434	45
435	44
436	56
437	54
438	66
439	69
440	67
441	73
442	61
443	66
444	68
445	62
446	60
447	56
448	58
449	58
450	54
451	52
452	61
453	51
454	66
455	70
456	59
457	94
458	109
459	75
460	82
461	73
462	87
463	80
464	66
465	52
466	66
467	55
468	47
469	70
470	69
471	72
472	62
473	53
474	57
475	82
476	52
477	58
478	51
479	46
480	51
481	51
482	48
483	54
484	47
485	68
486	72
487	44
488	52
489	55
490	61
491	56
492	51
493	55
494	55
495	43
496	55
497	61
498	76
499	61
500	56
501	61
502	75
503	73
504	80
505	76
506	83
507	81
508	78
509	76
510	77
511	71
512	89
513	69
514	73
515	85
516	62
517	61
518	64
519	86
520	85
521	92
522	70
523	80
524	94
525	78
526	76
527	85
528	100
529	87
530	82
531	90
532	87
533	98
534	84
535	79
536	71
537	66
538	82
539	76
540	74
541	84
542	80
543	81
544	69
545	75
546	73
547	85
548	82
549	78
550	73
551	62
552	73
553	70
554	81
555	72
556	79
557	65
558	65
559	73
560	72
561	53
562	82
563	71
564	77
565	81
566	73
567	87
568	73
569	75
570	74
571	69
572	71
573	85
574	88
575	68
576	87
577	81
578	80
579	94
580	71
581	86
582	96
583	81
584	104
585	71
586	77
587	84
588	81
589	76
590	85
591	87
592	94
593	95
594	78
595	99
596	94
597	91
598	81
599	84
600	88
601	96
602	83
603	89
604	86
605	86
606	72
607	75
608	75
609	98
610	98
611	77
612	77
613	76
614	103
615	97
616	84
617	65
618	109
619	100
620	108
621	83
622	96
623	93
624	91
625	109
626	119
627	103
628	108
629	101
630	94
631	87
632	88
633	86
634	81
635	102
636	97
637	95
638	101
639	102
640	87
641	98
642	89
643	105
644	98
645	97
646	99
647	101
648	104
649	94
650	118
651	115
652	77
653	109
654	106
655	111
656	93
657	96
658	109
659	108
660	88
661	89
662	99
663	105
664	107
665	108
666	80
667	121
668	113
669	113
670	107
671	102
672	110
673	101
674	103
675	100
676	104
677	104
678	113
679	96
680	114
681	119
682	99
683	126
684	79
685	126
686	113
687	84
688	132
689	98
690	120
691	114
692	126
693	108
694	113
695	122
696	119
697	129
698	109
699	110
700	137
701	135
702	111
703	143
704	128
705	128
706	117
707	112
708	125
709	107
710	116
711	119
712	106
713	101
714	131
715	109
716	115
717	118
718	138
719	98
720	112
721	126
722	124
723	113
724	115
725	124
726	118
727	105
728	128
729	138
730	133
731	130
732	121
733	124
734	131
735	138
736	109
737	135
738	113
739	118
740	149
741	119
742	113
743	109
744	118
745	131
746	111
747	117
748	133
749	124
750	116
751	144
752	116
753	121
754	118
755	133
756	97
757	113
758	124
759	132
760	134
761	122
762	154
763	158
764	165
765	166
766	196
767	190
768	225
769	250
770	277
771	253
772	345
773	322
774	295
775	282
776	277
777	279
778	261
779	222
780	189
781	150
782	181
783	171
784	167
785	140
786	132
787	127
788	125
789	136
790	149
791	146
792	140
793	125
794	155
795	125
796	127
797	146
798	140
799	139
800	109
801	131
802	144
803	121
804	124
805	131
806	135
807	138
808	127
809	122
810	126
811	126
812	132
813	142
814	138
815	113
816	128
817	134
818	129
819	143
820	140
821	133
822	135
823	145
824	136
825	137
826	148
827	132
828	148
829	127
830	125
831	136
832	132
833	129
834	129
835	142
836	147
837	138
838	121
839	134
840	142
841	149
842	127
843	122
844	131
845	133
846	128
847	153
848	127
849	148
850	163
851	153
852	135
853	173
854	163
855	162
856	151
857	173
858	178
859	179
860	195
861	190
862	191
863	208
864	219
865	216
866	223
867	211
868	224
869	226
870	220
871	212
872	222
873	218
874	209
875	204
876	209
877	224
878	230
879	272
880	256
881	280
882	289
883	275
884	311
885	309
886	389
887	334
888	370
889	394
890	437
891	438
892	446
893	476
894	479
895	475
896	535
897	505
898	496
899	543
900	575
901	540
902	532
903	527
904	533
905	524
906	494
907	493
908	453
909	465
910	427
911	419
912	400
913	402
914	321
915	346
916	335
917	335
918	304
919	257
920	255
921	272
922	260
923	237
924	239
925	214
926	193
927	182
928	196
929	186
930	198
931	177
932	152
933	167
934	141
935	155
936	146
937	172
938	148
939	157
940	149
941	158
942	172
943	200
944	202
945	255
946	256
947	294
948	314
949	348
950	373
951	400
952	376
953	385
954	442
955	417
956	393
957	344
958	348
959	304
960	296
961	260
962	229
963	200
964	167
965	172
966	154
967	141
968	122
969	120
970	131
971	108
972	111
973	139
974	112
975	128
976	112
977	142
978	106
979	115
980	124
981	119
982	129
983	135
984	126
985	115
986	139
987	142
988	151
989	134
990	143
991	155
992	135
993	142
994	159
995	164
996	158
997	164
998	162
999	178
1000	161
1001	173
1002	170
1003	163
1004	161
1005	168
1006	172
1007	181
1008	167
1009	176
1010	158
1011	141
1012	145
1013	132
1014	133
1015	123
1016	145
1017	167
1018	137
1019	126
1020	130
1021	125
1022	107
1023	117
1024	102
