Date:	08/05/2018		Time:	20:55		Version no:	0.00		Project name:	55		Sample name:	222		Section name:	section		Position	269.915039	mm	E0	0.000000	keV	E1	1.000000	keV/channel	sample surface	5.935977	cm	Tube anode:	Mo		Tube voltage:	30	kV	Tube current:	50	mA	gain	10		std. database			resultfile	result		matrix element	11		sample thickness	1.000000		air passage	0.560000	cm	comments	in position		peaking_time	2.200000	m-sec	trigger_threshold	547.363281	V	mca_bin_width	22.090000	no:	number_mca_channels	1024.000000	no:	gap_time	0.150000	m-sec	trigger_peaking_time	0.200000	m-sec	GAINDAC	18610		HIGHGAIN	1		TAURC	1		RCTAU	1		RCTAUFRAC	1		livetime	9.464791	seconds	runtime	10.000495	seconds	input_count_rate	22417.821536	cps	output_count_rate	18573.080261	cps	triggers	212180	seconds	events_in_run	185740	seconds	channel	content		1	0
2	0
3	0
4	0
5	0
6	0
7	0
8	0
9	0
10	0
11	0
12	0
13	0
14	0
15	0
16	0
17	0
18	0
19	0
20	0
21	0
22	0
23	0
24	0
25	0
26	0
27	0
28	0
29	0
30	0
31	9
32	10
33	18
34	14
35	16
36	14
37	15
38	13
39	12
40	18
41	14
42	14
43	10
44	16
45	18
46	11
47	14
48	9
49	19
50	19
51	16
52	13
53	15
54	13
55	11
56	6
57	17
58	9
59	14
60	10
61	12
62	11
63	10
64	5
65	9
66	9
67	11
68	10
69	6
70	6
71	13
72	6
73	8
74	11
75	8
76	4
77	10
78	9
79	6
80	10
81	12
82	12
83	12
84	15
85	3
86	8
87	5
88	5
89	2
90	10
91	9
92	11
93	11
94	13
95	12
96	17
97	18
98	7
99	5
100	7
101	9
102	5
103	4
104	6
105	3
106	4
107	11
108	11
109	4
110	3
111	12
112	8
113	5
114	9
115	1
116	3
117	8
118	3
119	3
120	4
121	5
122	5
123	4
124	8
125	6
126	4
127	6
128	1
129	4
130	6
131	6
132	5
133	5
134	4
135	3
136	5
137	5
138	9
139	1
140	2
141	3
142	4
143	4
144	2
145	2
146	4
147	5
148	2
149	4
150	3
151	5
152	4
153	2
154	7
155	3
156	2
157	6
158	10
159	10
160	16
161	28
162	37
163	26
164	32
165	23
166	18
167	13
168	5
169	3
170	2
171	8
172	3
173	3
174	8
175	6
176	7
177	11
178	10
179	10
180	16
181	17
182	17
183	12
184	20
185	13
186	10
187	7
188	5
189	5
190	2
191	6
192	3
193	6
194	5
195	11
196	23
197	53
198	78
199	114
200	199
201	242
202	284
203	257
204	289
205	268
206	185
207	120
208	62
209	47
210	29
211	9
212	6
213	6
214	10
215	8
216	18
217	23
218	42
219	48
220	48
221	43
222	50
223	36
224	27
225	28
226	8
227	10
228	11
229	4
230	5
231	1
232	3
233	3
234	2
235	4
236	8
237	4
238	2
239	6
240	10
241	15
242	26
243	55
244	82
245	108
246	107
247	152
248	148
249	128
250	114
251	87
252	67
253	53
254	60
255	39
256	33
257	41
258	32
259	21
260	12
261	13
262	10
263	7
264	12
265	16
266	25
267	15
268	32
269	34
270	37
271	42
272	32
273	33
274	24
275	18
276	13
277	9
278	13
279	9
280	6
281	6
282	6
283	9
284	11
285	10
286	13
287	11
288	14
289	8
290	14
291	12
292	8
293	17
294	15
295	15
296	14
297	8
298	12
299	21
300	14
301	17
302	23
303	15
304	12
305	11
306	14
307	10
308	5
309	11
310	11
311	10
312	11
313	14
314	19
315	23
316	24
317	24
318	41
319	45
320	66
321	94
322	104
323	118
324	110
325	111
326	79
327	55
328	48
329	36
330	39
331	30
332	31
333	25
334	21
335	32
336	27
337	39
338	41
339	52
340	99
341	195
342	339
343	640
344	1071
345	1808
346	2760
347	3882
348	5237
349	6134
350	7032
351	7135
352	6960
353	6077
354	4759
355	3662
356	2560
357	1653
358	948
359	522
360	309
361	133
362	85
363	81
364	52
365	36
366	36
367	23
368	47
369	42
370	44
371	43
372	39
373	33
374	52
375	74
376	57
377	93
378	142
379	177
380	270
381	437
382	601
383	770
384	906
385	1129
386	1279
387	1231
388	1101
389	1001
390	767
391	607
392	430
393	313
394	199
395	103
396	62
397	39
398	36
399	32
400	27
401	29
402	30
403	15
404	28
405	35
406	28
407	25
408	35
409	31
410	29
411	40
412	32
413	34
414	41
415	32
416	26
417	29
418	27
419	30
420	37
421	28
422	21
423	34
424	20
425	33
426	36
427	32
428	22
429	26
430	45
431	27
432	29
433	45
434	35
435	34
436	53
437	46
438	46
439	53
440	70
441	44
442	75
443	67
444	58
445	63
446	60
447	63
448	61
449	52
450	60
451	45
452	55
453	56
454	46
455	57
456	71
457	65
458	62
459	76
460	81
461	81
462	73
463	64
464	61
465	45
466	48
467	45
468	51
469	53
470	35
471	53
472	61
473	60
474	66
475	65
476	55
477	64
478	58
479	49
480	52
481	55
482	48
483	36
484	47
485	56
486	58
487	60
488	51
489	51
490	47
491	61
492	54
493	49
494	69
495	60
496	66
497	66
498	49
499	65
500	41
501	54
502	58
503	56
504	49
505	63
506	59
507	72
508	78
509	77
510	79
511	70
512	74
513	73
514	73
515	80
516	88
517	69
518	76
519	101
520	59
521	63
522	82
523	79
524	93
525	85
526	84
527	91
528	89
529	76
530	89
531	109
532	73
533	86
534	84
535	65
536	72
537	78
538	71
539	84
540	60
541	76
542	81
543	76
544	86
545	73
546	81
547	70
548	80
549	80
550	80
551	76
552	72
553	84
554	68
555	68
556	60
557	61
558	82
559	77
560	60
561	58
562	66
563	58
564	65
565	73
566	80
567	66
568	60
569	67
570	71
571	65
572	76
573	85
574	69
575	71
576	76
577	99
578	73
579	77
580	66
581	69
582	90
583	88
584	64
585	84
586	74
587	79
588	75
589	76
590	65
591	79
592	110
593	83
594	75
595	85
596	90
597	96
598	99
599	80
600	86
601	87
602	92
603	75
604	77
605	96
606	103
607	102
608	91
609	91
610	92
611	107
612	97
613	91
614	97
615	95
616	97
617	90
618	80
619	91
620	89
621	70
622	108
623	88
624	107
625	106
626	103
627	81
628	99
629	116
630	104
631	81
632	83
633	85
634	104
635	122
636	98
637	103
638	96
639	112
640	81
641	90
642	96
643	94
644	102
645	97
646	107
647	109
648	113
649	119
650	118
651	94
652	93
653	103
654	115
655	93
656	89
657	98
658	85
659	117
660	88
661	101
662	105
663	105
664	87
665	84
666	108
667	96
668	113
669	118
670	117
671	107
672	115
673	101
674	93
675	93
676	104
677	115
678	97
679	109
680	98
681	114
682	108
683	91
684	120
685	100
686	116
687	114
688	131
689	103
690	123
691	99
692	115
693	123
694	124
695	123
696	112
697	130
698	122
699	128
700	133
701	132
702	110
703	129
704	110
705	122
706	95
707	124
708	119
709	103
710	131
711	118
712	130
713	134
714	120
715	137
716	110
717	116
718	148
719	124
720	116
721	138
722	128
723	133
724	91
725	103
726	120
727	113
728	127
729	129
730	143
731	122
732	122
733	112
734	109
735	124
736	129
737	135
738	140
739	116
740	115
741	127
742	142
743	119
744	132
745	121
746	117
747	130
748	119
749	136
750	120
751	135
752	120
753	131
754	128
755	136
756	129
757	133
758	134
759	125
760	143
761	147
762	139
763	159
764	146
765	160
766	204
767	212
768	218
769	216
770	278
771	266
772	305
773	291
774	310
775	288
776	257
777	272
778	243
779	211
780	192
781	187
782	143
783	175
784	162
785	136
786	117
787	130
788	140
789	131
790	116
791	143
792	138
793	143
794	136
795	122
796	124
797	133
798	131
799	129
800	134
801	150
802	144
803	143
804	108
805	119
806	125
807	146
808	138
809	151
810	145
811	123
812	146
813	149
814	160
815	143
816	142
817	170
818	164
819	151
820	142
821	139
822	126
823	150
824	147
825	133
826	125
827	138
828	117
829	150
830	130
831	134
832	142
833	147
834	133
835	146
836	129
837	138
838	134
839	144
840	136
841	164
842	156
843	147
844	153
845	152
846	140
847	151
848	123
849	184
850	133
851	151
852	145
853	174
854	160
855	152
856	187
857	215
858	197
859	200
860	169
861	177
862	214
863	208
864	234
865	199
866	208
867	231
868	236
869	203
870	210
871	246
872	224
873	194
874	266
875	205
876	250
877	208
878	264
879	271
880	275
881	267
882	250
883	285
884	294
885	319
886	333
887	381
888	397
889	404
890	434
891	463
892	438
893	509
894	527
895	487
896	548
897	546
898	534
899	523
900	550
901	533
902	532
903	543
904	540
905	502
906	493
907	494
908	443
909	457
910	408
911	422
912	385
913	381
914	369
915	329
916	339
917	325
918	276
919	279
920	261
921	264
922	250
923	240
924	224
925	202
926	200
927	191
928	204
929	170
930	188
931	155
932	174
933	169
934	157
935	169
936	153
937	158
938	162
939	189
940	180
941	189
942	184
943	195
944	227
945	209
946	288
947	268
948	321
949	358
950	339
951	399
952	403
953	406
954	418
955	422
956	384
957	375
958	358
959	336
960	301
961	266
962	228
963	212
964	194
965	170
966	168
967	158
968	136
969	139
970	129
971	141
972	125
973	130
974	108
975	123
976	109
977	148
978	128
979	134
980	125
981	125
982	160
983	149
984	147
985	119
986	128
987	139
988	138
989	129
990	149
991	131
992	151
993	188
994	158
995	170
996	163
997	176
998	151
999	155
1000	198
1001	193
1002	166
1003	168
1004	169
1005	163
1006	184
1007	154
1008	156
1009	173
1010	174
1011	161
1012	147
1013	137
1014	154
1015	145
1016	144
1017	144
1018	134
1019	119
1020	126
1021	136
1022	146
1023	139
1024	126
