Date:	08/05/2018		Time:	20:44		Version no:	0.00		Project name:	55		Sample name:	222		Section name:	section		Position	258.115021	mm	E0	0.000000	keV	E1	1.000000	keV/channel	sample surface	5.936196	cm	Tube anode:	Mo		Tube voltage:	30	kV	Tube current:	50	mA	gain	10		std. database			resultfile	result		matrix element	11		sample thickness	1.000000		air passage	0.560000	cm	comments	in position		peaking_time	2.200000	m-sec	trigger_threshold	547.363281	V	mca_bin_width	22.090000	no:	number_mca_channels	1024.000000	no:	gap_time	0.150000	m-sec	trigger_peaking_time	0.200000	m-sec	GAINDAC	18610		HIGHGAIN	1		TAURC	1		RCTAU	1		RCTAUFRAC	1		livetime	9.476488	seconds	runtime	10.000493	seconds	input_count_rate	21508.917650	cps	output_count_rate	17887.718493	cps	triggers	203829	seconds	events_in_run	178886	seconds	channel	content		1	0
2	0
3	0
4	0
5	0
6	0
7	0
8	0
9	0
10	0
11	0
12	0
13	0
14	0
15	0
16	0
17	0
18	0
19	0
20	0
21	0
22	0
23	0
24	0
25	0
26	0
27	0
28	0
29	0
30	0
31	10
32	12
33	11
34	17
35	12
36	20
37	18
38	19
39	18
40	13
41	19
42	16
43	16
44	20
45	14
46	10
47	15
48	8
49	10
50	18
51	17
52	11
53	16
54	11
55	16
56	8
57	9
58	9
59	9
60	7
61	17
62	8
63	9
64	4
65	7
66	7
67	6
68	6
69	6
70	6
71	8
72	8
73	11
74	9
75	10
76	4
77	7
78	10
79	8
80	7
81	11
82	17
83	12
84	7
85	12
86	11
87	9
88	2
89	4
90	8
91	10
92	3
93	9
94	10
95	12
96	6
97	13
98	9
99	13
100	5
101	6
102	9
103	6
104	7
105	11
106	7
107	3
108	8
109	6
110	10
111	8
112	2
113	2
114	2
115	5
116	6
117	6
118	4
119	3
120	3
121	2
122	5
123	2
124	3
125	5
126	5
127	6
128	7
129	5
130	4
131	9
132	4
133	5
134	3
135	4
136	2
137	4
138	2
139	4
140	2
141	3
142	1
143	5
144	1
145	7
146	4
147	3
148	5
149	5
150	2
151	4
152	5
153	4
154	4
155	4
156	9
157	5
158	8
159	12
160	18
161	21
162	34
163	27
164	35
165	30
166	20
167	6
168	4
169	3
170	10
171	4
172	6
173	2
174	3
175	10
176	3
177	7
178	12
179	7
180	15
181	15
182	20
183	15
184	21
185	14
186	15
187	5
188	4
189	3
190	4
191	5
192	7
193	5
194	9
195	6
196	19
197	34
198	64
199	120
200	175
201	210
202	237
203	249
204	244
205	209
206	153
207	91
208	63
209	32
210	29
211	11
212	5
213	6
214	11
215	15
216	16
217	14
218	28
219	49
220	45
221	46
222	43
223	37
224	28
225	19
226	8
227	11
228	5
229	4
230	2
231	3
232	2
233	5
234	4
235	5
236	2
237	4
238	6
239	4
240	11
241	19
242	35
243	50
244	54
245	111
246	122
247	128
248	141
249	115
250	114
251	94
252	72
253	62
254	41
255	33
256	31
257	23
258	31
259	10
260	18
261	7
262	9
263	11
264	9
265	17
266	13
267	23
268	19
269	53
270	36
271	37
272	31
273	39
274	25
275	16
276	18
277	18
278	16
279	11
280	12
281	11
282	12
283	10
284	11
285	4
286	15
287	15
288	10
289	8
290	9
291	14
292	13
293	11
294	17
295	12
296	21
297	14
298	12
299	15
300	13
301	11
302	18
303	14
304	12
305	4
306	9
307	8
308	6
309	13
310	15
311	5
312	15
313	16
314	12
315	15
316	19
317	24
318	34
319	27
320	37
321	56
322	62
323	63
324	69
325	56
326	38
327	44
328	41
329	28
330	24
331	23
332	20
333	16
334	22
335	27
336	20
337	36
338	53
339	54
340	68
341	156
342	294
343	558
344	911
345	1610
346	2451
347	3431
348	4434
349	5538
350	6320
351	6511
352	6103
353	5441
354	4401
355	3328
356	2233
357	1474
358	944
359	483
360	262
361	120
362	82
363	60
364	45
365	26
366	40
367	45
368	34
369	37
370	34
371	32
372	44
373	44
374	57
375	50
376	71
377	100
378	116
379	180
380	245
381	356
382	519
383	695
384	799
385	1024
386	1066
387	1051
388	1025
389	927
390	758
391	579
392	385
393	247
394	171
395	122
396	64
397	42
398	38
399	31
400	29
401	29
402	17
403	25
404	25
405	29
406	45
407	32
408	40
409	41
410	31
411	49
412	15
413	27
414	32
415	27
416	31
417	31
418	28
419	33
420	26
421	32
422	24
423	29
424	35
425	32
426	29
427	30
428	37
429	35
430	27
431	26
432	38
433	44
434	44
435	41
436	45
437	38
438	60
439	54
440	72
441	58
442	73
443	66
444	59
445	65
446	57
447	46
448	56
449	57
450	57
451	56
452	73
453	62
454	50
455	63
456	88
457	56
458	75
459	76
460	79
461	71
462	70
463	50
464	69
465	68
466	45
467	59
468	40
469	47
470	66
471	43
472	54
473	54
474	62
475	52
476	58
477	60
478	43
479	45
480	58
481	49
482	36
483	40
484	62
485	52
486	53
487	66
488	36
489	54
490	54
491	51
492	70
493	53
494	51
495	60
496	57
497	54
498	65
499	57
500	62
501	67
502	61
503	56
504	76
505	79
506	65
507	60
508	79
509	82
510	70
511	83
512	75
513	61
514	79
515	81
516	65
517	72
518	62
519	75
520	73
521	83
522	86
523	77
524	73
525	82
526	81
527	95
528	81
529	85
530	95
531	78
532	90
533	79
534	88
535	82
536	59
537	84
538	67
539	82
540	90
541	76
542	64
543	74
544	78
545	91
546	70
547	90
548	88
549	79
550	60
551	69
552	83
553	68
554	64
555	69
556	98
557	68
558	75
559	70
560	73
561	67
562	83
563	82
564	65
565	59
566	71
567	63
568	79
569	83
570	81
571	71
572	73
573	70
574	80
575	88
576	105
577	92
578	66
579	68
580	82
581	79
582	73
583	80
584	70
585	89
586	88
587	74
588	98
589	95
590	93
591	81
592	80
593	88
594	91
595	100
596	87
597	81
598	92
599	97
600	91
601	98
602	90
603	94
604	88
605	78
606	84
607	103
608	101
609	100
610	94
611	97
612	83
613	96
614	99
615	93
616	102
617	89
618	91
619	100
620	89
621	105
622	74
623	114
624	73
625	101
626	89
627	76
628	80
629	85
630	117
631	110
632	100
633	89
634	105
635	82
636	101
637	107
638	104
639	83
640	92
641	113
642	117
643	96
644	114
645	99
646	91
647	110
648	104
649	109
650	107
651	109
652	100
653	120
654	87
655	93
656	120
657	97
658	122
659	116
660	115
661	101
662	87
663	91
664	101
665	100
666	93
667	96
668	111
669	85
670	106
671	91
672	116
673	102
674	108
675	107
676	101
677	96
678	130
679	117
680	116
681	130
682	116
683	107
684	125
685	124
686	124
687	112
688	95
689	117
690	122
691	92
692	110
693	112
694	126
695	99
696	121
697	126
698	137
699	124
700	120
701	94
702	126
703	132
704	143
705	116
706	140
707	117
708	107
709	125
710	128
711	106
712	136
713	116
714	106
715	127
716	119
717	109
718	121
719	138
720	133
721	122
722	128
723	124
724	130
725	129
726	129
727	124
728	129
729	122
730	150
731	131
732	129
733	147
734	122
735	154
736	113
737	131
738	131
739	148
740	146
741	133
742	127
743	118
744	125
745	119
746	112
747	116
748	126
749	126
750	145
751	141
752	121
753	140
754	131
755	127
756	141
757	116
758	128
759	130
760	123
761	152
762	134
763	133
764	165
765	174
766	169
767	202
768	222
769	229
770	243
771	256
772	265
773	284
774	282
775	273
776	269
777	262
778	238
779	223
780	190
781	179
782	158
783	158
784	153
785	138
786	136
787	137
788	146
789	139
790	128
791	136
792	127
793	132
794	148
795	132
796	142
797	143
798	129
799	133
800	140
801	136
802	126
803	134
804	123
805	140
806	136
807	138
808	144
809	166
810	146
811	142
812	162
813	148
814	125
815	139
816	151
817	142
818	161
819	154
820	167
821	150
822	143
823	135
824	123
825	146
826	130
827	133
828	135
829	152
830	157
831	146
832	154
833	143
834	141
835	157
836	132
837	145
838	132
839	149
840	147
841	156
842	156
843	144
844	155
845	163
846	162
847	155
848	165
849	156
850	157
851	183
852	176
853	157
854	153
855	165
856	180
857	189
858	176
859	204
860	194
861	208
862	222
863	206
864	209
865	215
866	223
867	221
868	223
869	187
870	208
871	224
872	199
873	221
874	218
875	217
876	252
877	270
878	256
879	256
880	263
881	300
882	307
883	337
884	323
885	348
886	345
887	367
888	426
889	442
890	456
891	458
892	447
893	507
894	502
895	537
896	533
897	537
898	579
899	581
900	562
901	570
902	540
903	563
904	546
905	571
906	519
907	500
908	427
909	474
910	502
911	409
912	406
913	415
914	354
915	361
916	334
917	356
918	310
919	295
920	300
921	236
922	255
923	237
924	233
925	246
926	213
927	176
928	165
929	208
930	208
931	184
932	188
933	172
934	184
935	179
936	174
937	157
938	164
939	170
940	175
941	191
942	214
943	199
944	207
945	241
946	264
947	296
948	328
949	359
950	390
951	405
952	386
953	405
954	404
955	398
956	415
957	378
958	344
959	323
960	311
961	278
962	239
963	204
964	201
965	173
966	175
967	141
968	138
969	119
970	124
971	127
972	125
973	136
974	131
975	139
976	124
977	127
978	127
979	125
980	114
981	136
982	137
983	168
984	124
985	110
986	163
987	137
988	149
989	164
990	166
991	150
992	160
993	167
994	172
995	162
996	151
997	158
998	181
999	182
1000	176
1001	174
1002	146
1003	176
1004	164
1005	174
1006	141
1007	158
1008	142
1009	187
1010	165
1011	164
1012	138
1013	164
1014	156
1015	175
1016	125
1017	146
1018	157
1019	157
1020	118
1021	127
1022	126
1023	123
1024	120
