Date:	08/05/2018		Time:	20:43		Version no:	0.00		Project name:	55		Sample name:	222		Section name:	section		Position	256.915039	mm	E0	0.000000	keV	E1	1.000000	keV/channel	sample surface	5.939071	cm	Tube anode:	Mo		Tube voltage:	30	kV	Tube current:	50	mA	gain	10		std. database			resultfile	result		matrix element	11		sample thickness	1.000000		air passage	0.560000	cm	comments	in position		peaking_time	2.200000	m-sec	trigger_threshold	547.363281	V	mca_bin_width	22.090000	no:	number_mca_channels	1024.000000	no:	gap_time	0.150000	m-sec	trigger_peaking_time	0.200000	m-sec	GAINDAC	18610		HIGHGAIN	1		TAURC	1		RCTAU	1		RCTAUFRAC	1		livetime	9.469686	seconds	runtime	10.000498	seconds	input_count_rate	21728.385852	cps	output_count_rate	18050.601802	cps	triggers	205761	seconds	events_in_run	180515	seconds	channel	content		1	0
2	0
3	0
4	0
5	0
6	0
7	0
8	0
9	0
10	0
11	0
12	0
13	0
14	0
15	0
16	0
17	0
18	0
19	0
20	0
21	0
22	0
23	0
24	0
25	0
26	0
27	0
28	0
29	0
30	0
31	12
32	15
33	19
34	14
35	23
36	13
37	12
38	18
39	12
40	11
41	15
42	12
43	12
44	11
45	12
46	7
47	18
48	11
49	10
50	11
51	12
52	11
53	19
54	14
55	12
56	8
57	9
58	10
59	15
60	4
61	15
62	4
63	10
64	6
65	15
66	5
67	11
68	10
69	2
70	9
71	9
72	11
73	10
74	5
75	12
76	6
77	12
78	8
79	9
80	11
81	8
82	10
83	15
84	5
85	8
86	6
87	11
88	7
89	5
90	0
91	11
92	8
93	8
94	5
95	12
96	13
97	23
98	15
99	13
100	6
101	9
102	7
103	9
104	5
105	6
106	9
107	14
108	12
109	4
110	7
111	8
112	4
113	9
114	6
115	7
116	3
117	4
118	4
119	4
120	1
121	3
122	5
123	4
124	3
125	2
126	7
127	3
128	10
129	2
130	3
131	3
132	4
133	4
134	5
135	6
136	1
137	2
138	1
139	2
140	3
141	3
142	0
143	3
144	6
145	2
146	3
147	4
148	4
149	3
150	2
151	1
152	3
153	2
154	5
155	5
156	0
157	5
158	13
159	16
160	18
161	21
162	25
163	31
164	32
165	25
166	12
167	12
168	6
169	7
170	5
171	5
172	3
173	3
174	9
175	4
176	9
177	13
178	5
179	16
180	10
181	15
182	15
183	23
184	20
185	18
186	9
187	4
188	3
189	6
190	4
191	3
192	2
193	4
194	11
195	13
196	17
197	42
198	68
199	119
200	159
201	214
202	259
203	268
204	242
205	216
206	156
207	80
208	79
209	36
210	23
211	9
212	9
213	9
214	3
215	12
216	19
217	33
218	33
219	48
220	51
221	44
222	41
223	34
224	21
225	12
226	11
227	3
228	6
229	10
230	6
231	7
232	7
233	3
234	3
235	3
236	4
237	4
238	7
239	11
240	7
241	17
242	34
243	69
244	71
245	96
246	134
247	153
248	120
249	115
250	94
251	82
252	67
253	42
254	41
255	35
256	27
257	21
258	29
259	32
260	16
261	12
262	10
263	8
264	13
265	12
266	14
267	22
268	33
269	28
270	42
271	37
272	33
273	41
274	26
275	18
276	22
277	12
278	14
279	10
280	11
281	7
282	4
283	7
284	11
285	11
286	10
287	14
288	11
289	13
290	6
291	10
292	16
293	20
294	10
295	14
296	15
297	14
298	16
299	17
300	15
301	10
302	9
303	7
304	10
305	15
306	11
307	9
308	7
309	9
310	10
311	12
312	13
313	18
314	9
315	14
316	20
317	20
318	19
319	40
320	47
321	68
322	61
323	76
324	77
325	65
326	57
327	43
328	38
329	25
330	28
331	25
332	20
333	23
334	18
335	32
336	29
337	22
338	44
339	44
340	81
341	171
342	277
343	541
344	954
345	1561
346	2484
347	3437
348	4487
349	5561
350	6416
351	6515
352	6357
353	5391
354	4465
355	3244
356	2334
357	1548
358	870
359	524
360	279
361	144
362	90
363	59
364	40
365	25
366	39
367	33
368	25
369	21
370	39
371	34
372	32
373	46
374	43
375	48
376	65
377	92
378	112
379	166
380	254
381	363
382	522
383	683
384	875
385	981
386	1091
387	1172
388	1078
389	931
390	735
391	573
392	389
393	298
394	177
395	120
396	68
397	35
398	22
399	33
400	30
401	22
402	30
403	23
404	30
405	26
406	28
407	32
408	26
409	44
410	44
411	38
412	41
413	26
414	28
415	24
416	22
417	25
418	20
419	23
420	21
421	31
422	30
423	29
424	32
425	32
426	42
427	32
428	25
429	22
430	38
431	36
432	32
433	35
434	38
435	40
436	38
437	50
438	47
439	69
440	64
441	73
442	73
443	55
444	66
445	64
446	63
447	62
448	53
449	50
450	48
451	44
452	53
453	52
454	53
455	54
456	66
457	68
458	57
459	69
460	83
461	70
462	70
463	69
464	65
465	69
466	54
467	61
468	54
469	63
470	46
471	59
472	72
473	73
474	57
475	60
476	64
477	48
478	62
479	46
480	49
481	41
482	40
483	44
484	45
485	45
486	44
487	51
488	57
489	58
490	55
491	47
492	65
493	56
494	38
495	46
496	60
497	47
498	68
499	64
500	59
501	62
502	51
503	66
504	69
505	80
506	79
507	61
508	71
509	69
510	68
511	73
512	87
513	66
514	78
515	84
516	70
517	72
518	94
519	76
520	65
521	88
522	83
523	78
524	87
525	90
526	102
527	93
528	111
529	108
530	90
531	78
532	92
533	92
534	75
535	91
536	81
537	57
538	73
539	69
540	86
541	71
542	91
543	79
544	82
545	92
546	81
547	79
548	84
549	82
550	72
551	74
552	74
553	80
554	86
555	87
556	79
557	74
558	74
559	68
560	84
561	50
562	74
563	80
564	69
565	72
566	65
567	101
568	77
569	77
570	82
571	88
572	90
573	84
574	66
575	96
576	77
577	66
578	92
579	86
580	83
581	87
582	87
583	98
584	88
585	98
586	93
587	94
588	73
589	81
590	90
591	103
592	91
593	91
594	84
595	98
596	72
597	86
598	83
599	88
600	100
601	90
602	86
603	82
604	94
605	91
606	84
607	81
608	97
609	91
610	87
611	101
612	87
613	99
614	76
615	99
616	85
617	113
618	110
619	100
620	109
621	109
622	111
623	93
624	96
625	87
626	90
627	90
628	92
629	107
630	94
631	92
632	85
633	93
634	87
635	103
636	90
637	97
638	110
639	99
640	81
641	98
642	101
643	101
644	102
645	91
646	92
647	99
648	99
649	92
650	104
651	99
652	95
653	103
654	114
655	117
656	98
657	122
658	108
659	102
660	103
661	104
662	104
663	98
664	101
665	96
666	115
667	128
668	119
669	114
670	93
671	109
672	106
673	110
674	106
675	128
676	121
677	95
678	118
679	119
680	105
681	127
682	105
683	131
684	102
685	98
686	119
687	115
688	108
689	104
690	125
691	131
692	123
693	96
694	122
695	151
696	137
697	100
698	114
699	136
700	139
701	135
702	120
703	126
704	115
705	102
706	85
707	120
708	127
709	110
710	126
711	131
712	124
713	118
714	119
715	121
716	115
717	119
718	125
719	102
720	129
721	93
722	107
723	126
724	112
725	112
726	128
727	138
728	113
729	114
730	131
731	148
732	120
733	143
734	136
735	133
736	142
737	133
738	124
739	134
740	137
741	127
742	126
743	119
744	113
745	142
746	110
747	124
748	109
749	130
750	129
751	136
752	118
753	117
754	137
755	118
756	135
757	147
758	123
759	132
760	156
761	137
762	143
763	175
764	165
765	180
766	165
767	203
768	253
769	235
770	265
771	282
772	277
773	306
774	272
775	265
776	292
777	266
778	247
779	225
780	209
781	180
782	156
783	138
784	160
785	135
786	149
787	151
788	128
789	145
790	131
791	133
792	144
793	138
794	124
795	147
796	140
797	142
798	153
799	122
800	135
801	125
802	129
803	125
804	151
805	145
806	151
807	149
808	154
809	165
810	156
811	150
812	139
813	143
814	131
815	160
816	160
817	163
818	160
819	128
820	143
821	130
822	149
823	137
824	161
825	144
826	138
827	140
828	124
829	140
830	145
831	141
832	143
833	120
834	152
835	157
836	149
837	145
838	151
839	144
840	116
841	133
842	144
843	158
844	162
845	151
846	158
847	160
848	144
849	133
850	169
851	151
852	153
853	171
854	179
855	188
856	188
857	174
858	180
859	169
860	192
861	196
862	204
863	229
864	212
865	221
866	202
867	235
868	221
869	181
870	222
871	202
872	210
873	199
874	255
875	201
876	236
877	229
878	250
879	278
880	264
881	278
882	315
883	292
884	308
885	389
886	370
887	389
888	434
889	396
890	462
891	529
892	491
893	506
894	537
895	552
896	517
897	508
898	567
899	568
900	559
901	576
902	565
903	549
904	574
905	595
906	490
907	528
908	485
909	480
910	457
911	416
912	431
913	365
914	379
915	388
916	356
917	284
918	363
919	270
920	275
921	250
922	249
923	231
924	245
925	231
926	208
927	194
928	212
929	189
930	196
931	162
932	156
933	165
934	164
935	161
936	176
937	167
938	161
939	160
940	186
941	191
942	181
943	206
944	245
945	226
946	283
947	321
948	315
949	359
950	367
951	429
952	442
953	415
954	441
955	431
956	416
957	393
958	351
959	319
960	330
961	274
962	287
963	216
964	185
965	175
966	163
967	155
968	110
969	141
970	126
971	140
972	116
973	127
974	125
975	137
976	128
977	113
978	138
979	130
980	119
981	135
982	137
983	138
984	150
985	118
986	154
987	146
988	127
989	167
990	149
991	152
992	160
993	143
994	158
995	156
996	160
997	175
998	182
999	164
1000	191
1001	187
1002	169
1003	174
1004	180
1005	183
1006	171
1007	184
1008	176
1009	175
1010	154
1011	157
1012	163
1013	148
1014	138
1015	149
1016	149
1017	152
1018	136
1019	137
1020	137
1021	134
1022	129
1023	117
1024	104
