Date:	08/05/2018		Time:	21:17		Version no:	0.00		Project name:	55		Sample name:	222		Section name:	section		Position	292.915039	mm	E0	0.000000	keV	E1	1.000000	keV/channel	sample surface	5.962594	cm	Tube anode:	Mo		Tube voltage:	30	kV	Tube current:	50	mA	gain	10		std. database			resultfile	result		matrix element	11		sample thickness	1.000000		air passage	0.560000	cm	comments	in position		peaking_time	2.200000	m-sec	trigger_threshold	547.363281	V	mca_bin_width	22.090000	no:	number_mca_channels	1024.000000	no:	gap_time	0.150000	m-sec	trigger_peaking_time	0.200000	m-sec	GAINDAC	18610		HIGHGAIN	1		TAURC	1		RCTAU	1		RCTAUFRAC	1		livetime	9.440398	seconds	runtime	10.000490	seconds	input_count_rate	23635.019471	cps	output_count_rate	19401.148568	cps	triggers	223124	seconds	events_in_run	194021	seconds	channel	content		1	0
2	0
3	0
4	0
5	0
6	0
7	0
8	0
9	0
10	0
11	0
12	0
13	0
14	0
15	0
16	0
17	0
18	0
19	0
20	0
21	0
22	0
23	0
24	0
25	0
26	0
27	0
28	0
29	0
30	0
31	14
32	14
33	10
34	17
35	16
36	18
37	11
38	15
39	17
40	12
41	12
42	16
43	13
44	13
45	21
46	15
47	6
48	16
49	12
50	9
51	13
52	19
53	15
54	13
55	3
56	16
57	16
58	17
59	7
60	19
61	8
62	8
63	7
64	12
65	9
66	10
67	15
68	13
69	10
70	6
71	10
72	12
73	10
74	8
75	6
76	10
77	10
78	8
79	8
80	16
81	11
82	6
83	10
84	8
85	7
86	7
87	5
88	8
89	4
90	2
91	11
92	12
93	14
94	11
95	18
96	18
97	21
98	10
99	13
100	9
101	11
102	8
103	9
104	8
105	8
106	13
107	16
108	10
109	7
110	9
111	5
112	6
113	3
114	9
115	5
116	5
117	6
118	7
119	3
120	9
121	5
122	3
123	8
124	5
125	7
126	2
127	2
128	6
129	6
130	1
131	8
132	3
133	5
134	6
135	5
136	4
137	2
138	4
139	3
140	7
141	2
142	6
143	3
144	4
145	2
146	7
147	3
148	2
149	5
150	4
151	3
152	7
153	5
154	4
155	11
156	0
157	11
158	13
159	9
160	18
161	26
162	25
163	27
164	23
165	33
166	18
167	12
168	7
169	7
170	2
171	6
172	5
173	6
174	4
175	7
176	8
177	2
178	11
179	19
180	13
181	19
182	19
183	22
184	17
185	9
186	9
187	10
188	7
189	3
190	3
191	2
192	3
193	2
194	11
195	20
196	30
197	41
198	103
199	135
200	218
201	264
202	333
203	334
204	336
205	284
206	209
207	112
208	81
209	54
210	28
211	16
212	9
213	10
214	9
215	21
216	29
217	28
218	35
219	48
220	70
221	58
222	50
223	42
224	39
225	18
226	16
227	12
228	9
229	9
230	5
231	3
232	7
233	1
234	2
235	2
236	10
237	4
238	5
239	8
240	11
241	21
242	40
243	69
244	101
245	140
246	169
247	185
248	207
249	183
250	169
251	110
252	84
253	59
254	65
255	45
256	41
257	37
258	19
259	15
260	20
261	20
262	12
263	12
264	11
265	16
266	25
267	20
268	36
269	37
270	47
271	51
272	49
273	40
274	32
275	18
276	25
277	13
278	17
279	10
280	9
281	12
282	13
283	17
284	7
285	11
286	13
287	14
288	19
289	14
290	8
291	12
292	18
293	10
294	15
295	22
296	23
297	19
298	11
299	12
300	14
301	14
302	13
303	8
304	10
305	13
306	17
307	5
308	15
309	12
310	12
311	13
312	20
313	10
314	18
315	23
316	32
317	55
318	81
319	104
320	116
321	161
322	214
323	220
324	189
325	193
326	166
327	137
328	96
329	71
330	45
331	39
332	27
333	27
334	32
335	26
336	33
337	42
338	50
339	68
340	94
341	183
342	370
343	631
344	1098
345	1808
346	2819
347	4034
348	5435
349	6587
350	7283
351	7449
352	7237
353	6558
354	5132
355	3970
356	2693
357	1779
358	1032
359	589
360	296
361	183
362	110
363	67
364	48
365	44
366	34
367	44
368	42
369	45
370	46
371	39
372	52
373	54
374	47
375	59
376	73
377	92
378	170
379	223
380	274
381	394
382	580
383	762
384	959
385	1100
386	1200
387	1225
388	1209
389	1096
390	846
391	632
392	523
393	313
394	189
395	129
396	76
397	58
398	46
399	23
400	28
401	34
402	24
403	28
404	35
405	33
406	44
407	42
408	26
409	34
410	30
411	31
412	34
413	28
414	23
415	22
416	37
417	26
418	31
419	31
420	34
421	26
422	30
423	27
424	24
425	29
426	44
427	31
428	28
429	32
430	36
431	38
432	37
433	39
434	42
435	42
436	50
437	57
438	57
439	60
440	56
441	58
442	65
443	65
444	55
445	63
446	38
447	58
448	59
449	64
450	59
451	42
452	54
453	57
454	73
455	59
456	67
457	76
458	64
459	81
460	101
461	72
462	77
463	72
464	60
465	57
466	65
467	58
468	63
469	61
470	64
471	57
472	64
473	58
474	60
475	61
476	61
477	58
478	58
479	50
480	57
481	43
482	57
483	43
484	60
485	45
486	53
487	35
488	48
489	50
490	55
491	58
492	56
493	41
494	42
495	64
496	46
497	64
498	67
499	56
500	70
501	64
502	58
503	60
504	66
505	71
506	69
507	91
508	70
509	76
510	63
511	72
512	71
513	67
514	74
515	83
516	72
517	82
518	76
519	84
520	57
521	67
522	85
523	81
524	75
525	91
526	106
527	101
528	93
529	82
530	74
531	112
532	70
533	94
534	92
535	80
536	80
537	80
538	81
539	69
540	82
541	97
542	77
543	59
544	89
545	83
546	82
547	85
548	73
549	85
550	79
551	87
552	73
553	72
554	58
555	69
556	76
557	79
558	72
559	78
560	72
561	72
562	55
563	72
564	72
565	77
566	82
567	84
568	76
569	73
570	81
571	87
572	76
573	84
574	79
575	109
576	71
577	86
578	89
579	68
580	100
581	74
582	72
583	96
584	105
585	90
586	96
587	95
588	84
589	68
590	100
591	90
592	83
593	93
594	85
595	96
596	89
597	78
598	73
599	103
600	103
601	108
602	75
603	91
604	107
605	106
606	89
607	84
608	108
609	84
610	95
611	93
612	94
613	79
614	104
615	83
616	91
617	100
618	100
619	76
620	110
621	76
622	98
623	105
624	101
625	106
626	96
627	83
628	88
629	97
630	112
631	97
632	94
633	84
634	104
635	94
636	99
637	129
638	110
639	102
640	109
641	97
642	97
643	105
644	106
645	98
646	120
647	118
648	121
649	111
650	106
651	126
652	96
653	113
654	114
655	127
656	116
657	119
658	108
659	93
660	100
661	98
662	99
663	123
664	94
665	103
666	87
667	114
668	99
669	109
670	119
671	95
672	101
673	124
674	87
675	117
676	109
677	110
678	90
679	107
680	123
681	108
682	97
683	111
684	122
685	134
686	125
687	135
688	117
689	102
690	107
691	108
692	107
693	124
694	112
695	121
696	134
697	128
698	130
699	105
700	131
701	126
702	120
703	132
704	109
705	109
706	121
707	116
708	125
709	137
710	103
711	107
712	124
713	133
714	115
715	142
716	115
717	117
718	118
719	121
720	108
721	113
722	140
723	142
724	101
725	96
726	119
727	141
728	123
729	89
730	120
731	126
732	123
733	135
734	158
735	136
736	123
737	117
738	123
739	139
740	110
741	120
742	121
743	129
744	129
745	129
746	133
747	109
748	141
749	119
750	107
751	133
752	117
753	114
754	117
755	131
756	128
757	133
758	129
759	113
760	119
761	133
762	135
763	138
764	165
765	170
766	182
767	206
768	188
769	241
770	259
771	242
772	248
773	279
774	277
775	291
776	290
777	243
778	222
779	222
780	204
781	181
782	144
783	167
784	159
785	132
786	140
787	144
788	146
789	134
790	128
791	108
792	157
793	114
794	145
795	127
796	156
797	136
798	130
799	129
800	126
801	121
802	136
803	129
804	137
805	142
806	126
807	119
808	131
809	132
810	147
811	146
812	129
813	158
814	130
815	135
816	161
817	163
818	150
819	131
820	118
821	150
822	133
823	187
824	136
825	146
826	127
827	141
828	144
829	144
830	135
831	151
832	143
833	141
834	155
835	148
836	152
837	158
838	135
839	166
840	153
841	145
842	140
843	150
844	144
845	166
846	185
847	151
848	178
849	163
850	155
851	176
852	148
853	175
854	161
855	163
856	169
857	197
858	181
859	195
860	189
861	226
862	210
863	212
864	228
865	192
866	235
867	202
868	194
869	214
870	206
871	213
872	199
873	186
874	243
875	228
876	216
877	234
878	259
879	253
880	265
881	304
882	303
883	327
884	314
885	346
886	370
887	383
888	386
889	397
890	461
891	450
892	466
893	502
894	539
895	494
896	500
897	545
898	548
899	558
900	578
901	569
902	546
903	576
904	593
905	572
906	549
907	509
908	472
909	518
910	510
911	443
912	407
913	399
914	383
915	361
916	327
917	342
918	315
919	298
920	288
921	272
922	259
923	245
924	255
925	216
926	229
927	191
928	234
929	198
930	197
931	175
932	144
933	187
934	172
935	152
936	176
937	139
938	178
939	153
940	165
941	200
942	176
943	203
944	220
945	245
946	283
947	312
948	341
949	360
950	378
951	456
952	418
953	423
954	439
955	442
956	378
957	398
958	377
959	324
960	296
961	247
962	279
963	234
964	183
965	167
966	152
967	144
968	133
969	134
970	134
971	125
972	121
973	123
974	135
975	119
976	124
977	131
978	132
979	114
980	107
981	155
982	163
983	119
984	150
985	125
986	149
987	134
988	162
989	137
990	153
991	178
992	157
993	149
994	152
995	163
996	141
997	164
998	158
999	179
1000	184
1001	191
1002	172
1003	182
1004	165
1005	150
1006	150
1007	196
1008	184
1009	187
1010	169
1011	176
1012	158
1013	148
1014	151
1015	143
1016	150
1017	140
1018	142
1019	127
1020	111
1021	126
1022	128
1023	138
1024	136
