Date:	08/05/2018		Time:	23:27		Version no:	0.00		Project name:	55		Sample name:	222		Section name:	section		Position	429.515045	mm	E0	0.000000	keV	E1	1.000000	keV/channel	sample surface	6.258326	cm	Tube anode:	Mo		Tube voltage:	30	kV	Tube current:	50	mA	gain	10		std. database			resultfile	result		matrix element	11		sample thickness	1.000000		air passage	0.560000	cm	comments	in position		peaking_time	2.200000	m-sec	trigger_threshold	547.363281	V	mca_bin_width	22.090000	no:	number_mca_channels	1024.000000	no:	gap_time	0.150000	m-sec	trigger_peaking_time	0.200000	m-sec	GAINDAC	18610		HIGHGAIN	1		TAURC	1		RCTAU	1		RCTAUFRAC	1		livetime	9.400233	seconds	runtime	10.000495	seconds	input_count_rate	25763.617259	cps	output_count_rate	20828.668564	cps	triggers	242184	seconds	events_in_run	208297	seconds	channel	content		1	0
2	0
3	0
4	0
5	0
6	0
7	0
8	0
9	0
10	0
11	0
12	0
13	0
14	0
15	0
16	0
17	0
18	0
19	0
20	0
21	0
22	0
23	0
24	0
25	0
26	0
27	0
28	0
29	0
30	0
31	14
32	13
33	15
34	18
35	14
36	12
37	14
38	17
39	21
40	16
41	16
42	16
43	17
44	14
45	18
46	16
47	15
48	12
49	13
50	17
51	16
52	11
53	11
54	9
55	14
56	7
57	17
58	8
59	9
60	12
61	13
62	14
63	5
64	13
65	9
66	7
67	10
68	10
69	6
70	8
71	6
72	11
73	4
74	11
75	8
76	8
77	7
78	7
79	8
80	16
81	11
82	15
83	21
84	9
85	8
86	6
87	9
88	4
89	11
90	8
91	5
92	11
93	14
94	16
95	22
96	15
97	18
98	18
99	20
100	5
101	8
102	9
103	10
104	12
105	4
106	10
107	7
108	8
109	9
110	9
111	5
112	9
113	7
114	3
115	9
116	5
117	4
118	6
119	6
120	6
121	6
122	2
123	3
124	4
125	3
126	5
127	2
128	6
129	0
130	5
131	3
132	3
133	6
134	5
135	5
136	3
137	2
138	1
139	8
140	1
141	1
142	3
143	2
144	6
145	4
146	3
147	5
148	1
149	6
150	6
151	4
152	3
153	9
154	4
155	5
156	3
157	7
158	8
159	15
160	15
161	20
162	23
163	23
164	30
165	18
166	19
167	8
168	11
169	3
170	4
171	3
172	1
173	7
174	10
175	6
176	8
177	8
178	18
179	14
180	32
181	32
182	23
183	33
184	24
185	23
186	10
187	11
188	7
189	7
190	5
191	9
192	4
193	10
194	8
195	28
196	23
197	63
198	105
199	163
200	241
201	321
202	401
203	399
204	390
205	336
206	257
207	147
208	91
209	51
210	31
211	7
212	14
213	6
214	12
215	14
216	26
217	29
218	59
219	51
220	78
221	88
222	81
223	62
224	33
225	27
226	21
227	14
228	7
229	8
230	4
231	8
232	3
233	7
234	6
235	6
236	7
237	9
238	9
239	6
240	21
241	21
242	41
243	73
244	111
245	98
246	153
247	168
248	186
249	185
250	135
251	127
252	90
253	72
254	62
255	48
256	36
257	36
258	24
259	24
260	22
261	16
262	16
263	18
264	15
265	20
266	17
267	31
268	27
269	44
270	44
271	48
272	42
273	34
274	35
275	29
276	22
277	17
278	13
279	6
280	19
281	15
282	9
283	9
284	9
285	15
286	14
287	12
288	15
289	17
290	13
291	25
292	13
293	16
294	19
295	11
296	20
297	17
298	22
299	23
300	17
301	16
302	12
303	16
304	9
305	14
306	22
307	19
308	12
309	13
310	13
311	7
312	15
313	14
314	16
315	9
316	21
317	45
318	56
319	77
320	106
321	123
322	137
323	160
324	139
325	156
326	116
327	78
328	70
329	49
330	39
331	40
332	27
333	31
334	28
335	43
336	43
337	36
338	50
339	77
340	130
341	201
342	386
343	707
344	1316
345	2110
346	3225
347	4494
348	6046
349	7471
350	8258
351	8570
352	8181
353	7040
354	5877
355	4312
356	3039
357	1931
358	1156
359	639
360	341
361	204
362	111
363	71
364	53
365	54
366	39
367	37
368	49
369	51
370	45
371	49
372	54
373	61
374	65
375	72
376	81
377	120
378	142
379	250
380	338
381	508
382	645
383	917
384	1080
385	1295
386	1402
387	1396
388	1345
389	1160
390	979
391	715
392	552
393	357
394	236
395	123
396	77
397	49
398	38
399	36
400	33
401	40
402	33
403	27
404	33
405	32
406	33
407	40
408	44
409	43
410	38
411	37
412	48
413	37
414	38
415	30
416	38
417	38
418	34
419	39
420	36
421	27
422	32
423	32
424	37
425	36
426	32
427	42
428	52
429	38
430	45
431	49
432	31
433	51
434	52
435	64
436	57
437	50
438	69
439	68
440	72
441	82
442	81
443	78
444	72
445	79
446	78
447	82
448	77
449	66
450	59
451	73
452	69
453	59
454	78
455	79
456	78
457	89
458	71
459	95
460	79
461	84
462	89
463	83
464	69
465	65
466	67
467	52
468	61
469	62
470	66
471	92
472	70
473	64
474	69
475	56
476	60
477	56
478	68
479	75
480	56
481	81
482	42
483	51
484	49
485	66
486	69
487	70
488	65
489	60
490	80
491	71
492	60
493	58
494	69
495	55
496	61
497	65
498	77
499	74
500	76
501	82
502	77
503	72
504	78
505	76
506	77
507	71
508	78
509	100
510	77
511	79
512	94
513	81
514	105
515	79
516	101
517	87
518	82
519	82
520	79
521	75
522	91
523	81
524	110
525	107
526	109
527	113
528	102
529	83
530	98
531	94
532	87
533	98
534	110
535	75
536	76
537	83
538	75
539	76
540	88
541	85
542	75
543	98
544	86
545	83
546	95
547	85
548	86
549	98
550	81
551	88
552	79
553	79
554	96
555	77
556	86
557	71
558	74
559	100
560	74
561	87
562	78
563	93
564	85
565	88
566	74
567	84
568	71
569	90
570	83
571	69
572	81
573	80
574	83
575	102
576	102
577	82
578	98
579	88
580	92
581	103
582	109
583	78
584	99
585	99
586	81
587	79
588	100
589	96
590	83
591	90
592	78
593	93
594	104
595	97
596	87
597	93
598	101
599	90
600	107
601	96
602	89
603	103
604	96
605	106
606	89
607	90
608	97
609	108
610	101
611	93
612	98
613	107
614	103
615	103
616	98
617	93
618	98
619	118
620	104
621	89
622	108
623	109
624	92
625	110
626	103
627	101
628	80
629	113
630	101
631	97
632	102
633	96
634	121
635	95
636	115
637	91
638	119
639	112
640	115
641	116
642	109
643	111
644	93
645	111
646	117
647	120
648	106
649	113
650	123
651	106
652	117
653	108
654	121
655	98
656	107
657	122
658	105
659	103
660	137
661	111
662	105
663	111
664	131
665	108
666	125
667	123
668	98
669	110
670	114
671	126
672	114
673	119
674	116
675	97
676	113
677	115
678	123
679	112
680	125
681	108
682	100
683	108
684	106
685	110
686	125
687	123
688	111
689	152
690	118
691	121
692	117
693	127
694	142
695	132
696	129
697	145
698	113
699	149
700	127
701	138
702	141
703	145
704	129
705	117
706	121
707	109
708	124
709	122
710	113
711	125
712	118
713	113
714	116
715	125
716	124
717	139
718	118
719	151
720	121
721	146
722	109
723	115
724	135
725	136
726	143
727	107
728	149
729	126
730	144
731	127
732	126
733	154
734	113
735	140
736	118
737	139
738	136
739	141
740	132
741	140
742	142
743	143
744	147
745	116
746	121
747	160
748	121
749	125
750	163
751	158
752	126
753	155
754	141
755	139
756	133
757	130
758	123
759	128
760	140
761	143
762	154
763	147
764	162
765	179
766	204
767	236
768	217
769	251
770	280
771	290
772	343
773	302
774	357
775	309
776	307
777	292
778	266
779	242
780	230
781	208
782	171
783	158
784	159
785	136
786	145
787	145
788	133
789	144
790	123
791	131
792	136
793	145
794	153
795	144
796	145
797	131
798	156
799	143
800	134
801	157
802	138
803	139
804	157
805	138
806	137
807	126
808	135
809	126
810	136
811	145
812	139
813	169
814	137
815	123
816	172
817	131
818	170
819	145
820	158
821	147
822	140
823	157
824	157
825	159
826	129
827	144
828	137
829	133
830	136
831	159
832	158
833	154
834	142
835	147
836	133
837	177
838	148
839	164
840	121
841	160
842	181
843	141
844	155
845	149
846	149
847	156
848	141
849	147
850	151
851	178
852	190
853	186
854	188
855	179
856	168
857	175
858	193
859	201
860	185
861	197
862	225
863	193
864	215
865	216
866	216
867	219
868	214
869	197
870	217
871	213
872	226
873	214
874	237
875	234
876	216
877	253
878	290
879	245
880	292
881	290
882	291
883	291
884	308
885	361
886	348
887	367
888	378
889	390
890	449
891	444
892	507
893	477
894	532
895	546
896	562
897	549
898	536
899	550
900	584
901	589
902	616
903	574
904	487
905	519
906	550
907	487
908	531
909	503
910	497
911	480
912	435
913	397
914	363
915	384
916	334
917	282
918	290
919	302
920	265
921	284
922	256
923	238
924	216
925	224
926	197
927	206
928	208
929	186
930	215
931	169
932	171
933	195
934	183
935	185
936	167
937	162
938	172
939	177
940	151
941	193
942	220
943	231
944	234
945	247
946	294
947	294
948	328
949	392
950	398
951	416
952	435
953	392
954	460
955	463
956	410
957	418
958	366
959	343
960	305
961	254
962	216
963	219
964	193
965	180
966	152
967	162
968	124
969	115
970	121
971	126
972	111
973	131
974	122
975	136
976	129
977	131
978	133
979	120
980	135
981	136
982	117
983	130
984	130
985	142
986	135
987	145
988	147
989	173
990	145
991	149
992	179
993	153
994	153
995	161
996	144
997	190
998	141
999	147
1000	175
1001	177
1002	176
1003	184
1004	153
1005	179
1006	161
1007	195
1008	153
1009	180
1010	186
1011	164
1012	161
1013	181
1014	177
1015	158
1016	146
1017	155
1018	151
1019	131
1020	128
1021	142
1022	144
1023	125
1024	100
