Date:	08/05/2018		Time:	21:12		Version no:	0.00		Project name:	55		Sample name:	222		Section name:	section		Position	287.715027	mm	E0	0.000000	keV	E1	1.000000	keV/channel	sample surface	5.959038	cm	Tube anode:	Mo		Tube voltage:	30	kV	Tube current:	50	mA	gain	10		std. database			resultfile	result		matrix element	11		sample thickness	1.000000		air passage	0.560000	cm	comments	in position		peaking_time	2.200000	m-sec	trigger_threshold	547.363281	V	mca_bin_width	22.090000	no:	number_mca_channels	1024.000000	no:	gap_time	0.150000	m-sec	trigger_peaking_time	0.200000	m-sec	GAINDAC	18610		HIGHGAIN	1		TAURC	1		RCTAU	1		RCTAUFRAC	1		livetime	9.416860	seconds	runtime	10.000490	seconds	input_count_rate	25030.530347	cps	output_count_rate	20377.502317	cps	triggers	235709	seconds	events_in_run	203785	seconds	channel	content		1	0
2	0
3	0
4	0
5	0
6	0
7	0
8	0
9	0
10	0
11	0
12	0
13	0
14	0
15	0
16	0
17	0
18	0
19	0
20	0
21	0
22	0
23	0
24	0
25	0
26	0
27	0
28	0
29	0
30	0
31	18
32	16
33	4
34	9
35	16
36	10
37	14
38	15
39	19
40	12
41	15
42	15
43	7
44	13
45	12
46	13
47	14
48	12
49	16
50	12
51	10
52	16
53	13
54	12
55	16
56	14
57	17
58	13
59	10
60	10
61	10
62	11
63	11
64	8
65	7
66	14
67	5
68	6
69	9
70	8
71	10
72	7
73	11
74	8
75	6
76	9
77	8
78	12
79	12
80	15
81	14
82	12
83	7
84	21
85	7
86	12
87	3
88	9
89	5
90	5
91	5
92	8
93	9
94	16
95	13
96	18
97	12
98	17
99	7
100	6
101	7
102	5
103	3
104	7
105	5
106	5
107	11
108	11
109	9
110	8
111	3
112	9
113	5
114	5
115	4
116	6
117	3
118	5
119	5
120	6
121	3
122	9
123	4
124	2
125	1
126	1
127	2
128	5
129	4
130	5
131	3
132	3
133	3
134	5
135	3
136	4
137	3
138	4
139	3
140	5
141	4
142	2
143	3
144	5
145	2
146	4
147	4
148	5
149	2
150	4
151	3
152	5
153	2
154	8
155	6
156	2
157	5
158	7
159	7
160	18
161	23
162	35
163	35
164	24
165	18
166	7
167	7
168	10
169	10
170	9
171	7
172	2
173	3
174	5
175	2
176	6
177	10
178	9
179	11
180	12
181	23
182	17
183	26
184	13
185	14
186	12
187	7
188	9
189	0
190	4
191	7
192	5
193	8
194	2
195	9
196	19
197	44
198	76
199	128
200	157
201	224
202	246
203	278
204	246
205	237
206	162
207	84
208	73
209	31
210	18
211	10
212	9
213	5
214	12
215	13
216	17
217	27
218	31
219	47
220	52
221	46
222	38
223	37
224	31
225	20
226	5
227	11
228	7
229	8
230	0
231	7
232	3
233	0
234	2
235	2
236	4
237	3
238	2
239	14
240	8
241	20
242	44
243	60
244	90
245	107
246	136
247	144
248	148
249	159
250	132
251	106
252	79
253	64
254	67
255	50
256	47
257	38
258	32
259	28
260	20
261	11
262	16
263	13
264	23
265	12
266	17
267	30
268	34
269	45
270	44
271	66
272	42
273	44
274	32
275	26
276	21
277	7
278	14
279	13
280	9
281	10
282	12
283	8
284	14
285	12
286	14
287	15
288	20
289	11
290	10
291	13
292	20
293	26
294	23
295	14
296	22
297	16
298	22
299	12
300	12
301	16
302	16
303	11
304	16
305	19
306	7
307	12
308	11
309	17
310	13
311	4
312	10
313	20
314	18
315	17
316	37
317	48
318	70
319	109
320	127
321	194
322	215
323	236
324	227
325	239
326	202
327	156
328	85
329	81
330	58
331	34
332	23
333	29
334	25
335	39
336	32
337	35
338	57
339	79
340	110
341	207
342	421
343	752
344	1365
345	2146
346	3237
347	4834
348	6197
349	7604
350	8499
351	8886
352	8341
353	7251
354	5796
355	4545
356	3119
357	2008
358	1233
359	717
360	411
361	179
362	113
363	56
364	49
365	47
366	38
367	47
368	38
369	48
370	32
371	48
372	51
373	43
374	58
375	76
376	87
377	135
378	170
379	217
380	343
381	465
382	655
383	878
384	1155
385	1381
386	1520
387	1485
388	1355
389	1192
390	956
391	780
392	524
393	392
394	227
395	124
396	80
397	64
398	31
399	23
400	22
401	24
402	23
403	30
404	32
405	22
406	33
407	33
408	35
409	28
410	24
411	25
412	37
413	31
414	30
415	19
416	30
417	25
418	30
419	21
420	21
421	22
422	29
423	31
424	20
425	21
426	27
427	30
428	34
429	33
430	26
431	33
432	38
433	43
434	35
435	51
436	40
437	43
438	68
439	53
440	65
441	68
442	79
443	68
444	68
445	70
446	52
447	52
448	48
449	67
450	63
451	53
452	62
453	64
454	55
455	63
456	52
457	79
458	64
459	81
460	69
461	71
462	70
463	79
464	65
465	56
466	53
467	63
468	50
469	52
470	48
471	52
472	49
473	68
474	52
475	55
476	69
477	54
478	48
479	60
480	53
481	49
482	51
483	34
484	45
485	46
486	51
487	48
488	54
489	48
490	54
491	47
492	56
493	59
494	51
495	41
496	56
497	50
498	61
499	56
500	57
501	60
502	59
503	71
504	73
505	52
506	73
507	66
508	61
509	72
510	75
511	74
512	69
513	86
514	78
515	70
516	85
517	77
518	75
519	81
520	82
521	86
522	98
523	93
524	86
525	88
526	89
527	83
528	73
529	74
530	90
531	87
532	101
533	76
534	77
535	57
536	72
537	67
538	75
539	67
540	79
541	73
542	81
543	64
544	77
545	82
546	87
547	69
548	80
549	76
550	73
551	75
552	69
553	80
554	73
555	89
556	77
557	52
558	61
559	83
560	71
561	79
562	57
563	70
564	69
565	70
566	67
567	81
568	101
569	79
570	77
571	78
572	81
573	77
574	77
575	73
576	101
577	71
578	90
579	83
580	93
581	77
582	74
583	80
584	91
585	76
586	83
587	81
588	71
589	74
590	77
591	100
592	82
593	97
594	77
595	79
596	89
597	85
598	96
599	100
600	92
601	92
602	103
603	85
604	98
605	87
606	98
607	83
608	90
609	87
610	85
611	86
612	97
613	99
614	95
615	95
616	94
617	85
618	77
619	81
620	124
621	101
622	125
623	94
624	90
625	83
626	105
627	97
628	81
629	103
630	88
631	99
632	83
633	95
634	88
635	98
636	78
637	110
638	102
639	103
640	98
641	86
642	117
643	99
644	81
645	98
646	109
647	109
648	122
649	113
650	113
651	116
652	109
653	123
654	115
655	120
656	102
657	127
658	91
659	108
660	96
661	108
662	108
663	109
664	99
665	104
666	101
667	99
668	108
669	102
670	106
671	87
672	94
673	111
674	114
675	104
676	107
677	104
678	108
679	100
680	99
681	106
682	108
683	89
684	102
685	114
686	98
687	104
688	121
689	114
690	110
691	119
692	114
693	106
694	102
695	96
696	131
697	129
698	105
699	130
700	121
701	129
702	125
703	117
704	140
705	119
706	125
707	126
708	93
709	111
710	103
711	106
712	124
713	117
714	129
715	131
716	126
717	126
718	120
719	128
720	100
721	130
722	128
723	112
724	117
725	138
726	115
727	106
728	123
729	137
730	124
731	117
732	129
733	134
734	118
735	135
736	137
737	135
738	136
739	132
740	131
741	108
742	136
743	122
744	117
745	108
746	119
747	129
748	142
749	147
750	124
751	105
752	137
753	106
754	127
755	111
756	117
757	126
758	125
759	120
760	140
761	144
762	151
763	144
764	156
765	170
766	180
767	169
768	195
769	200
770	209
771	260
772	257
773	262
774	258
775	231
776	237
777	231
778	222
779	196
780	179
781	174
782	183
783	158
784	128
785	124
786	145
787	137
788	141
789	113
790	145
791	122
792	148
793	128
794	128
795	148
796	113
797	128
798	131
799	122
800	145
801	107
802	114
803	117
804	147
805	114
806	119
807	116
808	131
809	131
810	132
811	126
812	144
813	151
814	139
815	144
816	137
817	131
818	176
819	157
820	108
821	143
822	169
823	139
824	156
825	143
826	154
827	120
828	117
829	169
830	141
831	156
832	140
833	149
834	143
835	150
836	136
837	154
838	155
839	138
840	142
841	131
842	143
843	166
844	149
845	147
846	147
847	152
848	145
849	154
850	160
851	149
852	170
853	185
854	170
855	159
856	177
857	177
858	187
859	195
860	219
861	214
862	212
863	194
864	205
865	209
866	216
867	204
868	221
869	209
870	220
871	228
872	206
873	219
874	227
875	220
876	223
877	227
878	219
879	265
880	228
881	273
882	280
883	274
884	285
885	363
886	361
887	370
888	403
889	404
890	459
891	446
892	463
893	476
894	539
895	555
896	534
897	552
898	602
899	587
900	551
901	552
902	534
903	537
904	554
905	553
906	530
907	531
908	485
909	455
910	450
911	421
912	415
913	404
914	337
915	379
916	345
917	306
918	314
919	276
920	285
921	238
922	258
923	243
924	202
925	212
926	200
927	185
928	196
929	172
930	194
931	167
932	178
933	166
934	168
935	159
936	130
937	172
938	184
939	154
940	146
941	168
942	171
943	190
944	223
945	216
946	268
947	273
948	347
949	308
950	358
951	347
952	422
953	415
954	431
955	376
956	379
957	376
958	364
959	331
960	329
961	279
962	224
963	190
964	215
965	152
966	163
967	149
968	130
969	128
970	122
971	144
972	120
973	127
974	132
975	127
976	122
977	151
978	159
979	137
980	134
981	122
982	134
983	143
984	135
985	151
986	123
987	129
988	147
989	144
990	181
991	164
992	153
993	162
994	163
995	158
996	161
997	177
998	156
999	170
1000	174
1001	182
1002	169
1003	182
1004	174
1005	177
1006	162
1007	182
1008	154
1009	181
1010	146
1011	162
1012	184
1013	149
1014	164
1015	156
1016	142
1017	136
1018	146
1019	102
1020	152
1021	116
1022	145
1023	92
1024	111
