Date:	08/05/2018		Time:	23:38		Version no:	0.00		Project name:	55		Sample name:	222		Section name:	section		Position	440.515045	mm	E0	0.000000	keV	E1	1.000000	keV/channel	sample surface	6.287037	cm	Tube anode:	Mo		Tube voltage:	30	kV	Tube current:	50	mA	gain	10		std. database			resultfile	result		matrix element	11		sample thickness	1.000000		air passage	0.560000	cm	comments	in position		peaking_time	2.200000	m-sec	trigger_threshold	547.363281	V	mca_bin_width	22.090000	no:	number_mca_channels	1024.000000	no:	gap_time	0.150000	m-sec	trigger_peaking_time	0.200000	m-sec	GAINDAC	18610		HIGHGAIN	1		TAURC	1		RCTAU	1		RCTAUFRAC	1		livetime	9.411926	seconds	runtime	10.000489	seconds	input_count_rate	25256.041101	cps	output_count_rate	20558.895081	cps	triggers	237708	seconds	events_in_run	205599	seconds	channel	content		1	0
2	0
3	0
4	0
5	0
6	0
7	0
8	0
9	0
10	0
11	0
12	0
13	0
14	0
15	0
16	0
17	0
18	0
19	0
20	0
21	0
22	0
23	0
24	0
25	0
26	0
27	0
28	0
29	0
30	0
31	19
32	13
33	13
34	11
35	12
36	23
37	10
38	13
39	13
40	11
41	22
42	13
43	18
44	13
45	8
46	13
47	17
48	12
49	19
50	14
51	13
52	14
53	20
54	9
55	12
56	13
57	13
58	10
59	13
60	12
61	8
62	14
63	10
64	10
65	8
66	9
67	7
68	8
69	10
70	10
71	9
72	13
73	9
74	10
75	5
76	7
77	4
78	12
79	10
80	13
81	12
82	9
83	9
84	10
85	5
86	10
87	6
88	6
89	6
90	7
91	10
92	8
93	14
94	12
95	29
96	15
97	18
98	13
99	12
100	14
101	9
102	5
103	10
104	5
105	7
106	7
107	15
108	10
109	10
110	7
111	2
112	7
113	5
114	7
115	3
116	3
117	5
118	2
119	9
120	2
121	5
122	4
123	5
124	6
125	6
126	8
127	3
128	3
129	7
130	4
131	3
132	6
133	8
134	5
135	7
136	6
137	3
138	6
139	3
140	1
141	3
142	6
143	7
144	3
145	5
146	8
147	0
148	6
149	0
150	2
151	5
152	0
153	9
154	9
155	2
156	2
157	7
158	7
159	11
160	16
161	20
162	30
163	20
164	28
165	15
166	11
167	8
168	6
169	4
170	4
171	3
172	9
173	4
174	6
175	10
176	10
177	6
178	15
179	23
180	34
181	24
182	46
183	32
184	25
185	30
186	14
187	7
188	5
189	8
190	3
191	6
192	3
193	5
194	8
195	9
196	32
197	58
198	99
199	155
200	222
201	288
202	325
203	358
204	352
205	292
206	240
207	156
208	77
209	56
210	20
211	15
212	10
213	5
214	14
215	20
216	27
217	37
218	53
219	47
220	64
221	55
222	54
223	54
224	41
225	30
226	19
227	12
228	10
229	7
230	11
231	6
232	7
233	6
234	2
235	2
236	4
237	4
238	5
239	13
240	19
241	16
242	35
243	68
244	81
245	135
246	141
247	169
248	183
249	160
250	133
251	113
252	91
253	64
254	59
255	56
256	41
257	33
258	28
259	26
260	17
261	22
262	11
263	13
264	13
265	11
266	17
267	21
268	36
269	45
270	44
271	44
272	49
273	49
274	39
275	27
276	23
277	19
278	12
279	11
280	17
281	8
282	12
283	16
284	12
285	12
286	12
287	9
288	14
289	16
290	21
291	14
292	9
293	16
294	20
295	27
296	21
297	18
298	21
299	24
300	18
301	21
302	18
303	12
304	12
305	23
306	7
307	13
308	7
309	17
310	9
311	22
312	21
313	17
314	23
315	20
316	36
317	29
318	61
319	86
320	113
321	141
322	165
323	148
324	156
325	120
326	127
327	101
328	82
329	62
330	43
331	35
332	26
333	40
334	34
335	33
336	43
337	42
338	59
339	72
340	101
341	209
342	376
343	745
344	1293
345	2034
346	3275
347	4694
348	6103
349	7369
350	8347
351	8744
352	8308
353	7081
354	5965
355	4369
356	2997
357	1891
358	1096
359	645
360	319
361	201
362	95
363	68
364	53
365	45
366	50
367	64
368	41
369	29
370	41
371	44
372	50
373	73
374	62
375	71
376	103
377	114
378	139
379	246
380	361
381	474
382	726
383	908
384	1057
385	1350
386	1395
387	1453
388	1332
389	1166
390	945
391	755
392	531
393	326
394	206
395	145
396	66
397	46
398	48
399	30
400	18
401	31
402	27
403	33
404	25
405	48
406	31
407	38
408	35
409	49
410	44
411	40
412	32
413	36
414	35
415	45
416	34
417	21
418	34
419	23
420	24
421	36
422	35
423	35
424	41
425	32
426	48
427	45
428	27
429	38
430	46
431	42
432	51
433	51
434	43
435	49
436	51
437	57
438	78
439	63
440	70
441	82
442	72
443	76
444	84
445	79
446	64
447	61
448	69
449	66
450	50
451	60
452	65
453	64
454	72
455	73
456	81
457	78
458	73
459	94
460	75
461	85
462	83
463	66
464	71
465	68
466	67
467	60
468	71
469	70
470	40
471	71
472	66
473	74
474	81
475	55
476	65
477	68
478	61
479	76
480	51
481	58
482	47
483	51
484	48
485	53
486	52
487	56
488	60
489	69
490	60
491	67
492	71
493	71
494	50
495	70
496	55
497	65
498	62
499	69
500	79
501	76
502	62
503	92
504	76
505	68
506	77
507	79
508	88
509	74
510	77
511	82
512	77
513	86
514	81
515	77
516	87
517	96
518	109
519	79
520	102
521	84
522	92
523	81
524	98
525	79
526	110
527	96
528	84
529	90
530	92
531	91
532	72
533	98
534	96
535	86
536	90
537	86
538	92
539	90
540	79
541	72
542	77
543	94
544	99
545	88
546	99
547	74
548	66
549	86
550	83
551	89
552	81
553	77
554	76
555	84
556	90
557	88
558	91
559	75
560	70
561	73
562	73
563	83
564	63
565	86
566	72
567	70
568	74
569	73
570	83
571	77
572	67
573	87
574	70
575	80
576	96
577	74
578	87
579	73
580	75
581	101
582	76
583	101
584	59
585	76
586	97
587	96
588	83
589	89
590	80
591	89
592	91
593	76
594	65
595	90
596	104
597	104
598	78
599	106
600	88
601	91
602	88
603	85
604	106
605	106
606	94
607	87
608	87
609	94
610	86
611	90
612	112
613	112
614	90
615	103
616	81
617	109
618	80
619	93
620	105
621	93
622	84
623	106
624	101
625	106
626	85
627	92
628	93
629	87
630	95
631	112
632	95
633	111
634	98
635	101
636	108
637	102
638	113
639	103
640	100
641	104
642	102
643	111
644	91
645	95
646	112
647	106
648	130
649	115
650	119
651	116
652	120
653	114
654	90
655	105
656	115
657	115
658	113
659	99
660	106
661	98
662	109
663	112
664	109
665	91
666	96
667	118
668	95
669	121
670	107
671	128
672	112
673	100
674	122
675	107
676	100
677	106
678	119
679	109
680	103
681	103
682	123
683	109
684	108
685	123
686	127
687	114
688	121
689	117
690	110
691	95
692	126
693	123
694	127
695	135
696	123
697	106
698	139
699	128
700	111
701	127
702	112
703	115
704	122
705	127
706	133
707	116
708	137
709	102
710	115
711	104
712	119
713	131
714	114
715	123
716	124
717	109
718	115
719	125
720	109
721	128
722	128
723	140
724	116
725	123
726	135
727	127
728	132
729	130
730	124
731	136
732	137
733	138
734	138
735	137
736	160
737	148
738	131
739	116
740	119
741	118
742	136
743	133
744	122
745	134
746	123
747	110
748	118
749	151
750	124
751	141
752	118
753	142
754	122
755	137
756	120
757	146
758	130
759	121
760	120
761	149
762	132
763	181
764	167
765	160
766	163
767	202
768	245
769	235
770	255
771	279
772	294
773	313
774	313
775	281
776	282
777	287
778	226
779	235
780	203
781	208
782	180
783	158
784	160
785	145
786	147
787	133
788	139
789	117
790	112
791	145
792	145
793	144
794	139
795	137
796	156
797	142
798	126
799	142
800	151
801	123
802	125
803	138
804	140
805	140
806	144
807	148
808	131
809	154
810	141
811	140
812	149
813	140
814	147
815	137
816	130
817	150
818	149
819	126
820	149
821	165
822	126
823	126
824	146
825	138
826	134
827	126
828	144
829	149
830	128
831	141
832	144
833	153
834	144
835	141
836	117
837	132
838	138
839	130
840	163
841	151
842	149
843	161
844	148
845	162
846	150
847	171
848	153
849	127
850	162
851	150
852	153
853	178
854	158
855	170
856	171
857	173
858	203
859	177
860	209
861	195
862	192
863	194
864	222
865	213
866	230
867	212
868	206
869	230
870	203
871	200
872	202
873	223
874	227
875	226
876	213
877	266
878	275
879	250
880	286
881	286
882	300
883	295
884	297
885	339
886	398
887	368
888	380
889	422
890	438
891	428
892	467
893	494
894	514
895	532
896	521
897	564
898	544
899	527
900	578
901	527
902	543
903	518
904	508
905	539
906	554
907	447
908	507
909	467
910	449
911	469
912	413
913	389
914	382
915	360
916	316
917	341
918	307
919	278
920	277
921	279
922	240
923	245
924	239
925	223
926	200
927	221
928	194
929	175
930	161
931	180
932	175
933	164
934	145
935	155
936	167
937	172
938	151
939	162
940	151
941	191
942	173
943	224
944	238
945	256
946	277
947	313
948	329
949	350
950	379
951	430
952	438
953	457
954	442
955	412
956	434
957	421
958	371
959	322
960	292
961	270
962	228
963	221
964	193
965	155
966	141
967	155
968	134
969	136
970	116
971	131
972	107
973	105
974	103
975	133
976	116
977	126
978	109
979	113
980	124
981	129
982	127
983	123
984	131
985	135
986	111
987	130
988	147
989	154
990	137
991	172
992	160
993	157
994	154
995	171
996	171
997	147
998	136
999	176
1000	185
1001	180
1002	184
1003	175
1004	143
1005	190
1006	177
1007	172
1008	166
1009	162
1010	187
1011	162
1012	154
1013	156
1014	167
1015	163
1016	134
1017	131
1018	149
1019	146
1020	132
1021	129
1022	130
1023	131
1024	122
