Date:	08/05/2018		Time:	23:36		Version no:	0.00		Project name:	55		Sample name:	222		Section name:	section		Position	438.915039	mm	E0	0.000000	keV	E1	1.000000	keV/channel	sample surface	6.288952	cm	Tube anode:	Mo		Tube voltage:	30	kV	Tube current:	50	mA	gain	10		std. database			resultfile	result		matrix element	11		sample thickness	1.000000		air passage	0.560000	cm	comments	in position		peaking_time	2.200000	m-sec	trigger_threshold	547.363281	V	mca_bin_width	22.090000	no:	number_mca_channels	1024.000000	no:	gap_time	0.150000	m-sec	trigger_peaking_time	0.200000	m-sec	GAINDAC	18610		HIGHGAIN	1		TAURC	1		RCTAU	1		RCTAUFRAC	1		livetime	9.404726	seconds	runtime	10.000494	seconds	input_count_rate	25574.377205	cps	output_count_rate	20732.474986	cps	triggers	240520	seconds	events_in_run	207335	seconds	channel	content		1	0
2	0
3	0
4	0
5	0
6	0
7	0
8	0
9	0
10	0
11	0
12	0
13	0
14	0
15	0
16	0
17	0
18	0
19	0
20	0
21	0
22	0
23	0
24	0
25	0
26	0
27	0
28	0
29	0
30	0
31	9
32	19
33	10
34	15
35	19
36	14
37	16
38	17
39	12
40	16
41	10
42	9
43	13
44	21
45	13
46	19
47	12
48	17
49	14
50	13
51	19
52	12
53	13
54	16
55	5
56	4
57	7
58	11
59	17
60	13
61	4
62	7
63	11
64	6
65	11
66	11
67	7
68	9
69	6
70	11
71	7
72	7
73	18
74	6
75	4
76	6
77	6
78	7
79	17
80	10
81	11
82	15
83	9
84	13
85	8
86	11
87	8
88	3
89	3
90	10
91	5
92	8
93	12
94	17
95	27
96	23
97	17
98	16
99	16
100	13
101	9
102	10
103	7
104	9
105	8
106	6
107	14
108	13
109	11
110	6
111	18
112	1
113	6
114	5
115	5
116	2
117	6
118	2
119	5
120	5
121	6
122	4
123	4
124	9
125	4
126	3
127	2
128	2
129	5
130	4
131	3
132	6
133	6
134	2
135	4
136	4
137	4
138	5
139	3
140	4
141	1
142	3
143	6
144	3
145	6
146	2
147	2
148	7
149	5
150	7
151	7
152	5
153	5
154	5
155	6
156	3
157	2
158	8
159	15
160	16
161	17
162	17
163	29
164	32
165	19
166	15
167	13
168	6
169	6
170	7
171	3
172	1
173	4
174	8
175	7
176	12
177	10
178	15
179	20
180	30
181	17
182	35
183	23
184	37
185	16
186	18
187	10
188	7
189	2
190	3
191	4
192	4
193	7
194	10
195	12
196	23
197	56
198	104
199	178
200	265
201	297
202	371
203	371
204	387
205	328
206	240
207	166
208	94
209	56
210	33
211	13
212	14
213	11
214	11
215	22
216	20
217	37
218	51
219	59
220	69
221	71
222	60
223	50
224	34
225	31
226	10
227	14
228	10
229	8
230	2
231	2
232	6
233	4
234	6
235	5
236	2
237	7
238	4
239	4
240	15
241	28
242	46
243	46
244	81
245	131
246	167
247	196
248	154
249	159
250	161
251	107
252	108
253	68
254	57
255	54
256	43
257	27
258	39
259	27
260	16
261	15
262	10
263	11
264	11
265	17
266	17
267	37
268	46
269	37
270	42
271	67
272	40
273	42
274	34
275	36
276	21
277	15
278	15
279	11
280	17
281	6
282	9
283	12
284	17
285	14
286	6
287	20
288	7
289	12
290	11
291	17
292	20
293	21
294	11
295	21
296	26
297	23
298	24
299	17
300	20
301	20
302	16
303	15
304	16
305	6
306	18
307	15
308	14
309	9
310	10
311	13
312	12
313	15
314	19
315	25
316	34
317	32
318	54
319	81
320	116
321	145
322	165
323	152
324	152
325	172
326	131
327	112
328	62
329	55
330	56
331	39
332	30
333	32
334	34
335	23
336	35
337	40
338	50
339	85
340	112
341	220
342	393
343	751
344	1238
345	2056
346	3252
347	4570
348	6085
349	7224
350	8362
351	8330
352	8000
353	7049
354	5699
355	4269
356	3028
357	1881
358	1104
359	629
360	362
361	182
362	108
363	76
364	38
365	50
366	43
367	47
368	36
369	42
370	45
371	39
372	58
373	51
374	61
375	63
376	82
377	127
378	159
379	227
380	352
381	436
382	668
383	878
384	1102
385	1279
386	1302
387	1372
388	1347
389	1149
390	916
391	724
392	493
393	346
394	227
395	147
396	71
397	56
398	41
399	25
400	32
401	33
402	33
403	31
404	31
405	35
406	48
407	35
408	41
409	40
410	37
411	34
412	26
413	39
414	41
415	26
416	27
417	34
418	36
419	24
420	20
421	25
422	36
423	31
424	30
425	30
426	31
427	45
428	31
429	36
430	40
431	34
432	46
433	52
434	39
435	64
436	59
437	60
438	61
439	88
440	86
441	75
442	77
443	88
444	75
445	74
446	70
447	54
448	59
449	65
450	66
451	71
452	58
453	70
454	60
455	71
456	62
457	85
458	95
459	95
460	94
461	100
462	83
463	97
464	76
465	62
466	72
467	52
468	60
469	52
470	82
471	67
472	68
473	71
474	67
475	66
476	61
477	64
478	58
479	59
480	70
481	59
482	65
483	52
484	57
485	49
486	57
487	67
488	86
489	68
490	64
491	62
492	66
493	61
494	62
495	62
496	58
497	64
498	90
499	60
500	63
501	65
502	76
503	95
504	69
505	73
506	70
507	90
508	92
509	83
510	83
511	85
512	81
513	73
514	80
515	90
516	77
517	73
518	83
519	98
520	101
521	97
522	96
523	100
524	97
525	89
526	105
527	99
528	89
529	92
530	108
531	87
532	91
533	89
534	108
535	92
536	88
537	74
538	90
539	82
540	67
541	90
542	90
543	81
544	101
545	76
546	82
547	91
548	84
549	90
550	102
551	79
552	88
553	88
554	78
555	81
556	81
557	80
558	82
559	80
560	84
561	75
562	85
563	99
564	80
565	66
566	66
567	85
568	83
569	88
570	82
571	78
572	84
573	103
574	80
575	90
576	108
577	103
578	69
579	84
580	108
581	85
582	85
583	97
584	85
585	121
586	91
587	87
588	89
589	100
590	90
591	85
592	101
593	91
594	94
595	106
596	96
597	96
598	86
599	100
600	94
601	99
602	91
603	98
604	105
605	94
606	98
607	114
608	94
609	97
610	104
611	105
612	103
613	103
614	83
615	96
616	116
617	98
618	105
619	110
620	102
621	116
622	97
623	89
624	118
625	104
626	106
627	105
628	118
629	91
630	98
631	96
632	106
633	128
634	117
635	128
636	119
637	100
638	121
639	113
640	100
641	98
642	132
643	110
644	107
645	124
646	108
647	118
648	123
649	100
650	95
651	105
652	123
653	111
654	110
655	108
656	105
657	103
658	127
659	119
660	113
661	120
662	86
663	113
664	115
665	115
666	109
667	93
668	132
669	98
670	117
671	117
672	94
673	103
674	114
675	113
676	130
677	106
678	127
679	117
680	115
681	113
682	121
683	134
684	133
685	119
686	122
687	114
688	113
689	119
690	100
691	124
692	97
693	132
694	132
695	134
696	146
697	125
698	137
699	130
700	138
701	116
702	128
703	133
704	118
705	113
706	109
707	126
708	124
709	121
710	127
711	126
712	149
713	152
714	119
715	155
716	111
717	132
718	136
719	132
720	127
721	113
722	148
723	122
724	131
725	109
726	143
727	136
728	127
729	141
730	139
731	142
732	145
733	146
734	139
735	148
736	131
737	116
738	136
739	132
740	122
741	124
742	128
743	129
744	141
745	136
746	123
747	128
748	150
749	111
750	154
751	124
752	135
753	144
754	134
755	125
756	127
757	142
758	148
759	152
760	144
761	134
762	165
763	165
764	190
765	199
766	211
767	228
768	245
769	242
770	284
771	281
772	340
773	295
774	319
775	313
776	292
777	289
778	273
779	251
780	217
781	187
782	169
783	204
784	153
785	121
786	167
787	123
788	126
789	144
790	121
791	131
792	139
793	170
794	150
795	130
796	158
797	135
798	148
799	119
800	146
801	121
802	143
803	134
804	140
805	141
806	168
807	152
808	153
809	118
810	164
811	159
812	145
813	165
814	134
815	142
816	135
817	142
818	172
819	139
820	144
821	158
822	148
823	165
824	133
825	142
826	140
827	136
828	133
829	159
830	133
831	148
832	151
833	169
834	168
835	156
836	154
837	163
838	155
839	141
840	126
841	159
842	155
843	156
844	171
845	130
846	143
847	177
848	138
849	160
850	166
851	180
852	171
853	152
854	187
855	170
856	179
857	194
858	171
859	206
860	196
861	214
862	193
863	213
864	194
865	243
866	197
867	221
868	208
869	234
870	246
871	241
872	212
873	212
874	225
875	213
876	256
877	258
878	227
879	243
880	255
881	271
882	295
883	309
884	329
885	355
886	388
887	376
888	385
889	443
890	420
891	431
892	470
893	525
894	514
895	517
896	547
897	582
898	550
899	542
900	601
901	565
902	563
903	573
904	551
905	508
906	523
907	512
908	495
909	453
910	427
911	453
912	416
913	392
914	365
915	364
916	399
917	317
918	293
919	317
920	265
921	277
922	257
923	231
924	211
925	240
926	188
927	216
928	210
929	197
930	192
931	191
932	178
933	196
934	167
935	157
936	171
937	154
938	160
939	175
940	184
941	192
942	191
943	225
944	263
945	273
946	293
947	330
948	354
949	385
950	398
951	416
952	395
953	477
954	485
955	402
956	413
957	414
958	367
959	347
960	279
961	273
962	241
963	206
964	220
965	160
966	148
967	150
968	137
969	138
970	130
971	117
972	131
973	135
974	113
975	110
976	112
977	126
978	131
979	139
980	142
981	148
982	139
983	170
984	137
985	123
986	132
987	150
988	151
989	143
990	149
991	145
992	134
993	204
994	185
995	174
996	180
997	167
998	191
999	168
1000	183
1001	186
1002	173
1003	178
1004	171
1005	150
1006	209
1007	159
1008	178
1009	176
1010	182
1011	166
1012	160
1013	164
1014	180
1015	134
1016	144
1017	132
1018	146
1019	140
1020	141
1021	140
1022	120
1023	125
1024	114
