Date:	08/05/2018		Time:	21:38		Version no:	0.00		Project name:	55		Sample name:	222		Section name:	section		Position	315.315033	mm	E0	0.000000	keV	E1	1.000000	keV/channel	sample surface	6.134070	cm	Tube anode:	Mo		Tube voltage:	30	kV	Tube current:	50	mA	gain	10		std. database			resultfile	result		matrix element	11		sample thickness	1.000000		air passage	0.560000	cm	comments	in position		peaking_time	2.200000	m-sec	trigger_threshold	547.363281	V	mca_bin_width	22.090000	no:	number_mca_channels	1024.000000	no:	gap_time	0.150000	m-sec	trigger_peaking_time	0.200000	m-sec	GAINDAC	18610		HIGHGAIN	1		TAURC	1		RCTAU	1		RCTAUFRAC	1		livetime	9.463664	seconds	runtime	10.000517	seconds	input_count_rate	22514.112927	cps	output_count_rate	18645.936378	cps	triggers	213066	seconds	events_in_run	186469	seconds	channel	content		1	0
2	0
3	0
4	0
5	0
6	0
7	0
8	0
9	0
10	0
11	0
12	0
13	0
14	0
15	0
16	0
17	0
18	0
19	0
20	0
21	0
22	0
23	0
24	0
25	0
26	0
27	0
28	0
29	0
30	0
31	15
32	12
33	11
34	18
35	15
36	12
37	13
38	11
39	13
40	16
41	21
42	25
43	13
44	11
45	23
46	21
47	17
48	13
49	13
50	6
51	10
52	15
53	12
54	11
55	18
56	3
57	13
58	7
59	9
60	10
61	14
62	7
63	10
64	8
65	8
66	9
67	10
68	13
69	5
70	9
71	8
72	8
73	11
74	8
75	8
76	2
77	11
78	9
79	9
80	15
81	7
82	5
83	3
84	8
85	6
86	9
87	9
88	3
89	10
90	5
91	6
92	8
93	10
94	10
95	21
96	22
97	24
98	17
99	15
100	15
101	6
102	6
103	7
104	9
105	9
106	9
107	9
108	4
109	6
110	9
111	7
112	9
113	6
114	7
115	7
116	5
117	5
118	4
119	5
120	4
121	5
122	6
123	4
124	6
125	3
126	2
127	5
128	5
129	2
130	10
131	2
132	7
133	6
134	4
135	4
136	3
137	2
138	2
139	4
140	5
141	3
142	5
143	4
144	5
145	3
146	5
147	3
148	7
149	8
150	5
151	7
152	8
153	7
154	5
155	6
156	8
157	7
158	7
159	16
160	22
161	26
162	28
163	23
164	27
165	21
166	19
167	15
168	10
169	7
170	3
171	3
172	6
173	4
174	5
175	4
176	9
177	12
178	11
179	23
180	19
181	22
182	20
183	18
184	19
185	24
186	11
187	12
188	8
189	4
190	7
191	5
192	6
193	5
194	10
195	14
196	28
197	52
198	54
199	159
200	221
201	285
202	329
203	369
204	352
205	275
206	237
207	139
208	91
209	48
210	21
211	11
212	10
213	13
214	11
215	11
216	26
217	26
218	40
219	54
220	64
221	56
222	65
223	41
224	40
225	32
226	15
227	10
228	6
229	3
230	2
231	1
232	2
233	3
234	5
235	2
236	2
237	4
238	6
239	9
240	18
241	22
242	49
243	75
244	137
245	164
246	191
247	255
248	275
249	224
250	204
251	158
252	125
253	81
254	49
255	42
256	40
257	33
258	21
259	19
260	10
261	14
262	10
263	13
264	11
265	19
266	27
267	29
268	39
269	37
270	71
271	61
272	58
273	44
274	34
275	35
276	28
277	16
278	15
279	11
280	12
281	12
282	12
283	14
284	15
285	5
286	11
287	10
288	9
289	6
290	18
291	22
292	14
293	12
294	19
295	19
296	17
297	10
298	17
299	14
300	19
301	16
302	14
303	14
304	13
305	13
306	11
307	15
308	10
309	16
310	18
311	13
312	12
313	24
314	7
315	10
316	16
317	23
318	40
319	36
320	57
321	73
322	76
323	88
324	83
325	60
326	74
327	52
328	36
329	36
330	32
331	28
332	20
333	23
334	26
335	21
336	29
337	33
338	56
339	57
340	92
341	179
342	316
343	596
344	1099
345	1712
346	2669
347	3735
348	5111
349	6144
350	6767
351	7022
352	6771
353	5954
354	4944
355	3580
356	2654
357	1686
358	998
359	544
360	297
361	165
362	80
363	47
364	46
365	40
366	37
367	32
368	40
369	33
370	43
371	42
372	53
373	46
374	50
375	55
376	74
377	93
378	114
379	177
380	300
381	395
382	542
383	768
384	889
385	1096
386	1199
387	1215
388	1117
389	1019
390	838
391	648
392	432
393	312
394	181
395	112
396	93
397	63
398	35
399	31
400	32
401	19
402	31
403	32
404	41
405	33
406	27
407	31
408	40
409	31
410	37
411	33
412	37
413	32
414	22
415	32
416	25
417	38
418	32
419	29
420	22
421	22
422	25
423	32
424	29
425	24
426	36
427	29
428	29
429	40
430	40
431	27
432	41
433	41
434	47
435	41
436	54
437	56
438	53
439	73
440	61
441	80
442	75
443	71
444	72
445	71
446	70
447	46
448	52
449	62
450	56
451	56
452	61
453	58
454	62
455	70
456	58
457	85
458	77
459	81
460	79
461	79
462	64
463	64
464	60
465	59
466	61
467	65
468	70
469	63
470	44
471	71
472	59
473	63
474	62
475	53
476	56
477	54
478	54
479	46
480	47
481	51
482	43
483	57
484	54
485	61
486	50
487	58
488	42
489	59
490	45
491	66
492	50
493	51
494	40
495	60
496	40
497	62
498	50
499	45
500	65
501	67
502	61
503	68
504	67
505	81
506	71
507	76
508	48
509	58
510	71
511	79
512	73
513	74
514	63
515	60
516	76
517	82
518	81
519	100
520	89
521	79
522	103
523	72
524	83
525	76
526	92
527	96
528	102
529	98
530	93
531	93
532	75
533	84
534	82
535	92
536	83
537	78
538	75
539	76
540	65
541	68
542	84
543	75
544	86
545	75
546	71
547	75
548	72
549	71
550	74
551	60
552	59
553	84
554	57
555	84
556	55
557	67
558	62
559	71
560	70
561	68
562	73
563	91
564	57
565	75
566	62
567	65
568	71
569	95
570	75
571	70
572	75
573	91
574	82
575	81
576	88
577	82
578	76
579	75
580	75
581	73
582	91
583	86
584	83
585	83
586	86
587	84
588	86
589	80
590	75
591	87
592	76
593	79
594	91
595	81
596	82
597	96
598	68
599	71
600	84
601	90
602	85
603	95
604	101
605	88
606	87
607	90
608	85
609	88
610	95
611	79
612	88
613	89
614	87
615	89
616	72
617	103
618	84
619	94
620	101
621	111
622	94
623	106
624	83
625	88
626	81
627	94
628	91
629	96
630	76
631	87
632	111
633	89
634	88
635	79
636	111
637	114
638	107
639	84
640	118
641	104
642	99
643	94
644	111
645	103
646	92
647	118
648	102
649	99
650	116
651	95
652	116
653	105
654	103
655	136
656	92
657	95
658	100
659	110
660	93
661	95
662	101
663	111
664	104
665	93
666	102
667	106
668	105
669	102
670	121
671	91
672	100
673	104
674	99
675	107
676	100
677	97
678	84
679	97
680	102
681	104
682	114
683	126
684	118
685	111
686	93
687	116
688	120
689	98
690	121
691	130
692	124
693	115
694	113
695	127
696	111
697	110
698	106
699	119
700	104
701	128
702	117
703	144
704	138
705	120
706	128
707	106
708	119
709	114
710	109
711	118
712	123
713	100
714	99
715	119
716	127
717	135
718	127
719	132
720	114
721	119
722	114
723	120
724	120
725	124
726	116
727	140
728	138
729	133
730	149
731	140
732	123
733	118
734	125
735	141
736	116
737	111
738	136
739	132
740	117
741	117
742	132
743	132
744	134
745	132
746	106
747	140
748	120
749	116
750	117
751	150
752	105
753	139
754	132
755	113
756	134
757	137
758	136
759	127
760	141
761	130
762	135
763	153
764	171
765	152
766	179
767	212
768	190
769	230
770	258
771	287
772	284
773	285
774	300
775	262
776	268
777	257
778	236
779	206
780	201
781	170
782	182
783	147
784	147
785	132
786	154
787	121
788	147
789	133
790	121
791	141
792	122
793	112
794	123
795	123
796	144
797	152
798	108
799	119
800	117
801	118
802	141
803	136
804	116
805	115
806	149
807	104
808	141
809	134
810	140
811	130
812	159
813	135
814	157
815	155
816	118
817	126
818	156
819	156
820	134
821	133
822	162
823	161
824	169
825	154
826	135
827	155
828	169
829	124
830	147
831	119
832	123
833	142
834	125
835	148
836	129
837	150
838	112
839	135
840	143
841	118
842	139
843	154
844	136
845	170
846	153
847	157
848	165
849	130
850	152
851	173
852	173
853	183
854	180
855	159
856	207
857	169
858	187
859	170
860	226
861	194
862	240
863	219
864	230
865	245
866	184
867	216
868	216
869	210
870	213
871	206
872	199
873	224
874	211
875	228
876	249
877	240
878	247
879	248
880	244
881	270
882	287
883	291
884	320
885	355
886	359
887	353
888	407
889	402
890	392
891	451
892	530
893	488
894	462
895	551
896	518
897	492
898	538
899	584
900	563
901	507
902	502
903	516
904	508
905	533
906	479
907	492
908	446
909	465
910	441
911	427
912	372
913	403
914	359
915	383
916	332
917	309
918	318
919	282
920	270
921	242
922	238
923	233
924	230
925	217
926	195
927	205
928	197
929	179
930	188
931	176
932	184
933	163
934	153
935	160
936	155
937	152
938	176
939	182
940	170
941	161
942	194
943	183
944	220
945	227
946	252
947	327
948	337
949	342
950	357
951	409
952	394
953	377
954	406
955	409
956	417
957	328
958	424
959	335
960	272
961	244
962	248
963	171
964	179
965	176
966	162
967	136
968	140
969	137
970	107
971	135
972	136
973	129
974	119
975	114
976	128
977	116
978	145
979	116
980	131
981	129
982	137
983	131
984	129
985	106
986	133
987	137
988	165
989	141
990	145
991	144
992	149
993	166
994	148
995	187
996	172
997	167
998	166
999	154
1000	193
1001	170
1002	167
1003	191
1004	180
1005	173
1006	167
1007	172
1008	161
1009	171
1010	171
1011	182
1012	163
1013	161
1014	164
1015	152
1016	161
1017	144
1018	142
1019	137
1020	109
1021	131
1022	133
1023	127
1024	109
