Date:	08/05/2018		Time:	23:25		Version no:	0.00		Project name:	55		Sample name:	222		Section name:	section		Position	427.715027	mm	E0	0.000000	keV	E1	1.000000	keV/channel	sample surface	6.249561	cm	Tube anode:	Mo		Tube voltage:	30	kV	Tube current:	50	mA	gain	10		std. database			resultfile	result		matrix element	11		sample thickness	1.000000		air passage	0.560000	cm	comments	in position		peaking_time	2.200000	m-sec	trigger_threshold	547.363281	V	mca_bin_width	22.090000	no:	number_mca_channels	1024.000000	no:	gap_time	0.150000	m-sec	trigger_peaking_time	0.200000	m-sec	GAINDAC	18610		HIGHGAIN	1		TAURC	1		RCTAU	1		RCTAUFRAC	1		livetime	9.408318	seconds	runtime	10.000496	seconds	input_count_rate	25381.583632	cps	output_count_rate	20631.776664	cps	triggers	238798	seconds	events_in_run	206328	seconds	channel	content		1	0
2	0
3	0
4	0
5	0
6	0
7	0
8	0
9	0
10	0
11	0
12	0
13	0
14	0
15	0
16	0
17	0
18	0
19	0
20	0
21	0
22	0
23	0
24	0
25	0
26	0
27	0
28	0
29	0
30	0
31	19
32	17
33	15
34	16
35	14
36	14
37	21
38	12
39	12
40	17
41	10
42	10
43	12
44	21
45	13
46	9
47	15
48	13
49	14
50	22
51	9
52	14
53	15
54	12
55	18
56	10
57	14
58	8
59	7
60	11
61	11
62	11
63	10
64	5
65	11
66	8
67	11
68	8
69	16
70	8
71	4
72	6
73	7
74	9
75	7
76	9
77	7
78	10
79	7
80	8
81	13
82	15
83	8
84	13
85	13
86	16
87	10
88	4
89	8
90	9
91	13
92	12
93	13
94	17
95	19
96	25
97	26
98	20
99	14
100	13
101	11
102	10
103	15
104	7
105	9
106	15
107	14
108	4
109	12
110	11
111	7
112	1
113	8
114	5
115	5
116	5
117	5
118	7
119	7
120	8
121	3
122	6
123	3
124	7
125	7
126	7
127	3
128	7
129	3
130	4
131	4
132	3
133	3
134	3
135	5
136	4
137	6
138	2
139	6
140	3
141	4
142	2
143	8
144	6
145	4
146	4
147	5
148	2
149	3
150	7
151	7
152	5
153	6
154	4
155	8
156	9
157	7
158	10
159	10
160	14
161	25
162	18
163	36
164	25
165	26
166	12
167	9
168	5
169	3
170	2
171	4
172	5
173	7
174	7
175	6
176	9
177	11
178	16
179	30
180	20
181	29
182	36
183	25
184	26
185	20
186	13
187	14
188	10
189	6
190	3
191	6
192	3
193	12
194	9
195	18
196	32
197	60
198	91
199	173
200	216
201	358
202	378
203	391
204	376
205	320
206	223
207	161
208	103
209	47
210	26
211	19
212	9
213	8
214	10
215	15
216	33
217	33
218	45
219	58
220	77
221	72
222	59
223	60
224	47
225	36
226	14
227	6
228	7
229	9
230	7
231	6
232	4
233	4
234	5
235	4
236	4
237	5
238	8
239	6
240	14
241	19
242	31
243	71
244	82
245	134
246	168
247	186
248	185
249	176
250	130
251	113
252	80
253	71
254	46
255	48
256	29
257	36
258	34
259	17
260	27
261	17
262	8
263	15
264	15
265	17
266	25
267	32
268	30
269	33
270	48
271	57
272	40
273	45
274	44
275	28
276	26
277	14
278	10
279	9
280	9
281	6
282	8
283	14
284	6
285	10
286	16
287	14
288	12
289	12
290	16
291	22
292	14
293	16
294	20
295	24
296	21
297	13
298	14
299	21
300	9
301	29
302	12
303	18
304	17
305	19
306	10
307	12
308	8
309	14
310	17
311	17
312	14
313	19
314	17
315	15
316	30
317	46
318	60
319	95
320	118
321	155
322	215
323	182
324	201
325	176
326	162
327	115
328	98
329	71
330	50
331	29
332	43
333	36
334	36
335	38
336	30
337	49
338	50
339	85
340	119
341	203
342	417
343	788
344	1334
345	2062
346	3233
347	4562
348	6004
349	7251
350	8148
351	8297
352	7964
353	7104
354	5685
355	4260
356	2863
357	1875
358	1117
359	597
360	380
361	180
362	92
363	70
364	48
365	43
366	42
367	62
368	45
369	59
370	41
371	50
372	48
373	60
374	67
375	63
376	101
377	81
378	147
379	237
380	321
381	474
382	667
383	888
384	1131
385	1268
386	1406
387	1437
388	1290
389	1089
390	918
391	649
392	478
393	364
394	201
395	131
396	80
397	43
398	25
399	29
400	31
401	37
402	27
403	24
404	33
405	36
406	32
407	42
408	36
409	38
410	26
411	50
412	41
413	44
414	44
415	28
416	31
417	35
418	46
419	43
420	41
421	40
422	45
423	35
424	30
425	34
426	30
427	32
428	47
429	33
430	38
431	43
432	29
433	39
434	36
435	45
436	53
437	70
438	59
439	86
440	65
441	60
442	78
443	78
444	75
445	84
446	68
447	82
448	75
449	63
450	61
451	53
452	67
453	58
454	73
455	77
456	84
457	71
458	90
459	77
460	97
461	80
462	84
463	77
464	76
465	60
466	57
467	51
468	59
469	67
470	57
471	77
472	79
473	67
474	75
475	77
476	66
477	55
478	58
479	49
480	56
481	58
482	57
483	54
484	58
485	62
486	59
487	55
488	57
489	53
490	67
491	73
492	73
493	66
494	75
495	67
496	63
497	67
498	60
499	72
500	82
501	73
502	74
503	76
504	80
505	68
506	87
507	83
508	80
509	78
510	69
511	73
512	82
513	88
514	87
515	90
516	80
517	75
518	69
519	83
520	83
521	75
522	110
523	85
524	114
525	107
526	86
527	103
528	117
529	97
530	97
531	94
532	116
533	99
534	101
535	84
536	84
537	99
538	95
539	79
540	76
541	83
542	97
543	98
544	86
545	82
546	96
547	75
548	80
549	70
550	76
551	77
552	88
553	76
554	76
555	85
556	73
557	80
558	85
559	88
560	82
561	80
562	86
563	91
564	86
565	62
566	80
567	66
568	72
569	81
570	68
571	99
572	70
573	89
574	79
575	98
576	88
577	80
578	88
579	77
580	92
581	86
582	89
583	82
584	84
585	84
586	95
587	100
588	93
589	84
590	95
591	88
592	100
593	96
594	83
595	97
596	97
597	88
598	105
599	103
600	94
601	104
602	87
603	86
604	86
605	89
606	100
607	102
608	85
609	103
610	103
611	93
612	99
613	109
614	114
615	96
616	85
617	127
618	117
619	104
620	111
621	108
622	112
623	108
624	99
625	106
626	102
627	101
628	113
629	84
630	125
631	102
632	114
633	91
634	107
635	119
636	100
637	92
638	114
639	109
640	109
641	105
642	119
643	120
644	97
645	110
646	109
647	109
648	120
649	106
650	107
651	114
652	103
653	115
654	101
655	120
656	109
657	106
658	104
659	112
660	108
661	118
662	105
663	120
664	98
665	126
666	111
667	114
668	126
669	131
670	124
671	110
672	106
673	113
674	113
675	133
676	105
677	120
678	102
679	110
680	125
681	112
682	119
683	109
684	122
685	109
686	110
687	105
688	120
689	132
690	100
691	141
692	119
693	114
694	142
695	135
696	124
697	119
698	112
699	119
700	146
701	125
702	126
703	118
704	151
705	139
706	127
707	136
708	136
709	135
710	140
711	115
712	118
713	124
714	138
715	117
716	133
717	116
718	135
719	124
720	132
721	128
722	105
723	111
724	140
725	131
726	130
727	114
728	131
729	139
730	134
731	139
732	123
733	137
734	116
735	155
736	131
737	141
738	130
739	129
740	147
741	145
742	124
743	141
744	126
745	135
746	150
747	138
748	122
749	168
750	123
751	119
752	137
753	128
754	152
755	146
756	152
757	138
758	139
759	161
760	131
761	143
762	137
763	146
764	175
765	196
766	214
767	215
768	215
769	241
770	270
771	279
772	307
773	317
774	317
775	315
776	276
777	280
778	247
779	256
780	202
781	195
782	184
783	169
784	153
785	147
786	123
787	165
788	126
789	125
790	115
791	137
792	142
793	149
794	140
795	121
796	128
797	134
798	145
799	117
800	127
801	137
802	121
803	106
804	136
805	172
806	156
807	120
808	149
809	141
810	142
811	137
812	147
813	140
814	142
815	147
816	150
817	137
818	169
819	151
820	154
821	135
822	156
823	154
824	127
825	143
826	135
827	154
828	110
829	157
830	140
831	122
832	141
833	127
834	146
835	154
836	145
837	149
838	157
839	135
840	164
841	152
842	148
843	155
844	141
845	185
846	184
847	162
848	142
849	145
850	155
851	152
852	167
853	169
854	174
855	168
856	180
857	170
858	176
859	202
860	212
861	208
862	199
863	218
864	237
865	216
866	220
867	244
868	212
869	204
870	229
871	211
872	209
873	214
874	231
875	236
876	222
877	227
878	284
879	261
880	269
881	296
882	279
883	331
884	321
885	319
886	382
887	389
888	416
889	392
890	409
891	415
892	499
893	494
894	467
895	504
896	587
897	562
898	529
899	558
900	546
901	541
902	546
903	585
904	553
905	543
906	527
907	532
908	459
909	490
910	480
911	442
912	409
913	419
914	381
915	391
916	331
917	376
918	296
919	303
920	267
921	269
922	255
923	247
924	254
925	236
926	247
927	197
928	216
929	185
930	202
931	188
932	174
933	168
934	164
935	180
936	164
937	157
938	180
939	161
940	183
941	178
942	208
943	192
944	249
945	263
946	277
947	342
948	378
949	358
950	398
951	404
952	435
953	446
954	447
955	417
956	391
957	405
958	348
959	308
960	325
961	283
962	237
963	183
964	201
965	183
966	162
967	129
968	130
969	129
970	135
971	132
972	134
973	123
974	126
975	119
976	121
977	125
978	121
979	121
980	133
981	135
982	170
983	130
984	139
985	124
986	155
987	153
988	163
989	146
990	150
991	169
992	167
993	150
994	146
995	172
996	170
997	158
998	184
999	181
1000	184
1001	188
1002	158
1003	139
1004	160
1005	149
1006	183
1007	169
1008	179
1009	163
1010	152
1011	163
1012	174
1013	165
1014	143
1015	168
1016	147
1017	155
1018	136
1019	151
1020	142
1021	151
1022	113
1023	136
1024	105
