Date:	08/05/2018		Time:	23:36		Version no:	0.00		Project name:	55		Sample name:	222		Section name:	section		Position	439.315033	mm	E0	0.000000	keV	E1	1.000000	keV/channel	sample surface	6.289331	cm	Tube anode:	Mo		Tube voltage:	30	kV	Tube current:	50	mA	gain	10		std. database			resultfile	result		matrix element	11		sample thickness	1.000000		air passage	0.560000	cm	comments	in position		peaking_time	2.200000	m-sec	trigger_threshold	547.363281	V	mca_bin_width	22.090000	no:	number_mca_channels	1024.000000	no:	gap_time	0.150000	m-sec	trigger_peaking_time	0.200000	m-sec	GAINDAC	18610		HIGHGAIN	1		TAURC	1		RCTAU	1		RCTAUFRAC	1		livetime	9.403398	seconds	runtime	10.000493	seconds	input_count_rate	25680.396568	cps	output_count_rate	20842.472883	cps	triggers	241483	seconds	events_in_run	208435	seconds	channel	content		1	0
2	0
3	0
4	0
5	0
6	0
7	0
8	0
9	0
10	0
11	0
12	0
13	0
14	0
15	0
16	0
17	0
18	0
19	0
20	0
21	0
22	0
23	0
24	0
25	0
26	0
27	0
28	0
29	0
30	0
31	10
32	10
33	21
34	14
35	13
36	16
37	11
38	14
39	12
40	18
41	11
42	8
43	16
44	9
45	13
46	14
47	7
48	12
49	14
50	11
51	14
52	17
53	6
54	11
55	15
56	10
57	11
58	14
59	14
60	9
61	9
62	19
63	11
64	7
65	14
66	8
67	9
68	10
69	7
70	7
71	9
72	9
73	8
74	7
75	8
76	12
77	7
78	9
79	12
80	9
81	11
82	14
83	10
84	10
85	6
86	5
87	5
88	6
89	6
90	9
91	8
92	10
93	18
94	21
95	24
96	20
97	18
98	24
99	14
100	11
101	12
102	6
103	10
104	5
105	8
106	9
107	5
108	4
109	11
110	10
111	4
112	8
113	7
114	3
115	7
116	6
117	5
118	7
119	6
120	9
121	0
122	5
123	5
124	7
125	6
126	3
127	3
128	8
129	7
130	6
131	4
132	4
133	3
134	2
135	4
136	3
137	2
138	6
139	1
140	7
141	8
142	9
143	7
144	7
145	4
146	3
147	4
148	1
149	5
150	4
151	3
152	3
153	5
154	5
155	1
156	5
157	5
158	13
159	15
160	21
161	22
162	23
163	29
164	21
165	22
166	12
167	16
168	3
169	7
170	2
171	2
172	4
173	5
174	12
175	3
176	10
177	15
178	15
179	12
180	18
181	23
182	25
183	23
184	17
185	22
186	20
187	13
188	12
189	5
190	2
191	8
192	6
193	3
194	14
195	16
196	32
197	57
198	92
199	173
200	247
201	310
202	362
203	368
204	386
205	312
206	223
207	160
208	98
209	57
210	35
211	18
212	13
213	5
214	10
215	17
216	27
217	43
218	45
219	61
220	63
221	66
222	58
223	52
224	36
225	37
226	15
227	8
228	9
229	6
230	5
231	5
232	7
233	6
234	1
235	3
236	2
237	6
238	4
239	9
240	16
241	19
242	55
243	60
244	82
245	125
246	162
247	167
248	172
249	139
250	130
251	118
252	73
253	66
254	57
255	50
256	45
257	44
258	34
259	18
260	13
261	17
262	9
263	12
264	13
265	10
266	24
267	23
268	24
269	38
270	46
271	36
272	31
273	38
274	33
275	22
276	13
277	20
278	18
279	9
280	10
281	11
282	11
283	12
284	16
285	13
286	11
287	14
288	13
289	21
290	23
291	15
292	27
293	17
294	16
295	25
296	26
297	25
298	24
299	13
300	15
301	15
302	12
303	17
304	23
305	13
306	12
307	13
308	14
309	12
310	11
311	17
312	20
313	18
314	23
315	26
316	24
317	50
318	53
319	105
320	126
321	135
322	166
323	180
324	172
325	198
326	144
327	121
328	79
329	61
330	43
331	38
332	18
333	26
334	26
335	29
336	43
337	41
338	43
339	74
340	120
341	194
342	393
343	688
344	1290
345	2159
346	3281
347	4724
348	6008
349	7445
350	8314
351	8404
352	8095
353	7249
354	5851
355	4355
356	3070
357	1873
358	1068
359	617
360	356
361	184
362	95
363	63
364	44
365	51
366	61
367	44
368	44
369	44
370	50
371	49
372	49
373	53
374	77
375	66
376	99
377	115
378	158
379	249
380	310
381	490
382	641
383	854
384	1127
385	1317
386	1421
387	1455
388	1355
389	1185
390	967
391	733
392	512
393	316
394	219
395	124
396	76
397	49
398	40
399	24
400	27
401	33
402	36
403	29
404	26
405	31
406	43
407	37
408	42
409	35
410	47
411	40
412	36
413	46
414	41
415	35
416	29
417	24
418	40
419	31
420	25
421	30
422	46
423	40
424	36
425	40
426	30
427	21
428	38
429	38
430	26
431	43
432	36
433	42
434	47
435	51
436	64
437	63
438	81
439	71
440	69
441	66
442	96
443	76
444	65
445	79
446	83
447	59
448	64
449	47
450	68
451	71
452	69
453	56
454	75
455	76
456	83
457	95
458	102
459	84
460	95
461	111
462	76
463	83
464	93
465	83
466	62
467	59
468	55
469	80
470	68
471	65
472	74
473	65
474	70
475	82
476	73
477	81
478	76
479	60
480	57
481	57
482	59
483	72
484	58
485	68
486	60
487	61
488	71
489	55
490	51
491	63
492	61
493	82
494	68
495	60
496	71
497	55
498	56
499	69
500	68
501	81
502	86
503	76
504	94
505	84
506	71
507	76
508	88
509	92
510	79
511	65
512	97
513	81
514	66
515	101
516	82
517	81
518	87
519	76
520	85
521	87
522	90
523	100
524	86
525	93
526	106
527	91
528	112
529	89
530	112
531	120
532	115
533	105
534	95
535	74
536	115
537	80
538	85
539	85
540	82
541	82
542	90
543	79
544	77
545	91
546	93
547	87
548	95
549	86
550	70
551	78
552	82
553	82
554	77
555	88
556	75
557	71
558	82
559	83
560	77
561	86
562	64
563	67
564	94
565	89
566	90
567	70
568	70
569	99
570	83
571	78
572	104
573	84
574	91
575	85
576	76
577	86
578	93
579	95
580	95
581	104
582	88
583	89
584	86
585	76
586	95
587	91
588	98
589	81
590	94
591	86
592	97
593	101
594	91
595	113
596	93
597	95
598	98
599	96
600	86
601	101
602	88
603	97
604	103
605	118
606	105
607	89
608	95
609	97
610	102
611	104
612	89
613	98
614	108
615	86
616	126
617	105
618	111
619	102
620	106
621	109
622	111
623	91
624	88
625	124
626	93
627	110
628	106
629	101
630	108
631	124
632	103
633	101
634	108
635	115
636	127
637	106
638	129
639	117
640	117
641	104
642	95
643	98
644	116
645	105
646	112
647	124
648	105
649	121
650	108
651	129
652	123
653	111
654	118
655	117
656	117
657	121
658	100
659	127
660	122
661	114
662	118
663	136
664	129
665	110
666	118
667	93
668	92
669	112
670	114
671	122
672	128
673	93
674	114
675	113
676	120
677	103
678	107
679	138
680	108
681	125
682	121
683	118
684	117
685	111
686	132
687	121
688	126
689	139
690	136
691	124
692	128
693	114
694	124
695	120
696	136
697	138
698	138
699	150
700	121
701	137
702	116
703	141
704	131
705	153
706	126
707	135
708	124
709	131
710	146
711	160
712	137
713	119
714	134
715	147
716	134
717	120
718	112
719	110
720	130
721	118
722	124
723	126
724	146
725	117
726	134
727	131
728	158
729	125
730	149
731	122
732	125
733	135
734	136
735	150
736	107
737	114
738	154
739	133
740	139
741	126
742	144
743	116
744	156
745	128
746	124
747	141
748	144
749	140
750	123
751	142
752	132
753	134
754	131
755	127
756	131
757	157
758	134
759	115
760	157
761	153
762	155
763	147
764	133
765	190
766	206
767	202
768	239
769	268
770	285
771	261
772	296
773	332
774	308
775	290
776	306
777	278
778	260
779	257
780	236
781	197
782	171
783	157
784	143
785	156
786	143
787	142
788	154
789	138
790	140
791	138
792	134
793	148
794	143
795	122
796	147
797	133
798	144
799	134
800	133
801	130
802	141
803	138
804	126
805	145
806	145
807	128
808	143
809	151
810	152
811	163
812	119
813	155
814	142
815	164
816	163
817	133
818	158
819	145
820	158
821	146
822	159
823	118
824	137
825	165
826	145
827	152
828	168
829	148
830	125
831	147
832	154
833	152
834	135
835	150
836	139
837	165
838	145
839	140
840	136
841	154
842	143
843	168
844	153
845	156
846	171
847	174
848	154
849	160
850	160
851	158
852	160
853	168
854	164
855	174
856	175
857	182
858	171
859	204
860	185
861	205
862	238
863	203
864	213
865	210
866	259
867	190
868	209
869	225
870	235
871	209
872	209
873	198
874	206
875	227
876	189
877	249
878	253
879	237
880	237
881	273
882	307
883	325
884	317
885	326
886	369
887	364
888	440
889	430
890	443
891	430
892	486
893	488
894	558
895	522
896	518
897	550
898	530
899	559
900	540
901	604
902	563
903	611
904	532
905	595
906	536
907	505
908	499
909	485
910	484
911	493
912	428
913	395
914	420
915	358
916	343
917	318
918	297
919	313
920	299
921	269
922	262
923	257
924	245
925	221
926	226
927	202
928	197
929	193
930	188
931	175
932	180
933	203
934	194
935	166
936	154
937	166
938	187
939	155
940	180
941	193
942	197
943	211
944	251
945	274
946	299
947	347
948	331
949	345
950	420
951	414
952	435
953	485
954	436
955	418
956	410
957	372
958	325
959	342
960	313
961	264
962	224
963	206
964	186
965	159
966	169
967	138
968	138
969	135
970	112
971	142
972	132
973	122
974	131
975	113
976	123
977	146
978	131
979	139
980	122
981	128
982	141
983	121
984	144
985	128
986	153
987	151
988	138
989	162
990	138
991	134
992	149
993	163
994	159
995	163
996	173
997	195
998	141
999	147
1000	161
1001	177
1002	155
1003	165
1004	163
1005	202
1006	180
1007	182
1008	162
1009	145
1010	185
1011	164
1012	174
1013	177
1014	148
1015	165
1016	170
1017	138
1018	143
1019	140
1020	147
1021	113
1022	143
1023	110
1024	111
