Date:	08/05/2018		Time:	21:55		Version no:	0.00		Project name:	55		Sample name:	222		Section name:	section		Position	332.315033	mm	E0	0.000000	keV	E1	1.000000	keV/channel	sample surface	6.198962	cm	Tube anode:	Mo		Tube voltage:	30	kV	Tube current:	50	mA	gain	10		std. database			resultfile	result		matrix element	11		sample thickness	1.000000		air passage	0.560000	cm	comments	in position		peaking_time	2.200000	m-sec	trigger_threshold	547.363281	V	mca_bin_width	22.090000	no:	number_mca_channels	1024.000000	no:	gap_time	0.150000	m-sec	trigger_peaking_time	0.200000	m-sec	GAINDAC	18610		HIGHGAIN	1		TAURC	1		RCTAU	1		RCTAUFRAC	1		livetime	9.484782	seconds	runtime	10.000489	seconds	input_count_rate	21476.825571	cps	output_count_rate	17860.726968	cps	triggers	203703	seconds	events_in_run	178616	seconds	channel	content		1	0
2	0
3	0
4	0
5	0
6	0
7	0
8	0
9	0
10	0
11	0
12	0
13	0
14	0
15	0
16	0
17	0
18	0
19	0
20	0
21	0
22	0
23	0
24	0
25	0
26	0
27	0
28	0
29	0
30	0
31	16
32	12
33	14
34	20
35	15
36	16
37	13
38	13
39	11
40	21
41	9
42	6
43	21
44	14
45	15
46	16
47	24
48	15
49	15
50	16
51	11
52	18
53	11
54	17
55	10
56	20
57	9
58	12
59	17
60	9
61	12
62	7
63	10
64	15
65	12
66	8
67	9
68	7
69	6
70	8
71	7
72	15
73	10
74	7
75	11
76	8
77	7
78	9
79	9
80	10
81	13
82	10
83	6
84	11
85	5
86	9
87	9
88	8
89	6
90	7
91	7
92	3
93	10
94	13
95	15
96	23
97	18
98	16
99	18
100	12
101	7
102	7
103	6
104	8
105	3
106	8
107	6
108	13
109	6
110	7
111	3
112	9
113	9
114	8
115	2
116	8
117	3
118	4
119	6
120	8
121	3
122	4
123	2
124	2
125	6
126	1
127	4
128	5
129	6
130	6
131	4
132	8
133	6
134	4
135	4
136	3
137	4
138	2
139	8
140	1
141	5
142	1
143	6
144	2
145	2
146	4
147	3
148	0
149	1
150	5
151	5
152	8
153	3
154	7
155	1
156	3
157	9
158	8
159	10
160	13
161	18
162	31
163	36
164	29
165	26
166	13
167	20
168	13
169	8
170	4
171	5
172	8
173	9
174	9
175	4
176	8
177	12
178	16
179	15
180	19
181	26
182	23
183	25
184	25
185	19
186	9
187	7
188	3
189	7
190	7
191	7
192	7
193	4
194	8
195	12
196	26
197	53
198	109
199	157
200	235
201	299
202	378
203	393
204	379
205	310
206	228
207	134
208	64
209	42
210	23
211	19
212	10
213	9
214	13
215	15
216	25
217	43
218	39
219	54
220	56
221	70
222	52
223	50
224	48
225	27
226	14
227	12
228	6
229	5
230	3
231	4
232	8
233	8
234	1
235	4
236	6
237	3
238	4
239	8
240	19
241	25
242	53
243	103
244	117
245	165
246	203
247	221
248	262
249	207
250	193
251	158
252	103
253	78
254	57
255	43
256	43
257	19
258	27
259	16
260	22
261	11
262	14
263	14
264	15
265	14
266	23
267	37
268	34
269	52
270	51
271	61
272	55
273	32
274	42
275	18
276	32
277	21
278	14
279	10
280	13
281	10
282	14
283	14
284	10
285	10
286	15
287	15
288	13
289	18
290	19
291	17
292	20
293	18
294	15
295	16
296	13
297	12
298	19
299	11
300	16
301	13
302	14
303	8
304	11
305	11
306	7
307	19
308	8
309	8
310	8
311	7
312	8
313	20
314	20
315	16
316	23
317	42
318	48
319	84
320	92
321	118
322	151
323	126
324	154
325	118
326	105
327	100
328	70
329	39
330	31
331	20
332	28
333	18
334	31
335	19
336	31
337	30
338	40
339	36
340	87
341	167
342	315
343	554
344	1010
345	1641
346	2425
347	3702
348	4771
349	5771
350	6308
351	6558
352	6335
353	5518
354	4613
355	3377
356	2364
357	1418
358	878
359	499
360	262
361	172
362	74
363	51
364	40
365	46
366	26
367	40
368	37
369	38
370	36
371	44
372	34
373	37
374	45
375	59
376	60
377	90
378	122
379	170
380	275
381	365
382	508
383	702
384	838
385	964
386	1090
387	1074
388	1054
389	969
390	728
391	564
392	438
393	280
394	165
395	108
396	71
397	40
398	28
399	25
400	30
401	12
402	24
403	35
404	30
405	20
406	28
407	22
408	36
409	28
410	38
411	30
412	29
413	26
414	32
415	22
416	25
417	22
418	29
419	31
420	29
421	29
422	32
423	30
424	37
425	29
426	26
427	28
428	29
429	23
430	37
431	34
432	34
433	43
434	30
435	49
436	45
437	51
438	52
439	54
440	72
441	66
442	72
443	78
444	50
445	68
446	54
447	64
448	50
449	65
450	56
451	50
452	52
453	53
454	63
455	57
456	65
457	64
458	80
459	84
460	65
461	70
462	61
463	65
464	60
465	63
466	49
467	46
468	63
469	59
470	48
471	63
472	63
473	53
474	55
475	54
476	63
477	61
478	48
479	49
480	40
481	56
482	51
483	56
484	47
485	45
486	63
487	47
488	41
489	48
490	51
491	61
492	61
493	49
494	42
495	50
496	47
497	58
498	58
499	48
500	62
501	75
502	58
503	73
504	59
505	57
506	64
507	80
508	75
509	70
510	67
511	68
512	80
513	86
514	66
515	70
516	76
517	68
518	74
519	74
520	80
521	87
522	74
523	81
524	75
525	82
526	60
527	78
528	86
529	83
530	86
531	82
532	86
533	68
534	92
535	80
536	82
537	56
538	74
539	81
540	75
541	68
542	72
543	72
544	79
545	65
546	81
547	80
548	62
549	71
550	72
551	51
552	68
553	67
554	76
555	65
556	67
557	53
558	73
559	54
560	71
561	68
562	69
563	66
564	57
565	79
566	76
567	83
568	71
569	76
570	68
571	73
572	65
573	77
574	72
575	83
576	80
577	73
578	81
579	61
580	62
581	79
582	74
583	79
584	72
585	79
586	78
587	85
588	65
589	76
590	70
591	88
592	78
593	82
594	80
595	95
596	96
597	72
598	89
599	76
600	90
601	93
602	75
603	68
604	80
605	85
606	84
607	84
608	83
609	68
610	79
611	95
612	83
613	76
614	106
615	79
616	79
617	90
618	109
619	90
620	101
621	86
622	98
623	105
624	98
625	79
626	110
627	93
628	87
629	94
630	89
631	83
632	93
633	102
634	90
635	80
636	89
637	86
638	103
639	105
640	97
641	89
642	83
643	95
644	91
645	85
646	99
647	97
648	81
649	106
650	123
651	109
652	94
653	91
654	82
655	107
656	114
657	94
658	93
659	94
660	102
661	109
662	121
663	103
664	113
665	109
666	101
667	94
668	99
669	90
670	100
671	86
672	110
673	94
674	106
675	106
676	111
677	101
678	112
679	107
680	98
681	96
682	90
683	111
684	113
685	102
686	102
687	108
688	110
689	106
690	112
691	114
692	115
693	122
694	127
695	116
696	121
697	106
698	116
699	111
700	136
701	102
702	108
703	106
704	105
705	108
706	96
707	112
708	104
709	114
710	112
711	113
712	119
713	123
714	115
715	99
716	100
717	111
718	145
719	145
720	118
721	122
722	128
723	121
724	104
725	119
726	95
727	116
728	124
729	120
730	113
731	119
732	108
733	113
734	120
735	115
736	124
737	127
738	125
739	124
740	127
741	128
742	135
743	96
744	102
745	122
746	119
747	116
748	135
749	136
750	126
751	115
752	97
753	113
754	118
755	106
756	127
757	118
758	140
759	124
760	131
761	112
762	139
763	156
764	145
765	185
766	171
767	165
768	224
769	235
770	257
771	272
772	280
773	279
774	276
775	254
776	263
777	249
778	221
779	222
780	204
781	159
782	167
783	144
784	148
785	148
786	121
787	134
788	124
789	135
790	125
791	142
792	140
793	114
794	130
795	107
796	123
797	107
798	120
799	132
800	122
801	137
802	147
803	117
804	128
805	129
806	130
807	139
808	124
809	149
810	116
811	131
812	126
813	160
814	127
815	134
816	127
817	164
818	137
819	151
820	154
821	136
822	149
823	141
824	128
825	139
826	138
827	146
828	123
829	127
830	137
831	125
832	138
833	134
834	145
835	155
836	144
837	129
838	133
839	134
840	132
841	133
842	119
843	149
844	147
845	133
846	164
847	137
848	135
849	155
850	151
851	170
852	161
853	153
854	160
855	188
856	178
857	202
858	187
859	189
860	190
861	196
862	197
863	196
864	244
865	226
866	198
867	218
868	201
869	203
870	215
871	206
872	230
873	203
874	210
875	228
876	222
877	219
878	214
879	265
880	244
881	252
882	292
883	289
884	298
885	293
886	344
887	368
888	368
889	389
890	391
891	451
892	452
893	494
894	473
895	493
896	499
897	534
898	546
899	540
900	541
901	526
902	523
903	521
904	546
905	469
906	488
907	479
908	444
909	419
910	442
911	442
912	401
913	380
914	348
915	350
916	331
917	302
918	257
919	255
920	262
921	243
922	246
923	235
924	226
925	229
926	199
927	203
928	189
929	174
930	201
931	193
932	164
933	149
934	155
935	158
936	155
937	160
938	169
939	135
940	186
941	182
942	180
943	199
944	182
945	225
946	251
947	296
948	350
949	342
950	353
951	412
952	408
953	402
954	371
955	406
956	384
957	369
958	344
959	306
960	299
961	270
962	233
963	214
964	218
965	177
966	136
967	155
968	140
969	104
970	124
971	126
972	115
973	141
974	128
975	132
976	126
977	128
978	108
979	131
980	145
981	122
982	115
983	112
984	135
985	136
986	141
987	134
988	126
989	126
990	148
991	140
992	148
993	150
994	156
995	136
996	162
997	142
998	167
999	161
1000	174
1001	163
1002	156
1003	166
1004	160
1005	172
1006	166
1007	186
1008	170
1009	152
1010	157
1011	172
1012	147
1013	156
1014	145
1015	161
1016	163
1017	143
1018	157
1019	148
1020	116
1021	133
1022	115
1023	105
1024	125
