Date:	08/05/2018		Time:	21:19		Version no:	0.00		Project name:	55		Sample name:	222		Section name:	section		Position	294.915039	mm	E0	0.000000	keV	E1	1.000000	keV/channel	sample surface	5.969667	cm	Tube anode:	Mo		Tube voltage:	30	kV	Tube current:	50	mA	gain	10		std. database			resultfile	result		matrix element	11		sample thickness	1.000000		air passage	0.560000	cm	comments	in position		peaking_time	2.200000	m-sec	trigger_threshold	547.363281	V	mca_bin_width	22.090000	no:	number_mca_channels	1024.000000	no:	gap_time	0.150000	m-sec	trigger_peaking_time	0.200000	m-sec	GAINDAC	18610		HIGHGAIN	1		TAURC	1		RCTAU	1		RCTAUFRAC	1		livetime	9.453489	seconds	runtime	10.000495	seconds	input_count_rate	23085.022325	cps	output_count_rate	19039.757151	cps	triggers	218234	seconds	events_in_run	190407	seconds	channel	content		1	0
2	0
3	0
4	0
5	0
6	0
7	0
8	0
9	0
10	0
11	0
12	0
13	0
14	0
15	0
16	0
17	0
18	0
19	0
20	0
21	0
22	0
23	0
24	0
25	0
26	0
27	0
28	0
29	0
30	0
31	16
32	14
33	18
34	21
35	15
36	14
37	14
38	17
39	14
40	12
41	18
42	10
43	18
44	11
45	11
46	16
47	19
48	12
49	14
50	14
51	11
52	7
53	11
54	14
55	13
56	11
57	10
58	9
59	12
60	17
61	11
62	10
63	10
64	10
65	5
66	6
67	6
68	8
69	7
70	11
71	13
72	7
73	5
74	10
75	4
76	10
77	5
78	2
79	12
80	10
81	11
82	9
83	7
84	11
85	4
86	1
87	4
88	7
89	9
90	9
91	6
92	9
93	12
94	14
95	12
96	11
97	22
98	12
99	18
100	7
101	12
102	6
103	5
104	7
105	10
106	6
107	4
108	13
109	9
110	9
111	9
112	9
113	6
114	3
115	4
116	5
117	4
118	4
119	7
120	4
121	5
122	5
123	4
124	7
125	4
126	5
127	7
128	5
129	3
130	3
131	4
132	4
133	4
134	1
135	12
136	4
137	3
138	7
139	7
140	5
141	6
142	5
143	3
144	4
145	6
146	1
147	2
148	4
149	4
150	3
151	9
152	7
153	9
154	4
155	2
156	7
157	8
158	3
159	7
160	17
161	24
162	29
163	32
164	29
165	26
166	23
167	17
168	11
169	8
170	4
171	8
172	5
173	6
174	11
175	10
176	9
177	9
178	8
179	13
180	13
181	15
182	30
183	14
184	21
185	18
186	10
187	10
188	6
189	3
190	3
191	4
192	4
193	4
194	9
195	16
196	27
197	53
198	102
199	118
200	236
201	321
202	324
203	340
204	359
205	292
206	228
207	137
208	92
209	36
210	28
211	14
212	10
213	11
214	6
215	10
216	27
217	32
218	27
219	57
220	57
221	65
222	79
223	50
224	38
225	25
226	24
227	13
228	8
229	10
230	4
231	7
232	5
233	6
234	6
235	4
236	2
237	6
238	14
239	11
240	15
241	26
242	39
243	59
244	120
245	120
246	160
247	171
248	183
249	171
250	152
251	153
252	86
253	75
254	66
255	55
256	38
257	23
258	33
259	19
260	15
261	17
262	14
263	19
264	22
265	22
266	25
267	34
268	32
269	40
270	46
271	58
272	37
273	58
274	34
275	30
276	20
277	13
278	7
279	8
280	8
281	5
282	15
283	12
284	11
285	10
286	16
287	14
288	6
289	15
290	15
291	18
292	16
293	20
294	24
295	17
296	18
297	9
298	13
299	18
300	15
301	12
302	11
303	19
304	7
305	14
306	16
307	16
308	14
309	13
310	18
311	17
312	15
313	14
314	20
315	21
316	34
317	35
318	66
319	83
320	108
321	143
322	178
323	175
324	163
325	183
326	135
327	102
328	87
329	55
330	52
331	30
332	34
333	21
334	35
335	24
336	29
337	39
338	33
339	63
340	111
341	222
342	329
343	625
344	1081
345	1766
346	2784
347	4017
348	5257
349	6456
350	7370
351	7426
352	7144
353	6542
354	5135
355	3906
356	2646
357	1776
358	1003
359	597
360	304
361	159
362	90
363	63
364	50
365	36
366	38
367	36
368	43
369	46
370	37
371	57
372	44
373	41
374	64
375	59
376	65
377	98
378	148
379	172
380	275
381	421
382	606
383	760
384	978
385	1156
386	1252
387	1245
388	1188
389	1032
390	831
391	625
392	519
393	309
394	200
395	108
396	85
397	44
398	37
399	25
400	23
401	28
402	24
403	40
404	32
405	28
406	34
407	32
408	30
409	37
410	32
411	33
412	30
413	35
414	28
415	33
416	25
417	30
418	25
419	26
420	26
421	24
422	33
423	31
424	31
425	42
426	42
427	45
428	24
429	32
430	34
431	41
432	26
433	34
434	40
435	46
436	45
437	56
438	68
439	64
440	80
441	60
442	66
443	76
444	59
445	65
446	55
447	47
448	57
449	53
450	52
451	43
452	49
453	52
454	54
455	71
456	77
457	89
458	79
459	77
460	66
461	79
462	60
463	77
464	58
465	64
466	55
467	56
468	51
469	64
470	57
471	48
472	64
473	55
474	69
475	66
476	58
477	63
478	51
479	52
480	58
481	44
482	41
483	54
484	62
485	53
486	51
487	47
488	48
489	57
490	48
491	35
492	49
493	47
494	66
495	52
496	55
497	51
498	60
499	59
500	59
501	65
502	60
503	74
504	56
505	75
506	67
507	64
508	78
509	72
510	81
511	76
512	89
513	59
514	63
515	71
516	75
517	77
518	79
519	85
520	80
521	94
522	99
523	86
524	85
525	79
526	96
527	96
528	87
529	76
530	87
531	80
532	100
533	96
534	91
535	69
536	69
537	73
538	70
539	76
540	70
541	69
542	83
543	78
544	70
545	78
546	76
547	72
548	94
549	73
550	77
551	88
552	68
553	76
554	75
555	79
556	74
557	72
558	65
559	79
560	80
561	70
562	81
563	65
564	85
565	69
566	68
567	76
568	76
569	69
570	72
571	82
572	76
573	78
574	73
575	77
576	87
577	79
578	55
579	84
580	63
581	79
582	97
583	86
584	80
585	100
586	83
587	105
588	81
589	97
590	96
591	86
592	89
593	67
594	79
595	78
596	84
597	89
598	88
599	91
600	89
601	73
602	92
603	72
604	89
605	87
606	89
607	87
608	80
609	90
610	91
611	80
612	105
613	97
614	80
615	106
616	88
617	88
618	80
619	93
620	96
621	105
622	79
623	89
624	81
625	87
626	97
627	110
628	86
629	79
630	100
631	81
632	91
633	94
634	104
635	109
636	105
637	87
638	130
639	107
640	89
641	90
642	78
643	115
644	108
645	115
646	99
647	109
648	85
649	103
650	129
651	104
652	105
653	110
654	88
655	122
656	109
657	120
658	101
659	98
660	111
661	109
662	106
663	124
664	97
665	88
666	106
667	89
668	88
669	113
670	106
671	100
672	98
673	121
674	95
675	94
676	106
677	116
678	125
679	116
680	109
681	111
682	102
683	117
684	121
685	95
686	116
687	112
688	114
689	103
690	134
691	99
692	135
693	92
694	122
695	99
696	112
697	91
698	109
699	127
700	111
701	113
702	116
703	116
704	120
705	130
706	121
707	99
708	132
709	117
710	124
711	112
712	114
713	114
714	112
715	118
716	114
717	133
718	127
719	109
720	111
721	114
722	105
723	118
724	125
725	117
726	139
727	124
728	124
729	126
730	110
731	121
732	142
733	115
734	125
735	129
736	143
737	124
738	117
739	121
740	119
741	124
742	140
743	117
744	122
745	133
746	117
747	129
748	106
749	119
750	134
751	127
752	136
753	103
754	128
755	128
756	138
757	128
758	133
759	110
760	117
761	148
762	156
763	148
764	154
765	177
766	181
767	208
768	212
769	208
770	256
771	254
772	281
773	292
774	280
775	291
776	258
777	234
778	249
779	207
780	202
781	175
782	181
783	169
784	124
785	147
786	160
787	129
788	144
789	137
790	108
791	126
792	111
793	130
794	126
795	118
796	140
797	146
798	146
799	140
800	128
801	130
802	118
803	145
804	115
805	120
806	145
807	98
808	130
809	129
810	151
811	170
812	149
813	152
814	128
815	144
816	134
817	157
818	143
819	122
820	148
821	159
822	148
823	144
824	165
825	141
826	129
827	122
828	135
829	163
830	124
831	135
832	143
833	154
834	129
835	140
836	146
837	130
838	169
839	144
840	116
841	138
842	166
843	150
844	132
845	153
846	127
847	135
848	156
849	135
850	151
851	164
852	171
853	147
854	152
855	187
856	167
857	189
858	198
859	191
860	168
861	214
862	209
863	201
864	205
865	209
866	205
867	222
868	209
869	206
870	210
871	207
872	221
873	229
874	208
875	215
876	214
877	239
878	261
879	242
880	258
881	280
882	274
883	283
884	322
885	314
886	373
887	361
888	405
889	408
890	405
891	470
892	450
893	482
894	442
895	515
896	522
897	508
898	508
899	553
900	555
901	535
902	514
903	557
904	521
905	522
906	523
907	476
908	483
909	430
910	433
911	410
912	392
913	385
914	394
915	341
916	359
917	315
918	282
919	252
920	292
921	259
922	258
923	258
924	218
925	221
926	204
927	202
928	185
929	183
930	179
931	173
932	169
933	174
934	188
935	157
936	161
937	132
938	162
939	187
940	159
941	169
942	180
943	195
944	236
945	225
946	277
947	281
948	330
949	347
950	369
951	357
952	388
953	405
954	431
955	451
956	389
957	365
958	351
959	330
960	295
961	274
962	247
963	217
964	167
965	170
966	149
967	142
968	151
969	163
970	120
971	117
972	127
973	129
974	130
975	130
976	120
977	119
978	126
979	117
980	143
981	127
982	133
983	133
984	117
985	147
986	145
987	142
988	108
989	141
990	148
991	159
992	153
993	140
994	171
995	146
996	176
997	163
998	173
999	169
1000	172
1001	183
1002	158
1003	175
1004	150
1005	151
1006	168
1007	168
1008	177
1009	142
1010	164
1011	150
1012	157
1013	158
1014	152
1015	154
1016	150
1017	122
1018	130
1019	122
1020	130
1021	124
1022	132
1023	122
1024	108
