Date:	08/05/2018		Time:	21:28		Version no:	0.00		Project name:	55		Sample name:	222		Section name:	section		Position	304.915039	mm	E0	0.000000	keV	E1	1.000000	keV/channel	sample surface	6.045021	cm	Tube anode:	Mo		Tube voltage:	30	kV	Tube current:	50	mA	gain	10		std. database			resultfile	result		matrix element	11		sample thickness	1.000000		air passage	0.560000	cm	comments	in position		peaking_time	2.200000	m-sec	trigger_threshold	547.363281	V	mca_bin_width	22.090000	no:	number_mca_channels	1024.000000	no:	gap_time	0.150000	m-sec	trigger_peaking_time	0.200000	m-sec	GAINDAC	18610		HIGHGAIN	1		TAURC	1		RCTAU	1		RCTAUFRAC	1		livetime	9.449568	seconds	runtime	10.000491	seconds	input_count_rate	22653.522362	cps	output_count_rate	18702.781319	cps	triggers	214066	seconds	events_in_run	187037	seconds	channel	content		1	0
2	0
3	0
4	0
5	0
6	0
7	0
8	0
9	0
10	0
11	0
12	0
13	0
14	0
15	0
16	0
17	0
18	0
19	0
20	0
21	0
22	0
23	0
24	0
25	0
26	0
27	0
28	0
29	0
30	0
31	11
32	16
33	9
34	15
35	10
36	11
37	13
38	13
39	19
40	8
41	17
42	12
43	11
44	16
45	13
46	17
47	14
48	6
49	12
50	14
51	13
52	15
53	20
54	11
55	16
56	14
57	12
58	14
59	15
60	9
61	15
62	8
63	12
64	10
65	15
66	16
67	13
68	7
69	5
70	12
71	13
72	16
73	6
74	11
75	12
76	6
77	9
78	9
79	12
80	11
81	11
82	7
83	12
84	13
85	6
86	8
87	9
88	7
89	7
90	2
91	7
92	4
93	16
94	16
95	18
96	19
97	22
98	23
99	7
100	6
101	6
102	11
103	9
104	9
105	9
106	8
107	11
108	5
109	12
110	7
111	8
112	7
113	8
114	3
115	4
116	5
117	8
118	4
119	4
120	4
121	3
122	5
123	4
124	6
125	7
126	2
127	9
128	4
129	11
130	4
131	4
132	8
133	2
134	4
135	0
136	1
137	3
138	4
139	0
140	2
141	5
142	1
143	2
144	4
145	6
146	6
147	3
148	5
149	3
150	2
151	4
152	8
153	6
154	5
155	5
156	9
157	10
158	10
159	12
160	20
161	25
162	16
163	29
164	34
165	22
166	20
167	4
168	7
169	4
170	5
171	4
172	7
173	2
174	7
175	3
176	4
177	12
178	8
179	9
180	14
181	19
182	22
183	20
184	12
185	18
186	15
187	4
188	8
189	7
190	6
191	0
192	2
193	8
194	10
195	15
196	23
197	57
198	70
199	133
200	202
201	278
202	272
203	285
204	325
205	299
206	175
207	150
208	75
209	50
210	16
211	10
212	8
213	12
214	7
215	11
216	19
217	27
218	46
219	54
220	50
221	60
222	50
223	42
224	27
225	23
226	18
227	8
228	6
229	3
230	4
231	9
232	4
233	5
234	2
235	3
236	5
237	4
238	10
239	9
240	14
241	30
242	51
243	73
244	86
245	142
246	168
247	209
248	199
249	174
250	179
251	121
252	96
253	79
254	45
255	45
256	31
257	26
258	25
259	9
260	10
261	8
262	16
263	11
264	8
265	22
266	25
267	29
268	30
269	37
270	48
271	61
272	52
273	45
274	38
275	31
276	27
277	15
278	11
279	5
280	7
281	10
282	11
283	10
284	6
285	8
286	12
287	9
288	13
289	12
290	15
291	16
292	10
293	11
294	10
295	13
296	17
297	18
298	18
299	17
300	16
301	15
302	5
303	15
304	9
305	8
306	8
307	9
308	9
309	8
310	16
311	18
312	11
313	14
314	23
315	25
316	21
317	29
318	54
319	75
320	108
321	118
322	119
323	157
324	152
325	136
326	124
327	96
328	75
329	57
330	39
331	34
332	26
333	20
334	28
335	22
336	24
337	48
338	45
339	50
340	88
341	163
342	275
343	543
344	957
345	1577
346	2509
347	3512
348	4693
349	5708
350	6435
351	6876
352	6450
353	5685
354	4460
355	3372
356	2370
357	1535
358	896
359	519
360	280
361	152
362	91
363	58
364	43
365	42
366	33
367	37
368	33
369	43
370	35
371	38
372	48
373	51
374	62
375	59
376	68
377	90
378	138
379	181
380	257
381	376
382	528
383	635
384	875
385	999
386	1100
387	1112
388	1045
389	887
390	735
391	612
392	439
393	271
394	162
395	128
396	62
397	39
398	33
399	36
400	29
401	28
402	30
403	23
404	21
405	33
406	40
407	27
408	31
409	32
410	44
411	32
412	45
413	34
414	39
415	26
416	32
417	32
418	36
419	19
420	34
421	33
422	35
423	26
424	32
425	27
426	25
427	34
428	39
429	32
430	32
431	32
432	28
433	49
434	39
435	48
436	59
437	54
438	54
439	58
440	78
441	54
442	67
443	85
444	77
445	67
446	63
447	50
448	50
449	58
450	69
451	61
452	64
453	71
454	65
455	58
456	85
457	70
458	83
459	100
460	80
461	81
462	78
463	67
464	77
465	73
466	52
467	51
468	60
469	42
470	59
471	60
472	70
473	67
474	77
475	54
476	55
477	66
478	51
479	60
480	60
481	52
482	49
483	41
484	47
485	49
486	49
487	55
488	53
489	60
490	59
491	55
492	58
493	62
494	61
495	62
496	60
497	64
498	60
499	54
500	66
501	66
502	67
503	81
504	77
505	74
506	71
507	83
508	78
509	93
510	79
511	74
512	78
513	67
514	76
515	76
516	71
517	74
518	52
519	80
520	78
521	66
522	88
523	88
524	88
525	83
526	83
527	104
528	88
529	80
530	87
531	93
532	94
533	86
534	68
535	92
536	83
537	77
538	71
539	73
540	69
541	89
542	91
543	80
544	74
545	80
546	85
547	89
548	79
549	89
550	67
551	81
552	63
553	79
554	71
555	72
556	82
557	75
558	86
559	66
560	73
561	72
562	64
563	92
564	80
565	69
566	93
567	89
568	95
569	63
570	86
571	67
572	80
573	78
574	82
575	69
576	98
577	74
578	77
579	86
580	91
581	74
582	89
583	73
584	89
585	77
586	84
587	101
588	66
589	90
590	91
591	86
592	85
593	99
594	87
595	85
596	91
597	78
598	78
599	72
600	86
601	97
602	88
603	88
604	99
605	94
606	101
607	107
608	76
609	96
610	80
611	103
612	87
613	90
614	86
615	92
616	104
617	111
618	107
619	89
620	113
621	91
622	100
623	99
624	115
625	103
626	98
627	102
628	96
629	107
630	113
631	83
632	113
633	85
634	106
635	83
636	73
637	91
638	108
639	96
640	116
641	131
642	105
643	91
644	111
645	98
646	117
647	119
648	113
649	111
650	117
651	115
652	117
653	106
654	113
655	120
656	126
657	94
658	120
659	105
660	101
661	115
662	107
663	109
664	94
665	117
666	132
667	93
668	131
669	114
670	97
671	111
672	102
673	119
674	116
675	101
676	111
677	103
678	119
679	114
680	119
681	118
682	101
683	130
684	123
685	117
686	130
687	119
688	91
689	126
690	105
691	93
692	110
693	105
694	116
695	109
696	120
697	112
698	136
699	123
700	128
701	123
702	125
703	134
704	121
705	117
706	127
707	134
708	125
709	134
710	135
711	143
712	124
713	122
714	129
715	134
716	117
717	145
718	131
719	119
720	143
721	121
722	121
723	136
724	122
725	135
726	119
727	132
728	112
729	124
730	122
731	123
732	135
733	130
734	120
735	132
736	144
737	139
738	135
739	131
740	133
741	114
742	130
743	132
744	126
745	132
746	134
747	141
748	114
749	159
750	143
751	132
752	139
753	141
754	124
755	153
756	143
757	155
758	119
759	121
760	136
761	128
762	135
763	142
764	172
765	156
766	199
767	182
768	218
769	212
770	238
771	241
772	273
773	282
774	244
775	275
776	276
777	241
778	247
779	224
780	199
781	184
782	172
783	163
784	163
785	160
786	162
787	149
788	121
789	118
790	153
791	131
792	134
793	143
794	141
795	127
796	134
797	141
798	145
799	115
800	142
801	158
802	122
803	134
804	128
805	132
806	155
807	151
808	133
809	161
810	131
811	145
812	144
813	140
814	149
815	129
816	137
817	122
818	164
819	158
820	136
821	146
822	162
823	157
824	147
825	142
826	137
827	159
828	176
829	137
830	157
831	142
832	161
833	151
834	153
835	161
836	175
837	159
838	137
839	152
840	155
841	164
842	147
843	167
844	132
845	144
846	137
847	141
848	157
849	169
850	156
851	174
852	154
853	162
854	191
855	173
856	178
857	195
858	208
859	172
860	205
861	219
862	248
863	219
864	224
865	220
866	223
867	241
868	221
869	209
870	205
871	256
872	255
873	202
874	241
875	209
876	228
877	251
878	281
879	266
880	268
881	276
882	298
883	339
884	377
885	387
886	400
887	441
888	391
889	429
890	501
891	475
892	475
893	491
894	544
895	553
896	565
897	575
898	573
899	578
900	588
901	599
902	553
903	622
904	557
905	574
906	559
907	528
908	479
909	469
910	477
911	479
912	451
913	432
914	363
915	388
916	389
917	352
918	310
919	295
920	304
921	275
922	290
923	247
924	251
925	234
926	192
927	206
928	186
929	180
930	195
931	186
932	183
933	185
934	190
935	181
936	189
937	141
938	141
939	179
940	200
941	180
942	180
943	189
944	232
945	251
946	281
947	341
948	322
949	356
950	374
951	422
952	478
953	437
954	446
955	432
956	383
957	386
958	384
959	335
960	317
961	256
962	243
963	213
964	184
965	186
966	183
967	154
968	152
969	128
970	138
971	146
972	147
973	136
974	146
975	150
976	128
977	140
978	122
979	150
980	128
981	138
982	126
983	145
984	153
985	162
986	140
987	165
988	151
989	150
990	149
991	154
992	134
993	161
994	189
995	162
996	166
997	167
998	179
999	157
1000	167
1001	188
1002	188
1003	202
1004	176
1005	182
1006	173
1007	199
1008	202
1009	170
1010	177
1011	161
1012	164
1013	187
1014	171
1015	172
1016	157
1017	141
1018	151
1019	132
1020	128
1021	133
1022	143
1023	129
1024	128
