Date:	08/05/2018		Time:	22:59		Version no:	0.00		Project name:	55		Sample name:	222		Section name:	section		Position	399.515045	mm	E0	0.000000	keV	E1	1.000000	keV/channel	sample surface	6.117659	cm	Tube anode:	Mo		Tube voltage:	30	kV	Tube current:	50	mA	gain	10		std. database			resultfile	result		matrix element	11		sample thickness	1.000000		air passage	0.560000	cm	comments	in position		peaking_time	2.200000	m-sec	trigger_threshold	547.363281	V	mca_bin_width	22.090000	no:	number_mca_channels	1024.000000	no:	gap_time	0.150000	m-sec	trigger_peaking_time	0.200000	m-sec	GAINDAC	18610		HIGHGAIN	1		TAURC	1		RCTAU	1		RCTAUFRAC	1		livetime	9.421095	seconds	runtime	10.000187	seconds	input_count_rate	25760.168521	cps	output_count_rate	20950.407808	cps	triggers	242689	seconds	events_in_run	209508	seconds	channel	content		1	0
2	0
3	0
4	0
5	0
6	0
7	0
8	0
9	0
10	0
11	0
12	0
13	0
14	0
15	0
16	0
17	0
18	0
19	0
20	0
21	0
22	0
23	0
24	0
25	0
26	0
27	0
28	0
29	0
30	0
31	15
32	14
33	11
34	12
35	8
36	18
37	11
38	12
39	13
40	15
41	11
42	15
43	15
44	21
45	13
46	8
47	12
48	19
49	14
50	15
51	17
52	9
53	8
54	9
55	15
56	16
57	14
58	8
59	13
60	16
61	9
62	10
63	14
64	18
65	9
66	9
67	5
68	6
69	5
70	8
71	9
72	6
73	10
74	8
75	7
76	5
77	9
78	9
79	6
80	11
81	14
82	13
83	11
84	17
85	14
86	11
87	8
88	3
89	4
90	6
91	0
92	5
93	20
94	7
95	24
96	15
97	19
98	14
99	15
100	12
101	12
102	9
103	9
104	5
105	14
106	9
107	5
108	10
109	5
110	8
111	5
112	2
113	5
114	5
115	9
116	5
117	4
118	4
119	7
120	5
121	1
122	4
123	3
124	5
125	8
126	9
127	7
128	6
129	1
130	4
131	2
132	5
133	9
134	3
135	4
136	1
137	2
138	2
139	6
140	5
141	5
142	3
143	7
144	4
145	2
146	7
147	4
148	5
149	6
150	2
151	6
152	2
153	5
154	1
155	5
156	8
157	10
158	5
159	7
160	17
161	19
162	29
163	17
164	19
165	24
166	14
167	17
168	4
169	9
170	7
171	1
172	2
173	8
174	5
175	6
176	11
177	11
178	8
179	19
180	19
181	25
182	22
183	19
184	21
185	22
186	11
187	6
188	8
189	6
190	2
191	2
192	5
193	8
194	8
195	11
196	25
197	45
198	72
199	129
200	221
201	275
202	336
203	332
204	301
205	275
206	201
207	131
208	89
209	43
210	18
211	21
212	13
213	13
214	11
215	20
216	26
217	38
218	46
219	56
220	68
221	64
222	47
223	49
224	35
225	25
226	13
227	9
228	8
229	9
230	2
231	3
232	2
233	4
234	8
235	4
236	5
237	5
238	10
239	15
240	21
241	20
242	46
243	74
244	112
245	150
246	196
247	222
248	224
249	192
250	172
251	141
252	109
253	93
254	53
255	41
256	33
257	32
258	28
259	29
260	20
261	19
262	10
263	16
264	11
265	30
266	30
267	35
268	37
269	48
270	51
271	61
272	56
273	59
274	47
275	34
276	21
277	21
278	16
279	9
280	11
281	14
282	8
283	13
284	13
285	12
286	9
287	15
288	8
289	15
290	19
291	10
292	11
293	18
294	23
295	15
296	18
297	17
298	20
299	26
300	27
301	13
302	14
303	11
304	12
305	13
306	3
307	18
308	22
309	11
310	18
311	10
312	11
313	17
314	13
315	25
316	25
317	37
318	38
319	81
320	84
321	128
322	153
323	144
324	151
325	135
326	114
327	87
328	69
329	56
330	34
331	32
332	36
333	21
334	33
335	29
336	41
337	57
338	35
339	78
340	129
341	188
342	431
343	771
344	1390
345	2252
346	3567
347	4839
348	6466
349	8048
350	8816
351	9100
352	8591
353	7602
354	6089
355	4540
356	3075
357	2054
358	1176
359	664
360	368
361	180
362	92
363	90
364	63
365	42
366	45
367	50
368	54
369	52
370	53
371	59
372	54
373	64
374	70
375	82
376	74
377	118
378	158
379	214
380	321
381	541
382	682
383	963
384	1187
385	1409
386	1487
387	1509
388	1406
389	1200
390	1014
391	755
392	527
393	355
394	244
395	123
396	70
397	59
398	35
399	32
400	28
401	21
402	21
403	45
404	34
405	35
406	34
407	26
408	38
409	32
410	41
411	35
412	37
413	33
414	39
415	34
416	32
417	34
418	32
419	39
420	33
421	30
422	23
423	47
424	35
425	27
426	33
427	32
428	27
429	39
430	32
431	41
432	33
433	26
434	40
435	42
436	41
437	60
438	54
439	63
440	65
441	79
442	78
443	70
444	74
445	72
446	69
447	61
448	56
449	47
450	50
451	54
452	56
453	70
454	66
455	68
456	73
457	67
458	79
459	73
460	88
461	77
462	73
463	61
464	67
465	70
466	49
467	51
468	50
469	71
470	54
471	60
472	67
473	71
474	73
475	52
476	57
477	63
478	58
479	41
480	49
481	54
482	51
483	68
484	56
485	64
486	53
487	60
488	49
489	70
490	55
491	69
492	62
493	41
494	52
495	56
496	61
497	52
498	71
499	62
500	56
501	66
502	78
503	67
504	71
505	72
506	67
507	67
508	93
509	73
510	72
511	66
512	82
513	68
514	69
515	84
516	69
517	71
518	67
519	82
520	90
521	80
522	88
523	78
524	79
525	80
526	116
527	106
528	86
529	83
530	90
531	91
532	91
533	82
534	89
535	71
536	82
537	77
538	69
539	85
540	73
541	76
542	74
543	84
544	78
545	84
546	104
547	87
548	91
549	93
550	72
551	66
552	93
553	70
554	72
555	71
556	78
557	76
558	78
559	61
560	65
561	69
562	79
563	85
564	69
565	68
566	77
567	71
568	85
569	80
570	87
571	93
572	72
573	90
574	74
575	83
576	83
577	75
578	90
579	93
580	83
581	83
582	77
583	88
584	89
585	93
586	81
587	79
588	79
589	92
590	82
591	101
592	80
593	97
594	85
595	73
596	95
597	97
598	87
599	88
600	89
601	88
602	82
603	87
604	84
605	81
606	95
607	98
608	103
609	91
610	89
611	104
612	93
613	103
614	101
615	81
616	92
617	100
618	102
619	121
620	114
621	80
622	107
623	101
624	94
625	92
626	95
627	113
628	93
629	98
630	94
631	107
632	89
633	95
634	95
635	112
636	123
637	109
638	102
639	97
640	101
641	91
642	94
643	97
644	95
645	82
646	90
647	118
648	106
649	101
650	120
651	113
652	109
653	119
654	114
655	100
656	113
657	120
658	123
659	109
660	104
661	97
662	116
663	96
664	117
665	108
666	112
667	111
668	127
669	102
670	120
671	109
672	116
673	106
674	98
675	121
676	108
677	115
678	95
679	112
680	96
681	111
682	119
683	112
684	102
685	132
686	132
687	104
688	121
689	121
690	106
691	120
692	134
693	97
694	126
695	112
696	128
697	114
698	109
699	139
700	134
701	134
702	117
703	128
704	133
705	129
706	123
707	111
708	131
709	140
710	128
711	141
712	117
713	102
714	111
715	128
716	115
717	110
718	114
719	112
720	129
721	116
722	124
723	116
724	138
725	125
726	118
727	107
728	123
729	123
730	130
731	147
732	124
733	120
734	123
735	128
736	133
737	138
738	143
739	143
740	143
741	128
742	125
743	116
744	127
745	124
746	116
747	123
748	126
749	133
750	134
751	122
752	118
753	117
754	130
755	117
756	136
757	124
758	120
759	114
760	139
761	145
762	145
763	161
764	166
765	151
766	188
767	177
768	226
769	232
770	225
771	249
772	244
773	274
774	275
775	272
776	270
777	217
778	230
779	213
780	189
781	187
782	170
783	160
784	148
785	144
786	139
787	130
788	134
789	135
790	136
791	124
792	115
793	160
794	128
795	141
796	149
797	140
798	140
799	130
800	141
801	161
802	148
803	134
804	143
805	150
806	137
807	118
808	140
809	142
810	137
811	129
812	134
813	155
814	145
815	143
816	139
817	136
818	148
819	151
820	154
821	154
822	140
823	161
824	134
825	138
826	167
827	156
828	146
829	141
830	141
831	150
832	143
833	144
834	134
835	143
836	142
837	133
838	143
839	146
840	118
841	139
842	141
843	150
844	152
845	161
846	168
847	132
848	141
849	153
850	167
851	149
852	143
853	162
854	165
855	170
856	186
857	155
858	187
859	183
860	194
861	179
862	190
863	179
864	201
865	244
866	216
867	205
868	222
869	215
870	227
871	230
872	224
873	238
874	227
875	203
876	203
877	221
878	257
879	284
880	326
881	286
882	283
883	320
884	326
885	328
886	358
887	379
888	381
889	399
890	428
891	424
892	519
893	505
894	513
895	521
896	553
897	539
898	602
899	589
900	592
901	511
902	562
903	568
904	538
905	510
906	528
907	502
908	501
909	500
910	474
911	424
912	409
913	409
914	383
915	346
916	308
917	335
918	330
919	272
920	271
921	224
922	265
923	241
924	228
925	224
926	214
927	167
928	219
929	189
930	172
931	190
932	164
933	164
934	169
935	170
936	171
937	152
938	187
939	169
940	184
941	200
942	186
943	210
944	206
945	245
946	291
947	278
948	322
949	385
950	399
951	423
952	402
953	429
954	414
955	400
956	375
957	399
958	413
959	330
960	308
961	275
962	225
963	220
964	186
965	171
966	176
967	145
968	124
969	144
970	143
971	106
972	134
973	114
974	134
975	131
976	132
977	124
978	136
979	144
980	144
981	151
982	143
983	145
984	127
985	132
986	129
987	145
988	138
989	132
990	146
991	145
992	167
993	167
994	137
995	191
996	146
997	177
998	177
999	194
1000	174
1001	154
1002	168
1003	169
1004	166
1005	202
1006	166
1007	151
1008	162
1009	191
1010	162
1011	185
1012	179
1013	159
1014	171
1015	153
1016	141
1017	155
1018	150
1019	132
1020	118
1021	126
1022	127
1023	118
1024	137
