Date:	08/05/2018		Time:	21:42		Version no:	0.00		Project name:	55		Sample name:	222		Section name:	section		Position	318.915039	mm	E0	0.000000	keV	E1	1.000000	keV/channel	sample surface	6.150066	cm	Tube anode:	Mo		Tube voltage:	30	kV	Tube current:	50	mA	gain	10		std. database			resultfile	result		matrix element	11		sample thickness	1.000000		air passage	0.560000	cm	comments	in position		peaking_time	2.200000	m-sec	trigger_threshold	547.363281	V	mca_bin_width	22.090000	no:	number_mca_channels	1024.000000	no:	gap_time	0.150000	m-sec	trigger_peaking_time	0.200000	m-sec	GAINDAC	18610		HIGHGAIN	1		TAURC	1		RCTAU	1		RCTAUFRAC	1		livetime	9.450983	seconds	runtime	10.000487	seconds	input_count_rate	22913.277425	cps	output_count_rate	18886.679841	cps	triggers	216553	seconds	events_in_run	188876	seconds	channel	content		1	0
2	0
3	0
4	0
5	0
6	0
7	0
8	0
9	0
10	0
11	0
12	0
13	0
14	0
15	0
16	0
17	0
18	0
19	0
20	0
21	0
22	0
23	0
24	0
25	0
26	0
27	0
28	0
29	0
30	0
31	16
32	9
33	11
34	12
35	15
36	24
37	16
38	16
39	14
40	16
41	11
42	19
43	18
44	19
45	13
46	14
47	16
48	13
49	15
50	10
51	4
52	15
53	14
54	10
55	10
56	7
57	16
58	13
59	12
60	13
61	6
62	7
63	12
64	15
65	14
66	6
67	7
68	4
69	14
70	11
71	4
72	7
73	10
74	8
75	10
76	3
77	6
78	7
79	7
80	12
81	10
82	9
83	12
84	11
85	7
86	9
87	7
88	15
89	11
90	6
91	11
92	12
93	9
94	12
95	17
96	20
97	14
98	17
99	22
100	9
101	8
102	14
103	8
104	8
105	6
106	9
107	7
108	12
109	13
110	9
111	4
112	5
113	6
114	6
115	6
116	4
117	6
118	4
119	7
120	1
121	3
122	7
123	0
124	3
125	4
126	4
127	2
128	2
129	7
130	4
131	7
132	3
133	3
134	3
135	3
136	1
137	6
138	3
139	2
140	6
141	3
142	2
143	2
144	6
145	2
146	4
147	3
148	2
149	5
150	2
151	4
152	4
153	3
154	5
155	3
156	5
157	6
158	7
159	14
160	15
161	29
162	21
163	30
164	32
165	27
166	12
167	8
168	6
169	5
170	3
171	7
172	3
173	2
174	5
175	6
176	10
177	9
178	8
179	17
180	17
181	17
182	29
183	18
184	12
185	14
186	10
187	8
188	5
189	4
190	2
191	2
192	1
193	14
194	10
195	16
196	25
197	54
198	98
199	144
200	214
201	302
202	343
203	371
204	351
205	282
206	239
207	146
208	82
209	58
210	21
211	8
212	8
213	14
214	7
215	12
216	26
217	35
218	41
219	67
220	58
221	55
222	43
223	46
224	47
225	24
226	19
227	9
228	5
229	6
230	6
231	6
232	3
233	3
234	8
235	3
236	3
237	6
238	7
239	14
240	18
241	21
242	53
243	71
244	139
245	164
246	211
247	247
248	251
249	219
250	186
251	136
252	107
253	74
254	66
255	42
256	36
257	37
258	24
259	19
260	14
261	10
262	16
263	13
264	18
265	23
266	23
267	27
268	32
269	43
270	40
271	51
272	55
273	54
274	31
275	34
276	25
277	16
278	14
279	5
280	13
281	9
282	10
283	10
284	15
285	14
286	7
287	13
288	9
289	11
290	16
291	12
292	14
293	18
294	11
295	21
296	16
297	20
298	19
299	22
300	14
301	20
302	13
303	8
304	6
305	10
306	8
307	17
308	15
309	16
310	10
311	12
312	10
313	16
314	10
315	17
316	26
317	25
318	46
319	73
320	85
321	97
322	110
323	136
324	110
325	125
326	86
327	98
328	50
329	38
330	36
331	33
332	26
333	24
334	34
335	19
336	31
337	41
338	51
339	64
340	109
341	172
342	331
343	595
344	996
345	1685
346	2660
347	3726
348	4953
349	5963
350	6684
351	7004
352	6842
353	5817
354	4664
355	3623
356	2476
357	1560
358	951
359	527
360	317
361	171
362	82
363	59
364	50
365	33
366	44
367	34
368	34
369	44
370	50
371	46
372	49
373	38
374	39
375	56
376	68
377	98
378	124
379	195
380	301
381	406
382	619
383	753
384	922
385	1110
386	1148
387	1196
388	1164
389	930
390	803
391	607
392	430
393	295
394	174
395	118
396	62
397	46
398	42
399	25
400	31
401	21
402	27
403	39
404	38
405	30
406	29
407	24
408	33
409	33
410	36
411	31
412	35
413	32
414	19
415	23
416	34
417	23
418	31
419	26
420	23
421	29
422	30
423	35
424	32
425	36
426	35
427	27
428	27
429	31
430	37
431	33
432	42
433	35
434	38
435	48
436	53
437	54
438	68
439	49
440	76
441	55
442	72
443	57
444	65
445	47
446	56
447	65
448	54
449	51
450	59
451	60
452	59
453	45
454	67
455	63
456	91
457	71
458	82
459	87
460	83
461	78
462	87
463	74
464	79
465	57
466	65
467	52
468	46
469	73
470	64
471	52
472	67
473	58
474	63
475	53
476	63
477	67
478	40
479	57
480	60
481	53
482	53
483	41
484	52
485	64
486	73
487	53
488	51
489	57
490	65
491	51
492	63
493	58
494	53
495	66
496	67
497	57
498	62
499	63
500	63
501	70
502	75
503	50
504	79
505	71
506	62
507	68
508	71
509	76
510	82
511	82
512	79
513	81
514	85
515	62
516	71
517	75
518	86
519	81
520	88
521	76
522	94
523	89
524	100
525	81
526	103
527	97
528	95
529	99
530	125
531	92
532	101
533	94
534	91
535	69
536	94
537	69
538	70
539	93
540	75
541	78
542	74
543	60
544	90
545	74
546	71
547	74
548	69
549	75
550	78
551	81
552	83
553	81
554	79
555	80
556	62
557	76
558	66
559	75
560	69
561	70
562	89
563	74
564	76
565	89
566	91
567	89
568	67
569	80
570	78
571	78
572	78
573	80
574	80
575	82
576	92
577	83
578	77
579	76
580	89
581	82
582	69
583	70
584	74
585	92
586	91
587	93
588	88
589	87
590	92
591	89
592	86
593	100
594	78
595	83
596	88
597	79
598	97
599	86
600	100
601	77
602	88
603	89
604	86
605	93
606	132
607	94
608	86
609	92
610	109
611	96
612	90
613	92
614	111
615	90
616	104
617	103
618	109
619	119
620	107
621	90
622	90
623	88
624	100
625	108
626	115
627	114
628	87
629	101
630	90
631	94
632	75
633	122
634	101
635	92
636	111
637	100
638	106
639	94
640	84
641	86
642	91
643	110
644	97
645	108
646	104
647	118
648	130
649	106
650	105
651	110
652	104
653	110
654	105
655	99
656	114
657	98
658	110
659	103
660	89
661	104
662	113
663	117
664	108
665	99
666	94
667	101
668	88
669	123
670	110
671	110
672	104
673	100
674	120
675	109
676	109
677	97
678	103
679	124
680	112
681	113
682	121
683	128
684	100
685	122
686	115
687	94
688	115
689	109
690	111
691	98
692	101
693	133
694	116
695	129
696	136
697	124
698	124
699	129
700	130
701	126
702	134
703	123
704	126
705	126
706	112
707	126
708	137
709	119
710	123
711	133
712	122
713	144
714	126
715	118
716	131
717	123
718	132
719	110
720	108
721	113
722	119
723	116
724	129
725	144
726	122
727	145
728	131
729	138
730	123
731	130
732	129
733	123
734	128
735	132
736	128
737	121
738	134
739	126
740	134
741	146
742	105
743	122
744	110
745	126
746	135
747	120
748	105
749	147
750	143
751	122
752	97
753	143
754	133
755	150
756	137
757	133
758	141
759	147
760	140
761	159
762	140
763	168
764	165
765	189
766	174
767	196
768	222
769	257
770	250
771	274
772	267
773	279
774	281
775	290
776	280
777	252
778	234
779	215
780	191
781	180
782	179
783	165
784	140
785	132
786	148
787	133
788	131
789	125
790	138
791	139
792	114
793	129
794	114
795	118
796	123
797	141
798	130
799	122
800	142
801	137
802	136
803	129
804	149
805	117
806	131
807	122
808	141
809	143
810	134
811	159
812	137
813	132
814	142
815	155
816	131
817	141
818	157
819	150
820	155
821	124
822	166
823	148
824	150
825	162
826	129
827	135
828	145
829	140
830	144
831	142
832	127
833	158
834	153
835	163
836	137
837	143
838	124
839	152
840	149
841	165
842	148
843	148
844	173
845	162
846	135
847	156
848	152
849	167
850	166
851	151
852	165
853	169
854	168
855	180
856	204
857	195
858	203
859	178
860	216
861	223
862	205
863	233
864	217
865	231
866	238
867	212
868	229
869	230
870	231
871	229
872	215
873	240
874	236
875	262
876	243
877	234
878	239
879	251
880	281
881	270
882	280
883	321
884	328
885	347
886	339
887	362
888	366
889	391
890	465
891	450
892	478
893	491
894	534
895	474
896	534
897	583
898	560
899	557
900	603
901	565
902	549
903	539
904	555
905	571
906	532
907	520
908	510
909	423
910	459
911	428
912	462
913	424
914	369
915	366
916	362
917	336
918	304
919	286
920	291
921	257
922	273
923	240
924	208
925	255
926	192
927	192
928	201
929	180
930	177
931	172
932	164
933	172
934	171
935	182
936	169
937	176
938	159
939	180
940	174
941	176
942	204
943	201
944	240
945	249
946	283
947	278
948	351
949	385
950	368
951	393
952	431
953	431
954	425
955	440
956	423
957	378
958	357
959	346
960	291
961	244
962	217
963	228
964	207
965	181
966	149
967	152
968	144
969	137
970	145
971	123
972	129
973	119
974	123
975	144
976	140
977	135
978	130
979	114
980	130
981	116
982	159
983	122
984	137
985	147
986	134
987	170
988	142
989	136
990	139
991	159
992	142
993	167
994	164
995	177
996	185
997	158
998	172
999	176
1000	179
1001	195
1002	200
1003	187
1004	169
1005	197
1006	174
1007	168
1008	145
1009	153
1010	182
1011	176
1012	172
1013	176
1014	159
1015	168
1016	160
1017	170
1018	139
1019	130
1020	134
1021	129
1022	122
1023	129
1024	124
