Date:	08/05/2018		Time:	21:36		Version no:	0.00		Project name:	55		Sample name:	222		Section name:	section		Position	312.515045	mm	E0	0.000000	keV	E1	1.000000	keV/channel	sample surface	6.111550	cm	Tube anode:	Mo		Tube voltage:	30	kV	Tube current:	50	mA	gain	10		std. database			resultfile	result		matrix element	11		sample thickness	1.000000		air passage	0.560000	cm	comments	in position		peaking_time	2.200000	m-sec	trigger_threshold	547.363281	V	mca_bin_width	22.090000	no:	number_mca_channels	1024.000000	no:	gap_time	0.150000	m-sec	trigger_peaking_time	0.200000	m-sec	GAINDAC	18610		HIGHGAIN	1		TAURC	1		RCTAU	1		RCTAUFRAC	1		livetime	9.468493	seconds	runtime	10.000493	seconds	input_count_rate	22259.297699	cps	output_count_rate	18435.591494	cps	triggers	210762	seconds	events_in_run	184365	seconds	channel	content		1	0
2	0
3	0
4	0
5	0
6	0
7	0
8	0
9	0
10	0
11	0
12	0
13	0
14	0
15	0
16	0
17	0
18	0
19	0
20	0
21	0
22	0
23	0
24	0
25	0
26	0
27	0
28	0
29	0
30	0
31	15
32	20
33	15
34	11
35	15
36	15
37	19
38	7
39	13
40	11
41	6
42	15
43	20
44	15
45	13
46	12
47	16
48	16
49	12
50	7
51	8
52	11
53	9
54	11
55	12
56	17
57	10
58	6
59	12
60	11
61	13
62	10
63	9
64	8
65	4
66	7
67	9
68	5
69	6
70	10
71	11
72	6
73	6
74	11
75	8
76	9
77	8
78	6
79	7
80	8
81	14
82	7
83	8
84	8
85	7
86	9
87	4
88	4
89	4
90	8
91	8
92	6
93	8
94	23
95	13
96	24
97	20
98	8
99	19
100	6
101	3
102	5
103	10
104	6
105	3
106	11
107	13
108	6
109	6
110	4
111	3
112	7
113	1
114	7
115	3
116	7
117	3
118	4
119	5
120	3
121	5
122	6
123	2
124	7
125	4
126	5
127	5
128	3
129	4
130	2
131	3
132	8
133	3
134	4
135	3
136	3
137	3
138	1
139	7
140	1
141	1
142	3
143	5
144	1
145	4
146	4
147	2
148	5
149	4
150	2
151	4
152	3
153	5
154	1
155	6
156	3
157	4
158	8
159	13
160	11
161	19
162	28
163	31
164	32
165	16
166	22
167	14
168	12
169	6
170	5
171	3
172	4
173	3
174	8
175	8
176	4
177	7
178	8
179	16
180	20
181	19
182	20
183	26
184	18
185	18
186	12
187	9
188	3
189	3
190	7
191	4
192	2
193	6
194	13
195	22
196	30
197	44
198	99
199	159
200	219
201	281
202	350
203	353
204	354
205	286
206	209
207	136
208	76
209	49
210	17
211	18
212	8
213	9
214	14
215	18
216	18
217	33
218	52
219	55
220	58
221	61
222	61
223	38
224	33
225	19
226	19
227	10
228	6
229	6
230	2
231	10
232	4
233	3
234	6
235	4
236	3
237	9
238	6
239	10
240	18
241	28
242	51
243	79
244	112
245	142
246	189
247	205
248	207
249	207
250	178
251	108
252	100
253	79
254	41
255	37
256	37
257	28
258	22
259	26
260	12
261	16
262	14
263	12
264	10
265	11
266	21
267	23
268	32
269	48
270	42
271	44
272	48
273	35
274	31
275	36
276	20
277	19
278	16
279	6
280	12
281	10
282	4
283	10
284	6
285	12
286	15
287	18
288	14
289	15
290	14
291	17
292	17
293	21
294	10
295	25
296	21
297	13
298	18
299	13
300	13
301	19
302	7
303	15
304	13
305	6
306	12
307	9
308	11
309	12
310	8
311	11
312	8
313	10
314	15
315	19
316	24
317	36
318	52
319	54
320	69
321	91
322	111
323	111
324	101
325	122
326	92
327	68
328	55
329	43
330	49
331	39
332	27
333	25
334	23
335	24
336	22
337	41
338	43
339	50
340	95
341	157
342	344
343	588
344	1013
345	1706
346	2732
347	3799
348	4928
349	6118
350	6578
351	6977
352	6640
353	5806
354	4737
355	3483
356	2478
357	1578
358	960
359	559
360	288
361	153
362	68
363	62
364	45
365	42
366	38
367	42
368	43
369	31
370	29
371	38
372	50
373	46
374	44
375	48
376	64
377	88
378	113
379	183
380	287
381	378
382	555
383	748
384	896
385	1055
386	1123
387	1152
388	1104
389	995
390	766
391	579
392	435
393	294
394	193
395	115
396	81
397	41
398	23
399	23
400	30
401	32
402	27
403	27
404	32
405	35
406	29
407	36
408	39
409	32
410	28
411	40
412	33
413	42
414	35
415	21
416	25
417	26
418	29
419	34
420	33
421	28
422	29
423	28
424	40
425	32
426	29
427	38
428	30
429	32
430	27
431	42
432	33
433	40
434	39
435	58
436	37
437	46
438	50
439	56
440	71
441	69
442	63
443	77
444	60
445	54
446	60
447	60
448	56
449	60
450	55
451	53
452	57
453	54
454	71
455	71
456	74
457	74
458	67
459	97
460	89
461	78
462	77
463	76
464	67
465	50
466	58
467	59
468	57
469	56
470	50
471	70
472	67
473	45
474	71
475	61
476	50
477	73
478	53
479	48
480	55
481	51
482	38
483	55
484	48
485	72
486	56
487	74
488	70
489	59
490	59
491	55
492	61
493	56
494	49
495	43
496	59
497	60
498	57
499	61
500	62
501	67
502	63
503	68
504	68
505	70
506	77
507	74
508	73
509	74
510	64
511	55
512	77
513	80
514	66
515	93
516	75
517	62
518	80
519	73
520	91
521	81
522	74
523	74
524	87
525	68
526	85
527	102
528	81
529	108
530	91
531	74
532	80
533	71
534	98
535	81
536	78
537	77
538	95
539	80
540	61
541	71
542	82
543	77
544	89
545	78
546	80
547	75
548	63
549	79
550	72
551	57
552	72
553	68
554	73
555	65
556	83
557	63
558	78
559	65
560	67
561	78
562	75
563	71
564	82
565	56
566	71
567	73
568	66
569	80
570	65
571	77
572	73
573	78
574	77
575	84
576	66
577	76
578	70
579	77
580	72
581	84
582	88
583	80
584	84
585	80
586	77
587	89
588	85
589	90
590	84
591	86
592	82
593	85
594	92
595	86
596	72
597	93
598	86
599	96
600	100
601	88
602	90
603	109
604	100
605	93
606	79
607	89
608	110
609	83
610	101
611	93
612	105
613	90
614	103
615	98
616	98
617	93
618	99
619	105
620	109
621	97
622	103
623	90
624	94
625	104
626	87
627	91
628	88
629	101
630	96
631	97
632	95
633	114
634	87
635	108
636	100
637	98
638	115
639	114
640	96
641	100
642	104
643	97
644	100
645	94
646	112
647	104
648	102
649	104
650	114
651	113
652	93
653	111
654	117
655	119
656	84
657	93
658	113
659	121
660	114
661	98
662	91
663	112
664	96
665	98
666	103
667	95
668	121
669	109
670	117
671	97
672	86
673	101
674	91
675	93
676	84
677	100
678	122
679	118
680	90
681	106
682	106
683	121
684	110
685	119
686	116
687	128
688	98
689	107
690	115
691	133
692	116
693	108
694	112
695	111
696	127
697	106
698	130
699	122
700	130
701	128
702	109
703	90
704	114
705	126
706	126
707	131
708	119
709	129
710	98
711	107
712	126
713	127
714	125
715	137
716	132
717	124
718	103
719	108
720	132
721	116
722	120
723	129
724	134
725	111
726	138
727	127
728	127
729	124
730	125
731	104
732	102
733	122
734	131
735	137
736	118
737	125
738	126
739	127
740	115
741	133
742	119
743	118
744	118
745	118
746	135
747	125
748	116
749	128
750	133
751	125
752	126
753	129
754	99
755	116
756	117
757	137
758	106
759	118
760	127
761	131
762	149
763	156
764	148
765	147
766	208
767	198
768	242
769	212
770	248
771	265
772	305
773	318
774	276
775	263
776	276
777	269
778	250
779	204
780	194
781	195
782	184
783	171
784	150
785	130
786	126
787	135
788	149
789	139
790	135
791	112
792	114
793	126
794	120
795	132
796	131
797	128
798	122
799	134
800	126
801	147
802	130
803	117
804	132
805	129
806	149
807	112
808	123
809	123
810	142
811	172
812	145
813	146
814	135
815	151
816	148
817	133
818	146
819	156
820	107
821	142
822	118
823	141
824	151
825	109
826	132
827	134
828	137
829	155
830	131
831	122
832	127
833	133
834	126
835	146
836	136
837	126
838	141
839	127
840	140
841	163
842	144
843	140
844	136
845	138
846	153
847	140
848	169
849	149
850	161
851	158
852	144
853	140
854	153
855	164
856	172
857	215
858	183
859	191
860	206
861	216
862	193
863	226
864	235
865	201
866	241
867	201
868	194
869	214
870	215
871	233
872	221
873	204
874	217
875	220
876	228
877	219
878	228
879	231
880	261
881	252
882	296
883	280
884	312
885	342
886	349
887	315
888	382
889	382
890	382
891	415
892	473
893	501
894	495
895	499
896	523
897	553
898	527
899	574
900	569
901	545
902	509
903	479
904	562
905	530
906	440
907	491
908	475
909	458
910	435
911	419
912	431
913	362
914	378
915	338
916	323
917	315
918	303
919	297
920	296
921	260
922	239
923	240
924	231
925	238
926	216
927	203
928	199
929	171
930	178
931	173
932	157
933	167
934	161
935	181
936	146
937	164
938	156
939	180
940	156
941	171
942	180
943	200
944	219
945	217
946	280
947	284
948	286
949	365
950	399
951	422
952	414
953	410
954	415
955	410
956	434
957	374
958	321
959	315
960	317
961	274
962	211
963	197
964	170
965	167
966	159
967	144
968	139
969	125
970	115
971	138
972	121
973	114
974	123
975	111
976	136
977	107
978	113
979	127
980	127
981	122
982	135
983	129
984	117
985	139
986	129
987	141
988	156
989	143
990	157
991	147
992	132
993	149
994	143
995	159
996	163
997	160
998	161
999	162
1000	165
1001	164
1002	173
1003	169
1004	171
1005	160
1006	161
1007	169
1008	185
1009	148
1010	180
1011	150
1012	147
1013	147
1014	173
1015	162
1016	126
1017	129
1018	137
1019	143
1020	136
1021	104
1022	113
1023	101
1024	106
