Date:	08/05/2018		Time:	21:40		Version no:	0.00		Project name:	55		Sample name:	222		Section name:	section		Position	316.915039	mm	E0	0.000000	keV	E1	1.000000	keV/channel	sample surface	6.143048	cm	Tube anode:	Mo		Tube voltage:	30	kV	Tube current:	50	mA	gain	10		std. database			resultfile	result		matrix element	11		sample thickness	1.000000		air passage	0.560000	cm	comments	in position		peaking_time	2.200000	m-sec	trigger_threshold	547.363281	V	mca_bin_width	22.090000	no:	number_mca_channels	1024.000000	no:	gap_time	0.150000	m-sec	trigger_peaking_time	0.200000	m-sec	GAINDAC	18610		HIGHGAIN	1		TAURC	1		RCTAU	1		RCTAUFRAC	1		livetime	9.477826	seconds	runtime	10.000122	seconds	input_count_rate	22386.780360	cps	output_count_rate	18572.074164	cps	triggers	212178	seconds	events_in_run	185723	seconds	channel	content		1	0
2	0
3	0
4	0
5	0
6	0
7	0
8	0
9	0
10	0
11	0
12	0
13	0
14	0
15	0
16	0
17	0
18	0
19	0
20	0
21	0
22	0
23	0
24	0
25	0
26	0
27	0
28	0
29	0
30	0
31	17
32	20
33	21
34	14
35	10
36	10
37	15
38	12
39	15
40	18
41	17
42	14
43	15
44	8
45	16
46	12
47	18
48	17
49	19
50	16
51	12
52	8
53	14
54	16
55	15
56	11
57	7
58	15
59	9
60	5
61	4
62	9
63	10
64	6
65	7
66	12
67	4
68	12
69	15
70	14
71	5
72	7
73	5
74	10
75	8
76	7
77	5
78	4
79	7
80	10
81	9
82	19
83	12
84	8
85	4
86	5
87	9
88	4
89	5
90	8
91	5
92	6
93	11
94	15
95	15
96	15
97	12
98	22
99	15
100	10
101	11
102	8
103	5
104	4
105	11
106	8
107	9
108	8
109	6
110	5
111	6
112	5
113	7
114	5
115	4
116	3
117	4
118	2
119	4
120	5
121	5
122	1
123	2
124	2
125	7
126	2
127	5
128	1
129	3
130	2
131	3
132	6
133	1
134	3
135	4
136	4
137	1
138	4
139	3
140	4
141	3
142	2
143	3
144	3
145	5
146	3
147	5
148	1
149	2
150	6
151	9
152	7
153	3
154	4
155	3
156	8
157	4
158	7
159	12
160	16
161	25
162	28
163	37
164	26
165	28
166	19
167	16
168	5
169	3
170	6
171	1
172	6
173	2
174	4
175	11
176	11
177	12
178	15
179	14
180	22
181	20
182	25
183	15
184	21
185	22
186	8
187	12
188	5
189	8
190	6
191	5
192	3
193	6
194	9
195	14
196	32
197	34
198	88
199	144
200	226
201	282
202	348
203	362
204	361
205	283
206	226
207	157
208	109
209	51
210	27
211	14
212	11
213	5
214	9
215	15
216	27
217	34
218	45
219	50
220	68
221	64
222	72
223	39
224	35
225	23
226	22
227	15
228	7
229	1
230	3
231	5
232	3
233	3
234	4
235	4
236	7
237	5
238	9
239	3
240	15
241	31
242	48
243	71
244	117
245	150
246	198
247	233
248	232
249	207
250	187
251	142
252	96
253	78
254	54
255	46
256	36
257	27
258	21
259	20
260	19
261	14
262	12
263	16
264	18
265	20
266	36
267	36
268	32
269	45
270	52
271	54
272	54
273	46
274	33
275	27
276	18
277	13
278	12
279	10
280	13
281	8
282	16
283	10
284	9
285	9
286	12
287	7
288	15
289	15
290	16
291	13
292	15
293	17
294	12
295	13
296	16
297	15
298	18
299	17
300	21
301	13
302	13
303	12
304	16
305	16
306	17
307	14
308	9
309	9
310	11
311	18
312	14
313	15
314	14
315	8
316	20
317	31
318	44
319	57
320	64
321	108
322	111
323	104
324	109
325	96
326	84
327	73
328	55
329	48
330	39
331	39
332	20
333	33
334	19
335	26
336	22
337	37
338	45
339	52
340	73
341	193
342	299
343	590
344	1027
345	1703
346	2524
347	3763
348	4839
349	5851
350	6606
351	6952
352	6506
353	5730
354	4635
355	3488
356	2492
357	1536
358	907
359	547
360	267
361	153
362	84
363	54
364	48
365	39
366	30
367	37
368	42
369	38
370	31
371	45
372	45
373	36
374	58
375	68
376	82
377	89
378	132
379	188
380	268
381	411
382	530
383	714
384	890
385	1055
386	1164
387	1182
388	1071
389	998
390	755
391	615
392	440
393	302
394	191
395	111
396	68
397	36
398	44
399	38
400	23
401	24
402	20
403	23
404	33
405	27
406	34
407	38
408	30
409	29
410	40
411	41
412	38
413	34
414	26
415	30
416	25
417	25
418	37
419	28
420	30
421	31
422	29
423	36
424	36
425	28
426	34
427	29
428	34
429	38
430	35
431	30
432	31
433	36
434	43
435	43
436	44
437	41
438	53
439	64
440	56
441	80
442	70
443	56
444	61
445	87
446	67
447	58
448	57
449	63
450	50
451	47
452	52
453	53
454	59
455	68
456	59
457	79
458	66
459	75
460	90
461	86
462	70
463	63
464	70
465	48
466	61
467	55
468	54
469	51
470	55
471	60
472	58
473	67
474	54
475	58
476	58
477	56
478	62
479	56
480	55
481	57
482	59
483	53
484	59
485	45
486	49
487	51
488	54
489	55
490	59
491	53
492	51
493	51
494	54
495	53
496	60
497	51
498	64
499	47
500	57
501	53
502	72
503	76
504	65
505	53
506	67
507	78
508	74
509	63
510	70
511	71
512	79
513	77
514	91
515	61
516	72
517	79
518	74
519	64
520	72
521	72
522	82
523	76
524	92
525	80
526	87
527	66
528	100
529	110
530	101
531	87
532	93
533	92
534	89
535	92
536	79
537	73
538	72
539	74
540	90
541	70
542	88
543	79
544	88
545	73
546	75
547	94
548	92
549	59
550	61
551	80
552	64
553	74
554	70
555	75
556	76
557	72
558	73
559	65
560	54
561	69
562	62
563	69
564	83
565	75
566	62
567	84
568	80
569	80
570	88
571	67
572	73
573	69
574	63
575	76
576	84
577	88
578	72
579	76
580	77
581	68
582	68
583	77
584	69
585	72
586	89
587	84
588	76
589	83
590	77
591	84
592	89
593	87
594	100
595	79
596	95
597	89
598	108
599	104
600	84
601	83
602	81
603	95
604	94
605	91
606	81
607	97
608	89
609	91
610	86
611	103
612	88
613	103
614	100
615	90
616	81
617	95
618	95
619	104
620	85
621	104
622	90
623	101
624	108
625	91
626	101
627	110
628	115
629	87
630	98
631	93
632	93
633	111
634	118
635	89
636	78
637	80
638	107
639	79
640	92
641	93
642	81
643	110
644	101
645	87
646	90
647	96
648	81
649	116
650	112
651	101
652	106
653	97
654	114
655	102
656	113
657	112
658	125
659	114
660	106
661	118
662	120
663	98
664	103
665	111
666	100
667	91
668	104
669	109
670	108
671	93
672	89
673	111
674	119
675	96
676	100
677	95
678	104
679	127
680	127
681	99
682	113
683	117
684	99
685	107
686	130
687	90
688	113
689	110
690	120
691	119
692	128
693	117
694	108
695	112
696	109
697	113
698	131
699	143
700	128
701	109
702	112
703	129
704	127
705	114
706	124
707	115
708	127
709	116
710	120
711	120
712	134
713	120
714	112
715	138
716	136
717	124
718	117
719	121
720	118
721	122
722	108
723	119
724	123
725	125
726	126
727	110
728	103
729	126
730	139
731	139
732	133
733	128
734	113
735	113
736	127
737	117
738	135
739	103
740	110
741	124
742	135
743	124
744	103
745	126
746	141
747	142
748	125
749	133
750	117
751	132
752	123
753	137
754	144
755	111
756	134
757	144
758	135
759	140
760	123
761	126
762	152
763	126
764	148
765	169
766	181
767	189
768	236
769	268
770	241
771	261
772	299
773	334
774	267
775	298
776	249
777	245
778	223
779	222
780	194
781	195
782	162
783	171
784	155
785	136
786	145
787	154
788	124
789	141
790	141
791	131
792	148
793	139
794	126
795	130
796	106
797	121
798	147
799	131
800	138
801	120
802	152
803	124
804	134
805	140
806	155
807	148
808	136
809	139
810	125
811	144
812	137
813	141
814	155
815	162
816	173
817	140
818	156
819	155
820	130
821	163
822	153
823	133
824	159
825	110
826	128
827	144
828	156
829	149
830	153
831	151
832	145
833	132
834	129
835	145
836	150
837	154
838	145
839	159
840	146
841	138
842	147
843	130
844	149
845	138
846	137
847	171
848	149
849	141
850	160
851	184
852	169
853	148
854	183
855	187
856	186
857	175
858	181
859	211
860	222
861	197
862	242
863	233
864	232
865	226
866	221
867	249
868	203
869	223
870	240
871	229
872	238
873	196
874	199
875	222
876	221
877	254
878	253
879	265
880	243
881	284
882	305
883	301
884	342
885	340
886	361
887	341
888	422
889	440
890	406
891	444
892	469
893	501
894	500
895	536
896	515
897	529
898	551
899	544
900	557
901	496
902	533
903	557
904	558
905	543
906	515
907	495
908	459
909	464
910	433
911	419
912	401
913	370
914	385
915	341
916	366
917	339
918	326
919	291
920	288
921	262
922	285
923	253
924	220
925	195
926	204
927	208
928	200
929	188
930	179
931	189
932	177
933	177
934	152
935	162
936	163
937	165
938	165
939	172
940	166
941	188
942	190
943	220
944	226
945	224
946	241
947	285
948	311
949	330
950	380
951	417
952	389
953	421
954	385
955	420
956	447
957	401
958	350
959	320
960	307
961	263
962	255
963	218
964	196
965	181
966	148
967	154
968	159
969	145
970	121
971	116
972	125
973	112
974	131
975	111
976	143
977	132
978	140
979	131
980	156
981	144
982	137
983	131
984	124
985	139
986	132
987	126
988	155
989	148
990	158
991	145
992	137
993	157
994	194
995	174
996	167
997	176
998	178
999	177
1000	159
1001	165
1002	197
1003	194
1004	180
1005	147
1006	184
1007	178
1008	182
1009	162
1010	187
1011	182
1012	161
1013	157
1014	161
1015	160
1016	163
1017	127
1018	152
1019	128
1020	147
1021	138
1022	155
1023	148
1024	124
