Date:	08/05/2018		Time:	22:58		Version no:	0.00		Project name:	55		Sample name:	222		Section name:	section		Position	398.915039	mm	E0	0.000000	keV	E1	1.000000	keV/channel	sample surface	6.116662	cm	Tube anode:	Mo		Tube voltage:	30	kV	Tube current:	50	mA	gain	10		std. database			resultfile	result		matrix element	11		sample thickness	1.000000		air passage	0.560000	cm	comments	in position		peaking_time	2.200000	m-sec	trigger_threshold	547.363281	V	mca_bin_width	22.090000	no:	number_mca_channels	1024.000000	no:	gap_time	0.150000	m-sec	trigger_peaking_time	0.200000	m-sec	GAINDAC	18610		HIGHGAIN	1		TAURC	1		RCTAU	1		RCTAUFRAC	1		livetime	9.396609	seconds	runtime	10.000491	seconds	input_count_rate	26337.906075	cps	output_count_rate	21265.155456	cps	triggers	247487	seconds	events_in_run	212662	seconds	channel	content		1	0
2	0
3	0
4	0
5	0
6	0
7	0
8	0
9	0
10	0
11	0
12	0
13	0
14	0
15	0
16	0
17	0
18	0
19	0
20	0
21	0
22	0
23	0
24	0
25	0
26	0
27	0
28	0
29	0
30	0
31	14
32	8
33	14
34	25
35	18
36	10
37	12
38	18
39	6
40	16
41	15
42	14
43	20
44	16
45	11
46	9
47	10
48	17
49	21
50	14
51	13
52	11
53	17
54	17
55	16
56	14
57	9
58	15
59	10
60	8
61	9
62	9
63	12
64	10
65	4
66	10
67	13
68	5
69	13
70	8
71	6
72	8
73	13
74	6
75	5
76	7
77	11
78	8
79	8
80	10
81	13
82	10
83	15
84	14
85	11
86	6
87	11
88	4
89	3
90	5
91	3
92	6
93	9
94	14
95	13
96	18
97	14
98	11
99	8
100	13
101	9
102	6
103	9
104	10
105	11
106	10
107	13
108	11
109	6
110	8
111	3
112	6
113	5
114	6
115	8
116	8
117	3
118	1
119	6
120	3
121	5
122	3
123	3
124	6
125	6
126	9
127	5
128	1
129	6
130	4
131	4
132	5
133	2
134	2
135	3
136	4
137	3
138	3
139	6
140	2
141	6
142	1
143	2
144	3
145	4
146	6
147	3
148	4
149	4
150	5
151	7
152	2
153	4
154	7
155	3
156	8
157	5
158	9
159	10
160	15
161	26
162	27
163	26
164	17
165	17
166	20
167	12
168	11
169	8
170	4
171	2
172	1
173	7
174	8
175	5
176	6
177	5
178	11
179	14
180	16
181	21
182	30
183	21
184	23
185	19
186	5
187	13
188	10
189	0
190	4
191	4
192	1
193	4
194	14
195	11
196	32
197	50
198	103
199	157
200	209
201	307
202	332
203	355
204	336
205	268
206	219
207	126
208	99
209	43
210	23
211	12
212	12
213	11
214	21
215	22
216	16
217	35
218	41
219	42
220	60
221	54
222	54
223	51
224	42
225	17
226	23
227	13
228	7
229	3
230	7
231	7
232	10
233	9
234	4
235	6
236	2
237	4
238	3
239	6
240	17
241	24
242	51
243	63
244	108
245	164
246	218
247	244
248	237
249	210
250	195
251	150
252	105
253	97
254	73
255	53
256	50
257	39
258	32
259	30
260	22
261	10
262	14
263	12
264	14
265	17
266	30
267	39
268	56
269	55
270	51
271	45
272	68
273	49
274	33
275	38
276	23
277	14
278	13
279	13
280	10
281	13
282	10
283	10
284	13
285	21
286	19
287	6
288	15
289	14
290	14
291	20
292	25
293	17
294	16
295	19
296	12
297	28
298	25
299	21
300	19
301	14
302	16
303	9
304	13
305	24
306	17
307	11
308	18
309	13
310	10
311	16
312	13
313	12
314	18
315	20
316	32
317	38
318	49
319	87
320	101
321	122
322	128
323	164
324	159
325	137
326	99
327	92
328	56
329	48
330	48
331	43
332	34
333	21
334	30
335	37
336	39
337	39
338	64
339	74
340	125
341	225
342	457
343	828
344	1418
345	2371
346	3544
347	4916
348	6832
349	8133
350	9068
351	9355
352	8801
353	7743
354	6324
355	4598
356	3109
357	2018
358	1227
359	656
360	383
361	185
362	105
363	70
364	39
365	30
366	41
367	51
368	46
369	46
370	38
371	56
372	53
373	59
374	64
375	82
376	97
377	114
378	179
379	221
380	381
381	508
382	729
383	968
384	1194
385	1427
386	1549
387	1575
388	1482
389	1263
390	1035
391	799
392	588
393	358
394	212
395	117
396	97
397	58
398	47
399	38
400	29
401	20
402	23
403	31
404	29
405	37
406	32
407	27
408	32
409	41
410	44
411	36
412	35
413	32
414	36
415	38
416	40
417	32
418	36
419	29
420	37
421	34
422	31
423	27
424	29
425	33
426	30
427	42
428	30
429	29
430	40
431	32
432	29
433	37
434	37
435	45
436	46
437	55
438	68
439	65
440	65
441	62
442	60
443	71
444	75
445	66
446	61
447	70
448	62
449	71
450	48
451	57
452	61
453	64
454	64
455	84
456	73
457	86
458	80
459	84
460	83
461	66
462	75
463	67
464	57
465	49
466	57
467	54
468	52
469	50
470	56
471	55
472	79
473	76
474	72
475	60
476	61
477	45
478	64
479	55
480	52
481	40
482	51
483	44
484	51
485	57
486	57
487	55
488	73
489	62
490	64
491	62
492	42
493	64
494	49
495	55
496	46
497	61
498	62
499	63
500	67
501	65
502	71
503	69
504	71
505	72
506	64
507	77
508	85
509	83
510	83
511	80
512	84
513	80
514	86
515	80
516	71
517	73
518	76
519	87
520	83
521	84
522	88
523	88
524	72
525	88
526	94
527	99
528	101
529	106
530	107
531	91
532	86
533	87
534	92
535	102
536	87
537	79
538	62
539	67
540	80
541	62
542	88
543	70
544	74
545	89
546	78
547	78
548	90
549	75
550	83
551	83
552	78
553	57
554	74
555	83
556	71
557	84
558	79
559	89
560	72
561	83
562	71
563	79
564	75
565	83
566	96
567	61
568	83
569	83
570	76
571	82
572	79
573	82
574	80
575	88
576	82
577	69
578	93
579	88
580	72
581	86
582	92
583	87
584	78
585	75
586	83
587	90
588	98
589	96
590	94
591	86
592	76
593	70
594	91
595	99
596	88
597	105
598	84
599	97
600	90
601	82
602	88
603	99
604	86
605	81
606	88
607	85
608	100
609	89
610	99
611	75
612	79
613	104
614	95
615	104
616	109
617	78
618	91
619	96
620	101
621	88
622	95
623	93
624	111
625	95
626	89
627	91
628	115
629	100
630	95
631	112
632	107
633	95
634	80
635	111
636	98
637	103
638	99
639	88
640	104
641	101
642	102
643	105
644	107
645	117
646	119
647	90
648	109
649	100
650	132
651	118
652	110
653	118
654	135
655	110
656	126
657	93
658	134
659	117
660	101
661	99
662	97
663	107
664	113
665	108
666	111
667	101
668	114
669	107
670	97
671	106
672	117
673	123
674	96
675	112
676	105
677	122
678	137
679	104
680	96
681	113
682	117
683	128
684	116
685	95
686	109
687	107
688	134
689	119
690	133
691	100
692	111
693	109
694	140
695	115
696	109
697	141
698	106
699	115
700	111
701	121
702	124
703	117
704	136
705	141
706	154
707	114
708	119
709	108
710	101
711	127
712	120
713	124
714	129
715	104
716	116
717	130
718	87
719	124
720	136
721	116
722	138
723	125
724	132
725	132
726	132
727	132
728	133
729	134
730	129
731	136
732	126
733	154
734	119
735	125
736	136
737	136
738	137
739	135
740	131
741	105
742	116
743	135
744	139
745	140
746	150
747	141
748	153
749	124
750	125
751	133
752	139
753	111
754	118
755	128
756	120
757	129
758	119
759	151
760	143
761	134
762	155
763	128
764	149
765	180
766	166
767	204
768	183
769	239
770	275
771	269
772	292
773	264
774	242
775	261
776	266
777	243
778	242
779	206
780	214
781	185
782	144
783	148
784	149
785	135
786	132
787	141
788	123
789	137
790	137
791	127
792	148
793	130
794	152
795	136
796	156
797	125
798	137
799	133
800	144
801	136
802	148
803	138
804	146
805	115
806	142
807	126
808	134
809	133
810	156
811	155
812	153
813	124
814	146
815	128
816	147
817	153
818	165
819	131
820	136
821	159
822	144
823	121
824	140
825	147
826	149
827	159
828	152
829	153
830	131
831	149
832	138
833	143
834	148
835	154
836	145
837	138
838	175
839	139
840	133
841	141
842	132
843	154
844	132
845	142
846	146
847	142
848	145
849	145
850	170
851	168
852	174
853	165
854	154
855	172
856	162
857	189
858	188
859	188
860	212
861	221
862	206
863	198
864	223
865	240
866	211
867	216
868	228
869	212
870	204
871	206
872	193
873	223
874	217
875	226
876	230
877	228
878	244
879	282
880	255
881	261
882	289
883	317
884	324
885	356
886	336
887	379
888	411
889	426
890	447
891	441
892	492
893	483
894	499
895	524
896	581
897	546
898	513
899	582
900	577
901	549
902	554
903	577
904	576
905	550
906	487
907	501
908	454
909	488
910	435
911	452
912	401
913	378
914	375
915	348
916	342
917	346
918	286
919	301
920	282
921	267
922	259
923	263
924	226
925	217
926	213
927	200
928	204
929	178
930	179
931	170
932	167
933	172
934	155
935	144
936	159
937	163
938	162
939	172
940	167
941	172
942	175
943	186
944	233
945	264
946	277
947	307
948	295
949	349
950	410
951	397
952	414
953	449
954	447
955	398
956	399
957	362
958	352
959	324
960	325
961	281
962	232
963	223
964	202
965	138
966	143
967	146
968	135
969	118
970	119
971	115
972	147
973	138
974	160
975	143
976	120
977	118
978	134
979	123
980	131
981	122
982	147
983	146
984	149
985	158
986	138
987	133
988	144
989	162
990	144
991	158
992	146
993	165
994	151
995	170
996	173
997	154
998	189
999	187
1000	164
1001	171
1002	168
1003	200
1004	172
1005	187
1006	191
1007	150
1008	167
1009	183
1010	172
1011	156
1012	168
1013	141
1014	142
1015	164
1016	144
1017	144
1018	136
1019	138
1020	150
1021	135
1022	113
1023	134
1024	111
