Date:	08/05/2018		Time:	21:16		Version no:	0.00		Project name:	55		Sample name:	222		Section name:	section		Position	292.315033	mm	E0	0.000000	keV	E1	1.000000	keV/channel	sample surface	5.961372	cm	Tube anode:	Mo		Tube voltage:	30	kV	Tube current:	50	mA	gain	10		std. database			resultfile	result		matrix element	11		sample thickness	1.000000		air passage	0.560000	cm	comments	in position		peaking_time	2.200000	m-sec	trigger_threshold	547.363281	V	mca_bin_width	22.090000	no:	number_mca_channels	1024.000000	no:	gap_time	0.150000	m-sec	trigger_peaking_time	0.200000	m-sec	GAINDAC	18610		HIGHGAIN	1		TAURC	1		RCTAU	1		RCTAUFRAC	1		livetime	9.443737	seconds	runtime	10.000488	seconds	input_count_rate	23316.723524	cps	output_count_rate	19184.763784	cps	triggers	220197	seconds	events_in_run	191857	seconds	channel	content		1	0
2	0
3	0
4	0
5	0
6	0
7	0
8	0
9	0
10	0
11	0
12	0
13	0
14	0
15	0
16	0
17	0
18	0
19	0
20	0
21	0
22	0
23	0
24	0
25	0
26	0
27	0
28	0
29	0
30	0
31	11
32	18
33	11
34	16
35	13
36	20
37	15
38	12
39	18
40	14
41	16
42	11
43	12
44	13
45	12
46	7
47	15
48	13
49	16
50	9
51	11
52	9
53	15
54	7
55	14
56	13
57	20
58	12
59	14
60	11
61	8
62	12
63	14
64	13
65	11
66	10
67	12
68	13
69	7
70	10
71	3
72	8
73	10
74	10
75	8
76	10
77	10
78	5
79	10
80	10
81	9
82	14
83	8
84	9
85	12
86	11
87	5
88	6
89	11
90	8
91	8
92	13
93	10
94	13
95	19
96	15
97	12
98	9
99	13
100	13
101	10
102	6
103	8
104	10
105	11
106	9
107	11
108	6
109	13
110	4
111	9
112	7
113	3
114	10
115	3
116	5
117	2
118	4
119	5
120	4
121	5
122	6
123	8
124	6
125	5
126	3
127	0
128	5
129	2
130	5
131	4
132	5
133	6
134	2
135	3
136	2
137	4
138	3
139	5
140	4
141	4
142	2
143	5
144	4
145	2
146	4
147	1
148	1
149	7
150	2
151	9
152	3
153	6
154	6
155	5
156	10
157	7
158	11
159	23
160	12
161	23
162	24
163	29
164	20
165	22
166	16
167	7
168	10
169	3
170	5
171	7
172	5
173	4
174	9
175	5
176	9
177	7
178	5
179	18
180	22
181	18
182	18
183	28
184	16
185	17
186	8
187	2
188	6
189	4
190	3
191	4
192	3
193	7
194	16
195	12
196	28
197	39
198	73
199	136
200	177
201	242
202	304
203	303
204	323
205	274
206	177
207	127
208	87
209	46
210	17
211	13
212	9
213	8
214	8
215	15
216	19
217	39
218	42
219	49
220	45
221	62
222	43
223	41
224	39
225	18
226	14
227	7
228	5
229	6
230	9
231	5
232	1
233	5
234	0
235	1
236	4
237	3
238	8
239	6
240	9
241	22
242	42
243	72
244	91
245	142
246	168
247	193
248	182
249	175
250	153
251	116
252	98
253	77
254	48
255	37
256	34
257	31
258	31
259	22
260	16
261	13
262	11
263	6
264	8
265	9
266	16
267	22
268	31
269	37
270	47
271	52
272	45
273	28
274	28
275	23
276	24
277	16
278	11
279	8
280	11
281	6
282	8
283	4
284	12
285	15
286	5
287	12
288	19
289	16
290	10
291	25
292	11
293	10
294	8
295	21
296	21
297	15
298	26
299	18
300	18
301	12
302	12
303	17
304	10
305	15
306	14
307	11
308	5
309	10
310	11
311	11
312	16
313	15
314	9
315	13
316	34
317	54
318	67
319	93
320	109
321	139
322	186
323	204
324	197
325	193
326	158
327	114
328	89
329	66
330	51
331	25
332	33
333	19
334	27
335	24
336	34
337	35
338	46
339	56
340	109
341	185
342	343
343	604
344	1120
345	1796
346	2768
347	3917
348	5294
349	6244
350	7153
351	7256
352	7013
353	6104
354	5093
355	3709
356	2568
357	1571
358	1006
359	580
360	313
361	189
362	102
363	55
364	44
365	46
366	42
367	45
368	42
369	43
370	39
371	39
372	38
373	54
374	58
375	61
376	78
377	94
378	143
379	197
380	264
381	450
382	638
383	764
384	934
385	1113
386	1226
387	1242
388	1192
389	969
390	824
391	647
392	414
393	307
394	190
395	96
396	80
397	61
398	28
399	34
400	32
401	30
402	31
403	39
404	33
405	34
406	33
407	34
408	26
409	37
410	31
411	44
412	32
413	31
414	26
415	34
416	28
417	34
418	30
419	33
420	21
421	28
422	33
423	27
424	39
425	18
426	32
427	34
428	28
429	29
430	26
431	33
432	30
433	38
434	43
435	47
436	43
437	55
438	66
439	61
440	83
441	59
442	66
443	65
444	70
445	73
446	50
447	68
448	45
449	65
450	59
451	65
452	61
453	63
454	83
455	56
456	66
457	59
458	90
459	67
460	81
461	73
462	85
463	61
464	69
465	63
466	69
467	66
468	51
469	55
470	63
471	65
472	67
473	50
474	62
475	60
476	45
477	56
478	59
479	35
480	58
481	50
482	57
483	40
484	58
485	51
486	44
487	55
488	55
489	52
490	46
491	67
492	39
493	43
494	47
495	50
496	50
497	58
498	57
499	70
500	61
501	57
502	52
503	77
504	68
505	75
506	56
507	64
508	82
509	91
510	78
511	72
512	78
513	84
514	76
515	88
516	65
517	81
518	63
519	75
520	95
521	87
522	80
523	70
524	79
525	100
526	88
527	105
528	91
529	101
530	104
531	95
532	81
533	93
534	91
535	79
536	67
537	84
538	81
539	88
540	84
541	79
542	72
543	81
544	76
545	73
546	87
547	102
548	73
549	84
550	80
551	76
552	91
553	65
554	65
555	74
556	96
557	86
558	59
559	79
560	70
561	86
562	71
563	66
564	88
565	97
566	75
567	65
568	80
569	76
570	61
571	60
572	62
573	81
574	75
575	78
576	83
577	79
578	102
579	63
580	83
581	82
582	84
583	92
584	77
585	92
586	89
587	102
588	88
589	96
590	88
591	93
592	82
593	78
594	83
595	130
596	85
597	90
598	82
599	91
600	91
601	88
602	94
603	100
604	97
605	100
606	103
607	108
608	75
609	78
610	97
611	117
612	81
613	91
614	101
615	77
616	101
617	81
618	103
619	107
620	90
621	115
622	107
623	92
624	90
625	107
626	107
627	98
628	110
629	91
630	105
631	93
632	113
633	97
634	102
635	101
636	99
637	96
638	99
639	109
640	101
641	90
642	116
643	102
644	106
645	110
646	105
647	84
648	115
649	90
650	114
651	99
652	135
653	113
654	125
655	116
656	134
657	119
658	98
659	96
660	107
661	95
662	111
663	110
664	104
665	114
666	98
667	93
668	99
669	111
670	113
671	112
672	106
673	112
674	109
675	113
676	124
677	112
678	110
679	120
680	109
681	116
682	103
683	120
684	106
685	120
686	125
687	116
688	120
689	116
690	128
691	98
692	119
693	109
694	126
695	100
696	114
697	142
698	126
699	136
700	125
701	130
702	117
703	134
704	126
705	120
706	129
707	111
708	126
709	134
710	112
711	118
712	121
713	103
714	126
715	104
716	108
717	117
718	132
719	147
720	139
721	124
722	124
723	119
724	130
725	121
726	155
727	136
728	121
729	100
730	145
731	139
732	142
733	123
734	150
735	128
736	141
737	141
738	116
739	131
740	127
741	124
742	131
743	136
744	121
745	126
746	140
747	137
748	138
749	135
750	145
751	134
752	131
753	133
754	139
755	135
756	112
757	124
758	130
759	131
760	132
761	156
762	127
763	126
764	140
765	179
766	172
767	205
768	214
769	227
770	240
771	264
772	259
773	270
774	277
775	258
776	273
777	259
778	222
779	219
780	228
781	190
782	169
783	166
784	147
785	151
786	147
787	132
788	152
789	146
790	116
791	136
792	136
793	147
794	148
795	141
796	148
797	135
798	127
799	109
800	117
801	156
802	140
803	160
804	149
805	144
806	134
807	148
808	143
809	131
810	156
811	138
812	150
813	122
814	134
815	154
816	126
817	162
818	154
819	156
820	143
821	144
822	133
823	149
824	142
825	132
826	135
827	171
828	139
829	142
830	157
831	150
832	144
833	157
834	157
835	142
836	118
837	163
838	132
839	177
840	150
841	161
842	144
843	175
844	155
845	138
846	151
847	165
848	134
849	144
850	186
851	170
852	164
853	196
854	182
855	167
856	181
857	184
858	170
859	199
860	184
861	199
862	210
863	193
864	196
865	202
866	207
867	200
868	209
869	196
870	247
871	217
872	219
873	232
874	249
875	230
876	241
877	222
878	239
879	240
880	264
881	284
882	288
883	327
884	313
885	309
886	378
887	363
888	383
889	426
890	444
891	526
892	497
893	477
894	503
895	581
896	534
897	530
898	541
899	569
900	585
901	516
902	615
903	540
904	549
905	553
906	522
907	552
908	513
909	480
910	476
911	475
912	461
913	385
914	331
915	401
916	354
917	342
918	293
919	319
920	286
921	290
922	257
923	244
924	241
925	208
926	187
927	208
928	203
929	195
930	186
931	174
932	185
933	163
934	169
935	165
936	177
937	186
938	177
939	178
940	166
941	169
942	184
943	189
944	218
945	266
946	281
947	275
948	316
949	388
950	391
951	383
952	412
953	477
954	402
955	426
956	385
957	338
958	348
959	322
960	286
961	247
962	255
963	211
964	169
965	188
966	154
967	168
968	153
969	142
970	147
971	134
972	122
973	125
974	122
975	135
976	124
977	124
978	132
979	128
980	118
981	125
982	115
983	135
984	121
985	139
986	148
987	130
988	158
989	133
990	139
991	156
992	160
993	158
994	165
995	181
996	162
997	163
998	182
999	184
1000	185
1001	166
1002	153
1003	175
1004	174
1005	179
1006	182
1007	194
1008	179
1009	152
1010	188
1011	151
1012	165
1013	162
1014	180
1015	150
1016	146
1017	147
1018	166
1019	145
1020	132
1021	117
1022	125
1023	130
1024	122
