Date:	08/05/2018		Time:	22:00		Version no:	0.00		Project name:	55		Sample name:	222		Section name:	section		Position	338.515045	mm	E0	0.000000	keV	E1	1.000000	keV/channel	sample surface	6.235545	cm	Tube anode:	Mo		Tube voltage:	30	kV	Tube current:	50	mA	gain	10		std. database			resultfile	result		matrix element	11		sample thickness	1.000000		air passage	0.560000	cm	comments	in position		peaking_time	2.200000	m-sec	trigger_threshold	547.363281	V	mca_bin_width	22.090000	no:	number_mca_channels	1024.000000	no:	gap_time	0.150000	m-sec	trigger_peaking_time	0.200000	m-sec	GAINDAC	18610		HIGHGAIN	1		TAURC	1		RCTAU	1		RCTAUFRAC	1		livetime	9.490550	seconds	runtime	10.000488	seconds	input_count_rate	21756.483165	cps	output_count_rate	18166.113494	cps	triggers	206481	seconds	events_in_run	181670	seconds	channel	content		1	0
2	0
3	0
4	0
5	0
6	0
7	0
8	0
9	0
10	0
11	0
12	0
13	0
14	0
15	0
16	0
17	0
18	0
19	0
20	0
21	0
22	0
23	0
24	0
25	0
26	0
27	0
28	0
29	0
30	0
31	12
32	17
33	15
34	11
35	7
36	18
37	14
38	14
39	14
40	10
41	14
42	16
43	12
44	16
45	8
46	14
47	12
48	14
49	13
50	18
51	7
52	9
53	19
54	15
55	10
56	14
57	19
58	6
59	5
60	10
61	10
62	10
63	5
64	11
65	8
66	10
67	4
68	12
69	8
70	7
71	7
72	4
73	4
74	8
75	7
76	8
77	6
78	6
79	8
80	10
81	6
82	10
83	5
84	6
85	16
86	5
87	7
88	6
89	7
90	6
91	10
92	10
93	10
94	17
95	9
96	11
97	11
98	9
99	16
100	16
101	8
102	13
103	7
104	12
105	11
106	10
107	7
108	10
109	8
110	7
111	9
112	6
113	3
114	9
115	7
116	0
117	4
118	3
119	3
120	3
121	7
122	7
123	3
124	6
125	4
126	1
127	6
128	3
129	6
130	3
131	2
132	3
133	7
134	4
135	1
136	4
137	5
138	4
139	4
140	0
141	4
142	2
143	2
144	2
145	3
146	5
147	3
148	4
149	3
150	3
151	6
152	4
153	4
154	6
155	5
156	6
157	9
158	9
159	8
160	11
161	23
162	24
163	16
164	18
165	22
166	15
167	14
168	8
169	8
170	5
171	3
172	8
173	4
174	8
175	4
176	8
177	9
178	11
179	15
180	22
181	22
182	26
183	26
184	19
185	17
186	14
187	9
188	9
189	6
190	5
191	2
192	5
193	7
194	7
195	13
196	31
197	51
198	98
199	153
200	230
201	331
202	362
203	371
204	341
205	299
206	239
207	167
208	87
209	52
210	19
211	13
212	9
213	12
214	6
215	19
216	18
217	41
218	35
219	60
220	74
221	64
222	55
223	53
224	37
225	19
226	23
227	12
228	9
229	8
230	8
231	1
232	3
233	2
234	4
235	4
236	3
237	6
238	5
239	7
240	18
241	34
242	65
243	90
244	146
245	196
246	245
247	262
248	278
249	240
250	223
251	170
252	105
253	78
254	55
255	41
256	37
257	25
258	32
259	26
260	10
261	15
262	18
263	11
264	17
265	17
266	23
267	41
268	52
269	37
270	60
271	51
272	51
273	37
274	39
275	26
276	25
277	16
278	16
279	4
280	12
281	18
282	13
283	5
284	9
285	11
286	12
287	11
288	10
289	7
290	20
291	13
292	12
293	11
294	20
295	18
296	14
297	23
298	20
299	15
300	9
301	14
302	15
303	7
304	12
305	15
306	8
307	7
308	5
309	16
310	13
311	11
312	19
313	14
314	17
315	21
316	22
317	31
318	54
319	69
320	112
321	144
322	138
323	136
324	160
325	125
326	104
327	97
328	67
329	46
330	40
331	35
332	32
333	19
334	28
335	25
336	31
337	32
338	38
339	74
340	94
341	206
342	336
343	638
344	1135
345	1853
346	2842
347	3929
348	5221
349	6278
350	7053
351	7191
352	6873
353	6011
354	4709
355	3660
356	2526
357	1570
358	984
359	533
360	296
361	152
362	78
363	51
364	35
365	30
366	41
367	31
368	36
369	40
370	38
371	49
372	46
373	64
374	42
375	57
376	85
377	95
378	131
379	196
380	268
381	394
382	591
383	762
384	927
385	1066
386	1224
387	1196
388	1131
389	1042
390	846
391	597
392	431
393	314
394	173
395	98
396	61
397	38
398	32
399	33
400	27
401	20
402	23
403	29
404	32
405	34
406	41
407	37
408	31
409	44
410	37
411	37
412	26
413	38
414	30
415	35
416	27
417	31
418	36
419	29
420	35
421	19
422	35
423	35
424	22
425	16
426	32
427	31
428	27
429	33
430	33
431	35
432	25
433	50
434	45
435	37
436	48
437	57
438	55
439	57
440	43
441	64
442	80
443	75
444	61
445	72
446	67
447	62
448	55
449	54
450	50
451	62
452	67
453	53
454	60
455	69
456	85
457	76
458	76
459	78
460	82
461	68
462	58
463	72
464	62
465	61
466	62
467	55
468	57
469	59
470	65
471	67
472	64
473	58
474	54
475	56
476	60
477	50
478	53
479	34
480	49
481	60
482	50
483	52
484	48
485	50
486	69
487	51
488	36
489	59
490	60
491	68
492	51
493	48
494	57
495	55
496	47
497	59
498	51
499	54
500	69
501	43
502	79
503	72
504	52
505	67
506	69
507	73
508	84
509	78
510	61
511	50
512	76
513	71
514	63
515	69
516	93
517	65
518	66
519	81
520	85
521	77
522	73
523	89
524	71
525	80
526	91
527	78
528	111
529	91
530	94
531	79
532	89
533	93
534	76
535	86
536	81
537	95
538	75
539	66
540	82
541	51
542	97
543	80
544	87
545	69
546	69
547	80
548	61
549	79
550	73
551	75
552	82
553	61
554	75
555	66
556	72
557	70
558	67
559	75
560	76
561	63
562	74
563	72
564	68
565	67
566	51
567	63
568	72
569	66
570	79
571	66
572	57
573	59
574	51
575	75
576	60
577	67
578	77
579	70
580	66
581	63
582	81
583	73
584	74
585	69
586	88
587	78
588	68
589	82
590	76
591	84
592	79
593	88
594	91
595	84
596	86
597	91
598	92
599	83
600	92
601	77
602	85
603	82
604	88
605	73
606	79
607	80
608	99
609	93
610	85
611	97
612	85
613	103
614	97
615	72
616	92
617	95
618	78
619	95
620	98
621	91
622	95
623	106
624	99
625	97
626	81
627	67
628	76
629	75
630	104
631	87
632	90
633	103
634	84
635	88
636	102
637	104
638	87
639	99
640	75
641	104
642	99
643	86
644	86
645	77
646	103
647	98
648	82
649	93
650	88
651	102
652	89
653	110
654	88
655	86
656	96
657	103
658	110
659	108
660	81
661	97
662	109
663	95
664	97
665	97
666	90
667	92
668	105
669	87
670	112
671	103
672	101
673	108
674	115
675	110
676	95
677	95
678	101
679	84
680	98
681	114
682	96
683	107
684	99
685	100
686	119
687	100
688	102
689	106
690	110
691	107
692	110
693	103
694	110
695	128
696	105
697	115
698	109
699	128
700	99
701	123
702	113
703	115
704	116
705	119
706	107
707	119
708	106
709	135
710	123
711	110
712	110
713	96
714	129
715	103
716	78
717	104
718	101
719	114
720	114
721	116
722	101
723	126
724	119
725	110
726	115
727	107
728	114
729	126
730	102
731	128
732	130
733	115
734	131
735	133
736	121
737	90
738	112
739	124
740	107
741	120
742	115
743	118
744	104
745	121
746	121
747	118
748	114
749	103
750	117
751	107
752	113
753	118
754	115
755	102
756	143
757	117
758	119
759	124
760	116
761	126
762	129
763	129
764	145
765	158
766	152
767	176
768	207
769	221
770	238
771	272
772	245
773	270
774	269
775	289
776	255
777	204
778	222
779	193
780	194
781	175
782	136
783	128
784	131
785	148
786	129
787	155
788	129
789	138
790	108
791	134
792	134
793	103
794	118
795	134
796	113
797	117
798	111
799	142
800	127
801	135
802	106
803	123
804	122
805	120
806	114
807	123
808	138
809	153
810	143
811	123
812	143
813	139
814	119
815	135
816	150
817	137
818	146
819	142
820	150
821	129
822	128
823	119
824	139
825	139
826	130
827	136
828	126
829	143
830	122
831	124
832	147
833	136
834	111
835	118
836	111
837	137
838	136
839	140
840	155
841	132
842	122
843	125
844	113
845	114
846	141
847	134
848	132
849	159
850	144
851	138
852	155
853	137
854	141
855	175
856	177
857	171
858	201
859	163
860	205
861	209
862	204
863	247
864	184
865	238
866	214
867	242
868	215
869	195
870	188
871	190
872	192
873	197
874	195
875	202
876	206
877	223
878	204
879	237
880	268
881	252
882	283
883	283
884	267
885	295
886	298
887	306
888	342
889	375
890	414
891	408
892	414
893	457
894	470
895	469
896	503
897	478
898	512
899	517
900	495
901	520
902	473
903	500
904	472
905	474
906	443
907	440
908	387
909	453
910	406
911	368
912	373
913	348
914	331
915	307
916	319
917	315
918	287
919	250
920	253
921	224
922	243
923	217
924	209
925	182
926	220
927	156
928	187
929	178
930	188
931	167
932	163
933	173
934	144
935	147
936	179
937	138
938	160
939	143
940	164
941	172
942	168
943	189
944	240
945	208
946	256
947	286
948	264
949	322
950	385
951	367
952	385
953	376
954	387
955	402
956	409
957	329
958	329
959	329
960	260
961	234
962	248
963	181
964	167
965	154
966	155
967	138
968	127
969	148
970	118
971	130
972	110
973	119
974	134
975	117
976	125
977	119
978	114
979	136
980	127
981	125
982	133
983	107
984	120
985	127
986	116
987	118
988	129
989	155
990	122
991	136
992	135
993	149
994	164
995	153
996	139
997	158
998	170
999	149
1000	172
1001	142
1002	143
1003	168
1004	145
1005	158
1006	142
1007	156
1008	152
1009	161
1010	141
1011	153
1012	134
1013	136
1014	150
1015	144
1016	120
1017	135
1018	142
1019	133
1020	118
1021	125
1022	123
1023	115
1024	112
