Date:	08/05/2018		Time:	22:00		Version no:	0.00		Project name:	55		Sample name:	222		Section name:	section		Position	338.315033	mm	E0	0.000000	keV	E1	1.000000	keV/channel	sample surface	6.233869	cm	Tube anode:	Mo		Tube voltage:	30	kV	Tube current:	50	mA	gain	10		std. database			resultfile	result		matrix element	11		sample thickness	1.000000		air passage	0.560000	cm	comments	in position		peaking_time	2.200000	m-sec	trigger_threshold	547.363281	V	mca_bin_width	22.090000	no:	number_mca_channels	1024.000000	no:	gap_time	0.150000	m-sec	trigger_peaking_time	0.200000	m-sec	GAINDAC	18610		HIGHGAIN	1		TAURC	1		RCTAU	1		RCTAUFRAC	1		livetime	9.488130	seconds	runtime	10.000503	seconds	input_count_rate	21852.357497	cps	output_count_rate	18234.682431	cps	triggers	207338	seconds	events_in_run	182356	seconds	channel	content		1	0
2	0
3	0
4	0
5	0
6	0
7	0
8	0
9	0
10	0
11	0
12	0
13	0
14	0
15	0
16	0
17	0
18	0
19	0
20	0
21	0
22	0
23	0
24	0
25	0
26	0
27	0
28	0
29	0
30	0
31	11
32	12
33	12
34	15
35	11
36	13
37	12
38	17
39	11
40	12
41	11
42	11
43	19
44	15
45	8
46	20
47	8
48	12
49	8
50	16
51	9
52	13
53	9
54	11
55	7
56	14
57	7
58	14
59	14
60	8
61	15
62	11
63	5
64	4
65	14
66	7
67	12
68	8
69	4
70	8
71	10
72	7
73	8
74	5
75	7
76	5
77	6
78	4
79	7
80	11
81	16
82	11
83	15
84	7
85	6
86	7
87	10
88	9
89	8
90	4
91	9
92	6
93	14
94	12
95	12
96	19
97	20
98	17
99	17
100	9
101	9
102	7
103	6
104	6
105	4
106	10
107	6
108	5
109	6
110	8
111	7
112	6
113	6
114	5
115	3
116	4
117	6
118	2
119	4
120	7
121	2
122	3
123	2
124	4
125	8
126	10
127	5
128	6
129	2
130	7
131	4
132	2
133	4
134	4
135	2
136	4
137	2
138	2
139	6
140	6
141	3
142	2
143	4
144	2
145	1
146	6
147	4
148	5
149	5
150	5
151	2
152	0
153	4
154	8
155	4
156	3
157	8
158	10
159	14
160	13
161	17
162	22
163	36
164	30
165	23
166	17
167	18
168	7
169	7
170	7
171	7
172	4
173	2
174	9
175	7
176	10
177	6
178	5
179	21
180	23
181	20
182	26
183	17
184	21
185	18
186	13
187	8
188	6
189	8
190	4
191	4
192	3
193	5
194	7
195	9
196	40
197	48
198	86
199	153
200	264
201	333
202	380
203	399
204	385
205	318
206	225
207	158
208	93
209	43
210	23
211	15
212	11
213	10
214	9
215	13
216	25
217	36
218	43
219	59
220	71
221	71
222	59
223	40
224	34
225	23
226	19
227	4
228	6
229	6
230	9
231	3
232	2
233	7
234	2
235	2
236	3
237	7
238	8
239	13
240	24
241	41
242	59
243	97
244	135
245	206
246	220
247	246
248	267
249	255
250	202
251	161
252	127
253	90
254	75
255	46
256	46
257	28
258	25
259	30
260	9
261	11
262	8
263	23
264	20
265	25
266	38
267	26
268	48
269	53
270	62
271	49
272	54
273	55
274	54
275	26
276	17
277	14
278	16
279	13
280	8
281	8
282	9
283	13
284	10
285	12
286	11
287	14
288	15
289	13
290	16
291	18
292	12
293	21
294	15
295	11
296	18
297	20
298	12
299	11
300	13
301	13
302	14
303	15
304	17
305	11
306	10
307	14
308	6
309	11
310	9
311	8
312	13
313	15
314	20
315	19
316	22
317	33
318	67
319	64
320	70
321	93
322	127
323	131
324	153
325	121
326	77
327	75
328	63
329	44
330	49
331	35
332	25
333	24
334	21
335	24
336	32
337	38
338	43
339	55
340	92
341	209
342	350
343	628
344	1086
345	1776
346	2791
347	3963
348	5168
349	6295
350	6991
351	7286
352	7091
353	6038
354	5043
355	3710
356	2615
357	1706
358	1006
359	542
360	291
361	144
362	92
363	55
364	50
365	27
366	42
367	35
368	28
369	30
370	27
371	31
372	50
373	47
374	61
375	63
376	67
377	83
378	153
379	177
380	297
381	396
382	502
383	756
384	964
385	1081
386	1224
387	1185
388	1130
389	985
390	825
391	658
392	441
393	271
394	183
395	96
396	69
397	61
398	30
399	26
400	22
401	26
402	26
403	24
404	33
405	35
406	27
407	26
408	34
409	37
410	42
411	32
412	37
413	34
414	26
415	22
416	32
417	27
418	29
419	24
420	34
421	34
422	27
423	27
424	24
425	26
426	22
427	29
428	25
429	29
430	36
431	41
432	30
433	47
434	33
435	40
436	43
437	47
438	71
439	63
440	47
441	67
442	67
443	50
444	59
445	57
446	57
447	45
448	59
449	63
450	59
451	56
452	48
453	60
454	56
455	83
456	64
457	85
458	84
459	75
460	81
461	74
462	72
463	56
464	63
465	67
466	49
467	48
468	51
469	49
470	60
471	59
472	58
473	63
474	53
475	57
476	64
477	61
478	47
479	57
480	50
481	46
482	45
483	58
484	46
485	48
486	64
487	52
488	50
489	49
490	65
491	55
492	49
493	53
494	58
495	49
496	53
497	42
498	60
499	81
500	57
501	48
502	67
503	65
504	53
505	56
506	67
507	75
508	71
509	71
510	67
511	82
512	63
513	68
514	67
515	73
516	58
517	67
518	76
519	62
520	62
521	75
522	62
523	86
524	77
525	87
526	79
527	87
528	75
529	85
530	83
531	111
532	83
533	80
534	79
535	66
536	88
537	79
538	72
539	74
540	72
541	72
542	70
543	70
544	81
545	88
546	74
547	90
548	73
549	71
550	60
551	67
552	75
553	68
554	83
555	63
556	61
557	63
558	62
559	64
560	70
561	48
562	78
563	65
564	84
565	69
566	67
567	47
568	72
569	66
570	69
571	69
572	80
573	77
574	75
575	59
576	86
577	80
578	66
579	96
580	74
581	57
582	87
583	66
584	67
585	83
586	91
587	89
588	63
589	82
590	91
591	60
592	81
593	82
594	75
595	78
596	80
597	85
598	80
599	91
600	83
601	80
602	88
603	84
604	69
605	77
606	102
607	84
608	97
609	94
610	93
611	76
612	84
613	98
614	89
615	104
616	82
617	89
618	110
619	77
620	81
621	104
622	85
623	71
624	105
625	92
626	94
627	86
628	107
629	97
630	87
631	99
632	97
633	101
634	97
635	92
636	69
637	106
638	106
639	100
640	88
641	78
642	72
643	86
644	98
645	91
646	99
647	88
648	100
649	100
650	84
651	113
652	110
653	89
654	97
655	101
656	90
657	100
658	87
659	86
660	104
661	92
662	91
663	102
664	99
665	107
666	81
667	115
668	94
669	101
670	115
671	92
672	115
673	90
674	96
675	88
676	92
677	104
678	111
679	90
680	84
681	99
682	102
683	110
684	104
685	86
686	94
687	101
688	86
689	115
690	115
691	96
692	122
693	87
694	111
695	113
696	75
697	99
698	104
699	112
700	114
701	109
702	136
703	122
704	122
705	102
706	97
707	112
708	129
709	101
710	122
711	113
712	109
713	120
714	116
715	97
716	117
717	114
718	103
719	99
720	118
721	108
722	121
723	118
724	106
725	123
726	136
727	128
728	137
729	129
730	128
731	121
732	106
733	117
734	98
735	129
736	114
737	119
738	115
739	111
740	112
741	129
742	111
743	128
744	117
745	137
746	120
747	104
748	118
749	124
750	119
751	112
752	109
753	102
754	120
755	128
756	113
757	104
758	120
759	116
760	119
761	115
762	146
763	147
764	158
765	156
766	162
767	185
768	184
769	215
770	247
771	274
772	311
773	257
774	292
775	295
776	226
777	230
778	244
779	226
780	190
781	159
782	172
783	141
784	139
785	142
786	123
787	137
788	119
789	125
790	139
791	127
792	115
793	120
794	126
795	114
796	115
797	116
798	116
799	112
800	129
801	114
802	113
803	131
804	119
805	134
806	113
807	124
808	126
809	130
810	131
811	125
812	138
813	134
814	145
815	132
816	167
817	146
818	124
819	159
820	140
821	121
822	122
823	140
824	147
825	123
826	136
827	143
828	130
829	116
830	122
831	126
832	129
833	146
834	128
835	133
836	137
837	130
838	136
839	124
840	131
841	150
842	146
843	136
844	115
845	142
846	145
847	147
848	134
849	142
850	156
851	153
852	154
853	160
854	172
855	174
856	171
857	169
858	172
859	172
860	209
861	204
862	194
863	201
864	225
865	213
866	234
867	192
868	202
869	193
870	212
871	223
872	183
873	217
874	198
875	189
876	220
877	247
878	242
879	227
880	250
881	250
882	241
883	287
884	294
885	302
886	330
887	360
888	357
889	371
890	408
891	413
892	420
893	417
894	423
895	436
896	484
897	495
898	464
899	524
900	479
901	517
902	496
903	505
904	501
905	455
906	466
907	495
908	459
909	462
910	437
911	392
912	398
913	371
914	329
915	304
916	297
917	292
918	283
919	299
920	255
921	230
922	208
923	220
924	220
925	173
926	180
927	188
928	196
929	180
930	173
931	146
932	149
933	155
934	143
935	161
936	150
937	145
938	141
939	155
940	135
941	180
942	188
943	170
944	224
945	238
946	240
947	268
948	315
949	356
950	332
951	426
952	341
953	410
954	400
955	412
956	359
957	373
958	314
959	326
960	267
961	242
962	237
963	174
964	185
965	164
966	142
967	138
968	124
969	144
970	107
971	122
972	125
973	140
974	136
975	127
976	105
977	94
978	99
979	111
980	123
981	116
982	117
983	130
984	137
985	111
986	124
987	141
988	117
989	117
990	117
991	134
992	144
993	124
994	129
995	158
996	149
997	147
998	150
999	139
1000	158
1001	167
1002	149
1003	166
1004	169
1005	167
1006	165
1007	147
1008	150
1009	166
1010	147
1011	148
1012	174
1013	146
1014	133
1015	134
1016	131
1017	116
1018	121
1019	131
1020	108
1021	112
1022	111
1023	111
1024	106
