Date:	08/05/2018		Time:	23:36		Version no:	0.00		Project name:	55		Sample name:	222		Section name:	section		Position	438.515045	mm	E0	0.000000	keV	E1	1.000000	keV/channel	sample surface	6.287463	cm	Tube anode:	Mo		Tube voltage:	30	kV	Tube current:	50	mA	gain	10		std. database			resultfile	result		matrix element	11		sample thickness	1.000000		air passage	0.560000	cm	comments	in position		peaking_time	2.200000	m-sec	trigger_threshold	547.363281	V	mca_bin_width	22.090000	no:	number_mca_channels	1024.000000	no:	gap_time	0.150000	m-sec	trigger_peaking_time	0.200000	m-sec	GAINDAC	18610		HIGHGAIN	1		TAURC	1		RCTAU	1		RCTAUFRAC	1		livetime	9.397642	seconds	runtime	10.000490	seconds	input_count_rate	25781.998259	cps	output_count_rate	20862.076924	cps	triggers	242290	seconds	events_in_run	208631	seconds	channel	content		1	0
2	0
3	0
4	0
5	0
6	0
7	0
8	0
9	0
10	0
11	0
12	0
13	0
14	0
15	0
16	0
17	0
18	0
19	0
20	0
21	0
22	0
23	0
24	0
25	0
26	0
27	0
28	0
29	0
30	0
31	13
32	20
33	17
34	15
35	16
36	25
37	17
38	11
39	10
40	14
41	18
42	13
43	15
44	15
45	20
46	9
47	14
48	13
49	15
50	10
51	12
52	14
53	15
54	15
55	15
56	9
57	13
58	11
59	18
60	12
61	9
62	8
63	10
64	5
65	9
66	7
67	6
68	13
69	9
70	8
71	12
72	10
73	3
74	7
75	10
76	12
77	11
78	10
79	7
80	8
81	11
82	12
83	11
84	7
85	8
86	6
87	9
88	7
89	4
90	5
91	10
92	14
93	20
94	19
95	24
96	15
97	12
98	22
99	14
100	10
101	15
102	4
103	12
104	13
105	7
106	6
107	9
108	9
109	15
110	12
111	5
112	9
113	0
114	3
115	6
116	5
117	2
118	4
119	6
120	2
121	2
122	6
123	8
124	6
125	6
126	9
127	4
128	3
129	2
130	4
131	6
132	4
133	3
134	9
135	8
136	1
137	4
138	6
139	11
140	4
141	5
142	4
143	2
144	7
145	2
146	7
147	2
148	9
149	4
150	4
151	8
152	3
153	3
154	6
155	1
156	2
157	4
158	10
159	9
160	18
161	21
162	25
163	30
164	20
165	19
166	18
167	9
168	11
169	3
170	4
171	9
172	12
173	4
174	9
175	8
176	7
177	8
178	16
179	14
180	25
181	26
182	31
183	35
184	22
185	14
186	11
187	9
188	6
189	3
190	3
191	2
192	5
193	7
194	4
195	14
196	46
197	56
198	99
199	154
200	213
201	340
202	371
203	369
204	363
205	295
206	208
207	156
208	104
209	49
210	13
211	15
212	8
213	4
214	11
215	12
216	23
217	33
218	49
219	50
220	61
221	70
222	66
223	50
224	43
225	20
226	13
227	13
228	8
229	7
230	6
231	4
232	6
233	2
234	7
235	2
236	9
237	5
238	7
239	11
240	11
241	29
242	36
243	68
244	93
245	143
246	144
247	163
248	195
249	164
250	143
251	98
252	78
253	80
254	47
255	47
256	48
257	52
258	29
259	29
260	21
261	10
262	15
263	16
264	17
265	22
266	22
267	27
268	38
269	38
270	45
271	55
272	46
273	44
274	33
275	48
276	23
277	15
278	9
279	12
280	12
281	4
282	12
283	9
284	12
285	9
286	11
287	14
288	22
289	13
290	21
291	23
292	12
293	19
294	14
295	22
296	17
297	30
298	18
299	14
300	27
301	21
302	14
303	21
304	17
305	16
306	25
307	12
308	18
309	11
310	17
311	10
312	13
313	18
314	20
315	21
316	36
317	41
318	51
319	70
320	71
321	109
322	151
323	150
324	146
325	139
326	130
327	77
328	86
329	59
330	47
331	25
332	18
333	30
334	27
335	38
336	30
337	43
338	51
339	76
340	109
341	215
342	393
343	698
344	1267
345	2154
346	3221
347	4564
348	6201
349	7369
350	8299
351	8425
352	8236
353	7230
354	5795
355	4309
356	3041
357	1846
358	1070
359	575
360	314
361	193
362	108
363	64
364	50
365	54
366	49
367	43
368	39
369	41
370	46
371	39
372	51
373	54
374	74
375	65
376	80
377	121
378	170
379	197
380	327
381	522
382	652
383	871
384	1096
385	1255
386	1419
387	1422
388	1353
389	1146
390	953
391	722
392	543
393	352
394	205
395	140
396	67
397	53
398	40
399	36
400	33
401	31
402	29
403	39
404	33
405	40
406	40
407	29
408	27
409	43
410	48
411	44
412	34
413	43
414	28
415	41
416	34
417	38
418	23
419	43
420	30
421	30
422	27
423	29
424	41
425	25
426	32
427	34
428	36
429	31
430	45
431	31
432	43
433	42
434	49
435	52
436	56
437	64
438	62
439	69
440	69
441	70
442	83
443	69
444	98
445	82
446	94
447	65
448	67
449	85
450	60
451	62
452	63
453	59
454	75
455	83
456	84
457	85
458	82
459	78
460	95
461	82
462	92
463	71
464	69
465	54
466	76
467	61
468	69
469	58
470	65
471	51
472	67
473	66
474	58
475	60
476	65
477	74
478	53
479	63
480	55
481	66
482	56
483	64
484	61
485	66
486	54
487	69
488	71
489	65
490	55
491	49
492	61
493	45
494	41
495	70
496	49
497	64
498	81
499	81
500	60
501	76
502	75
503	67
504	84
505	77
506	88
507	54
508	81
509	72
510	82
511	87
512	103
513	103
514	76
515	84
516	95
517	87
518	84
519	90
520	106
521	76
522	100
523	80
524	98
525	88
526	116
527	102
528	127
529	90
530	120
531	91
532	94
533	100
534	85
535	86
536	91
537	97
538	87
539	97
540	100
541	64
542	102
543	92
544	80
545	78
546	84
547	90
548	80
549	73
550	88
551	88
552	79
553	80
554	82
555	74
556	92
557	88
558	79
559	77
560	75
561	78
562	87
563	78
564	76
565	63
566	89
567	87
568	67
569	84
570	86
571	82
572	81
573	81
574	85
575	81
576	118
577	89
578	90
579	85
580	88
581	98
582	92
583	101
584	75
585	102
586	91
587	102
588	100
589	103
590	87
591	99
592	92
593	94
594	91
595	92
596	104
597	112
598	96
599	96
600	90
601	96
602	91
603	96
604	87
605	107
606	92
607	96
608	98
609	94
610	80
611	106
612	83
613	106
614	119
615	103
616	122
617	100
618	117
619	96
620	95
621	100
622	106
623	130
624	98
625	95
626	103
627	110
628	113
629	92
630	108
631	78
632	91
633	109
634	108
635	123
636	108
637	112
638	108
639	111
640	116
641	98
642	98
643	123
644	109
645	96
646	89
647	131
648	91
649	100
650	113
651	117
652	143
653	102
654	113
655	103
656	119
657	133
658	110
659	110
660	112
661	117
662	104
663	109
664	93
665	105
666	115
667	107
668	112
669	126
670	112
671	120
672	97
673	108
674	98
675	122
676	108
677	121
678	141
679	121
680	118
681	103
682	132
683	122
684	112
685	137
686	120
687	120
688	116
689	126
690	114
691	137
692	111
693	111
694	118
695	118
696	119
697	124
698	136
699	145
700	127
701	149
702	131
703	125
704	133
705	130
706	130
707	128
708	139
709	122
710	120
711	161
712	141
713	127
714	109
715	131
716	137
717	126
718	137
719	133
720	134
721	129
722	120
723	169
724	148
725	122
726	138
727	122
728	125
729	144
730	154
731	135
732	159
733	137
734	136
735	109
736	136
737	151
738	148
739	134
740	118
741	131
742	128
743	110
744	146
745	139
746	127
747	126
748	135
749	141
750	137
751	108
752	132
753	139
754	151
755	128
756	150
757	151
758	146
759	149
760	168
761	118
762	157
763	160
764	164
765	216
766	197
767	232
768	238
769	279
770	286
771	284
772	303
773	342
774	373
775	333
776	282
777	283
778	272
779	233
780	242
781	210
782	177
783	179
784	157
785	154
786	143
787	113
788	117
789	115
790	159
791	143
792	122
793	145
794	138
795	144
796	131
797	149
798	141
799	165
800	149
801	149
802	144
803	152
804	145
805	137
806	143
807	136
808	166
809	157
810	163
811	140
812	142
813	151
814	138
815	161
816	168
817	151
818	149
819	149
820	145
821	133
822	144
823	141
824	145
825	141
826	148
827	178
828	132
829	141
830	152
831	152
832	145
833	155
834	150
835	139
836	164
837	157
838	166
839	145
840	136
841	144
842	166
843	154
844	145
845	140
846	178
847	143
848	121
849	149
850	185
851	155
852	191
853	160
854	175
855	174
856	185
857	193
858	169
859	232
860	215
861	189
862	193
863	227
864	204
865	211
866	218
867	202
868	201
869	200
870	244
871	242
872	215
873	234
874	230
875	229
876	245
877	255
878	236
879	280
880	262
881	275
882	309
883	279
884	328
885	380
886	364
887	360
888	449
889	427
890	447
891	481
892	470
893	476
894	502
895	544
896	529
897	523
898	596
899	591
900	534
901	571
902	567
903	594
904	619
905	576
906	500
907	494
908	502
909	523
910	474
911	431
912	412
913	402
914	395
915	374
916	332
917	312
918	308
919	277
920	286
921	270
922	277
923	250
924	240
925	250
926	221
927	223
928	196
929	197
930	202
931	151
932	172
933	185
934	201
935	147
936	174
937	180
938	168
939	192
940	170
941	193
942	219
943	210
944	231
945	271
946	273
947	309
948	341
949	369
950	420
951	407
952	412
953	437
954	435
955	422
956	413
957	364
958	372
959	318
960	281
961	247
962	249
963	204
964	199
965	192
966	154
967	142
968	143
969	106
970	135
971	138
972	140
973	139
974	130
975	144
976	122
977	121
978	134
979	138
980	115
981	140
982	126
983	140
984	142
985	135
986	140
987	172
988	149
989	135
990	150
991	153
992	176
993	168
994	152
995	159
996	175
997	179
998	188
999	176
1000	184
1001	177
1002	167
1003	168
1004	176
1005	183
1006	174
1007	163
1008	186
1009	159
1010	168
1011	156
1012	189
1013	152
1014	164
1015	155
1016	151
1017	140
1018	167
1019	145
1020	129
1021	151
1022	142
1023	138
1024	109
