Date:	08/05/2018		Time:	22:12		Version no:	0.00		Project name:	55		Sample name:	222		Section name:	section		Position	350.315033	mm	E0	0.000000	keV	E1	1.000000	keV/channel	sample surface	6.332189	cm	Tube anode:	Mo		Tube voltage:	30	kV	Tube current:	50	mA	gain	10		std. database			resultfile	result		matrix element	11		sample thickness	1.000000		air passage	0.560000	cm	comments	in position		peaking_time	2.200000	m-sec	trigger_threshold	547.363281	V	mca_bin_width	22.090000	no:	number_mca_channels	1024.000000	no:	gap_time	0.150000	m-sec	trigger_peaking_time	0.200000	m-sec	GAINDAC	18610		HIGHGAIN	1		TAURC	1		RCTAU	1		RCTAUFRAC	1		livetime	9.523806	seconds	runtime	10.000498	seconds	input_count_rate	20754.203551	cps	output_count_rate	17456.531363	cps	triggers	197659	seconds	events_in_run	174574	seconds	channel	content		1	0
2	0
3	0
4	0
5	0
6	0
7	0
8	0
9	0
10	0
11	0
12	0
13	0
14	0
15	0
16	0
17	0
18	0
19	0
20	0
21	0
22	0
23	0
24	0
25	0
26	0
27	0
28	0
29	0
30	0
31	9
32	11
33	19
34	8
35	17
36	3
37	18
38	10
39	9
40	12
41	11
42	19
43	7
44	13
45	10
46	10
47	13
48	9
49	8
50	11
51	7
52	11
53	5
54	11
55	8
56	10
57	10
58	7
59	6
60	10
61	9
62	13
63	6
64	8
65	10
66	14
67	7
68	8
69	7
70	8
71	10
72	2
73	7
74	5
75	3
76	3
77	6
78	6
79	5
80	8
81	10
82	5
83	7
84	9
85	13
86	4
87	8
88	3
89	3
90	5
91	2
92	8
93	5
94	16
95	27
96	21
97	13
98	17
99	17
100	16
101	10
102	2
103	5
104	4
105	0
106	9
107	10
108	14
109	7
110	10
111	8
112	3
113	4
114	3
115	5
116	8
117	6
118	4
119	3
120	6
121	1
122	7
123	3
124	3
125	4
126	3
127	6
128	6
129	1
130	2
131	3
132	1
133	3
134	2
135	5
136	3
137	1
138	3
139	3
140	2
141	2
142	4
143	2
144	4
145	5
146	6
147	12
148	5
149	2
150	5
151	1
152	6
153	7
154	4
155	6
156	3
157	10
158	12
159	16
160	20
161	28
162	24
163	30
164	41
165	26
166	15
167	8
168	5
169	2
170	5
171	6
172	5
173	7
174	9
175	4
176	9
177	13
178	12
179	26
180	25
181	35
182	30
183	39
184	31
185	17
186	13
187	14
188	11
189	10
190	5
191	7
192	1
193	12
194	14
195	20
196	44
197	100
198	144
199	234
200	395
201	479
202	569
203	659
204	638
205	482
206	364
207	262
208	140
209	80
210	54
211	20
212	20
213	12
214	17
215	19
216	30
217	76
218	71
219	90
220	115
221	117
222	86
223	86
224	56
225	46
226	27
227	13
228	10
229	9
230	6
231	5
232	4
233	1
234	3
235	1
236	6
237	1
238	4
239	9
240	14
241	33
242	57
243	89
244	137
245	202
246	242
247	256
248	249
249	250
250	227
251	178
252	104
253	87
254	55
255	55
256	54
257	29
258	29
259	23
260	10
261	17
262	9
263	18
264	17
265	16
266	17
267	28
268	38
269	41
270	61
271	69
272	71
273	58
274	42
275	38
276	29
277	9
278	13
279	14
280	7
281	3
282	9
283	7
284	6
285	12
286	13
287	9
288	10
289	11
290	15
291	10
292	19
293	14
294	17
295	15
296	13
297	14
298	23
299	17
300	10
301	11
302	12
303	13
304	10
305	8
306	11
307	13
308	11
309	10
310	10
311	16
312	13
313	10
314	10
315	21
316	22
317	27
318	28
319	43
320	55
321	82
322	96
323	98
324	95
325	95
326	76
327	65
328	54
329	48
330	32
331	28
332	32
333	24
334	23
335	28
336	34
337	40
338	56
339	63
340	113
341	187
342	311
343	631
344	1141
345	1866
346	2880
347	4033
348	5219
349	6562
350	7382
351	7615
352	7069
353	6322
354	5113
355	3904
356	2673
357	1756
358	1007
359	596
360	302
361	168
362	83
363	63
364	44
365	35
366	31
367	35
368	28
369	38
370	39
371	33
372	37
373	53
374	55
375	51
376	58
377	108
378	135
379	185
380	291
381	423
382	599
383	758
384	965
385	1134
386	1224
387	1280
388	1213
389	1073
390	820
391	615
392	448
393	337
394	191
395	117
396	85
397	41
398	29
399	23
400	27
401	28
402	30
403	25
404	25
405	24
406	20
407	27
408	26
409	27
410	30
411	29
412	28
413	26
414	27
415	27
416	29
417	20
418	23
419	14
420	19
421	29
422	20
423	31
424	20
425	22
426	18
427	24
428	27
429	19
430	26
431	23
432	30
433	28
434	37
435	43
436	31
437	36
438	38
439	41
440	42
441	45
442	51
443	43
444	53
445	43
446	39
447	35
448	45
449	42
450	51
451	40
452	59
453	52
454	54
455	62
456	56
457	62
458	74
459	75
460	67
461	77
462	44
463	56
464	76
465	42
466	47
467	45
468	46
469	46
470	43
471	58
472	60
473	60
474	47
475	52
476	49
477	51
478	45
479	37
480	35
481	42
482	52
483	43
484	39
485	51
486	52
487	41
488	31
489	50
490	39
491	36
492	56
493	48
494	40
495	41
496	49
497	41
498	37
499	42
500	50
501	56
502	38
503	64
504	54
505	58
506	64
507	53
508	59
509	58
510	66
511	63
512	63
513	58
514	66
515	64
516	64
517	70
518	74
519	68
520	70
521	75
522	69
523	60
524	71
525	72
526	76
527	69
528	80
529	73
530	96
531	84
532	78
533	109
534	66
535	78
536	80
537	54
538	64
539	69
540	68
541	84
542	65
543	66
544	58
545	65
546	83
547	80
548	70
549	60
550	56
551	74
552	57
553	59
554	53
555	62
556	60
557	51
558	49
559	73
560	48
561	56
562	58
563	63
564	59
565	62
566	59
567	55
568	68
569	67
570	46
571	69
572	61
573	49
574	57
575	54
576	57
577	62
578	77
579	65
580	69
581	71
582	60
583	64
584	59
585	56
586	63
587	62
588	76
589	74
590	69
591	85
592	57
593	69
594	68
595	64
596	79
597	83
598	88
599	68
600	72
601	77
602	74
603	70
604	73
605	69
606	70
607	78
608	78
609	77
610	69
611	86
612	75
613	78
614	80
615	59
616	67
617	78
618	74
619	71
620	76
621	81
622	85
623	85
624	78
625	84
626	74
627	86
628	84
629	95
630	62
631	97
632	91
633	84
634	79
635	76
636	67
637	66
638	73
639	71
640	92
641	70
642	84
643	87
644	94
645	75
646	73
647	72
648	85
649	75
650	81
651	76
652	86
653	79
654	67
655	83
656	85
657	76
658	87
659	76
660	74
661	71
662	87
663	87
664	100
665	80
666	86
667	94
668	71
669	81
670	81
671	71
672	93
673	92
674	82
675	86
676	80
677	93
678	93
679	93
680	94
681	100
682	83
683	79
684	105
685	78
686	90
687	78
688	109
689	74
690	107
691	101
692	82
693	103
694	88
695	106
696	74
697	99
698	74
699	92
700	93
701	97
702	89
703	119
704	85
705	99
706	87
707	118
708	88
709	91
710	88
711	95
712	96
713	102
714	86
715	128
716	83
717	78
718	105
719	94
720	83
721	97
722	88
723	108
724	80
725	104
726	112
727	86
728	103
729	95
730	103
731	93
732	101
733	112
734	112
735	110
736	90
737	107
738	107
739	97
740	119
741	103
742	100
743	92
744	99
745	91
746	85
747	104
748	98
749	115
750	93
751	110
752	101
753	95
754	93
755	113
756	104
757	109
758	102
759	113
760	105
761	127
762	126
763	134
764	145
765	150
766	160
767	160
768	173
769	244
770	259
771	215
772	285
773	260
774	276
775	284
776	253
777	234
778	218
779	241
780	159
781	160
782	134
783	136
784	140
785	116
786	103
787	115
788	100
789	110
790	105
791	106
792	114
793	93
794	101
795	95
796	94
797	119
798	95
799	110
800	95
801	105
802	113
803	109
804	108
805	87
806	96
807	121
808	134
809	111
810	138
811	115
812	113
813	116
814	121
815	131
816	126
817	99
818	102
819	125
820	112
821	126
822	150
823	114
824	113
825	107
826	104
827	116
828	124
829	95
830	92
831	108
832	108
833	111
834	120
835	129
836	122
837	107
838	118
839	114
840	118
841	123
842	121
843	135
844	127
845	127
846	122
847	110
848	124
849	122
850	126
851	130
852	127
853	131
854	126
855	154
856	141
857	166
858	179
859	164
860	182
861	152
862	201
863	173
864	183
865	212
866	194
867	186
868	175
869	192
870	177
871	174
872	151
873	185
874	186
875	197
876	171
877	196
878	199
879	181
880	181
881	215
882	222
883	241
884	234
885	256
886	298
887	301
888	294
889	308
890	342
891	342
892	318
893	395
894	355
895	391
896	390
897	445
898	409
899	396
900	384
901	383
902	378
903	360
904	412
905	389
906	400
907	388
908	389
909	326
910	338
911	298
912	284
913	294
914	294
915	259
916	260
917	237
918	262
919	216
920	226
921	200
922	206
923	170
924	189
925	177
926	184
927	143
928	164
929	161
930	168
931	145
932	158
933	141
934	117
935	157
936	152
937	121
938	135
939	148
940	131
941	149
942	162
943	204
944	182
945	234
946	233
947	240
948	304
949	292
950	324
951	321
952	374
953	350
954	377
955	408
956	362
957	342
958	357
959	295
960	252
961	222
962	192
963	207
964	172
965	142
966	123
967	127
968	114
969	107
970	90
971	106
972	105
973	93
974	98
975	101
976	98
977	106
978	99
979	104
980	95
981	107
982	76
983	81
984	104
985	101
986	107
987	114
988	114
989	114
990	105
991	131
992	127
993	104
994	128
995	126
996	110
997	129
998	127
999	90
1000	142
1001	128
1002	125
1003	155
1004	124
1005	135
1006	131
1007	149
1008	132
1009	112
1010	124
1011	104
1012	120
1013	119
1014	135
1015	118
1016	108
1017	106
1018	114
1019	102
1020	100
1021	102
1022	91
1023	86
1024	105
