Date:	08/05/2018		Time:	20:31		Version no:	0.00		Project name:	55		Sample name:	222		Section name:	section		Position	244.715027	mm	E0	0.000000	keV	E1	1.000000	keV/channel	sample surface	5.952428	cm	Tube anode:	Mo		Tube voltage:	30	kV	Tube current:	50	mA	gain	10		std. database			resultfile	result		matrix element	11		sample thickness	1.000000		air passage	0.560000	cm	comments	in position		peaking_time	2.200000	m-sec	trigger_threshold	547.363281	V	mca_bin_width	22.090000	no:	number_mca_channels	1024.000000	no:	gap_time	0.150000	m-sec	trigger_peaking_time	0.200000	m-sec	GAINDAC	18610		HIGHGAIN	1		TAURC	1		RCTAU	1		RCTAUFRAC	1		livetime	9.483546	seconds	runtime	10.000491	seconds	input_count_rate	21307.957116	cps	output_count_rate	17775.126886	cps	triggers	202075	seconds	events_in_run	177760	seconds	channel	content		1	0
2	0
3	0
4	0
5	0
6	0
7	0
8	0
9	0
10	0
11	0
12	0
13	0
14	0
15	0
16	0
17	0
18	0
19	0
20	0
21	0
22	0
23	0
24	0
25	0
26	0
27	0
28	0
29	0
30	0
31	15
32	14
33	16
34	11
35	11
36	8
37	17
38	9
39	12
40	9
41	6
42	19
43	12
44	12
45	21
46	15
47	19
48	11
49	15
50	8
51	12
52	11
53	12
54	12
55	8
56	9
57	14
58	15
59	8
60	13
61	15
62	11
63	12
64	12
65	12
66	10
67	8
68	11
69	8
70	9
71	13
72	11
73	8
74	5
75	10
76	7
77	4
78	10
79	6
80	6
81	15
82	11
83	10
84	13
85	12
86	4
87	9
88	8
89	4
90	9
91	7
92	11
93	10
94	10
95	7
96	14
97	17
98	17
99	16
100	12
101	7
102	9
103	4
104	8
105	4
106	11
107	5
108	11
109	7
110	9
111	6
112	5
113	1
114	5
115	3
116	8
117	5
118	6
119	2
120	6
121	2
122	4
123	8
124	1
125	3
126	3
127	8
128	3
129	5
130	4
131	4
132	5
133	4
134	3
135	4
136	1
137	2
138	6
139	8
140	6
141	3
142	3
143	3
144	5
145	5
146	7
147	2
148	7
149	3
150	5
151	3
152	7
153	5
154	3
155	4
156	9
157	9
158	14
159	15
160	11
161	30
162	27
163	27
164	30
165	26
166	14
167	6
168	7
169	3
170	8
171	9
172	4
173	8
174	8
175	6
176	6
177	15
178	9
179	16
180	17
181	22
182	20
183	14
184	15
185	15
186	10
187	8
188	4
189	7
190	5
191	5
192	5
193	6
194	5
195	9
196	29
197	50
198	74
199	124
200	198
201	237
202	243
203	285
204	275
205	217
206	196
207	108
208	65
209	32
210	20
211	11
212	9
213	3
214	10
215	12
216	19
217	22
218	37
219	49
220	41
221	54
222	31
223	44
224	32
225	17
226	14
227	11
228	9
229	1
230	5
231	6
232	4
233	6
234	4
235	2
236	2
237	5
238	4
239	3
240	5
241	22
242	30
243	49
244	75
245	93
246	128
247	129
248	145
249	139
250	89
251	90
252	65
253	62
254	44
255	48
256	22
257	28
258	22
259	18
260	13
261	9
262	10
263	7
264	6
265	8
266	14
267	12
268	14
269	40
270	31
271	36
272	37
273	31
274	32
275	17
276	13
277	15
278	9
279	9
280	12
281	12
282	4
283	8
284	8
285	9
286	11
287	15
288	11
289	12
290	12
291	13
292	12
293	8
294	22
295	15
296	26
297	9
298	15
299	18
300	7
301	17
302	13
303	12
304	4
305	7
306	11
307	13
308	9
309	9
310	11
311	12
312	11
313	12
314	10
315	18
316	23
317	27
318	41
319	42
320	74
321	107
322	109
323	134
324	113
325	105
326	88
327	71
328	57
329	37
330	28
331	29
332	24
333	19
334	31
335	32
336	25
337	37
338	41
339	52
340	86
341	174
342	325
343	567
344	932
345	1573
346	2455
347	3580
348	4555
349	5670
350	6174
351	6492
352	6310
353	5467
354	4457
355	3310
356	2266
357	1484
358	881
359	498
360	280
361	138
362	75
363	50
364	50
365	40
366	37
367	35
368	35
369	54
370	34
371	37
372	44
373	44
374	53
375	53
376	68
377	82
378	116
379	159
380	251
381	381
382	490
383	711
384	808
385	982
386	1107
387	1098
388	1041
389	861
390	793
391	541
392	404
393	269
394	171
395	128
396	71
397	38
398	37
399	23
400	28
401	24
402	33
403	33
404	32
405	26
406	27
407	30
408	30
409	34
410	29
411	34
412	32
413	22
414	27
415	20
416	21
417	23
418	15
419	21
420	41
421	21
422	29
423	38
424	27
425	22
426	25
427	31
428	36
429	34
430	32
431	33
432	34
433	41
434	31
435	44
436	43
437	55
438	59
439	51
440	58
441	69
442	64
443	61
444	58
445	48
446	54
447	53
448	49
449	33
450	57
451	56
452	51
453	60
454	55
455	51
456	46
457	71
458	81
459	78
460	61
461	74
462	78
463	65
464	53
465	59
466	61
467	50
468	44
469	52
470	53
471	50
472	74
473	59
474	55
475	51
476	65
477	57
478	45
479	55
480	45
481	44
482	41
483	46
484	51
485	50
486	62
487	44
488	58
489	50
490	47
491	53
492	59
493	46
494	63
495	57
496	40
497	52
498	62
499	56
500	56
501	58
502	63
503	56
504	63
505	53
506	63
507	83
508	64
509	73
510	70
511	67
512	63
513	67
514	69
515	77
516	71
517	63
518	77
519	79
520	74
521	58
522	87
523	82
524	71
525	89
526	103
527	82
528	83
529	93
530	88
531	98
532	76
533	107
534	86
535	74
536	85
537	68
538	61
539	62
540	78
541	59
542	65
543	82
544	58
545	87
546	92
547	69
548	67
549	65
550	71
551	69
552	62
553	66
554	68
555	80
556	62
557	90
558	52
559	69
560	98
561	66
562	76
563	75
564	59
565	64
566	72
567	61
568	70
569	72
570	84
571	66
572	72
573	63
574	69
575	57
576	73
577	82
578	82
579	73
580	87
581	68
582	85
583	76
584	75
585	55
586	75
587	82
588	78
589	88
590	94
591	92
592	68
593	70
594	97
595	102
596	90
597	92
598	82
599	68
600	74
601	84
602	84
603	83
604	83
605	103
606	81
607	76
608	83
609	70
610	107
611	70
612	90
613	95
614	96
615	90
616	92
617	88
618	77
619	75
620	85
621	91
622	98
623	107
624	95
625	93
626	76
627	89
628	94
629	94
630	100
631	88
632	86
633	100
634	105
635	92
636	116
637	100
638	106
639	96
640	86
641	99
642	102
643	101
644	96
645	99
646	94
647	110
648	95
649	100
650	98
651	105
652	102
653	99
654	104
655	101
656	99
657	85
658	113
659	89
660	103
661	117
662	112
663	109
664	86
665	103
666	120
667	93
668	116
669	109
670	108
671	108
672	117
673	101
674	107
675	104
676	115
677	102
678	101
679	109
680	121
681	120
682	98
683	105
684	115
685	109
686	97
687	108
688	89
689	96
690	103
691	124
692	88
693	119
694	107
695	117
696	103
697	118
698	119
699	137
700	125
701	126
702	118
703	121
704	122
705	102
706	108
707	106
708	124
709	126
710	122
711	129
712	121
713	101
714	112
715	121
716	123
717	111
718	100
719	132
720	118
721	134
722	110
723	134
724	106
725	127
726	136
727	132
728	138
729	128
730	118
731	111
732	124
733	111
734	149
735	138
736	134
737	114
738	110
739	140
740	115
741	132
742	120
743	125
744	145
745	128
746	112
747	126
748	121
749	141
750	129
751	104
752	124
753	132
754	123
755	130
756	132
757	132
758	125
759	138
760	124
761	136
762	136
763	124
764	173
765	184
766	174
767	187
768	222
769	220
770	279
771	255
772	309
773	288
774	292
775	297
776	269
777	279
778	232
779	228
780	230
781	161
782	168
783	159
784	165
785	138
786	132
787	147
788	134
789	123
790	143
791	124
792	155
793	126
794	116
795	118
796	117
797	134
798	110
799	146
800	132
801	122
802	112
803	121
804	120
805	132
806	124
807	126
808	133
809	141
810	140
811	139
812	141
813	131
814	153
815	135
816	144
817	155
818	137
819	138
820	136
821	139
822	151
823	132
824	157
825	135
826	156
827	121
828	148
829	148
830	133
831	139
832	148
833	142
834	129
835	162
836	109
837	149
838	161
839	137
840	143
841	132
842	125
843	137
844	125
845	151
846	154
847	164
848	144
849	172
850	147
851	165
852	161
853	187
854	180
855	165
856	156
857	176
858	202
859	190
860	165
861	189
862	203
863	212
864	237
865	204
866	230
867	193
868	227
869	200
870	222
871	202
872	225
873	228
874	233
875	217
876	218
877	232
878	229
879	258
880	321
881	294
882	300
883	254
884	333
885	331
886	366
887	374
888	358
889	373
890	422
891	398
892	474
893	468
894	449
895	538
896	523
897	515
898	530
899	512
900	539
901	520
902	547
903	555
904	526
905	484
906	506
907	472
908	503
909	454
910	483
911	398
912	406
913	379
914	382
915	359
916	334
917	304
918	330
919	298
920	276
921	268
922	237
923	233
924	238
925	195
926	207
927	185
928	181
929	181
930	181
931	154
932	175
933	177
934	179
935	163
936	177
937	174
938	161
939	162
940	176
941	176
942	194
943	224
944	232
945	215
946	259
947	286
948	320
949	366
950	371
951	428
952	396
953	380
954	407
955	431
956	404
957	341
958	330
959	312
960	307
961	304
962	245
963	221
964	172
965	196
966	169
967	163
968	137
969	133
970	127
971	144
972	104
973	115
974	131
975	128
976	107
977	149
978	136
979	142
980	114
981	134
982	134
983	132
984	125
985	129
986	153
987	124
988	138
989	135
990	132
991	152
992	157
993	153
994	160
995	167
996	150
997	186
998	172
999	165
1000	176
1001	181
1002	181
1003	165
1004	185
1005	176
1006	168
1007	167
1008	168
1009	190
1010	180
1011	161
1012	157
1013	158
1014	165
1015	165
1016	131
1017	133
1018	132
1019	132
1020	129
1021	131
1022	105
1023	112
1024	120
