Date:	08/05/2018		Time:	22:32		Version no:	0.00		Project name:	55		Sample name:	222		Section name:	section		Position	372.115021	mm	E0	0.000000	keV	E1	1.000000	keV/channel	sample surface	6.231443	cm	Tube anode:	Mo		Tube voltage:	30	kV	Tube current:	50	mA	gain	10		std. database			resultfile	result		matrix element	11		sample thickness	1.000000		air passage	0.560000	cm	comments	in position		peaking_time	2.200000	m-sec	trigger_threshold	547.363281	V	mca_bin_width	22.090000	no:	number_mca_channels	1024.000000	no:	gap_time	0.150000	m-sec	trigger_peaking_time	0.200000	m-sec	GAINDAC	18610		HIGHGAIN	1		TAURC	1		RCTAU	1		RCTAUFRAC	1		livetime	9.451137	seconds	runtime	10.000490	seconds	input_count_rate	23464.478897	cps	output_count_rate	19283.855862	cps	triggers	221766	seconds	events_in_run	192848	seconds	channel	content		1	0
2	0
3	0
4	0
5	0
6	0
7	0
8	0
9	0
10	0
11	0
12	0
13	0
14	0
15	0
16	0
17	0
18	0
19	0
20	0
21	0
22	0
23	0
24	0
25	0
26	0
27	0
28	0
29	0
30	0
31	17
32	16
33	11
34	18
35	10
36	17
37	14
38	11
39	13
40	15
41	8
42	10
43	11
44	16
45	17
46	9
47	8
48	14
49	12
50	10
51	12
52	9
53	11
54	12
55	13
56	12
57	17
58	13
59	13
60	4
61	15
62	9
63	17
64	5
65	4
66	15
67	10
68	13
69	7
70	7
71	7
72	4
73	3
74	9
75	9
76	8
77	5
78	11
79	6
80	6
81	7
82	16
83	8
84	5
85	6
86	5
87	7
88	6
89	5
90	5
91	3
92	10
93	11
94	9
95	17
96	21
97	21
98	13
99	15
100	10
101	12
102	10
103	7
104	8
105	10
106	5
107	10
108	9
109	10
110	11
111	6
112	7
113	8
114	5
115	5
116	3
117	6
118	2
119	6
120	7
121	6
122	4
123	4
124	3
125	8
126	7
127	5
128	3
129	4
130	2
131	3
132	0
133	6
134	1
135	4
136	0
137	4
138	2
139	6
140	2
141	4
142	4
143	3
144	1
145	2
146	4
147	6
148	3
149	3
150	3
151	2
152	3
153	5
154	1
155	7
156	8
157	6
158	13
159	10
160	18
161	19
162	34
163	28
164	20
165	19
166	18
167	21
168	4
169	12
170	6
171	10
172	5
173	3
174	6
175	7
176	4
177	15
178	18
179	21
180	24
181	26
182	22
183	20
184	21
185	17
186	13
187	14
188	6
189	3
190	5
191	1
192	4
193	5
194	6
195	19
196	37
197	68
198	118
199	160
200	274
201	341
202	394
203	428
204	373
205	341
206	239
207	152
208	86
209	48
210	22
211	5
212	12
213	10
214	11
215	17
216	38
217	32
218	53
219	52
220	58
221	62
222	72
223	67
224	45
225	27
226	22
227	7
228	12
229	6
230	3
231	9
232	6
233	4
234	3
235	4
236	3
237	6
238	9
239	4
240	15
241	23
242	31
243	39
244	83
245	108
246	123
247	147
248	156
249	135
250	124
251	80
252	80
253	69
254	48
255	44
256	34
257	22
258	23
259	27
260	18
261	13
262	16
263	14
264	8
265	16
266	27
267	24
268	27
269	36
270	33
271	25
272	48
273	32
274	28
275	32
276	13
277	19
278	7
279	5
280	4
281	8
282	5
283	7
284	10
285	14
286	7
287	16
288	21
289	21
290	15
291	19
292	14
293	18
294	13
295	10
296	14
297	11
298	16
299	14
300	19
301	14
302	9
303	12
304	16
305	12
306	17
307	13
308	10
309	20
310	21
311	14
312	17
313	10
314	17
315	17
316	26
317	39
318	24
319	55
320	71
321	109
322	120
323	105
324	110
325	107
326	106
327	64
328	68
329	36
330	36
331	34
332	27
333	21
334	26
335	29
336	26
337	41
338	51
339	69
340	98
341	189
342	362
343	703
344	1167
345	1938
346	3053
347	4330
348	5578
349	6801
350	7539
351	7726
352	7590
353	6661
354	5356
355	4018
356	2757
357	1772
358	1024
359	559
360	300
361	177
362	103
363	71
364	49
365	40
366	45
367	39
368	57
369	50
370	48
371	38
372	32
373	57
374	63
375	66
376	94
377	86
378	155
379	193
380	306
381	470
382	616
383	822
384	1020
385	1171
386	1361
387	1341
388	1210
389	1069
390	880
391	674
392	464
393	324
394	217
395	116
396	70
397	49
398	37
399	30
400	24
401	26
402	33
403	25
404	25
405	42
406	23
407	28
408	42
409	36
410	33
411	36
412	36
413	34
414	38
415	37
416	26
417	25
418	29
419	34
420	25
421	24
422	28
423	31
424	25
425	38
426	37
427	36
428	29
429	27
430	33
431	40
432	45
433	38
434	45
435	46
436	52
437	54
438	55
439	66
440	74
441	62
442	77
443	72
444	54
445	59
446	54
447	50
448	67
449	42
450	53
451	58
452	59
453	50
454	64
455	58
456	66
457	63
458	78
459	87
460	103
461	73
462	75
463	88
464	60
465	68
466	60
467	50
468	60
469	59
470	56
471	66
472	52
473	47
474	65
475	67
476	55
477	52
478	56
479	44
480	65
481	48
482	50
483	52
484	56
485	63
486	59
487	63
488	57
489	66
490	53
491	71
492	69
493	61
494	63
495	63
496	69
497	53
498	54
499	55
500	69
501	57
502	52
503	67
504	74
505	70
506	80
507	73
508	74
509	73
510	66
511	87
512	78
513	80
514	81
515	77
516	71
517	81
518	79
519	76
520	80
521	80
522	76
523	76
524	88
525	86
526	68
527	115
528	74
529	84
530	111
531	97
532	86
533	72
534	99
535	91
536	66
537	72
538	88
539	84
540	78
541	76
542	73
543	71
544	79
545	84
546	77
547	67
548	78
549	80
550	81
551	66
552	72
553	75
554	66
555	66
556	67
557	69
558	79
559	72
560	64
561	74
562	57
563	66
564	64
565	59
566	78
567	80
568	83
569	74
570	83
571	66
572	75
573	77
574	80
575	72
576	81
577	91
578	84
579	82
580	88
581	82
582	95
583	76
584	86
585	74
586	82
587	80
588	84
589	91
590	74
591	88
592	70
593	95
594	99
595	81
596	93
597	101
598	86
599	88
600	108
601	73
602	77
603	85
604	76
605	89
606	84
607	106
608	96
609	90
610	98
611	105
612	89
613	110
614	92
615	100
616	95
617	107
618	91
619	107
620	121
621	105
622	95
623	88
624	96
625	89
626	99
627	84
628	98
629	113
630	101
631	87
632	113
633	101
634	96
635	128
636	94
637	106
638	116
639	91
640	97
641	98
642	87
643	88
644	105
645	96
646	108
647	92
648	96
649	120
650	95
651	122
652	112
653	104
654	95
655	110
656	106
657	107
658	98
659	110
660	113
661	97
662	104
663	116
664	89
665	108
666	100
667	96
668	93
669	113
670	115
671	126
672	115
673	109
674	108
675	111
676	109
677	112
678	101
679	108
680	103
681	108
682	103
683	102
684	111
685	111
686	125
687	119
688	114
689	118
690	128
691	131
692	122
693	118
694	110
695	119
696	100
697	121
698	113
699	117
700	146
701	113
702	114
703	124
704	126
705	94
706	126
707	100
708	129
709	116
710	113
711	128
712	133
713	134
714	116
715	113
716	118
717	118
718	123
719	122
720	127
721	119
722	133
723	99
724	117
725	120
726	117
727	124
728	110
729	134
730	123
731	124
732	125
733	123
734	114
735	111
736	112
737	115
738	140
739	132
740	110
741	91
742	127
743	115
744	126
745	121
746	134
747	108
748	117
749	116
750	131
751	110
752	142
753	116
754	118
755	122
756	123
757	124
758	123
759	140
760	142
761	137
762	147
763	148
764	164
765	169
766	177
767	226
768	233
769	237
770	264
771	323
772	295
773	314
774	312
775	314
776	290
777	280
778	277
779	212
780	202
781	199
782	181
783	147
784	145
785	126
786	152
787	128
788	139
789	112
790	136
791	125
792	119
793	141
794	124
795	122
796	131
797	140
798	124
799	150
800	127
801	113
802	117
803	122
804	131
805	129
806	121
807	131
808	137
809	130
810	130
811	127
812	108
813	141
814	124
815	131
816	145
817	127
818	146
819	126
820	125
821	149
822	122
823	154
824	157
825	129
826	136
827	153
828	129
829	125
830	150
831	121
832	144
833	126
834	127
835	148
836	157
837	146
838	140
839	134
840	121
841	133
842	142
843	164
844	135
845	144
846	156
847	164
848	149
849	141
850	153
851	164
852	167
853	150
854	167
855	156
856	169
857	158
858	148
859	189
860	182
861	192
862	183
863	234
864	202
865	214
866	208
867	186
868	220
869	214
870	200
871	236
872	208
873	206
874	180
875	208
876	240
877	253
878	245
879	270
880	230
881	266
882	289
883	281
884	284
885	337
886	336
887	353
888	363
889	404
890	379
891	421
892	437
893	484
894	489
895	511
896	542
897	493
898	515
899	485
900	517
901	506
902	519
903	508
904	465
905	512
906	512
907	431
908	470
909	439
910	432
911	407
912	359
913	373
914	341
915	326
916	332
917	310
918	287
919	277
920	270
921	256
922	282
923	244
924	226
925	209
926	193
927	205
928	210
929	207
930	177
931	164
932	176
933	163
934	160
935	146
936	156
937	138
938	166
939	179
940	180
941	136
942	168
943	183
944	224
945	229
946	237
947	333
948	315
949	360
950	356
951	401
952	396
953	425
954	435
955	426
956	384
957	378
958	338
959	327
960	328
961	265
962	226
963	210
964	199
965	180
966	165
967	137
968	131
969	133
970	127
971	116
972	137
973	96
974	122
975	128
976	117
977	130
978	121
979	118
980	114
981	135
982	123
983	146
984	122
985	126
986	152
987	155
988	136
989	144
990	137
991	142
992	130
993	155
994	155
995	151
996	141
997	160
998	174
999	160
1000	179
1001	168
1002	155
1003	155
1004	143
1005	155
1006	183
1007	175
1008	157
1009	172
1010	187
1011	158
1012	149
1013	166
1014	155
1015	138
1016	172
1017	140
1018	141
1019	121
1020	93
1021	115
1022	102
1023	122
1024	124
