Date:	08/05/2018		Time:	22:21		Version no:	0.00		Project name:	55		Sample name:	222		Section name:	section		Position	360.315033	mm	E0	0.000000	keV	E1	1.000000	keV/channel	sample surface	6.265141	cm	Tube anode:	Mo		Tube voltage:	30	kV	Tube current:	50	mA	gain	10		std. database			resultfile	result		matrix element	11		sample thickness	1.000000		air passage	0.560000	cm	comments	in position		peaking_time	2.200000	m-sec	trigger_threshold	547.363281	V	mca_bin_width	22.090000	no:	number_mca_channels	1024.000000	no:	gap_time	0.150000	m-sec	trigger_peaking_time	0.200000	m-sec	GAINDAC	18610		HIGHGAIN	1		TAURC	1		RCTAU	1		RCTAUFRAC	1		livetime	9.434340	seconds	runtime	10.000490	seconds	input_count_rate	24510.564597	cps	output_count_rate	20028.519404	cps	triggers	231241	seconds	events_in_run	200295	seconds	channel	content		1	0
2	0
3	0
4	0
5	0
6	0
7	0
8	0
9	0
10	0
11	0
12	0
13	0
14	0
15	0
16	0
17	0
18	0
19	0
20	0
21	0
22	0
23	0
24	0
25	0
26	0
27	0
28	0
29	0
30	0
31	6
32	15
33	9
34	12
35	13
36	17
37	17
38	10
39	7
40	8
41	14
42	9
43	12
44	11
45	18
46	13
47	18
48	15
49	18
50	15
51	12
52	10
53	13
54	16
55	13
56	10
57	15
58	4
59	11
60	12
61	17
62	15
63	12
64	8
65	9
66	7
67	9
68	10
69	8
70	10
71	7
72	15
73	11
74	6
75	10
76	12
77	7
78	6
79	9
80	12
81	9
82	7
83	5
84	11
85	14
86	5
87	9
88	6
89	6
90	8
91	6
92	10
93	10
94	13
95	10
96	28
97	11
98	16
99	20
100	9
101	10
102	8
103	4
104	10
105	4
106	13
107	9
108	4
109	14
110	8
111	12
112	5
113	2
114	8
115	5
116	6
117	5
118	5
119	3
120	8
121	7
122	2
123	4
124	4
125	5
126	11
127	4
128	5
129	2
130	2
131	7
132	6
133	5
134	1
135	0
136	2
137	3
138	6
139	3
140	3
141	4
142	4
143	3
144	6
145	4
146	4
147	6
148	6
149	3
150	9
151	5
152	6
153	5
154	8
155	2
156	7
157	8
158	13
159	12
160	21
161	28
162	34
163	31
164	28
165	27
166	24
167	14
168	8
169	5
170	3
171	8
172	3
173	4
174	8
175	6
176	9
177	12
178	9
179	21
180	14
181	20
182	21
183	24
184	26
185	28
186	16
187	10
188	15
189	9
190	7
191	5
192	9
193	4
194	11
195	23
196	42
197	62
198	125
199	186
200	257
201	379
202	418
203	489
204	468
205	377
206	276
207	183
208	132
209	67
210	23
211	11
212	7
213	12
214	11
215	20
216	24
217	49
218	63
219	78
220	78
221	78
222	58
223	52
224	46
225	31
226	17
227	16
228	9
229	5
230	9
231	8
232	6
233	2
234	3
235	3
236	4
237	3
238	6
239	9
240	10
241	21
242	51
243	58
244	75
245	123
246	159
247	153
248	165
249	166
250	119
251	95
252	66
253	58
254	49
255	65
256	34
257	34
258	22
259	21
260	12
261	20
262	8
263	11
264	23
265	12
266	17
267	21
268	35
269	45
270	45
271	38
272	41
273	38
274	26
275	31
276	20
277	16
278	10
279	14
280	10
281	7
282	16
283	10
284	16
285	10
286	12
287	11
288	10
289	10
290	15
291	16
292	22
293	13
294	14
295	21
296	14
297	13
298	18
299	12
300	18
301	11
302	17
303	14
304	15
305	17
306	16
307	15
308	14
309	10
310	11
311	13
312	16
313	8
314	12
315	30
316	65
317	65
318	98
319	143
320	205
321	269
322	336
323	350
324	335
325	288
326	240
327	222
328	167
329	94
330	63
331	38
332	34
333	26
334	29
335	34
336	29
337	43
338	55
339	75
340	115
341	201
342	381
343	727
344	1315
345	2124
346	3246
347	4576
348	6112
349	7428
350	7944
351	8426
352	7822
353	7125
354	5703
355	4248
356	3027
357	1986
358	1102
359	648
360	329
361	199
362	115
363	61
364	43
365	30
366	34
367	45
368	48
369	36
370	47
371	41
372	38
373	57
374	56
375	81
376	83
377	101
378	152
379	211
380	309
381	513
382	629
383	889
384	1120
385	1246
386	1445
387	1361
388	1257
389	1140
390	899
391	682
392	517
393	305
394	184
395	153
396	83
397	56
398	38
399	30
400	27
401	23
402	28
403	30
404	24
405	27
406	31
407	38
408	39
409	39
410	33
411	35
412	26
413	37
414	34
415	36
416	40
417	30
418	34
419	29
420	25
421	38
422	23
423	26
424	29
425	28
426	26
427	28
428	30
429	37
430	43
431	34
432	32
433	47
434	51
435	40
436	36
437	42
438	54
439	52
440	77
441	64
442	67
443	78
444	57
445	63
446	63
447	59
448	68
449	52
450	59
451	61
452	65
453	50
454	70
455	53
456	67
457	78
458	84
459	85
460	70
461	67
462	62
463	77
464	64
465	75
466	59
467	52
468	52
469	59
470	65
471	78
472	63
473	55
474	69
475	72
476	71
477	63
478	44
479	46
480	54
481	39
482	46
483	50
484	50
485	54
486	56
487	56
488	50
489	60
490	50
491	52
492	59
493	51
494	46
495	71
496	55
497	54
498	61
499	69
500	78
501	53
502	79
503	65
504	60
505	84
506	64
507	65
508	72
509	60
510	86
511	60
512	67
513	70
514	75
515	73
516	75
517	66
518	85
519	69
520	67
521	90
522	82
523	88
524	72
525	84
526	76
527	82
528	101
529	90
530	98
531	89
532	97
533	87
534	78
535	80
536	94
537	90
538	78
539	79
540	71
541	65
542	79
543	83
544	82
545	82
546	76
547	79
548	75
549	90
550	73
551	84
552	65
553	67
554	75
555	62
556	75
557	82
558	69
559	68
560	77
561	81
562	85
563	76
564	64
565	73
566	84
567	73
568	75
569	81
570	70
571	80
572	84
573	70
574	92
575	60
576	74
577	70
578	73
579	94
580	89
581	76
582	83
583	85
584	77
585	90
586	92
587	85
588	91
589	68
590	80
591	87
592	96
593	80
594	70
595	93
596	89
597	92
598	90
599	94
600	85
601	104
602	96
603	95
604	87
605	84
606	78
607	84
608	77
609	72
610	97
611	105
612	93
613	91
614	84
615	92
616	94
617	89
618	91
619	95
620	75
621	104
622	89
623	88
624	87
625	87
626	96
627	110
628	98
629	99
630	90
631	86
632	102
633	110
634	96
635	84
636	104
637	101
638	103
639	96
640	106
641	79
642	80
643	93
644	100
645	93
646	97
647	91
648	95
649	106
650	107
651	104
652	105
653	102
654	104
655	101
656	101
657	109
658	96
659	106
660	118
661	85
662	82
663	100
664	84
665	93
666	102
667	88
668	96
669	113
670	92
671	100
672	107
673	111
674	93
675	101
676	108
677	121
678	108
679	96
680	126
681	106
682	97
683	130
684	121
685	115
686	100
687	99
688	108
689	101
690	120
691	114
692	122
693	117
694	109
695	115
696	97
697	108
698	133
699	112
700	114
701	116
702	121
703	107
704	126
705	96
706	130
707	119
708	114
709	100
710	129
711	97
712	95
713	115
714	134
715	106
716	137
717	109
718	102
719	110
720	109
721	126
722	119
723	100
724	106
725	135
726	119
727	103
728	119
729	143
730	119
731	117
732	120
733	104
734	134
735	142
736	131
737	114
738	107
739	123
740	130
741	127
742	118
743	141
744	128
745	109
746	119
747	128
748	117
749	138
750	115
751	126
752	133
753	110
754	123
755	142
756	136
757	144
758	115
759	131
760	151
761	137
762	149
763	152
764	189
765	185
766	199
767	226
768	218
769	254
770	278
771	320
772	323
773	332
774	332
775	307
776	305
777	312
778	270
779	220
780	202
781	172
782	167
783	158
784	147
785	110
786	123
787	127
788	111
789	118
790	120
791	139
792	134
793	125
794	119
795	127
796	130
797	124
798	111
799	112
800	156
801	146
802	105
803	129
804	145
805	115
806	140
807	156
808	127
809	121
810	128
811	124
812	143
813	136
814	139
815	134
816	127
817	121
818	136
819	130
820	127
821	146
822	142
823	136
824	122
825	125
826	131
827	141
828	131
829	134
830	129
831	130
832	130
833	142
834	130
835	128
836	125
837	148
838	138
839	130
840	166
841	132
842	148
843	137
844	132
845	133
846	152
847	147
848	128
849	163
850	157
851	123
852	170
853	152
854	164
855	165
856	168
857	170
858	198
859	173
860	202
861	210
862	202
863	199
864	255
865	218
866	221
867	202
868	208
869	210
870	232
871	205
872	182
873	214
874	218
875	213
876	222
877	218
878	238
879	272
880	250
881	265
882	262
883	261
884	311
885	323
886	321
887	333
888	365
889	384
890	454
891	444
892	425
893	442
894	482
895	493
896	504
897	493
898	521
899	476
900	544
901	510
902	499
903	513
904	501
905	517
906	479
907	451
908	474
909	462
910	392
911	411
912	389
913	408
914	344
915	320
916	306
917	305
918	270
919	251
920	266
921	275
922	248
923	247
924	210
925	218
926	208
927	208
928	178
929	193
930	151
931	166
932	166
933	162
934	150
935	159
936	152
937	163
938	156
939	148
940	187
941	155
942	198
943	196
944	183
945	225
946	285
947	295
948	326
949	367
950	364
951	378
952	396
953	423
954	405
955	418
956	382
957	379
958	328
959	303
960	274
961	277
962	230
963	186
964	178
965	163
966	142
967	121
968	134
969	115
970	111
971	136
972	128
973	122
974	120
975	114
976	106
977	121
978	111
979	108
980	102
981	108
982	117
983	110
984	149
985	136
986	132
987	136
988	136
989	146
990	116
991	159
992	150
993	147
994	157
995	133
996	160
997	160
998	152
999	152
1000	182
1001	169
1002	149
1003	153
1004	166
1005	157
1006	191
1007	161
1008	175
1009	185
1010	159
1011	141
1012	159
1013	153
1014	131
1015	151
1016	123
1017	114
1018	125
1019	132
1020	134
1021	153
1022	114
1023	112
1024	100
