Date:	08/05/2018		Time:	21:55		Version no:	0.00		Project name:	55		Sample name:	222		Section name:	section		Position	332.715027	mm	E0	0.000000	keV	E1	1.000000	keV/channel	sample surface	6.199014	cm	Tube anode:	Mo		Tube voltage:	30	kV	Tube current:	50	mA	gain	10		std. database			resultfile	result		matrix element	11		sample thickness	1.000000		air passage	0.560000	cm	comments	in position		peaking_time	2.200000	m-sec	trigger_threshold	547.363281	V	mca_bin_width	22.090000	no:	number_mca_channels	1024.000000	no:	gap_time	0.150000	m-sec	trigger_peaking_time	0.200000	m-sec	GAINDAC	18610		HIGHGAIN	1		TAURC	1		RCTAU	1		RCTAUFRAC	1		livetime	9.486501	seconds	runtime	10.000489	seconds	input_count_rate	21346.332464	cps	output_count_rate	17798.630003	cps	triggers	202502	seconds	events_in_run	177995	seconds	channel	content		1	0
2	0
3	0
4	0
5	0
6	0
7	0
8	0
9	0
10	0
11	0
12	0
13	0
14	0
15	0
16	0
17	0
18	0
19	0
20	0
21	0
22	0
23	0
24	0
25	0
26	0
27	0
28	0
29	0
30	0
31	8
32	15
33	14
34	11
35	19
36	12
37	16
38	16
39	14
40	11
41	14
42	9
43	11
44	13
45	11
46	16
47	12
48	6
49	11
50	13
51	15
52	21
53	18
54	12
55	12
56	9
57	9
58	15
59	13
60	9
61	11
62	10
63	6
64	14
65	4
66	2
67	6
68	9
69	12
70	15
71	9
72	9
73	4
74	16
75	12
76	2
77	6
78	8
79	7
80	11
81	12
82	11
83	9
84	8
85	14
86	8
87	11
88	6
89	5
90	5
91	10
92	8
93	13
94	18
95	21
96	23
97	20
98	11
99	9
100	4
101	7
102	9
103	11
104	11
105	7
106	11
107	13
108	7
109	9
110	14
111	5
112	7
113	8
114	4
115	4
116	2
117	1
118	3
119	10
120	4
121	3
122	1
123	2
124	2
125	7
126	1
127	5
128	7
129	5
130	5
131	2
132	6
133	5
134	4
135	5
136	4
137	3
138	4
139	4
140	3
141	5
142	1
143	3
144	5
145	1
146	4
147	3
148	0
149	5
150	4
151	6
152	6
153	4
154	1
155	7
156	3
157	5
158	7
159	9
160	15
161	27
162	34
163	42
164	21
165	28
166	21
167	17
168	4
169	5
170	4
171	4
172	3
173	8
174	7
175	4
176	7
177	8
178	14
179	15
180	13
181	24
182	25
183	26
184	15
185	13
186	14
187	8
188	11
189	5
190	5
191	5
192	7
193	9
194	11
195	18
196	24
197	39
198	86
199	144
200	238
201	283
202	368
203	360
204	359
205	305
206	200
207	159
208	96
209	61
210	36
211	21
212	6
213	16
214	11
215	12
216	28
217	30
218	47
219	66
220	60
221	82
222	54
223	53
224	39
225	25
226	18
227	17
228	8
229	3
230	5
231	3
232	3
233	3
234	2
235	3
236	4
237	6
238	9
239	10
240	15
241	23
242	54
243	76
244	109
245	163
246	223
247	217
248	233
249	219
250	195
251	143
252	102
253	82
254	57
255	45
256	37
257	24
258	22
259	14
260	18
261	14
262	10
263	18
264	8
265	21
266	25
267	32
268	37
269	43
270	48
271	56
272	67
273	45
274	46
275	30
276	17
277	17
278	16
279	9
280	10
281	6
282	12
283	7
284	13
285	7
286	14
287	18
288	13
289	12
290	13
291	9
292	20
293	6
294	11
295	20
296	15
297	13
298	27
299	13
300	14
301	14
302	15
303	15
304	15
305	16
306	17
307	13
308	16
309	7
310	14
311	16
312	14
313	11
314	17
315	21
316	29
317	35
318	49
319	70
320	98
321	119
322	118
323	116
324	125
325	102
326	114
327	90
328	56
329	49
330	37
331	16
332	18
333	24
334	21
335	21
336	21
337	41
338	42
339	67
340	89
341	155
342	276
343	561
344	1020
345	1593
346	2443
347	3592
348	4582
349	5593
350	6380
351	6564
352	6266
353	5469
354	4365
355	3357
356	2351
357	1509
358	896
359	514
360	275
361	138
362	75
363	50
364	35
365	34
366	28
367	35
368	25
369	33
370	36
371	53
372	34
373	32
374	53
375	42
376	74
377	82
378	129
379	156
380	260
381	384
382	548
383	678
384	899
385	1046
386	1116
387	1102
388	1004
389	937
390	739
391	546
392	402
393	277
394	174
395	119
396	70
397	38
398	40
399	23
400	33
401	27
402	25
403	24
404	24
405	38
406	29
407	31
408	38
409	27
410	31
411	32
412	31
413	33
414	28
415	21
416	39
417	32
418	38
419	24
420	20
421	29
422	21
423	27
424	33
425	31
426	29
427	34
428	36
429	25
430	37
431	25
432	25
433	43
434	49
435	49
436	33
437	35
438	45
439	54
440	61
441	72
442	61
443	51
444	60
445	47
446	62
447	55
448	58
449	51
450	55
451	64
452	53
453	61
454	57
455	67
456	56
457	71
458	74
459	83
460	86
461	77
462	70
463	80
464	77
465	57
466	55
467	57
468	48
469	55
470	65
471	66
472	57
473	66
474	53
475	56
476	50
477	51
478	48
479	54
480	50
481	41
482	52
483	39
484	57
485	40
486	53
487	56
488	43
489	41
490	40
491	51
492	54
493	51
494	59
495	56
496	63
497	61
498	51
499	49
500	63
501	59
502	63
503	57
504	58
505	65
506	70
507	68
508	60
509	75
510	74
511	75
512	75
513	69
514	62
515	81
516	79
517	60
518	79
519	79
520	95
521	68
522	70
523	90
524	90
525	79
526	83
527	84
528	74
529	86
530	92
531	75
532	69
533	81
534	80
535	79
536	76
537	79
538	74
539	85
540	81
541	70
542	64
543	86
544	83
545	92
546	95
547	75
548	82
549	87
550	77
551	78
552	69
553	72
554	73
555	74
556	82
557	67
558	65
559	74
560	73
561	67
562	63
563	70
564	74
565	57
566	76
567	84
568	77
569	60
570	71
571	75
572	69
573	64
574	77
575	72
576	71
577	81
578	66
579	74
580	79
581	71
582	78
583	97
584	83
585	70
586	74
587	88
588	74
589	92
590	71
591	62
592	84
593	68
594	90
595	82
596	102
597	85
598	97
599	72
600	88
601	84
602	98
603	74
604	79
605	91
606	89
607	83
608	76
609	77
610	101
611	101
612	99
613	90
614	88
615	108
616	92
617	88
618	80
619	109
620	100
621	100
622	104
623	96
624	73
625	89
626	78
627	90
628	94
629	103
630	88
631	88
632	77
633	82
634	91
635	69
636	81
637	91
638	101
639	98
640	94
641	85
642	109
643	83
644	102
645	90
646	83
647	102
648	90
649	96
650	108
651	105
652	92
653	101
654	105
655	111
656	114
657	95
658	70
659	94
660	96
661	87
662	96
663	93
664	94
665	102
666	76
667	96
668	97
669	93
670	117
671	106
672	99
673	97
674	110
675	114
676	111
677	98
678	95
679	107
680	115
681	115
682	88
683	97
684	113
685	123
686	102
687	103
688	111
689	121
690	119
691	116
692	116
693	111
694	105
695	89
696	123
697	121
698	110
699	119
700	116
701	99
702	128
703	121
704	107
705	112
706	108
707	118
708	111
709	97
710	103
711	112
712	117
713	111
714	117
715	122
716	118
717	104
718	105
719	115
720	126
721	105
722	126
723	124
724	114
725	126
726	120
727	111
728	115
729	137
730	119
731	119
732	125
733	105
734	127
735	125
736	121
737	115
738	132
739	119
740	130
741	147
742	115
743	123
744	122
745	122
746	126
747	130
748	134
749	102
750	120
751	134
752	120
753	113
754	114
755	120
756	143
757	124
758	124
759	120
760	116
761	126
762	131
763	128
764	133
765	159
766	175
767	215
768	214
769	211
770	243
771	248
772	259
773	261
774	265
775	241
776	235
777	203
778	233
779	195
780	191
781	181
782	144
783	139
784	144
785	118
786	136
787	125
788	121
789	121
790	113
791	118
792	128
793	106
794	130
795	137
796	128
797	98
798	154
799	121
800	118
801	119
802	148
803	123
804	140
805	118
806	119
807	140
808	149
809	121
810	141
811	159
812	121
813	139
814	162
815	127
816	147
817	153
818	150
819	134
820	136
821	132
822	141
823	127
824	136
825	138
826	145
827	135
828	136
829	132
830	129
831	135
832	128
833	123
834	148
835	146
836	147
837	124
838	134
839	149
840	155
841	149
842	131
843	141
844	123
845	146
846	147
847	162
848	164
849	136
850	140
851	150
852	136
853	151
854	167
855	167
856	173
857	179
858	167
859	213
860	202
861	228
862	170
863	220
864	241
865	220
866	210
867	205
868	228
869	211
870	203
871	244
872	232
873	192
874	212
875	221
876	213
877	207
878	248
879	226
880	303
881	281
882	278
883	279
884	305
885	310
886	378
887	340
888	432
889	388
890	460
891	458
892	449
893	486
894	508
895	492
896	488
897	559
898	552
899	528
900	517
901	506
902	524
903	535
904	559
905	498
906	487
907	491
908	473
909	471
910	437
911	399
912	414
913	370
914	323
915	348
916	322
917	334
918	300
919	272
920	272
921	244
922	247
923	229
924	226
925	191
926	216
927	167
928	203
929	181
930	177
931	172
932	160
933	169
934	169
935	153
936	170
937	169
938	147
939	142
940	176
941	186
942	159
943	179
944	210
945	232
946	248
947	283
948	303
949	364
950	353
951	372
952	383
953	398
954	375
955	421
956	389
957	358
958	342
959	333
960	317
961	269
962	224
963	225
964	178
965	144
966	149
967	141
968	114
969	118
970	113
971	134
972	136
973	130
974	114
975	137
976	116
977	116
978	152
979	131
980	122
981	131
982	134
983	121
984	126
985	128
986	139
987	141
988	146
989	132
990	157
991	168
992	164
993	153
994	164
995	161
996	164
997	156
998	155
999	153
1000	167
1001	160
1002	175
1003	151
1004	188
1005	169
1006	136
1007	142
1008	161
1009	174
1010	153
1011	167
1012	156
1013	133
1014	158
1015	152
1016	134
1017	162
1018	138
1019	130
1020	140
1021	135
1022	134
1023	102
1024	126
