Date:	08/05/2018		Time:	23:06		Version no:	0.00		Project name:	55		Sample name:	222		Section name:	section		Position	407.715027	mm	E0	0.000000	keV	E1	1.000000	keV/channel	sample surface	6.142769	cm	Tube anode:	Mo		Tube voltage:	30	kV	Tube current:	50	mA	gain	10		std. database			resultfile	result		matrix element	11		sample thickness	1.000000		air passage	0.560000	cm	comments	in position		peaking_time	2.200000	m-sec	trigger_threshold	547.363281	V	mca_bin_width	22.090000	no:	number_mca_channels	1024.000000	no:	gap_time	0.150000	m-sec	trigger_peaking_time	0.200000	m-sec	GAINDAC	18610		HIGHGAIN	1		TAURC	1		RCTAU	1		RCTAUFRAC	1		livetime	9.386369	seconds	runtime	10.000493	seconds	input_count_rate	26725.563990	cps	output_count_rate	21502.140375	cps	triggers	250856	seconds	events_in_run	215032	seconds	channel	content		1	0
2	0
3	0
4	0
5	0
6	0
7	0
8	0
9	0
10	0
11	0
12	0
13	0
14	0
15	0
16	0
17	0
18	0
19	0
20	0
21	0
22	0
23	0
24	0
25	0
26	0
27	0
28	0
29	0
30	0
31	14
32	12
33	15
34	11
35	15
36	17
37	14
38	19
39	10
40	13
41	13
42	18
43	11
44	20
45	13
46	19
47	13
48	14
49	13
50	20
51	6
52	13
53	10
54	15
55	8
56	22
57	10
58	10
59	8
60	10
61	7
62	5
63	14
64	6
65	12
66	11
67	11
68	10
69	15
70	14
71	10
72	8
73	14
74	9
75	3
76	8
77	10
78	12
79	13
80	11
81	13
82	21
83	14
84	13
85	11
86	9
87	9
88	7
89	5
90	5
91	7
92	7
93	11
94	10
95	9
96	28
97	24
98	16
99	9
100	12
101	7
102	11
103	6
104	12
105	8
106	11
107	14
108	6
109	7
110	11
111	8
112	7
113	12
114	2
115	7
116	7
117	5
118	2
119	3
120	10
121	4
122	5
123	8
124	6
125	11
126	7
127	4
128	4
129	6
130	7
131	6
132	4
133	4
134	3
135	5
136	3
137	4
138	5
139	3
140	4
141	2
142	3
143	3
144	5
145	0
146	7
147	4
148	5
149	2
150	3
151	7
152	6
153	8
154	7
155	9
156	5
157	11
158	11
159	20
160	18
161	22
162	29
163	20
164	22
165	18
166	18
167	10
168	6
169	6
170	7
171	1
172	8
173	7
174	5
175	14
176	11
177	6
178	7
179	11
180	16
181	18
182	23
183	23
184	23
185	21
186	7
187	5
188	4
189	3
190	5
191	4
192	4
193	8
194	5
195	24
196	32
197	50
198	116
199	164
200	247
201	304
202	395
203	420
204	387
205	337
206	215
207	150
208	91
209	60
210	23
211	13
212	14
213	7
214	8
215	10
216	31
217	34
218	49
219	59
220	50
221	66
222	58
223	46
224	45
225	29
226	14
227	3
228	9
229	10
230	5
231	7
232	9
233	2
234	5
235	6
236	5
237	9
238	7
239	13
240	29
241	36
242	66
243	130
244	156
245	234
246	299
247	361
248	310
249	276
250	266
251	221
252	129
253	108
254	99
255	66
256	61
257	46
258	33
259	33
260	19
261	10
262	12
263	19
264	25
265	25
266	27
267	37
268	47
269	63
270	65
271	81
272	75
273	62
274	61
275	45
276	25
277	19
278	20
279	17
280	12
281	15
282	10
283	9
284	8
285	13
286	14
287	13
288	20
289	20
290	20
291	19
292	16
293	16
294	22
295	18
296	23
297	18
298	17
299	15
300	19
301	18
302	14
303	17
304	13
305	11
306	15
307	21
308	6
309	14
310	16
311	14
312	20
313	11
314	13
315	21
316	17
317	27
318	44
319	68
320	76
321	130
322	105
323	109
324	130
325	111
326	85
327	79
328	69
329	45
330	30
331	30
332	31
333	31
334	24
335	34
336	38
337	44
338	43
339	66
340	141
341	259
342	497
343	797
344	1423
345	2363
346	3646
347	5208
348	6728
349	8188
350	9317
351	9665
352	9180
353	7905
354	6431
355	4792
356	3256
357	2050
358	1285
359	690
360	382
361	184
362	122
363	75
364	60
365	27
366	48
367	39
368	47
369	41
370	38
371	54
372	73
373	58
374	58
375	60
376	81
377	116
378	158
379	230
380	358
381	544
382	763
383	996
384	1223
385	1393
386	1580
387	1528
388	1491
389	1302
390	1068
391	845
392	573
393	393
394	250
395	152
396	84
397	52
398	37
399	32
400	39
401	32
402	26
403	24
404	34
405	33
406	42
407	39
408	40
409	30
410	41
411	33
412	43
413	39
414	26
415	29
416	35
417	22
418	25
419	23
420	26
421	20
422	35
423	29
424	25
425	21
426	30
427	30
428	30
429	34
430	34
431	41
432	36
433	35
434	42
435	36
436	54
437	55
438	64
439	68
440	80
441	72
442	92
443	87
444	61
445	91
446	49
447	57
448	60
449	61
450	54
451	48
452	68
453	59
454	52
455	62
456	74
457	70
458	85
459	90
460	79
461	70
462	59
463	95
464	62
465	55
466	59
467	56
468	51
469	52
470	76
471	68
472	58
473	71
474	74
475	58
476	58
477	64
478	52
479	53
480	55
481	54
482	46
483	49
484	54
485	55
486	48
487	49
488	42
489	59
490	64
491	63
492	45
493	59
494	57
495	58
496	58
497	62
498	58
499	68
500	67
501	62
502	75
503	73
504	64
505	72
506	69
507	69
508	85
509	69
510	81
511	85
512	59
513	62
514	77
515	75
516	95
517	83
518	78
519	71
520	79
521	76
522	104
523	73
524	88
525	79
526	100
527	78
528	97
529	106
530	115
531	84
532	86
533	91
534	76
535	86
536	91
537	73
538	72
539	60
540	67
541	100
542	76
543	75
544	78
545	84
546	89
547	92
548	80
549	95
550	76
551	71
552	69
553	69
554	79
555	72
556	74
557	75
558	65
559	90
560	74
561	77
562	67
563	66
564	69
565	86
566	67
567	79
568	75
569	70
570	72
571	80
572	73
573	83
574	88
575	84
576	63
577	73
578	64
579	84
580	75
581	77
582	80
583	82
584	62
585	75
586	90
587	80
588	84
589	91
590	96
591	88
592	77
593	93
594	81
595	88
596	99
597	91
598	85
599	82
600	90
601	82
602	93
603	75
604	87
605	83
606	81
607	81
608	84
609	103
610	90
611	82
612	100
613	71
614	100
615	89
616	123
617	101
618	86
619	85
620	103
621	93
622	89
623	91
624	84
625	110
626	93
627	83
628	102
629	98
630	94
631	85
632	93
633	101
634	83
635	110
636	104
637	93
638	107
639	92
640	91
641	94
642	108
643	88
644	110
645	95
646	110
647	118
648	104
649	112
650	116
651	111
652	103
653	110
654	95
655	119
656	109
657	133
658	112
659	117
660	92
661	87
662	121
663	122
664	90
665	107
666	117
667	98
668	108
669	104
670	120
671	103
672	96
673	113
674	90
675	100
676	111
677	108
678	109
679	109
680	111
681	107
682	115
683	127
684	108
685	92
686	101
687	114
688	105
689	112
690	122
691	131
692	110
693	122
694	129
695	130
696	122
697	125
698	105
699	120
700	129
701	116
702	126
703	116
704	136
705	123
706	129
707	126
708	121
709	119
710	116
711	113
712	110
713	133
714	132
715	129
716	109
717	116
718	127
719	132
720	102
721	127
722	135
723	134
724	122
725	126
726	125
727	128
728	126
729	104
730	127
731	140
732	127
733	123
734	145
735	128
736	147
737	106
738	127
739	100
740	125
741	131
742	148
743	120
744	137
745	149
746	118
747	113
748	142
749	125
750	142
751	132
752	140
753	118
754	132
755	136
756	120
757	141
758	142
759	139
760	145
761	151
762	143
763	136
764	164
765	175
766	183
767	195
768	212
769	200
770	241
771	264
772	232
773	268
774	270
775	237
776	229
777	219
778	225
779	178
780	165
781	160
782	183
783	169
784	153
785	140
786	137
787	148
788	132
789	140
790	146
791	153
792	127
793	111
794	126
795	111
796	114
797	133
798	135
799	157
800	127
801	136
802	113
803	160
804	154
805	138
806	125
807	130
808	146
809	129
810	135
811	139
812	179
813	153
814	116
815	136
816	153
817	132
818	157
819	125
820	139
821	161
822	152
823	132
824	159
825	167
826	131
827	144
828	164
829	160
830	130
831	157
832	161
833	146
834	145
835	140
836	155
837	163
838	154
839	144
840	135
841	164
842	143
843	130
844	146
845	133
846	154
847	147
848	162
849	119
850	158
851	164
852	137
853	139
854	186
855	164
856	152
857	214
858	205
859	204
860	219
861	196
862	235
863	235
864	213
865	209
866	228
867	221
868	249
869	213
870	197
871	209
872	212
873	221
874	226
875	191
876	234
877	217
878	246
879	236
880	229
881	252
882	310
883	317
884	285
885	357
886	349
887	337
888	407
889	376
890	432
891	436
892	483
893	513
894	515
895	522
896	504
897	506
898	555
899	534
900	585
901	530
902	569
903	560
904	538
905	548
906	524
907	513
908	496
909	471
910	496
911	415
912	438
913	391
914	372
915	380
916	348
917	327
918	341
919	333
920	276
921	268
922	257
923	229
924	226
925	206
926	203
927	202
928	187
929	160
930	155
931	192
932	179
933	181
934	147
935	168
936	166
937	195
938	163
939	167
940	181
941	195
942	207
943	193
944	219
945	257
946	265
947	287
948	288
949	372
950	359
951	411
952	392
953	437
954	412
955	389
956	396
957	347
958	332
959	324
960	314
961	244
962	257
963	194
964	184
965	165
966	165
967	138
968	175
969	147
970	135
971	109
972	127
973	140
974	130
975	130
976	117
977	143
978	140
979	124
980	135
981	119
982	132
983	128
984	121
985	135
986	147
987	125
988	143
989	133
990	145
991	163
992	165
993	168
994	152
995	160
996	175
997	181
998	167
999	164
1000	187
1001	156
1002	162
1003	189
1004	194
1005	153
1006	201
1007	152
1008	201
1009	177
1010	174
1011	175
1012	159
1013	174
1014	174
1015	137
1016	140
1017	135
1018	142
1019	142
1020	143
1021	121
1022	140
1023	115
1024	107
