Date:	08/05/2018		Time:	22:42		Version no:	0.00		Project name:	55		Sample name:	222		Section name:	section		Position	382.315033	mm	E0	0.000000	keV	E1	1.000000	keV/channel	sample surface	6.183947	cm	Tube anode:	Mo		Tube voltage:	30	kV	Tube current:	50	mA	gain	10		std. database			resultfile	result		matrix element	11		sample thickness	1.000000		air passage	0.560000	cm	comments	in position		peaking_time	2.200000	m-sec	trigger_threshold	547.363281	V	mca_bin_width	22.090000	no:	number_mca_channels	1024.000000	no:	gap_time	0.150000	m-sec	trigger_peaking_time	0.200000	m-sec	GAINDAC	18610		HIGHGAIN	1		TAURC	1		RCTAU	1		RCTAUFRAC	1		livetime	9.435759	seconds	runtime	10.000494	seconds	input_count_rate	24352.783399	cps	output_count_rate	19931.716170	cps	triggers	229787	seconds	events_in_run	199327	seconds	channel	content		1	0
2	0
3	0
4	0
5	0
6	0
7	0
8	0
9	0
10	0
11	0
12	0
13	0
14	0
15	0
16	0
17	0
18	0
19	0
20	0
21	0
22	0
23	0
24	0
25	0
26	0
27	0
28	0
29	0
30	0
31	12
32	20
33	18
34	20
35	7
36	15
37	16
38	15
39	13
40	10
41	13
42	13
43	10
44	22
45	12
46	18
47	13
48	15
49	11
50	11
51	12
52	13
53	20
54	17
55	6
56	13
57	5
58	10
59	13
60	8
61	12
62	11
63	5
64	9
65	5
66	5
67	11
68	8
69	9
70	6
71	6
72	11
73	6
74	7
75	6
76	7
77	13
78	11
79	17
80	5
81	13
82	16
83	12
84	12
85	4
86	7
87	9
88	10
89	3
90	6
91	11
92	9
93	17
94	16
95	22
96	16
97	15
98	17
99	17
100	6
101	10
102	8
103	13
104	8
105	8
106	10
107	15
108	3
109	6
110	11
111	9
112	7
113	2
114	4
115	6
116	2
117	4
118	3
119	4
120	2
121	2
122	3
123	5
124	5
125	4
126	7
127	5
128	3
129	7
130	9
131	3
132	3
133	4
134	2
135	3
136	5
137	10
138	3
139	7
140	5
141	3
142	2
143	1
144	3
145	3
146	2
147	2
148	3
149	3
150	6
151	3
152	9
153	4
154	5
155	6
156	6
157	8
158	9
159	16
160	17
161	31
162	32
163	31
164	27
165	16
166	17
167	20
168	6
169	3
170	5
171	5
172	8
173	8
174	7
175	6
176	10
177	12
178	6
179	19
180	24
181	23
182	22
183	24
184	20
185	20
186	4
187	11
188	4
189	7
190	4
191	5
192	6
193	3
194	15
195	20
196	37
197	56
198	110
199	187
200	299
201	368
202	408
203	413
204	408
205	335
206	241
207	156
208	85
209	46
210	21
211	20
212	14
213	11
214	12
215	14
216	27
217	29
218	40
219	66
220	77
221	62
222	51
223	53
224	43
225	25
226	18
227	9
228	10
229	5
230	3
231	4
232	3
233	3
234	10
235	3
236	6
237	2
238	3
239	8
240	11
241	32
242	41
243	73
244	80
245	132
246	153
247	167
248	164
249	163
250	130
251	128
252	92
253	70
254	48
255	44
256	42
257	28
258	25
259	28
260	17
261	11
262	12
263	14
264	5
265	11
266	25
267	23
268	46
269	30
270	48
271	54
272	43
273	40
274	23
275	22
276	19
277	12
278	14
279	9
280	7
281	11
282	6
283	11
284	12
285	11
286	11
287	17
288	18
289	16
290	21
291	19
292	14
293	22
294	16
295	20
296	19
297	11
298	24
299	16
300	15
301	14
302	19
303	14
304	12
305	17
306	12
307	6
308	9
309	18
310	9
311	11
312	15
313	11
314	11
315	15
316	23
317	20
318	32
319	46
320	52
321	58
322	72
323	83
324	65
325	78
326	68
327	60
328	45
329	49
330	34
331	31
332	27
333	21
334	27
335	32
336	42
337	43
338	56
339	79
340	103
341	215
342	407
343	731
344	1297
345	2119
346	3172
347	4653
348	6001
349	7436
350	8291
351	8525
352	8008
353	7032
354	5587
355	4152
356	2944
357	1927
358	1066
359	630
360	360
361	198
362	96
363	74
364	49
365	49
366	35
367	38
368	42
369	49
370	29
371	49
372	41
373	56
374	69
375	84
376	57
377	106
378	161
379	222
380	323
381	476
382	679
383	901
384	1114
385	1297
386	1415
387	1519
388	1340
389	1115
390	939
391	729
392	510
393	312
394	234
395	133
396	82
397	44
398	34
399	24
400	29
401	17
402	30
403	27
404	37
405	30
406	39
407	31
408	39
409	28
410	44
411	38
412	27
413	39
414	32
415	22
416	32
417	51
418	32
419	30
420	37
421	24
422	41
423	34
424	42
425	29
426	26
427	32
428	30
429	36
430	30
431	33
432	31
433	37
434	48
435	48
436	59
437	65
438	58
439	61
440	72
441	72
442	82
443	84
444	61
445	49
446	70
447	46
448	47
449	46
450	48
451	62
452	66
453	63
454	58
455	63
456	62
457	72
458	65
459	86
460	69
461	71
462	62
463	64
464	59
465	46
466	36
467	49
468	50
469	51
470	56
471	55
472	51
473	67
474	56
475	60
476	57
477	58
478	68
479	51
480	63
481	58
482	53
483	62
484	37
485	54
486	52
487	50
488	57
489	56
490	58
491	53
492	70
493	62
494	60
495	53
496	53
497	49
498	65
499	54
500	60
501	66
502	71
503	65
504	61
505	62
506	56
507	60
508	85
509	77
510	70
511	92
512	58
513	74
514	70
515	65
516	76
517	76
518	69
519	72
520	69
521	68
522	65
523	82
524	91
525	92
526	81
527	88
528	88
529	92
530	75
531	79
532	107
533	95
534	85
535	82
536	77
537	80
538	84
539	75
540	77
541	73
542	103
543	68
544	64
545	91
546	75
547	91
548	76
549	78
550	69
551	72
552	62
553	80
554	74
555	59
556	83
557	62
558	91
559	69
560	75
561	82
562	69
563	72
564	67
565	78
566	72
567	49
568	69
569	75
570	75
571	76
572	79
573	78
574	70
575	69
576	81
577	75
578	77
579	89
580	93
581	96
582	69
583	77
584	74
585	97
586	81
587	74
588	77
589	78
590	80
591	78
592	98
593	80
594	96
595	89
596	90
597	88
598	80
599	80
600	97
601	103
602	103
603	86
604	85
605	90
606	92
607	87
608	101
609	86
610	95
611	114
612	93
613	79
614	94
615	93
616	91
617	108
618	91
619	99
620	92
621	95
622	99
623	105
624	95
625	101
626	69
627	103
628	86
629	100
630	84
631	92
632	90
633	107
634	85
635	101
636	110
637	112
638	100
639	104
640	105
641	81
642	90
643	122
644	106
645	99
646	101
647	109
648	100
649	114
650	92
651	100
652	109
653	121
654	96
655	106
656	98
657	97
658	94
659	99
660	117
661	102
662	107
663	103
664	103
665	110
666	98
667	98
668	101
669	112
670	113
671	113
672	87
673	96
674	113
675	100
676	100
677	109
678	116
679	97
680	124
681	105
682	123
683	116
684	120
685	131
686	116
687	117
688	111
689	116
690	120
691	108
692	95
693	118
694	103
695	108
696	117
697	137
698	126
699	129
700	133
701	107
702	135
703	111
704	102
705	104
706	107
707	116
708	112
709	122
710	127
711	133
712	102
713	103
714	135
715	128
716	117
717	101
718	125
719	116
720	109
721	133
722	136
723	119
724	132
725	111
726	118
727	112
728	129
729	146
730	103
731	135
732	135
733	117
734	118
735	125
736	116
737	141
738	120
739	131
740	122
741	148
742	128
743	127
744	133
745	140
746	142
747	121
748	142
749	121
750	123
751	134
752	122
753	121
754	113
755	112
756	117
757	119
758	133
759	131
760	128
761	142
762	138
763	145
764	157
765	159
766	178
767	219
768	205
769	228
770	250
771	290
772	309
773	322
774	303
775	293
776	268
777	262
778	243
779	213
780	187
781	190
782	155
783	149
784	138
785	120
786	129
787	140
788	113
789	138
790	139
791	135
792	157
793	144
794	145
795	147
796	130
797	116
798	150
799	130
800	136
801	141
802	116
803	113
804	141
805	119
806	125
807	119
808	130
809	145
810	160
811	140
812	143
813	138
814	140
815	131
816	148
817	142
818	137
819	128
820	140
821	122
822	143
823	120
824	132
825	122
826	138
827	137
828	143
829	140
830	146
831	129
832	143
833	130
834	146
835	153
836	117
837	122
838	132
839	133
840	131
841	133
842	142
843	157
844	144
845	137
846	144
847	153
848	132
849	173
850	154
851	159
852	167
853	166
854	168
855	171
856	150
857	187
858	158
859	184
860	174
861	189
862	180
863	201
864	216
865	220
866	220
867	194
868	193
869	240
870	195
871	177
872	176
873	200
874	215
875	202
876	241
877	244
878	266
879	242
880	258
881	273
882	282
883	284
884	326
885	338
886	383
887	366
888	381
889	418
890	409
891	480
892	475
893	439
894	500
895	543
896	502
897	502
898	496
899	521
900	513
901	525
902	524
903	499
904	532
905	508
906	473
907	463
908	453
909	471
910	418
911	396
912	348
913	388
914	365
915	317
916	362
917	322
918	277
919	281
920	252
921	255
922	228
923	245
924	219
925	204
926	194
927	185
928	193
929	200
930	170
931	174
932	158
933	170
934	151
935	162
936	151
937	152
938	181
939	180
940	160
941	163
942	175
943	196
944	213
945	244
946	290
947	299
948	310
949	316
950	321
951	383
952	412
953	397
954	439
955	441
956	412
957	355
958	354
959	325
960	291
961	260
962	242
963	199
964	200
965	165
966	135
967	130
968	120
969	145
970	129
971	102
972	133
973	113
974	131
975	101
976	125
977	114
978	115
979	113
980	144
981	110
982	122
983	112
984	120
985	137
986	153
987	147
988	123
989	174
990	133
991	147
992	161
993	158
994	150
995	162
996	164
997	157
998	140
999	163
1000	178
1001	159
1002	174
1003	175
1004	168
1005	163
1006	165
1007	168
1008	162
1009	166
1010	164
1011	153
1012	160
1013	142
1014	145
1015	140
1016	141
1017	141
1018	134
1019	147
1020	137
1021	131
1022	103
1023	94
1024	102
