Date:	08/05/2018		Time:	23:17		Version no:	0.00		Project name:	55		Sample name:	222		Section name:	section		Position	419.315033	mm	E0	0.000000	keV	E1	1.000000	keV/channel	sample surface	6.196300	cm	Tube anode:	Mo		Tube voltage:	30	kV	Tube current:	50	mA	gain	10		std. database			resultfile	result		matrix element	11		sample thickness	1.000000		air passage	0.560000	cm	comments	in position		peaking_time	2.200000	m-sec	trigger_threshold	547.363281	V	mca_bin_width	22.090000	no:	number_mca_channels	1024.000000	no:	gap_time	0.150000	m-sec	trigger_peaking_time	0.200000	m-sec	GAINDAC	18610		HIGHGAIN	1		TAURC	1		RCTAU	1		RCTAUFRAC	1		livetime	9.417906	seconds	runtime	10.000491	seconds	input_count_rate	25061.620914	cps	output_count_rate	20419.197009	cps	triggers	236028	seconds	events_in_run	204202	seconds	channel	content		1	0
2	0
3	0
4	0
5	0
6	0
7	0
8	0
9	0
10	0
11	0
12	0
13	0
14	0
15	0
16	0
17	0
18	0
19	0
20	0
21	0
22	0
23	0
24	0
25	0
26	0
27	0
28	0
29	0
30	0
31	10
32	18
33	14
34	17
35	12
36	19
37	19
38	19
39	18
40	14
41	23
42	12
43	14
44	9
45	20
46	11
47	7
48	11
49	18
50	12
51	13
52	12
53	13
54	16
55	11
56	6
57	12
58	10
59	13
60	14
61	5
62	13
63	13
64	11
65	8
66	11
67	13
68	7
69	14
70	6
71	9
72	7
73	10
74	8
75	4
76	8
77	6
78	9
79	5
80	9
81	15
82	20
83	13
84	10
85	16
86	8
87	3
88	5
89	5
90	5
91	4
92	4
93	17
94	15
95	20
96	22
97	21
98	14
99	15
100	13
101	7
102	15
103	8
104	7
105	6
106	9
107	11
108	11
109	10
110	6
111	4
112	9
113	8
114	6
115	6
116	4
117	10
118	4
119	8
120	7
121	2
122	2
123	6
124	5
125	5
126	5
127	3
128	8
129	3
130	6
131	2
132	2
133	6
134	5
135	3
136	7
137	6
138	4
139	5
140	3
141	4
142	7
143	4
144	1
145	6
146	3
147	7
148	2
149	2
150	7
151	3
152	5
153	3
154	4
155	7
156	4
157	10
158	8
159	18
160	11
161	26
162	32
163	31
164	23
165	22
166	20
167	10
168	8
169	3
170	5
171	7
172	3
173	1
174	8
175	4
176	6
177	7
178	10
179	11
180	26
181	34
182	28
183	28
184	20
185	15
186	8
187	10
188	8
189	6
190	6
191	3
192	2
193	9
194	8
195	15
196	30
197	58
198	100
199	165
200	228
201	322
202	336
203	398
204	332
205	303
206	243
207	149
208	75
209	45
210	30
211	21
212	8
213	14
214	11
215	18
216	24
217	31
218	48
219	55
220	64
221	83
222	60
223	52
224	33
225	22
226	22
227	12
228	9
229	8
230	6
231	2
232	6
233	8
234	3
235	4
236	3
237	8
238	10
239	10
240	17
241	30
242	35
243	74
244	94
245	124
246	170
247	178
248	210
249	195
250	138
251	113
252	86
253	66
254	59
255	38
256	45
257	46
258	33
259	16
260	15
261	9
262	12
263	16
264	17
265	26
266	23
267	22
268	37
269	37
270	54
271	50
272	53
273	51
274	35
275	31
276	26
277	17
278	18
279	12
280	6
281	12
282	12
283	18
284	12
285	11
286	15
287	9
288	10
289	14
290	24
291	17
292	15
293	23
294	21
295	18
296	24
297	15
298	14
299	18
300	21
301	17
302	17
303	7
304	10
305	15
306	14
307	16
308	15
309	13
310	12
311	13
312	14
313	20
314	14
315	15
316	39
317	49
318	61
319	92
320	137
321	170
322	180
323	212
324	206
325	219
326	152
327	130
328	87
329	70
330	59
331	50
332	41
333	25
334	34
335	31
336	32
337	41
338	40
339	55
340	122
341	186
342	422
343	693
344	1302
345	2078
346	3233
347	4502
348	5891
349	7142
350	8086
351	8217
352	7963
353	7072
354	5656
355	4133
356	2744
357	1876
358	1091
359	651
360	355
361	162
362	98
363	76
364	55
365	48
366	38
367	48
368	39
369	45
370	36
371	54
372	60
373	51
374	65
375	69
376	90
377	97
378	140
379	217
380	336
381	511
382	694
383	935
384	1130
385	1240
386	1384
387	1342
388	1295
389	1173
390	927
391	724
392	483
393	345
394	178
395	136
396	92
397	51
398	44
399	29
400	40
401	20
402	27
403	24
404	31
405	28
406	32
407	44
408	37
409	44
410	45
411	36
412	40
413	32
414	22
415	30
416	22
417	31
418	31
419	32
420	31
421	32
422	35
423	37
424	30
425	28
426	37
427	27
428	40
429	35
430	40
431	46
432	46
433	38
434	32
435	50
436	57
437	67
438	64
439	78
440	65
441	71
442	74
443	84
444	86
445	63
446	74
447	68
448	62
449	66
450	59
451	58
452	61
453	67
454	68
455	87
456	70
457	80
458	84
459	96
460	94
461	80
462	81
463	86
464	58
465	79
466	63
467	55
468	63
469	65
470	69
471	85
472	59
473	78
474	78
475	66
476	80
477	62
478	64
479	56
480	46
481	59
482	47
483	50
484	67
485	51
486	59
487	72
488	56
489	67
490	63
491	55
492	54
493	59
494	56
495	67
496	52
497	67
498	65
499	60
500	52
501	61
502	64
503	72
504	78
505	75
506	91
507	68
508	74
509	73
510	66
511	87
512	86
513	72
514	76
515	83
516	94
517	76
518	82
519	81
520	76
521	79
522	81
523	88
524	94
525	89
526	89
527	93
528	107
529	92
530	111
531	97
532	84
533	88
534	88
535	78
536	84
537	73
538	99
539	64
540	74
541	80
542	79
543	91
544	91
545	88
546	103
547	78
548	88
549	78
550	76
551	87
552	75
553	76
554	88
555	88
556	66
557	89
558	81
559	77
560	69
561	70
562	69
563	76
564	75
565	85
566	86
567	67
568	82
569	68
570	94
571	89
572	78
573	68
574	79
575	84
576	64
577	88
578	98
579	78
580	79
581	86
582	85
583	88
584	87
585	81
586	76
587	87
588	74
589	90
590	106
591	98
592	102
593	119
594	98
595	88
596	106
597	95
598	111
599	104
600	102
601	82
602	86
603	85
604	77
605	104
606	96
607	95
608	100
609	89
610	97
611	111
612	102
613	97
614	95
615	88
616	103
617	93
618	101
619	96
620	98
621	115
622	109
623	101
624	114
625	98
626	100
627	115
628	106
629	104
630	129
631	113
632	98
633	90
634	105
635	100
636	102
637	94
638	101
639	113
640	104
641	109
642	122
643	105
644	110
645	122
646	118
647	111
648	104
649	109
650	93
651	112
652	129
653	117
654	115
655	104
656	125
657	102
658	113
659	106
660	111
661	99
662	109
663	109
664	121
665	93
666	98
667	100
668	118
669	122
670	119
671	118
672	95
673	125
674	98
675	123
676	105
677	121
678	99
679	119
680	94
681	110
682	102
683	118
684	111
685	124
686	126
687	132
688	107
689	122
690	132
691	120
692	122
693	126
694	102
695	135
696	138
697	125
698	132
699	122
700	121
701	126
702	131
703	126
704	112
705	101
706	125
707	127
708	131
709	117
710	117
711	115
712	115
713	111
714	118
715	112
716	133
717	114
718	121
719	116
720	126
721	116
722	143
723	126
724	113
725	136
726	129
727	128
728	149
729	110
730	150
731	133
732	139
733	110
734	130
735	140
736	139
737	136
738	146
739	116
740	120
741	131
742	144
743	131
744	117
745	123
746	137
747	121
748	130
749	146
750	118
751	130
752	128
753	137
754	132
755	141
756	128
757	131
758	134
759	137
760	145
761	129
762	147
763	154
764	178
765	183
766	194
767	212
768	247
769	266
770	290
771	326
772	361
773	358
774	309
775	315
776	299
777	299
778	277
779	258
780	238
781	194
782	191
783	156
784	136
785	159
786	158
787	136
788	144
789	158
790	135
791	133
792	165
793	154
794	142
795	134
796	138
797	150
798	131
799	139
800	155
801	156
802	138
803	130
804	145
805	146
806	124
807	137
808	140
809	150
810	128
811	140
812	137
813	161
814	144
815	134
816	146
817	141
818	145
819	144
820	179
821	136
822	140
823	142
824	147
825	143
826	152
827	152
828	140
829	116
830	146
831	141
832	141
833	139
834	146
835	154
836	152
837	154
838	143
839	159
840	151
841	162
842	131
843	150
844	147
845	153
846	160
847	159
848	142
849	164
850	171
851	155
852	167
853	167
854	153
855	191
856	157
857	178
858	197
859	196
860	222
861	205
862	210
863	221
864	203
865	205
866	208
867	226
868	230
869	207
870	211
871	238
872	239
873	214
874	192
875	264
876	246
877	263
878	252
879	255
880	276
881	269
882	297
883	288
884	298
885	355
886	340
887	368
888	387
889	446
890	406
891	482
892	474
893	471
894	511
895	508
896	509
897	566
898	533
899	572
900	542
901	575
902	525
903	576
904	503
905	527
906	503
907	521
908	492
909	483
910	471
911	435
912	426
913	385
914	371
915	370
916	335
917	352
918	297
919	291
920	299
921	262
922	251
923	218
924	251
925	230
926	201
927	194
928	197
929	182
930	174
931	188
932	169
933	180
934	160
935	166
936	163
937	166
938	156
939	188
940	184
941	179
942	190
943	199
944	203
945	250
946	279
947	299
948	335
949	370
950	375
951	362
952	407
953	428
954	443
955	425
956	417
957	377
958	382
959	319
960	290
961	257
962	239
963	211
964	185
965	169
966	147
967	130
968	138
969	120
970	107
971	128
972	119
973	131
974	133
975	125
976	130
977	122
978	125
979	147
980	119
981	119
982	121
983	139
984	126
985	140
986	134
987	147
988	121
989	143
990	136
991	158
992	160
993	152
994	151
995	170
996	184
997	167
998	173
999	179
1000	166
1001	172
1002	188
1003	175
1004	191
1005	160
1006	161
1007	159
1008	171
1009	166
1010	167
1011	163
1012	163
1013	154
1014	149
1015	166
1016	153
1017	156
1018	149
1019	134
1020	137
1021	117
1022	122
1023	126
1024	118
