Date:	08/05/2018		Time:	21:47		Version no:	0.00		Project name:	55		Sample name:	222		Section name:	section		Position	324.515045	mm	E0	0.000000	keV	E1	1.000000	keV/channel	sample surface	6.201871	cm	Tube anode:	Mo		Tube voltage:	30	kV	Tube current:	50	mA	gain	10		std. database			resultfile	result		matrix element	11		sample thickness	1.000000		air passage	0.560000	cm	comments	in position		peaking_time	2.200000	m-sec	trigger_threshold	547.363281	V	mca_bin_width	22.090000	no:	number_mca_channels	1024.000000	no:	gap_time	0.150000	m-sec	trigger_peaking_time	0.200000	m-sec	GAINDAC	18610		HIGHGAIN	1		TAURC	1		RCTAU	1		RCTAUFRAC	1		livetime	9.436954	seconds	runtime	10.000490	seconds	input_count_rate	23538.316433	cps	output_count_rate	19289.054065	cps	triggers	222130	seconds	events_in_run	192900	seconds	channel	content		1	0
2	0
3	0
4	0
5	0
6	0
7	0
8	0
9	0
10	0
11	0
12	0
13	0
14	0
15	0
16	0
17	0
18	0
19	0
20	0
21	0
22	0
23	0
24	0
25	0
26	0
27	0
28	0
29	0
30	0
31	13
32	13
33	17
34	16
35	13
36	11
37	22
38	12
39	9
40	21
41	17
42	14
43	9
44	15
45	8
46	13
47	8
48	22
49	11
50	20
51	11
52	19
53	10
54	13
55	12
56	17
57	13
58	12
59	16
60	15
61	14
62	10
63	10
64	10
65	6
66	8
67	13
68	6
69	11
70	12
71	13
72	8
73	8
74	5
75	5
76	12
77	5
78	9
79	3
80	10
81	12
82	11
83	11
84	8
85	15
86	14
87	4
88	4
89	8
90	7
91	5
92	10
93	10
94	9
95	17
96	20
97	24
98	15
99	12
100	6
101	9
102	8
103	6
104	5
105	7
106	18
107	9
108	6
109	10
110	5
111	5
112	6
113	6
114	1
115	6
116	5
117	8
118	6
119	6
120	2
121	2
122	3
123	3
124	5
125	10
126	6
127	2
128	1
129	4
130	1
131	3
132	4
133	6
134	5
135	6
136	0
137	3
138	3
139	5
140	4
141	4
142	5
143	4
144	4
145	6
146	6
147	3
148	6
149	4
150	10
151	6
152	5
153	4
154	5
155	6
156	6
157	7
158	10
159	17
160	31
161	24
162	28
163	36
164	30
165	22
166	25
167	14
168	4
169	7
170	2
171	3
172	4
173	7
174	7
175	7
176	6
177	12
178	8
179	13
180	22
181	20
182	27
183	26
184	27
185	28
186	13
187	7
188	6
189	6
190	7
191	9
192	6
193	5
194	12
195	9
196	34
197	45
198	112
199	165
200	279
201	316
202	360
203	403
204	400
205	327
206	230
207	170
208	93
209	40
210	33
211	14
212	6
213	8
214	9
215	22
216	22
217	32
218	49
219	64
220	64
221	63
222	63
223	60
224	43
225	22
226	18
227	12
228	10
229	4
230	5
231	3
232	10
233	3
234	6
235	2
236	7
237	6
238	4
239	15
240	20
241	31
242	62
243	79
244	151
245	172
246	232
247	222
248	248
249	240
250	216
251	175
252	121
253	100
254	58
255	51
256	51
257	21
258	24
259	13
260	11
261	18
262	10
263	15
264	25
265	19
266	28
267	29
268	53
269	54
270	58
271	66
272	41
273	44
274	34
275	31
276	32
277	10
278	23
279	8
280	11
281	9
282	6
283	16
284	12
285	10
286	6
287	9
288	12
289	15
290	14
291	21
292	16
293	18
294	9
295	29
296	21
297	22
298	21
299	18
300	15
301	13
302	14
303	6
304	15
305	15
306	9
307	17
308	5
309	7
310	18
311	6
312	11
313	15
314	20
315	18
316	21
317	21
318	44
319	49
320	63
321	90
322	106
323	109
324	86
325	93
326	79
327	55
328	45
329	40
330	33
331	32
332	28
333	33
334	32
335	36
336	32
337	34
338	37
339	67
340	115
341	175
342	344
343	620
344	1100
345	1784
346	2799
347	3889
348	5076
349	6140
350	6891
351	7212
352	6925
353	5927
354	4892
355	3678
356	2475
357	1618
358	1015
359	530
360	262
361	163
362	73
363	50
364	34
365	44
366	46
367	29
368	42
369	40
370	37
371	44
372	41
373	39
374	56
375	62
376	75
377	101
378	169
379	188
380	277
381	421
382	555
383	741
384	976
385	1075
386	1224
387	1164
388	1107
389	1006
390	825
391	626
392	415
393	265
394	192
395	121
396	75
397	51
398	25
399	42
400	25
401	30
402	33
403	29
404	28
405	37
406	46
407	45
408	35
409	44
410	48
411	44
412	40
413	35
414	37
415	28
416	29
417	34
418	34
419	35
420	24
421	33
422	40
423	33
424	33
425	33
426	32
427	20
428	34
429	37
430	33
431	18
432	31
433	42
434	29
435	47
436	53
437	63
438	66
439	55
440	63
441	58
442	68
443	70
444	63
445	69
446	66
447	61
448	60
449	49
450	61
451	47
452	53
453	60
454	75
455	60
456	86
457	67
458	92
459	79
460	68
461	74
462	61
463	65
464	59
465	56
466	57
467	60
468	54
469	58
470	66
471	87
472	79
473	73
474	69
475	65
476	72
477	71
478	58
479	46
480	59
481	64
482	64
483	54
484	57
485	59
486	51
487	49
488	50
489	52
490	62
491	63
492	48
493	64
494	44
495	60
496	60
497	64
498	54
499	48
500	70
501	55
502	78
503	59
504	51
505	70
506	55
507	78
508	75
509	71
510	80
511	93
512	81
513	93
514	81
515	75
516	88
517	80
518	88
519	76
520	95
521	87
522	94
523	76
524	77
525	82
526	93
527	97
528	96
529	114
530	96
531	92
532	88
533	96
534	98
535	93
536	96
537	86
538	75
539	74
540	85
541	86
542	74
543	72
544	100
545	86
546	88
547	84
548	84
549	92
550	99
551	79
552	85
553	92
554	92
555	70
556	74
557	77
558	73
559	74
560	80
561	88
562	67
563	92
564	87
565	87
566	81
567	86
568	92
569	74
570	87
571	69
572	78
573	79
574	76
575	66
576	69
577	76
578	76
579	100
580	73
581	91
582	77
583	91
584	80
585	87
586	85
587	86
588	84
589	85
590	92
591	97
592	104
593	96
594	82
595	96
596	97
597	81
598	88
599	83
600	102
601	99
602	86
603	99
604	91
605	74
606	88
607	93
608	99
609	101
610	91
611	84
612	108
613	92
614	105
615	109
616	127
617	106
618	105
619	98
620	104
621	112
622	87
623	88
624	97
625	86
626	101
627	102
628	121
629	102
630	109
631	88
632	91
633	86
634	111
635	98
636	90
637	107
638	101
639	85
640	122
641	115
642	119
643	100
644	96
645	107
646	101
647	107
648	115
649	134
650	123
651	103
652	100
653	124
654	136
655	98
656	112
657	122
658	118
659	112
660	97
661	93
662	104
663	108
664	110
665	104
666	127
667	111
668	107
669	111
670	112
671	132
672	108
673	114
674	129
675	103
676	90
677	116
678	97
679	121
680	99
681	125
682	107
683	111
684	98
685	93
686	109
687	106
688	131
689	132
690	103
691	106
692	114
693	149
694	115
695	140
696	114
697	126
698	120
699	123
700	135
701	136
702	110
703	133
704	132
705	131
706	129
707	133
708	124
709	118
710	124
711	125
712	129
713	129
714	118
715	117
716	121
717	129
718	124
719	120
720	140
721	139
722	128
723	158
724	126
725	145
726	123
727	132
728	140
729	150
730	126
731	146
732	123
733	126
734	115
735	130
736	129
737	132
738	132
739	131
740	131
741	109
742	121
743	125
744	119
745	129
746	111
747	132
748	148
749	133
750	149
751	142
752	156
753	139
754	130
755	137
756	146
757	115
758	150
759	138
760	148
761	153
762	157
763	165
764	160
765	178
766	202
767	201
768	232
769	232
770	253
771	277
772	274
773	296
774	272
775	233
776	286
777	271
778	257
779	230
780	200
781	160
782	181
783	181
784	165
785	155
786	143
787	142
788	160
789	131
790	133
791	137
792	136
793	149
794	138
795	109
796	150
797	158
798	146
799	167
800	133
801	141
802	144
803	132
804	161
805	114
806	129
807	136
808	157
809	143
810	123
811	152
812	148
813	170
814	176
815	145
816	163
817	156
818	161
819	138
820	159
821	135
822	126
823	153
824	146
825	135
826	132
827	145
828	177
829	149
830	142
831	148
832	163
833	168
834	141
835	155
836	174
837	155
838	149
839	161
840	176
841	145
842	152
843	166
844	164
845	164
846	154
847	155
848	157
849	145
850	161
851	171
852	156
853	170
854	157
855	195
856	178
857	185
858	218
859	205
860	212
861	223
862	220
863	212
864	215
865	231
866	231
867	212
868	189
869	217
870	191
871	236
872	209
873	254
874	210
875	258
876	249
877	284
878	270
879	240
880	262
881	268
882	302
883	335
884	353
885	372
886	349
887	380
888	393
889	412
890	459
891	437
892	452
893	531
894	480
895	546
896	543
897	524
898	571
899	609
900	576
901	580
902	613
903	559
904	544
905	547
906	544
907	519
908	500
909	485
910	470
911	437
912	410
913	431
914	373
915	378
916	351
917	310
918	315
919	300
920	320
921	286
922	251
923	270
924	230
925	232
926	220
927	226
928	202
929	177
930	183
931	172
932	177
933	160
934	199
935	176
936	159
937	164
938	144
939	169
940	179
941	190
942	205
943	196
944	228
945	259
946	292
947	289
948	344
949	382
950	374
951	383
952	417
953	399
954	439
955	438
956	382
957	373
958	373
959	352
960	306
961	269
962	242
963	210
964	188
965	179
966	151
967	156
968	127
969	124
970	134
971	108
972	149
973	142
974	118
975	127
976	144
977	124
978	132
979	127
980	150
981	146
982	130
983	151
984	121
985	132
986	155
987	166
988	143
989	153
990	156
991	161
992	150
993	158
994	149
995	165
996	168
997	183
998	181
999	164
1000	169
1001	190
1002	163
1003	194
1004	178
1005	153
1006	181
1007	161
1008	170
1009	181
1010	181
1011	183
1012	162
1013	180
1014	192
1015	163
1016	153
1017	154
1018	141
1019	122
1020	152
1021	155
1022	141
1023	113
1024	123
