Date:	08/05/2018		Time:	20:33		Version no:	0.00		Project name:	55		Sample name:	222		Section name:	section		Position	246.915024	mm	E0	0.000000	keV	E1	1.000000	keV/channel	sample surface	5.946102	cm	Tube anode:	Mo		Tube voltage:	30	kV	Tube current:	50	mA	gain	10		std. database			resultfile	result		matrix element	11		sample thickness	1.000000		air passage	0.560000	cm	comments	in position		peaking_time	2.200000	m-sec	trigger_threshold	547.363281	V	mca_bin_width	22.090000	no:	number_mca_channels	1024.000000	no:	gap_time	0.150000	m-sec	trigger_peaking_time	0.200000	m-sec	GAINDAC	18610		HIGHGAIN	1		TAURC	1		RCTAU	1		RCTAUFRAC	1		livetime	9.478490	seconds	runtime	10.000186	seconds	input_count_rate	21428.939781	cps	output_count_rate	17852.067237	cps	triggers	203114	seconds	events_in_run	178524	seconds	channel	content		1	0
2	0
3	0
4	0
5	0
6	0
7	0
8	0
9	0
10	0
11	0
12	0
13	0
14	0
15	0
16	0
17	0
18	0
19	0
20	0
21	0
22	0
23	0
24	0
25	0
26	0
27	0
28	0
29	0
30	0
31	13
32	13
33	23
34	17
35	13
36	12
37	9
38	21
39	13
40	21
41	16
42	17
43	11
44	17
45	20
46	16
47	15
48	19
49	12
50	16
51	11
52	12
53	8
54	13
55	10
56	15
57	11
58	8
59	9
60	16
61	12
62	9
63	10
64	7
65	8
66	8
67	12
68	15
69	6
70	5
71	8
72	13
73	13
74	14
75	9
76	3
77	8
78	10
79	11
80	7
81	8
82	14
83	10
84	9
85	9
86	9
87	5
88	2
89	11
90	4
91	4
92	13
93	10
94	13
95	22
96	11
97	7
98	12
99	12
100	10
101	7
102	2
103	12
104	3
105	9
106	5
107	9
108	8
109	10
110	4
111	5
112	4
113	4
114	1
115	5
116	3
117	4
118	1
119	5
120	4
121	5
122	5
123	8
124	2
125	5
126	2
127	3
128	3
129	4
130	2
131	0
132	6
133	1
134	2
135	4
136	6
137	2
138	4
139	6
140	3
141	7
142	2
143	2
144	4
145	2
146	2
147	5
148	1
149	5
150	4
151	4
152	3
153	2
154	5
155	6
156	8
157	4
158	16
159	13
160	21
161	25
162	41
163	25
164	25
165	30
166	17
167	15
168	4
169	3
170	4
171	9
172	9
173	3
174	5
175	6
176	7
177	9
178	13
179	15
180	17
181	15
182	14
183	16
184	21
185	15
186	10
187	5
188	3
189	4
190	3
191	2
192	3
193	5
194	9
195	11
196	24
197	47
198	76
199	106
200	171
201	207
202	258
203	254
204	259
205	220
206	190
207	130
208	59
209	40
210	21
211	15
212	5
213	1
214	7
215	15
216	22
217	21
218	29
219	47
220	53
221	62
222	36
223	38
224	37
225	19
226	17
227	5
228	8
229	6
230	3
231	4
232	3
233	4
234	5
235	12
236	4
237	2
238	5
239	4
240	16
241	19
242	34
243	44
244	63
245	88
246	131
247	130
248	149
249	104
250	124
251	69
252	77
253	60
254	50
255	46
256	28
257	21
258	20
259	15
260	16
261	19
262	7
263	5
264	15
265	21
266	15
267	14
268	23
269	35
270	41
271	44
272	30
273	45
274	26
275	21
276	17
277	12
278	5
279	11
280	10
281	5
282	6
283	6
284	5
285	4
286	11
287	12
288	16
289	15
290	11
291	15
292	23
293	14
294	14
295	14
296	20
297	18
298	13
299	28
300	18
301	9
302	11
303	15
304	8
305	14
306	16
307	10
308	12
309	10
310	10
311	5
312	8
313	13
314	16
315	20
316	29
317	28
318	30
319	67
320	97
321	94
322	125
323	128
324	131
325	107
326	125
327	85
328	63
329	56
330	30
331	24
332	22
333	27
334	26
335	18
336	24
337	33
338	37
339	62
340	98
341	147
342	313
343	603
344	1010
345	1536
346	2380
347	3542
348	4527
349	5454
350	6226
351	6385
352	6174
353	5574
354	4385
355	3157
356	2279
357	1544
358	847
359	484
360	265
361	136
362	82
363	47
364	42
365	37
366	40
367	29
368	32
369	28
370	40
371	45
372	43
373	43
374	50
375	39
376	62
377	96
378	124
379	162
380	255
381	402
382	503
383	725
384	825
385	943
386	1063
387	1063
388	1030
389	899
390	730
391	553
392	417
393	278
394	186
395	91
396	62
397	47
398	43
399	29
400	23
401	27
402	20
403	26
404	27
405	22
406	33
407	35
408	37
409	30
410	36
411	40
412	34
413	29
414	34
415	26
416	23
417	30
418	37
419	27
420	28
421	32
422	29
423	17
424	45
425	31
426	25
427	34
428	35
429	31
430	32
431	43
432	49
433	26
434	49
435	48
436	52
437	60
438	55
439	51
440	67
441	51
442	74
443	63
444	57
445	58
446	58
447	55
448	75
449	60
450	60
451	70
452	55
453	53
454	54
455	65
456	72
457	69
458	76
459	68
460	72
461	76
462	57
463	61
464	58
465	57
466	62
467	48
468	48
469	62
470	50
471	54
472	77
473	49
474	63
475	57
476	63
477	51
478	45
479	43
480	42
481	47
482	45
483	53
484	61
485	53
486	53
487	49
488	55
489	61
490	64
491	53
492	52
493	46
494	69
495	49
496	45
497	50
498	60
499	62
500	57
501	76
502	43
503	75
504	73
505	60
506	64
507	59
508	69
509	71
510	75
511	59
512	74
513	76
514	65
515	86
516	74
517	78
518	87
519	84
520	78
521	87
522	80
523	83
524	93
525	71
526	84
527	91
528	106
529	98
530	100
531	98
532	88
533	81
534	78
535	69
536	64
537	84
538	81
539	91
540	70
541	82
542	82
543	88
544	79
545	85
546	85
547	76
548	79
549	107
550	60
551	90
552	74
553	69
554	78
555	58
556	68
557	53
558	69
559	71
560	59
561	74
562	76
563	73
564	75
565	60
566	74
567	78
568	70
569	95
570	74
571	82
572	79
573	92
574	67
575	72
576	99
577	88
578	60
579	85
580	76
581	91
582	87
583	90
584	81
585	76
586	82
587	84
588	80
589	78
590	82
591	84
592	98
593	73
594	98
595	73
596	111
597	94
598	87
599	90
600	79
601	82
602	90
603	82
604	56
605	88
606	100
607	83
608	90
609	104
610	95
611	96
612	85
613	94
614	84
615	90
616	91
617	102
618	111
619	100
620	76
621	97
622	71
623	89
624	106
625	89
626	80
627	90
628	96
629	94
630	97
631	84
632	95
633	89
634	93
635	112
636	99
637	99
638	86
639	98
640	108
641	107
642	93
643	99
644	104
645	97
646	112
647	100
648	100
649	98
650	99
651	97
652	92
653	99
654	79
655	114
656	108
657	117
658	103
659	109
660	110
661	121
662	105
663	91
664	91
665	99
666	108
667	86
668	119
669	94
670	111
671	103
672	114
673	115
674	103
675	84
676	104
677	107
678	117
679	99
680	113
681	119
682	118
683	115
684	111
685	111
686	106
687	116
688	116
689	124
690	98
691	119
692	119
693	114
694	103
695	119
696	100
697	118
698	107
699	114
700	118
701	122
702	133
703	109
704	116
705	108
706	109
707	118
708	114
709	127
710	131
711	104
712	113
713	129
714	139
715	129
716	114
717	127
718	131
719	130
720	111
721	101
722	127
723	112
724	152
725	115
726	110
727	137
728	121
729	110
730	120
731	124
732	146
733	102
734	132
735	111
736	118
737	111
738	116
739	134
740	119
741	115
742	127
743	118
744	116
745	113
746	128
747	112
748	141
749	137
750	124
751	99
752	151
753	135
754	138
755	138
756	122
757	128
758	143
759	127
760	115
761	130
762	144
763	145
764	144
765	177
766	176
767	222
768	191
769	260
770	264
771	295
772	276
773	299
774	313
775	281
776	304
777	270
778	255
779	206
780	209
781	159
782	176
783	159
784	163
785	146
786	135
787	145
788	119
789	133
790	123
791	127
792	146
793	127
794	141
795	130
796	133
797	145
798	123
799	118
800	140
801	143
802	145
803	122
804	132
805	122
806	121
807	159
808	126
809	118
810	138
811	143
812	144
813	136
814	132
815	135
816	131
817	138
818	142
819	148
820	126
821	150
822	132
823	143
824	122
825	133
826	150
827	133
828	144
829	154
830	161
831	143
832	138
833	140
834	130
835	139
836	141
837	132
838	143
839	143
840	140
841	154
842	152
843	133
844	143
845	137
846	151
847	170
848	144
849	140
850	149
851	157
852	153
853	165
854	156
855	153
856	167
857	171
858	186
859	177
860	186
861	194
862	198
863	204
864	201
865	222
866	218
867	207
868	201
869	221
870	208
871	242
872	211
873	209
874	225
875	212
876	213
877	203
878	249
879	239
880	284
881	254
882	283
883	297
884	355
885	347
886	360
887	362
888	393
889	392
890	375
891	437
892	440
893	477
894	509
895	508
896	519
897	523
898	529
899	530
900	587
901	541
902	555
903	518
904	494
905	501
906	530
907	491
908	488
909	473
910	484
911	413
912	427
913	375
914	374
915	394
916	360
917	356
918	278
919	283
920	289
921	248
922	243
923	224
924	224
925	219
926	205
927	171
928	168
929	177
930	193
931	190
932	166
933	189
934	166
935	159
936	163
937	145
938	174
939	176
940	167
941	209
942	157
943	217
944	211
945	232
946	264
947	298
948	330
949	375
950	371
951	405
952	417
953	420
954	437
955	435
956	422
957	386
958	337
959	325
960	309
961	269
962	235
963	201
964	184
965	190
966	145
967	151
968	135
969	142
970	134
971	143
972	116
973	111
974	124
975	123
976	126
977	138
978	131
979	139
980	134
981	135
982	134
983	141
984	160
985	149
986	113
987	162
988	174
989	151
990	144
991	172
992	173
993	162
994	148
995	153
996	157
997	181
998	161
999	183
1000	170
1001	172
1002	179
1003	176
1004	177
1005	192
1006	194
1007	158
1008	185
1009	160
1010	136
1011	167
1012	160
1013	165
1014	155
1015	158
1016	137
1017	128
1018	134
1019	131
1020	134
1021	105
1022	136
1023	121
1024	104
