Date:	08/05/2018		Time:	23:21		Version no:	0.00		Project name:	55		Sample name:	222		Section name:	section		Position	422.715027	mm	E0	0.000000	keV	E1	1.000000	keV/channel	sample surface	6.216317	cm	Tube anode:	Mo		Tube voltage:	30	kV	Tube current:	50	mA	gain	10		std. database			resultfile	result		matrix element	11		sample thickness	1.000000		air passage	0.560000	cm	comments	in position		peaking_time	2.200000	m-sec	trigger_threshold	547.363281	V	mca_bin_width	22.090000	no:	number_mca_channels	1024.000000	no:	gap_time	0.150000	m-sec	trigger_peaking_time	0.200000	m-sec	GAINDAC	18610		HIGHGAIN	1		TAURC	1		RCTAU	1		RCTAUFRAC	1		livetime	9.415606	seconds	runtime	10.000189	seconds	input_count_rate	24822.620013	cps	output_count_rate	20221.318222	cps	triggers	233720	seconds	events_in_run	202217	seconds	channel	content		1	0
2	0
3	0
4	0
5	0
6	0
7	0
8	0
9	0
10	0
11	0
12	0
13	0
14	0
15	0
16	0
17	0
18	0
19	0
20	0
21	0
22	0
23	0
24	0
25	0
26	0
27	0
28	0
29	0
30	0
31	16
32	19
33	13
34	8
35	12
36	14
37	18
38	17
39	14
40	12
41	10
42	15
43	17
44	15
45	7
46	16
47	17
48	17
49	17
50	14
51	13
52	14
53	15
54	4
55	8
56	13
57	8
58	12
59	8
60	12
61	8
62	15
63	6
64	13
65	11
66	12
67	14
68	11
69	4
70	6
71	8
72	8
73	6
74	8
75	8
76	7
77	9
78	5
79	13
80	6
81	6
82	13
83	4
84	14
85	14
86	9
87	8
88	5
89	8
90	6
91	6
92	7
93	9
94	16
95	29
96	21
97	17
98	21
99	14
100	11
101	9
102	4
103	8
104	5
105	6
106	11
107	11
108	7
109	8
110	13
111	8
112	5
113	7
114	7
115	5
116	5
117	2
118	3
119	8
120	3
121	4
122	4
123	5
124	2
125	3
126	5
127	5
128	5
129	5
130	1
131	3
132	2
133	2
134	4
135	4
136	1
137	3
138	6
139	3
140	2
141	2
142	4
143	3
144	1
145	5
146	5
147	1
148	7
149	6
150	3
151	4
152	3
153	1
154	4
155	8
156	4
157	4
158	7
159	14
160	19
161	15
162	19
163	26
164	32
165	17
166	16
167	8
168	9
169	7
170	6
171	6
172	1
173	3
174	6
175	7
176	6
177	8
178	13
179	15
180	22
181	24
182	27
183	24
184	17
185	22
186	10
187	7
188	7
189	1
190	3
191	2
192	3
193	5
194	9
195	13
196	27
197	51
198	90
199	152
200	219
201	322
202	358
203	434
204	406
205	295
206	254
207	145
208	80
209	58
210	20
211	17
212	9
213	8
214	11
215	29
216	25
217	33
218	46
219	66
220	61
221	50
222	64
223	62
224	35
225	34
226	17
227	16
228	9
229	9
230	5
231	4
232	6
233	2
234	3
235	3
236	12
237	7
238	10
239	7
240	19
241	20
242	28
243	59
244	78
245	108
246	159
247	169
248	196
249	170
250	146
251	112
252	92
253	65
254	59
255	45
256	47
257	35
258	30
259	23
260	15
261	15
262	20
263	20
264	21
265	13
266	18
267	18
268	41
269	36
270	41
271	40
272	50
273	40
274	45
275	33
276	25
277	13
278	5
279	17
280	7
281	10
282	12
283	10
284	12
285	13
286	11
287	14
288	10
289	13
290	26
291	15
292	17
293	24
294	26
295	15
296	20
297	18
298	18
299	12
300	12
301	24
302	18
303	13
304	15
305	10
306	13
307	13
308	13
309	11
310	15
311	13
312	14
313	16
314	15
315	22
316	18
317	35
318	57
319	78
320	127
321	140
322	150
323	178
324	182
325	153
326	143
327	100
328	82
329	70
330	38
331	33
332	31
333	39
334	21
335	42
336	42
337	47
338	53
339	81
340	106
341	207
342	385
343	712
344	1276
345	2030
346	3135
347	4444
348	5814
349	7108
350	7955
351	8155
352	7856
353	6850
354	5432
355	4068
356	2869
357	1914
358	1120
359	604
360	300
361	169
362	116
363	88
364	50
365	37
366	44
367	38
368	44
369	48
370	49
371	57
372	48
373	44
374	57
375	70
376	78
377	94
378	162
379	233
380	344
381	471
382	626
383	832
384	1041
385	1226
386	1323
387	1346
388	1221
389	1130
390	910
391	707
392	446
393	324
394	194
395	128
396	79
397	49
398	39
399	26
400	36
401	37
402	30
403	41
404	40
405	34
406	42
407	35
408	25
409	35
410	51
411	42
412	30
413	38
414	40
415	41
416	43
417	25
418	29
419	28
420	30
421	29
422	40
423	31
424	35
425	29
426	33
427	35
428	48
429	37
430	29
431	31
432	45
433	37
434	40
435	40
436	54
437	64
438	66
439	63
440	75
441	60
442	66
443	72
444	69
445	71
446	61
447	70
448	66
449	66
450	71
451	57
452	80
453	73
454	61
455	76
456	72
457	93
458	83
459	90
460	83
461	79
462	82
463	70
464	71
465	71
466	70
467	62
468	57
469	52
470	53
471	68
472	72
473	68
474	67
475	67
476	83
477	80
478	47
479	63
480	47
481	62
482	54
483	50
484	63
485	57
486	47
487	59
488	55
489	68
490	55
491	64
492	59
493	61
494	60
495	49
496	67
497	59
498	64
499	75
500	65
501	68
502	68
503	83
504	61
505	85
506	64
507	95
508	76
509	84
510	91
511	83
512	76
513	99
514	72
515	76
516	75
517	85
518	84
519	114
520	78
521	89
522	75
523	88
524	91
525	95
526	112
527	96
528	80
529	123
530	87
531	95
532	94
533	120
534	96
535	95
536	111
537	90
538	64
539	69
540	66
541	76
542	70
543	99
544	82
545	70
546	80
547	85
548	77
549	75
550	72
551	83
552	78
553	66
554	87
555	68
556	76
557	77
558	73
559	80
560	85
561	73
562	91
563	85
564	79
565	84
566	75
567	98
568	92
569	101
570	68
571	77
572	75
573	77
574	69
575	88
576	83
577	83
578	70
579	69
580	86
581	84
582	87
583	90
584	90
585	96
586	86
587	94
588	77
589	79
590	84
591	88
592	80
593	96
594	112
595	106
596	90
597	87
598	85
599	94
600	104
601	73
602	86
603	91
604	107
605	91
606	87
607	104
608	91
609	94
610	89
611	94
612	91
613	91
614	103
615	95
616	90
617	96
618	110
619	94
620	97
621	101
622	110
623	88
624	93
625	87
626	111
627	119
628	109
629	119
630	128
631	100
632	92
633	103
634	98
635	99
636	91
637	101
638	110
639	107
640	101
641	96
642	93
643	110
644	91
645	117
646	110
647	109
648	94
649	111
650	105
651	97
652	131
653	86
654	99
655	111
656	110
657	96
658	117
659	122
660	116
661	123
662	116
663	95
664	123
665	130
666	111
667	129
668	110
669	112
670	106
671	101
672	131
673	111
674	105
675	113
676	95
677	115
678	114
679	125
680	116
681	110
682	102
683	125
684	125
685	121
686	110
687	104
688	104
689	113
690	114
691	117
692	124
693	121
694	118
695	153
696	111
697	122
698	139
699	132
700	127
701	145
702	146
703	135
704	129
705	142
706	123
707	134
708	121
709	113
710	131
711	125
712	94
713	117
714	121
715	133
716	126
717	121
718	130
719	126
720	109
721	108
722	106
723	135
724	145
725	111
726	113
727	149
728	135
729	111
730	130
731	129
732	129
733	130
734	138
735	126
736	133
737	121
738	144
739	147
740	138
741	155
742	131
743	121
744	117
745	139
746	131
747	144
748	135
749	126
750	172
751	106
752	115
753	111
754	125
755	140
756	128
757	129
758	132
759	132
760	142
761	137
762	160
763	140
764	153
765	199
766	202
767	233
768	217
769	259
770	259
771	258
772	296
773	331
774	302
775	303
776	309
777	289
778	257
779	211
780	222
781	192
782	167
783	172
784	162
785	157
786	153
787	162
788	136
789	146
790	143
791	141
792	118
793	136
794	102
795	134
796	148
797	133
798	136
799	127
800	117
801	144
802	137
803	137
804	155
805	141
806	154
807	118
808	135
809	134
810	140
811	148
812	154
813	166
814	112
815	142
816	160
817	140
818	159
819	137
820	138
821	150
822	154
823	139
824	134
825	132
826	160
827	131
828	155
829	137
830	149
831	141
832	159
833	133
834	145
835	151
836	141
837	148
838	134
839	157
840	124
841	159
842	174
843	134
844	130
845	134
846	157
847	150
848	159
849	135
850	167
851	164
852	168
853	144
854	173
855	170
856	170
857	194
858	223
859	181
860	181
861	226
862	191
863	208
864	190
865	225
866	236
867	244
868	233
869	229
870	215
871	211
872	201
873	199
874	243
875	224
876	243
877	256
878	224
879	267
880	285
881	236
882	276
883	309
884	342
885	327
886	335
887	383
888	438
889	432
890	469
891	469
892	447
893	449
894	519
895	485
896	509
897	558
898	557
899	553
900	572
901	521
902	574
903	531
904	567
905	514
906	534
907	497
908	505
909	487
910	470
911	438
912	439
913	400
914	383
915	362
916	371
917	315
918	319
919	315
920	264
921	260
922	236
923	259
924	260
925	205
926	225
927	226
928	213
929	180
930	172
931	178
932	164
933	143
934	180
935	158
936	171
937	160
938	174
939	147
940	174
941	166
942	164
943	239
944	199
945	227
946	298
947	300
948	311
949	331
950	402
951	423
952	409
953	424
954	404
955	440
956	378
957	361
958	365
959	344
960	287
961	255
962	228
963	229
964	193
965	167
966	162
967	129
968	133
969	132
970	142
971	143
972	135
973	111
974	113
975	126
976	144
977	114
978	121
979	112
980	133
981	131
982	135
983	154
984	131
985	153
986	132
987	128
988	124
989	159
990	149
991	122
992	174
993	144
994	140
995	159
996	187
997	203
998	179
999	173
1000	169
1001	172
1002	177
1003	174
1004	189
1005	164
1006	169
1007	161
1008	161
1009	167
1010	169
1011	168
1012	172
1013	178
1014	152
1015	150
1016	158
1017	143
1018	148
1019	153
1020	130
1021	130
1022	110
1023	111
1024	121
