Date:	08/05/2018		Time:	21:09		Version no:	0.00		Project name:	55		Sample name:	222		Section name:	section		Position	284.715027	mm	E0	0.000000	keV	E1	1.000000	keV/channel	sample surface	5.948402	cm	Tube anode:	Mo		Tube voltage:	30	kV	Tube current:	50	mA	gain	10		std. database			resultfile	result		matrix element	11		sample thickness	1.000000		air passage	0.560000	cm	comments	in position		peaking_time	2.200000	m-sec	trigger_threshold	547.363281	V	mca_bin_width	22.090000	no:	number_mca_channels	1024.000000	no:	gap_time	0.150000	m-sec	trigger_peaking_time	0.200000	m-sec	GAINDAC	18610		HIGHGAIN	1		TAURC	1		RCTAU	1		RCTAUFRAC	1		livetime	9.432007	seconds	runtime	10.000490	seconds	input_count_rate	24583.844677	cps	output_count_rate	20094.414570	cps	triggers	231875	seconds	events_in_run	200954	seconds	channel	content		1	0
2	0
3	0
4	0
5	0
6	0
7	0
8	0
9	0
10	0
11	0
12	0
13	0
14	0
15	0
16	0
17	0
18	0
19	0
20	0
21	0
22	0
23	0
24	0
25	0
26	0
27	0
28	0
29	0
30	0
31	13
32	13
33	11
34	16
35	15
36	15
37	13
38	15
39	11
40	13
41	12
42	15
43	14
44	11
45	19
46	18
47	13
48	18
49	16
50	7
51	8
52	13
53	14
54	17
55	14
56	11
57	9
58	12
59	9
60	5
61	12
62	12
63	9
64	12
65	7
66	7
67	8
68	7
69	8
70	14
71	8
72	6
73	4
74	10
75	10
76	9
77	12
78	7
79	16
80	9
81	9
82	9
83	12
84	7
85	5
86	7
87	2
88	5
89	6
90	3
91	9
92	5
93	12
94	3
95	15
96	15
97	15
98	18
99	10
100	4
101	9
102	7
103	5
104	6
105	9
106	9
107	7
108	6
109	6
110	6
111	8
112	7
113	6
114	7
115	2
116	4
117	5
118	7
119	2
120	6
121	5
122	8
123	6
124	6
125	4
126	2
127	4
128	1
129	5
130	4
131	1
132	3
133	5
134	1
135	6
136	4
137	6
138	1
139	4
140	3
141	4
142	8
143	3
144	6
145	3
146	5
147	6
148	2
149	8
150	5
151	5
152	5
153	3
154	5
155	7
156	5
157	7
158	8
159	14
160	17
161	26
162	18
163	32
164	19
165	21
166	20
167	14
168	12
169	8
170	5
171	6
172	8
173	7
174	3
175	3
176	5
177	10
178	8
179	12
180	17
181	15
182	20
183	32
184	9
185	13
186	12
187	7
188	4
189	6
190	5
191	2
192	4
193	5
194	3
195	5
196	19
197	37
198	76
199	104
200	135
201	183
202	228
203	247
204	257
205	190
206	151
207	91
208	68
209	37
210	13
211	6
212	5
213	8
214	10
215	12
216	17
217	32
218	31
219	32
220	42
221	45
222	43
223	39
224	16
225	23
226	14
227	9
228	11
229	8
230	5
231	5
232	5
233	4
234	1
235	5
236	5
237	6
238	2
239	4
240	11
241	16
242	37
243	80
244	88
245	110
246	154
247	149
248	168
249	153
250	117
251	104
252	88
253	78
254	54
255	40
256	46
257	24
258	32
259	17
260	22
261	17
262	12
263	13
264	16
265	14
266	19
267	31
268	30
269	36
270	46
271	47
272	51
273	41
274	36
275	20
276	21
277	16
278	8
279	6
280	10
281	10
282	11
283	7
284	11
285	10
286	12
287	11
288	12
289	9
290	19
291	19
292	18
293	20
294	10
295	17
296	17
297	22
298	18
299	17
300	18
301	21
302	9
303	13
304	12
305	12
306	9
307	13
308	15
309	13
310	6
311	14
312	16
313	11
314	21
315	36
316	31
317	55
318	74
319	101
320	151
321	182
322	229
323	256
324	276
325	230
326	180
327	157
328	116
329	92
330	56
331	43
332	36
333	36
334	34
335	23
336	42
337	37
338	52
339	64
340	107
341	215
342	402
343	715
344	1283
345	2070
346	3351
347	4820
348	6096
349	7463
350	8485
351	8757
352	8234
353	7343
354	5828
355	4499
356	3085
357	2080
358	1235
359	717
360	354
361	172
362	106
363	70
364	52
365	36
366	33
367	42
368	45
369	41
370	37
371	46
372	46
373	62
374	57
375	58
376	89
377	116
378	154
379	249
380	309
381	483
382	687
383	879
384	1086
385	1287
386	1483
387	1498
388	1299
389	1278
390	1016
391	748
392	538
393	341
394	217
395	154
396	85
397	52
398	26
399	28
400	24
401	28
402	32
403	35
404	37
405	29
406	29
407	31
408	31
409	25
410	37
411	28
412	43
413	29
414	37
415	34
416	26
417	28
418	18
419	23
420	28
421	23
422	27
423	26
424	35
425	30
426	26
427	20
428	34
429	27
430	22
431	40
432	30
433	33
434	50
435	46
436	53
437	45
438	51
439	71
440	72
441	49
442	63
443	67
444	59
445	51
446	59
447	39
448	58
449	61
450	62
451	55
452	47
453	56
454	62
455	58
456	73
457	60
458	72
459	70
460	62
461	77
462	64
463	61
464	57
465	48
466	46
467	53
468	44
469	54
470	54
471	59
472	46
473	62
474	55
475	45
476	63
477	41
478	64
479	49
480	57
481	43
482	56
483	46
484	56
485	48
486	51
487	55
488	53
489	53
490	47
491	56
492	51
493	43
494	49
495	49
496	49
497	58
498	67
499	50
500	58
501	54
502	63
503	68
504	50
505	65
506	68
507	70
508	70
509	64
510	68
511	67
512	70
513	70
514	82
515	58
516	78
517	75
518	71
519	64
520	85
521	77
522	83
523	95
524	71
525	75
526	81
527	74
528	98
529	82
530	96
531	90
532	84
533	90
534	85
535	77
536	77
537	70
538	68
539	66
540	67
541	78
542	55
543	74
544	63
545	71
546	67
547	77
548	74
549	65
550	84
551	77
552	79
553	62
554	70
555	77
556	68
557	69
558	61
559	80
560	72
561	86
562	76
563	70
564	86
565	75
566	88
567	70
568	77
569	77
570	62
571	76
572	75
573	67
574	82
575	85
576	73
577	75
578	93
579	73
580	86
581	74
582	77
583	63
584	72
585	76
586	89
587	79
588	71
589	88
590	78
591	77
592	81
593	86
594	82
595	91
596	80
597	99
598	73
599	90
600	88
601	90
602	98
603	90
604	94
605	82
606	88
607	98
608	98
609	88
610	91
611	93
612	86
613	86
614	83
615	100
616	116
617	101
618	109
619	71
620	88
621	99
622	98
623	96
624	97
625	96
626	92
627	84
628	94
629	89
630	97
631	105
632	106
633	87
634	95
635	117
636	110
637	84
638	92
639	101
640	94
641	77
642	108
643	100
644	106
645	90
646	97
647	101
648	121
649	129
650	87
651	118
652	110
653	105
654	120
655	113
656	101
657	86
658	107
659	110
660	101
661	98
662	113
663	114
664	107
665	113
666	105
667	100
668	89
669	114
670	87
671	101
672	104
673	109
674	102
675	130
676	106
677	116
678	107
679	103
680	100
681	102
682	88
683	86
684	102
685	107
686	108
687	88
688	124
689	123
690	122
691	116
692	130
693	92
694	115
695	118
696	126
697	122
698	128
699	115
700	133
701	128
702	110
703	137
704	112
705	108
706	134
707	109
708	132
709	111
710	123
711	114
712	117
713	126
714	106
715	124
716	120
717	114
718	118
719	130
720	130
721	115
722	121
723	119
724	108
725	123
726	129
727	108
728	136
729	127
730	121
731	123
732	137
733	125
734	127
735	102
736	132
737	127
738	120
739	134
740	124
741	133
742	104
743	141
744	115
745	118
746	108
747	118
748	122
749	125
750	128
751	121
752	121
753	120
754	110
755	128
756	145
757	131
758	139
759	125
760	108
761	142
762	134
763	146
764	138
765	156
766	175
767	187
768	184
769	205
770	196
771	234
772	266
773	236
774	263
775	270
776	248
777	224
778	224
779	181
780	170
781	177
782	170
783	157
784	138
785	114
786	133
787	118
788	140
789	139
790	146
791	135
792	136
793	129
794	123
795	146
796	118
797	145
798	124
799	125
800	120
801	155
802	142
803	146
804	142
805	144
806	121
807	123
808	149
809	139
810	131
811	126
812	137
813	118
814	156
815	153
816	168
817	145
818	153
819	138
820	158
821	135
822	155
823	116
824	136
825	133
826	153
827	146
828	131
829	124
830	149
831	147
832	141
833	135
834	139
835	125
836	137
837	126
838	134
839	116
840	144
841	153
842	148
843	158
844	158
845	131
846	150
847	158
848	144
849	149
850	138
851	174
852	164
853	159
854	155
855	160
856	152
857	166
858	170
859	203
860	201
861	174
862	223
863	207
864	181
865	169
866	191
867	199
868	214
869	192
870	185
871	198
872	224
873	208
874	227
875	211
876	205
877	250
878	250
879	241
880	247
881	294
882	279
883	333
884	298
885	346
886	337
887	361
888	377
889	404
890	413
891	440
892	471
893	530
894	476
895	522
896	550
897	521
898	557
899	529
900	573
901	524
902	559
903	537
904	548
905	525
906	484
907	485
908	434
909	444
910	465
911	421
912	457
913	361
914	367
915	387
916	318
917	314
918	302
919	251
920	266
921	258
922	253
923	230
924	228
925	197
926	195
927	198
928	182
929	155
930	156
931	136
932	165
933	165
934	161
935	132
936	157
937	160
938	179
939	163
940	153
941	194
942	174
943	209
944	220
945	234
946	290
947	312
948	307
949	347
950	367
951	373
952	378
953	426
954	402
955	420
956	380
957	381
958	363
959	322
960	256
961	259
962	241
963	227
964	170
965	163
966	158
967	131
968	130
969	128
970	122
971	121
972	135
973	101
974	158
975	103
976	116
977	111
978	125
979	129
980	133
981	142
982	142
983	123
984	137
985	133
986	137
987	137
988	154
989	153
990	159
991	153
992	153
993	150
994	134
995	155
996	160
997	164
998	148
999	160
1000	147
1001	164
1002	174
1003	179
1004	165
1005	158
1006	169
1007	174
1008	167
1009	179
1010	166
1011	150
1012	158
1013	134
1014	151
1015	136
1016	172
1017	153
1018	129
1019	114
1020	137
1021	134
1022	119
1023	113
1024	121
