Date:	08/05/2018		Time:	21:40		Version no:	0.00		Project name:	55		Sample name:	222		Section name:	section		Position	317.515045	mm	E0	0.000000	keV	E1	1.000000	keV/channel	sample surface	6.147244	cm	Tube anode:	Mo		Tube voltage:	30	kV	Tube current:	50	mA	gain	10		std. database			resultfile	result		matrix element	11		sample thickness	1.000000		air passage	0.560000	cm	comments	in position		peaking_time	2.200000	m-sec	trigger_threshold	547.363281	V	mca_bin_width	22.090000	no:	number_mca_channels	1024.000000	no:	gap_time	0.150000	m-sec	trigger_peaking_time	0.200000	m-sec	GAINDAC	18610		HIGHGAIN	1		TAURC	1		RCTAU	1		RCTAUFRAC	1		livetime	9.449155	seconds	runtime	10.000493	seconds	input_count_rate	22964.486815	cps	output_count_rate	18911.468043	cps	triggers	216995	seconds	events_in_run	189124	seconds	channel	content		1	0
2	0
3	0
4	0
5	0
6	0
7	0
8	0
9	0
10	0
11	0
12	0
13	0
14	0
15	0
16	0
17	0
18	0
19	0
20	0
21	0
22	0
23	0
24	0
25	0
26	0
27	0
28	0
29	0
30	0
31	8
32	24
33	16
34	20
35	15
36	9
37	19
38	15
39	11
40	10
41	15
42	14
43	21
44	18
45	14
46	13
47	13
48	13
49	17
50	16
51	14
52	12
53	15
54	8
55	16
56	15
57	16
58	12
59	16
60	17
61	15
62	2
63	8
64	10
65	8
66	12
67	6
68	14
69	9
70	9
71	7
72	8
73	10
74	9
75	16
76	6
77	5
78	9
79	5
80	9
81	14
82	16
83	14
84	11
85	9
86	4
87	10
88	11
89	4
90	6
91	7
92	6
93	5
94	17
95	12
96	23
97	16
98	18
99	16
100	4
101	10
102	8
103	5
104	6
105	9
106	4
107	8
108	10
109	9
110	10
111	8
112	6
113	4
114	4
115	2
116	6
117	4
118	7
119	3
120	7
121	7
122	6
123	0
124	4
125	6
126	5
127	6
128	5
129	1
130	3
131	4
132	5
133	6
134	2
135	6
136	2
137	2
138	3
139	5
140	6
141	7
142	2
143	3
144	4
145	5
146	3
147	4
148	4
149	3
150	6
151	4
152	1
153	3
154	3
155	2
156	8
157	7
158	8
159	10
160	15
161	25
162	34
163	36
164	32
165	29
166	14
167	16
168	11
169	6
170	7
171	5
172	6
173	7
174	5
175	4
176	8
177	9
178	14
179	23
180	19
181	20
182	19
183	29
184	24
185	13
186	12
187	8
188	6
189	6
190	3
191	8
192	6
193	7
194	12
195	11
196	23
197	46
198	97
199	147
200	219
201	302
202	355
203	395
204	347
205	281
206	238
207	145
208	93
209	51
210	28
211	12
212	7
213	12
214	9
215	17
216	22
217	35
218	41
219	62
220	62
221	65
222	70
223	55
224	41
225	28
226	11
227	10
228	10
229	2
230	1
231	3
232	1
233	12
234	5
235	4
236	5
237	8
238	8
239	10
240	21
241	33
242	50
243	83
244	141
245	187
246	225
247	247
248	241
249	209
250	173
251	152
252	133
253	83
254	62
255	56
256	45
257	35
258	27
259	20
260	15
261	13
262	16
263	8
264	12
265	14
266	27
267	29
268	38
269	63
270	59
271	57
272	46
273	43
274	37
275	34
276	25
277	22
278	10
279	13
280	10
281	11
282	12
283	6
284	6
285	6
286	9
287	11
288	11
289	13
290	17
291	15
292	12
293	13
294	15
295	18
296	13
297	14
298	25
299	17
300	12
301	8
302	17
303	10
304	7
305	22
306	8
307	13
308	11
309	11
310	14
311	9
312	9
313	7
314	17
315	12
316	20
317	26
318	47
319	45
320	54
321	86
322	97
323	82
324	92
325	92
326	72
327	67
328	44
329	39
330	36
331	25
332	24
333	29
334	28
335	27
336	29
337	36
338	41
339	67
340	98
341	168
342	337
343	572
344	1025
345	1678
346	2644
347	3731
348	5021
349	6055
350	6921
351	7085
352	6828
353	5984
354	4889
355	3692
356	2509
357	1679
358	1022
359	576
360	302
361	156
362	78
363	48
364	42
365	36
366	36
367	34
368	32
369	40
370	42
371	45
372	56
373	53
374	45
375	71
376	68
377	85
378	121
379	187
380	275
381	416
382	529
383	758
384	895
385	1088
386	1229
387	1205
388	1167
389	1017
390	787
391	593
392	463
393	297
394	208
395	142
396	84
397	51
398	25
399	27
400	18
401	35
402	31
403	22
404	29
405	27
406	23
407	43
408	37
409	36
410	50
411	40
412	33
413	30
414	32
415	28
416	29
417	30
418	25
419	28
420	32
421	25
422	30
423	21
424	37
425	41
426	38
427	31
428	30
429	31
430	40
431	45
432	44
433	36
434	37
435	57
436	54
437	50
438	73
439	62
440	73
441	61
442	47
443	49
444	63
445	60
446	70
447	61
448	46
449	55
450	56
451	57
452	56
453	65
454	67
455	63
456	67
457	78
458	90
459	97
460	83
461	66
462	60
463	61
464	64
465	46
466	54
467	54
468	51
469	61
470	69
471	64
472	66
473	44
474	54
475	64
476	67
477	58
478	54
479	53
480	63
481	48
482	53
483	49
484	68
485	41
486	54
487	51
488	47
489	63
490	62
491	63
492	54
493	45
494	42
495	48
496	60
497	50
498	68
499	61
500	63
501	58
502	54
503	58
504	78
505	58
506	67
507	69
508	82
509	84
510	60
511	71
512	83
513	87
514	81
515	65
516	70
517	68
518	85
519	68
520	67
521	89
522	93
523	82
524	76
525	84
526	95
527	85
528	80
529	100
530	109
531	91
532	78
533	75
534	85
535	86
536	67
537	74
538	86
539	84
540	73
541	68
542	95
543	74
544	77
545	66
546	74
547	84
548	92
549	81
550	76
551	77
552	86
553	81
554	76
555	73
556	81
557	73
558	70
559	77
560	71
561	60
562	61
563	52
564	77
565	76
566	56
567	70
568	74
569	77
570	87
571	85
572	73
573	82
574	75
575	66
576	93
577	89
578	92
579	92
580	81
581	104
582	76
583	84
584	74
585	93
586	88
587	96
588	88
589	91
590	89
591	84
592	95
593	97
594	102
595	107
596	83
597	70
598	89
599	80
600	82
601	89
602	89
603	92
604	80
605	71
606	101
607	96
608	84
609	86
610	101
611	81
612	90
613	90
614	98
615	84
616	96
617	98
618	110
619	111
620	87
621	87
622	93
623	103
624	89
625	93
626	103
627	83
628	103
629	89
630	114
631	87
632	101
633	96
634	126
635	103
636	106
637	108
638	82
639	89
640	110
641	102
642	82
643	90
644	83
645	99
646	86
647	114
648	101
649	92
650	96
651	106
652	114
653	137
654	104
655	103
656	111
657	114
658	101
659	105
660	107
661	124
662	96
663	113
664	108
665	99
666	135
667	104
668	112
669	118
670	108
671	91
672	115
673	126
674	99
675	96
676	137
677	112
678	123
679	106
680	89
681	104
682	109
683	109
684	117
685	120
686	126
687	94
688	121
689	127
690	125
691	111
692	124
693	131
694	114
695	99
696	110
697	123
698	112
699	126
700	132
701	115
702	121
703	129
704	135
705	131
706	133
707	143
708	105
709	140
710	130
711	125
712	120
713	128
714	120
715	97
716	138
717	137
718	126
719	132
720	111
721	124
722	120
723	119
724	128
725	113
726	133
727	127
728	133
729	101
730	134
731	129
732	142
733	141
734	134
735	114
736	121
737	129
738	142
739	118
740	151
741	113
742	132
743	106
744	122
745	129
746	131
747	149
748	141
749	130
750	112
751	128
752	131
753	110
754	124
755	141
756	127
757	113
758	130
759	139
760	134
761	133
762	124
763	156
764	140
765	181
766	175
767	174
768	188
769	243
770	228
771	252
772	247
773	277
774	286
775	259
776	260
777	259
778	253
779	206
780	196
781	166
782	196
783	158
784	135
785	154
786	140
787	142
788	137
789	130
790	114
791	150
792	142
793	117
794	145
795	113
796	133
797	131
798	148
799	149
800	121
801	139
802	141
803	143
804	129
805	122
806	137
807	140
808	111
809	142
810	140
811	133
812	134
813	152
814	131
815	145
816	149
817	163
818	143
819	143
820	161
821	156
822	175
823	132
824	145
825	139
826	161
827	136
828	145
829	154
830	132
831	142
832	150
833	138
834	151
835	134
836	154
837	139
838	147
839	132
840	146
841	150
842	146
843	149
844	149
845	155
846	133
847	153
848	159
849	156
850	162
851	183
852	170
853	152
854	150
855	178
856	193
857	183
858	182
859	212
860	211
861	237
862	241
863	217
864	227
865	221
866	227
867	239
868	240
869	212
870	218
871	241
872	183
873	225
874	222
875	227
876	245
877	253
878	281
879	286
880	270
881	258
882	287
883	308
884	322
885	318
886	359
887	400
888	407
889	421
890	459
891	485
892	449
893	494
894	498
895	512
896	523
897	520
898	549
899	528
900	576
901	583
902	533
903	548
904	556
905	540
906	504
907	561
908	465
909	447
910	487
911	482
912	385
913	392
914	425
915	344
916	337
917	348
918	324
919	285
920	301
921	260
922	254
923	255
924	248
925	207
926	203
927	199
928	182
929	192
930	201
931	161
932	160
933	175
934	159
935	181
936	158
937	151
938	171
939	167
940	176
941	159
942	176
943	221
944	215
945	245
946	245
947	280
948	330
949	323
950	402
951	380
952	442
953	408
954	411
955	406
956	385
957	403
958	349
959	357
960	312
961	271
962	252
963	220
964	193
965	156
966	170
967	167
968	133
969	147
970	129
971	142
972	135
973	126
974	132
975	129
976	122
977	147
978	137
979	166
980	136
981	133
982	165
983	135
984	121
985	131
986	151
987	152
988	143
989	142
990	160
991	175
992	149
993	180
994	162
995	174
996	182
997	161
998	171
999	175
1000	194
1001	169
1002	181
1003	157
1004	178
1005	180
1006	185
1007	200
1008	183
1009	177
1010	173
1011	191
1012	146
1013	165
1014	132
1015	140
1016	133
1017	130
1018	137
1019	122
1020	142
1021	142
1022	126
1023	118
1024	100
