Date:	08/05/2018		Time:	21:19		Version no:	0.00		Project name:	55		Sample name:	222		Section name:	section		Position	294.515045	mm	E0	0.000000	keV	E1	1.000000	keV/channel	sample surface	5.967901	cm	Tube anode:	Mo		Tube voltage:	30	kV	Tube current:	50	mA	gain	10		std. database			resultfile	result		matrix element	11		sample thickness	1.000000		air passage	0.560000	cm	comments	in position		peaking_time	2.200000	m-sec	trigger_threshold	547.363281	V	mca_bin_width	22.090000	no:	number_mca_channels	1024.000000	no:	gap_time	0.150000	m-sec	trigger_peaking_time	0.200000	m-sec	GAINDAC	18610		HIGHGAIN	1		TAURC	1		RCTAU	1		RCTAUFRAC	1		livetime	9.452674	seconds	runtime	10.000488	seconds	input_count_rate	23340.907627	cps	output_count_rate	19218.062159	cps	triggers	220634	seconds	events_in_run	192190	seconds	channel	content		1	0
2	0
3	0
4	0
5	0
6	0
7	0
8	0
9	0
10	0
11	0
12	0
13	0
14	0
15	0
16	0
17	0
18	0
19	0
20	0
21	0
22	0
23	0
24	0
25	0
26	0
27	0
28	0
29	0
30	0
31	12
32	11
33	12
34	13
35	12
36	10
37	13
38	15
39	10
40	16
41	7
42	17
43	16
44	18
45	12
46	16
47	14
48	13
49	15
50	7
51	3
52	13
53	12
54	11
55	10
56	8
57	15
58	11
59	11
60	11
61	10
62	9
63	13
64	8
65	9
66	10
67	11
68	12
69	14
70	10
71	8
72	4
73	8
74	13
75	6
76	4
77	10
78	9
79	3
80	13
81	9
82	13
83	12
84	13
85	10
86	4
87	9
88	8
89	4
90	6
91	6
92	9
93	12
94	12
95	18
96	13
97	24
98	14
99	8
100	8
101	9
102	10
103	15
104	10
105	8
106	8
107	13
108	7
109	4
110	7
111	11
112	6
113	5
114	5
115	2
116	4
117	1
118	2
119	5
120	5
121	7
122	3
123	6
124	4
125	9
126	6
127	4
128	2
129	3
130	6
131	2
132	5
133	5
134	4
135	2
136	5
137	1
138	7
139	0
140	5
141	4
142	3
143	5
144	5
145	5
146	3
147	1
148	7
149	5
150	5
151	6
152	8
153	4
154	8
155	7
156	7
157	3
158	8
159	8
160	13
161	10
162	26
163	33
164	29
165	24
166	21
167	8
168	12
169	5
170	1
171	3
172	3
173	4
174	4
175	3
176	3
177	9
178	7
179	10
180	19
181	18
182	24
183	22
184	22
185	19
186	6
187	8
188	6
189	7
190	0
191	7
192	10
193	3
194	10
195	15
196	34
197	50
198	87
199	155
200	218
201	278
202	299
203	377
204	331
205	293
206	227
207	139
208	79
209	51
210	26
211	18
212	6
213	8
214	13
215	13
216	19
217	35
218	48
219	38
220	61
221	53
222	53
223	54
224	39
225	30
226	19
227	13
228	8
229	5
230	10
231	3
232	2
233	4
234	3
235	2
236	2
237	5
238	9
239	5
240	16
241	28
242	42
243	73
244	112
245	151
246	148
247	202
248	224
249	194
250	153
251	109
252	94
253	61
254	51
255	50
256	43
257	34
258	27
259	15
260	17
261	11
262	9
263	12
264	14
265	17
266	19
267	23
268	41
269	38
270	49
271	49
272	43
273	48
274	31
275	28
276	22
277	14
278	15
279	14
280	7
281	9
282	9
283	14
284	9
285	9
286	14
287	8
288	9
289	21
290	11
291	11
292	19
293	12
294	19
295	11
296	28
297	17
298	17
299	18
300	27
301	16
302	14
303	15
304	16
305	10
306	4
307	10
308	13
309	15
310	20
311	15
312	14
313	17
314	15
315	29
316	29
317	48
318	61
319	107
320	163
321	180
322	189
323	231
324	238
325	208
326	156
327	143
328	109
329	75
330	44
331	38
332	27
333	27
334	35
335	24
336	37
337	35
338	45
339	59
340	109
341	190
342	335
343	648
344	1125
345	1784
346	2858
347	4198
348	5461
349	6608
350	7371
351	7673
352	7300
353	6461
354	5257
355	3941
356	2717
357	1821
358	1132
359	584
360	291
361	177
362	106
363	68
364	56
365	38
366	27
367	40
368	38
369	26
370	38
371	45
372	43
373	35
374	60
375	56
376	69
377	88
378	135
379	202
380	284
381	425
382	599
383	772
384	922
385	1202
386	1281
387	1297
388	1187
389	1041
390	883
391	637
392	456
393	317
394	189
395	105
396	86
397	56
398	54
399	42
400	31
401	35
402	20
403	19
404	23
405	29
406	34
407	32
408	36
409	34
410	35
411	39
412	40
413	26
414	19
415	28
416	27
417	28
418	25
419	32
420	19
421	29
422	30
423	28
424	28
425	29
426	43
427	22
428	34
429	30
430	35
431	32
432	30
433	32
434	35
435	44
436	45
437	43
438	54
439	56
440	60
441	65
442	75
443	67
444	60
445	70
446	75
447	58
448	49
449	47
450	55
451	44
452	76
453	62
454	47
455	76
456	63
457	59
458	82
459	80
460	76
461	68
462	61
463	81
464	62
465	60
466	46
467	46
468	48
469	63
470	45
471	61
472	51
473	53
474	46
475	56
476	50
477	49
478	48
479	58
480	50
481	48
482	52
483	46
484	53
485	55
486	55
487	63
488	54
489	54
490	50
491	40
492	59
493	59
494	40
495	61
496	74
497	49
498	64
499	61
500	62
501	48
502	62
503	66
504	63
505	65
506	65
507	63
508	86
509	81
510	93
511	76
512	77
513	80
514	92
515	76
516	84
517	80
518	83
519	86
520	78
521	97
522	87
523	80
524	73
525	87
526	92
527	68
528	104
529	102
530	88
531	77
532	108
533	104
534	89
535	85
536	88
537	82
538	73
539	72
540	82
541	64
542	81
543	61
544	85
545	82
546	80
547	76
548	90
549	75
550	73
551	65
552	59
553	71
554	72
555	83
556	64
557	82
558	93
559	59
560	55
561	59
562	63
563	69
564	68
565	80
566	72
567	86
568	82
569	75
570	73
571	68
572	71
573	75
574	80
575	75
576	66
577	67
578	88
579	91
580	93
581	80
582	79
583	101
584	81
585	75
586	73
587	71
588	81
589	83
590	86
591	80
592	81
593	83
594	85
595	85
596	79
597	80
598	91
599	92
600	99
601	94
602	89
603	83
604	101
605	94
606	88
607	86
608	94
609	85
610	90
611	90
612	91
613	100
614	99
615	87
616	109
617	106
618	81
619	100
620	104
621	108
622	102
623	99
624	91
625	112
626	105
627	112
628	90
629	92
630	89
631	102
632	112
633	89
634	101
635	86
636	88
637	93
638	93
639	97
640	121
641	103
642	95
643	106
644	98
645	89
646	100
647	110
648	88
649	114
650	96
651	101
652	118
653	123
654	87
655	124
656	99
657	96
658	90
659	88
660	95
661	103
662	102
663	84
664	101
665	105
666	119
667	80
668	96
669	105
670	104
671	88
672	105
673	118
674	102
675	108
676	115
677	107
678	97
679	102
680	105
681	101
682	111
683	102
684	116
685	96
686	109
687	116
688	114
689	87
690	115
691	119
692	132
693	140
694	112
695	128
696	103
697	138
698	109
699	109
700	114
701	133
702	131
703	128
704	118
705	132
706	125
707	112
708	113
709	117
710	124
711	111
712	110
713	108
714	117
715	109
716	128
717	99
718	129
719	115
720	127
721	124
722	125
723	123
724	131
725	126
726	114
727	138
728	118
729	145
730	131
731	127
732	159
733	126
734	103
735	121
736	121
737	114
738	121
739	115
740	117
741	136
742	123
743	115
744	122
745	129
746	136
747	118
748	109
749	107
750	149
751	115
752	135
753	136
754	105
755	116
756	113
757	124
758	131
759	128
760	127
761	148
762	151
763	157
764	140
765	164
766	201
767	205
768	221
769	249
770	248
771	274
772	286
773	294
774	289
775	281
776	292
777	244
778	228
779	233
780	191
781	158
782	176
783	165
784	143
785	155
786	141
787	122
788	133
789	137
790	151
791	148
792	116
793	137
794	118
795	125
796	141
797	118
798	140
799	155
800	108
801	132
802	131
803	145
804	126
805	120
806	133
807	130
808	129
809	133
810	154
811	140
812	131
813	130
814	139
815	143
816	142
817	125
818	126
819	144
820	129
821	136
822	132
823	148
824	155
825	147
826	111
827	146
828	144
829	147
830	155
831	136
832	138
833	150
834	150
835	143
836	164
837	135
838	165
839	153
840	150
841	134
842	118
843	151
844	114
845	141
846	112
847	151
848	151
849	179
850	154
851	153
852	165
853	152
854	178
855	154
856	185
857	192
858	173
859	203
860	213
861	217
862	226
863	203
864	239
865	176
866	206
867	235
868	213
869	200
870	209
871	187
872	254
873	209
874	202
875	216
876	245
877	224
878	244
879	272
880	274
881	261
882	262
883	305
884	315
885	309
886	339
887	350
888	380
889	414
890	450
891	447
892	415
893	481
894	515
895	522
896	523
897	525
898	554
899	565
900	531
901	511
902	472
903	516
904	571
905	511
906	508
907	505
908	549
909	442
910	455
911	443
912	377
913	330
914	379
915	387
916	339
917	316
918	334
919	261
920	271
921	259
922	235
923	263
924	207
925	194
926	211
927	195
928	193
929	190
930	167
931	186
932	146
933	190
934	167
935	172
936	172
937	166
938	162
939	147
940	179
941	169
942	181
943	211
944	219
945	242
946	259
947	257
948	292
949	336
950	376
951	370
952	379
953	407
954	416
955	398
956	382
957	393
958	353
959	341
960	289
961	297
962	204
963	228
964	193
965	171
966	148
967	141
968	139
969	131
970	113
971	144
972	118
973	122
974	101
975	105
976	132
977	119
978	113
979	128
980	142
981	138
982	134
983	138
984	139
985	130
986	137
987	129
988	135
989	149
990	139
991	113
992	150
993	142
994	154
995	146
996	170
997	167
998	153
999	191
1000	160
1001	172
1002	163
1003	178
1004	212
1005	154
1006	153
1007	145
1008	164
1009	164
1010	159
1011	155
1012	155
1013	149
1014	155
1015	157
1016	155
1017	124
1018	131
1019	135
1020	140
1021	119
1022	117
1023	96
1024	102
