Date:	08/05/2018		Time:	22:02		Version no:	0.00		Project name:	55		Sample name:	222		Section name:	section		Position	339.915039	mm	E0	0.000000	keV	E1	1.000000	keV/channel	sample surface	6.252102	cm	Tube anode:	Mo		Tube voltage:	30	kV	Tube current:	50	mA	gain	10		std. database			resultfile	result		matrix element	11		sample thickness	1.000000		air passage	0.560000	cm	comments	in position		peaking_time	2.200000	m-sec	trigger_threshold	547.363281	V	mca_bin_width	22.090000	no:	number_mca_channels	1024.000000	no:	gap_time	0.150000	m-sec	trigger_peaking_time	0.200000	m-sec	GAINDAC	18610		HIGHGAIN	1		TAURC	1		RCTAU	1		RCTAUFRAC	1		livetime	9.499032	seconds	runtime	10.000490	seconds	input_count_rate	21632.730577	cps	output_count_rate	18102.413706	cps	triggers	205490	seconds	events_in_run	181033	seconds	channel	content		1	0
2	0
3	0
4	0
5	0
6	0
7	0
8	0
9	0
10	0
11	0
12	0
13	0
14	0
15	0
16	0
17	0
18	0
19	0
20	0
21	0
22	0
23	0
24	0
25	0
26	0
27	0
28	0
29	0
30	0
31	8
32	7
33	8
34	12
35	14
36	13
37	18
38	9
39	8
40	11
41	6
42	14
43	15
44	14
45	12
46	10
47	9
48	9
49	7
50	5
51	13
52	14
53	18
54	10
55	6
56	10
57	10
58	12
59	10
60	6
61	12
62	4
63	13
64	8
65	8
66	10
67	13
68	5
69	3
70	12
71	5
72	6
73	10
74	9
75	6
76	8
77	8
78	8
79	7
80	11
81	12
82	9
83	14
84	12
85	15
86	5
87	6
88	8
89	4
90	4
91	7
92	9
93	19
94	14
95	28
96	24
97	17
98	21
99	9
100	6
101	8
102	11
103	6
104	5
105	7
106	8
107	6
108	8
109	16
110	12
111	7
112	7
113	5
114	1
115	5
116	2
117	7
118	4
119	5
120	6
121	3
122	4
123	3
124	4
125	4
126	3
127	3
128	6
129	5
130	2
131	2
132	5
133	3
134	1
135	7
136	4
137	2
138	4
139	4
140	2
141	3
142	5
143	4
144	3
145	1
146	5
147	3
148	6
149	5
150	2
151	7
152	9
153	6
154	5
155	9
156	5
157	9
158	8
159	18
160	19
161	20
162	33
163	26
164	17
165	19
166	19
167	7
168	9
169	5
170	6
171	4
172	4
173	8
174	7
175	10
176	5
177	10
178	10
179	13
180	26
181	29
182	21
183	23
184	22
185	28
186	13
187	6
188	10
189	2
190	6
191	3
192	10
193	10
194	16
195	18
196	31
197	74
198	112
199	166
200	258
201	345
202	419
203	460
204	444
205	373
206	264
207	192
208	118
209	71
210	33
211	14
212	7
213	18
214	11
215	18
216	26
217	36
218	67
219	65
220	58
221	68
222	68
223	59
224	45
225	30
226	27
227	5
228	16
229	6
230	4
231	2
232	1
233	5
234	3
235	7
236	6
237	0
238	6
239	19
240	19
241	21
242	59
243	92
244	149
245	202
246	239
247	245
248	276
249	245
250	202
251	164
252	124
253	113
254	68
255	48
256	54
257	38
258	38
259	19
260	16
261	11
262	9
263	10
264	10
265	17
266	37
267	52
268	41
269	51
270	65
271	58
272	58
273	54
274	39
275	26
276	21
277	17
278	15
279	9
280	12
281	7
282	9
283	14
284	14
285	6
286	12
287	10
288	11
289	9
290	17
291	14
292	14
293	12
294	22
295	13
296	15
297	12
298	15
299	18
300	12
301	16
302	14
303	12
304	10
305	14
306	16
307	13
308	15
309	10
310	11
311	12
312	9
313	18
314	15
315	16
316	20
317	41
318	42
319	73
320	81
321	109
322	145
323	133
324	133
325	105
326	103
327	85
328	50
329	46
330	37
331	34
332	31
333	27
334	24
335	28
336	31
337	31
338	37
339	70
340	98
341	179
342	351
343	615
344	1127
345	1863
346	2810
347	3972
348	5202
349	6440
350	7134
351	7250
352	7037
353	6203
354	5053
355	3766
356	2697
357	1722
358	1045
359	580
360	325
361	148
362	102
363	47
364	39
365	32
366	41
367	29
368	49
369	38
370	42
371	45
372	50
373	36
374	48
375	72
376	84
377	83
378	132
379	228
380	280
381	418
382	545
383	772
384	1027
385	1173
386	1220
387	1291
388	1128
389	955
390	914
391	590
392	415
393	279
394	167
395	110
396	65
397	36
398	36
399	34
400	23
401	16
402	24
403	27
404	39
405	27
406	31
407	17
408	37
409	42
410	45
411	37
412	31
413	29
414	23
415	24
416	32
417	26
418	22
419	32
420	22
421	27
422	26
423	29
424	27
425	28
426	34
427	30
428	27
429	37
430	21
431	36
432	28
433	31
434	40
435	36
436	40
437	49
438	68
439	72
440	72
441	69
442	65
443	66
444	55
445	52
446	57
447	59
448	51
449	48
450	61
451	38
452	47
453	56
454	66
455	67
456	69
457	79
458	90
459	79
460	88
461	64
462	62
463	57
464	47
465	49
466	44
467	50
468	61
469	68
470	52
471	40
472	61
473	79
474	50
475	52
476	73
477	68
478	46
479	44
480	45
481	32
482	42
483	47
484	51
485	45
486	54
487	56
488	49
489	50
490	53
491	35
492	51
493	61
494	68
495	57
496	49
497	58
498	43
499	53
500	46
501	58
502	60
503	55
504	48
505	63
506	77
507	74
508	65
509	76
510	65
511	86
512	66
513	67
514	61
515	87
516	53
517	66
518	70
519	61
520	87
521	74
522	85
523	80
524	78
525	79
526	89
527	99
528	100
529	92
530	67
531	80
532	95
533	78
534	78
535	83
536	88
537	82
538	63
539	76
540	77
541	74
542	81
543	94
544	74
545	76
546	71
547	68
548	83
549	77
550	72
551	79
552	59
553	65
554	58
555	58
556	68
557	58
558	58
559	73
560	72
561	65
562	60
563	65
564	83
565	57
566	75
567	69
568	68
569	70
570	67
571	67
572	87
573	73
574	55
575	71
576	64
577	67
578	80
579	75
580	72
581	67
582	68
583	69
584	77
585	82
586	70
587	74
588	86
589	86
590	85
591	71
592	84
593	66
594	79
595	74
596	73
597	90
598	91
599	84
600	70
601	82
602	74
603	77
604	82
605	82
606	99
607	77
608	85
609	72
610	80
611	104
612	91
613	98
614	72
615	91
616	91
617	85
618	102
619	83
620	76
621	116
622	76
623	91
624	56
625	85
626	84
627	88
628	84
629	83
630	95
631	80
632	85
633	92
634	108
635	87
636	102
637	78
638	86
639	86
640	79
641	88
642	86
643	82
644	107
645	82
646	87
647	96
648	90
649	105
650	98
651	98
652	87
653	103
654	96
655	101
656	93
657	105
658	100
659	87
660	103
661	92
662	88
663	107
664	107
665	96
666	83
667	91
668	87
669	99
670	91
671	79
672	84
673	94
674	95
675	85
676	77
677	112
678	89
679	89
680	97
681	106
682	119
683	97
684	85
685	113
686	96
687	97
688	109
689	87
690	94
691	111
692	114
693	114
694	95
695	111
696	107
697	106
698	125
699	109
700	113
701	101
702	86
703	118
704	108
705	100
706	100
707	93
708	94
709	111
710	106
711	107
712	96
713	113
714	93
715	115
716	114
717	96
718	91
719	99
720	114
721	114
722	114
723	117
724	111
725	116
726	135
727	133
728	118
729	115
730	134
731	124
732	109
733	103
734	124
735	112
736	110
737	124
738	105
739	114
740	123
741	115
742	128
743	135
744	108
745	137
746	106
747	103
748	124
749	105
750	116
751	105
752	121
753	117
754	106
755	93
756	113
757	117
758	106
759	106
760	99
761	136
762	126
763	134
764	123
765	156
766	149
767	203
768	184
769	227
770	236
771	267
772	265
773	279
774	264
775	240
776	288
777	248
778	271
779	192
780	177
781	180
782	159
783	147
784	165
785	137
786	119
787	122
788	127
789	115
790	103
791	137
792	104
793	123
794	124
795	115
796	101
797	129
798	127
799	113
800	104
801	124
802	129
803	107
804	125
805	114
806	129
807	132
808	121
809	140
810	137
811	129
812	124
813	146
814	141
815	139
816	151
817	125
818	149
819	116
820	149
821	125
822	159
823	141
824	114
825	135
826	114
827	115
828	123
829	106
830	138
831	119
832	119
833	126
834	134
835	132
836	140
837	134
838	128
839	131
840	133
841	114
842	143
843	132
844	122
845	137
846	137
847	141
848	131
849	141
850	120
851	147
852	161
853	155
854	147
855	157
856	163
857	163
858	198
859	201
860	188
861	184
862	202
863	211
864	223
865	193
866	213
867	211
868	200
869	198
870	194
871	202
872	200
873	192
874	206
875	188
876	205
877	214
878	221
879	203
880	239
881	247
882	244
883	249
884	272
885	332
886	328
887	334
888	365
889	362
890	350
891	408
892	410
893	418
894	431
895	445
896	440
897	441
898	479
899	468
900	503
901	466
902	439
903	450
904	501
905	450
906	450
907	453
908	449
909	426
910	390
911	369
912	360
913	328
914	345
915	344
916	313
917	265
918	265
919	241
920	233
921	225
922	265
923	202
924	187
925	164
926	183
927	148
928	155
929	167
930	162
931	161
932	153
933	143
934	150
935	142
936	137
937	143
938	130
939	146
940	157
941	143
942	162
943	197
944	221
945	205
946	276
947	244
948	300
949	329
950	359
951	356
952	365
953	379
954	400
955	373
956	367
957	367
958	320
959	291
960	252
961	239
962	229
963	220
964	159
965	150
966	127
967	135
968	143
969	121
970	95
971	95
972	111
973	104
974	95
975	112
976	104
977	119
978	93
979	109
980	96
981	107
982	134
983	115
984	123
985	101
986	104
987	128
988	124
989	140
990	131
991	132
992	138
993	151
994	119
995	128
996	158
997	158
998	148
999	156
1000	160
1001	145
1002	132
1003	137
1004	159
1005	155
1006	173
1007	139
1008	154
1009	153
1010	132
1011	140
1012	143
1013	158
1014	141
1015	145
1016	128
1017	120
1018	123
1019	105
1020	100
1021	116
1022	111
1023	105
1024	105
