Date:	08/05/2018		Time:	23:12		Version no:	0.00		Project name:	55		Sample name:	222		Section name:	section		Position	413.715027	mm	E0	0.000000	keV	E1	1.000000	keV/channel	sample surface	6.164474	cm	Tube anode:	Mo		Tube voltage:	30	kV	Tube current:	50	mA	gain	10		std. database			resultfile	result		matrix element	11		sample thickness	1.000000		air passage	0.560000	cm	comments	in position		peaking_time	2.200000	m-sec	trigger_threshold	547.363281	V	mca_bin_width	22.090000	no:	number_mca_channels	1024.000000	no:	gap_time	0.150000	m-sec	trigger_peaking_time	0.200000	m-sec	GAINDAC	18610		HIGHGAIN	1		TAURC	1		RCTAU	1		RCTAUFRAC	1		livetime	9.400953	seconds	runtime	10.000490	seconds	input_count_rate	26111.183113	cps	output_count_rate	21090.565719	cps	triggers	245470	seconds	events_in_run	210916	seconds	channel	content		1	0
2	0
3	0
4	0
5	0
6	0
7	0
8	0
9	0
10	0
11	0
12	0
13	0
14	0
15	0
16	0
17	0
18	0
19	0
20	0
21	0
22	0
23	0
24	0
25	0
26	0
27	0
28	0
29	0
30	0
31	8
32	12
33	16
34	15
35	16
36	9
37	17
38	16
39	15
40	11
41	14
42	12
43	17
44	12
45	11
46	14
47	13
48	12
49	17
50	18
51	14
52	6
53	10
54	7
55	8
56	9
57	10
58	11
59	8
60	16
61	19
62	11
63	8
64	13
65	9
66	11
67	10
68	9
69	15
70	4
71	10
72	8
73	7
74	7
75	8
76	9
77	7
78	8
79	9
80	7
81	17
82	7
83	10
84	9
85	10
86	10
87	6
88	7
89	8
90	5
91	9
92	6
93	12
94	17
95	16
96	14
97	18
98	15
99	8
100	12
101	11
102	12
103	6
104	3
105	5
106	5
107	8
108	9
109	11
110	7
111	6
112	7
113	7
114	7
115	3
116	4
117	4
118	3
119	1
120	3
121	9
122	3
123	0
124	5
125	7
126	5
127	3
128	8
129	6
130	8
131	4
132	3
133	5
134	3
135	4
136	7
137	5
138	6
139	9
140	5
141	5
142	6
143	2
144	7
145	1
146	4
147	2
148	4
149	5
150	5
151	6
152	7
153	13
154	4
155	6
156	4
157	6
158	9
159	23
160	18
161	21
162	29
163	26
164	32
165	21
166	15
167	5
168	5
169	11
170	4
171	1
172	3
173	6
174	11
175	9
176	5
177	10
178	16
179	11
180	22
181	15
182	24
183	22
184	23
185	12
186	20
187	4
188	7
189	9
190	9
191	3
192	3
193	9
194	18
195	16
196	29
197	45
198	107
199	158
200	235
201	300
202	336
203	372
204	358
205	287
206	236
207	144
208	81
209	48
210	28
211	10
212	13
213	15
214	14
215	18
216	19
217	38
218	50
219	52
220	62
221	67
222	66
223	44
224	39
225	25
226	13
227	11
228	9
229	4
230	4
231	4
232	8
233	11
234	6
235	5
236	5
237	3
238	7
239	15
240	29
241	43
242	67
243	121
244	181
245	262
246	306
247	312
248	327
249	325
250	258
251	222
252	145
253	95
254	75
255	62
256	43
257	35
258	34
259	25
260	13
261	15
262	11
263	18
264	13
265	20
266	29
267	45
268	46
269	69
270	76
271	82
272	74
273	73
274	60
275	46
276	21
277	15
278	17
279	12
280	7
281	15
282	12
283	13
284	13
285	17
286	11
287	12
288	16
289	17
290	18
291	13
292	18
293	19
294	14
295	17
296	13
297	28
298	21
299	12
300	19
301	14
302	14
303	13
304	13
305	14
306	14
307	8
308	11
309	12
310	9
311	21
312	14
313	19
314	18
315	23
316	19
317	34
318	51
319	68
320	87
321	122
322	153
323	142
324	118
325	120
326	102
327	76
328	73
329	52
330	32
331	27
332	21
333	31
334	26
335	34
336	27
337	38
338	60
339	66
340	106
341	233
342	440
343	766
344	1390
345	2354
346	3531
347	5129
348	6608
349	7892
350	8771
351	9166
352	8671
353	7609
354	6133
355	4620
356	3168
357	2096
358	1173
359	627
360	358
361	188
362	105
363	72
364	47
365	44
366	44
367	44
368	39
369	46
370	38
371	52
372	56
373	66
374	67
375	66
376	84
377	110
378	155
379	219
380	345
381	501
382	741
383	980
384	1193
385	1410
386	1454
387	1614
388	1453
389	1257
390	1063
391	767
392	521
393	380
394	240
395	125
396	76
397	55
398	41
399	34
400	26
401	24
402	37
403	24
404	33
405	42
406	35
407	41
408	43
409	44
410	35
411	40
412	41
413	28
414	28
415	26
416	39
417	29
418	26
419	29
420	27
421	28
422	33
423	37
424	38
425	25
426	31
427	33
428	37
429	34
430	38
431	39
432	35
433	50
434	52
435	53
436	59
437	50
438	51
439	65
440	80
441	83
442	93
443	77
444	79
445	64
446	62
447	46
448	69
449	65
450	68
451	49
452	57
453	60
454	56
455	58
456	78
457	98
458	87
459	85
460	93
461	79
462	65
463	79
464	70
465	74
466	53
467	57
468	47
469	63
470	63
471	62
472	61
473	67
474	50
475	67
476	59
477	45
478	54
479	52
480	50
481	54
482	51
483	41
484	40
485	61
486	43
487	70
488	49
489	59
490	51
491	67
492	71
493	50
494	55
495	64
496	73
497	58
498	57
499	68
500	61
501	62
502	66
503	66
504	65
505	61
506	62
507	62
508	71
509	85
510	73
511	69
512	89
513	81
514	81
515	79
516	65
517	82
518	80
519	91
520	76
521	80
522	78
523	87
524	89
525	79
526	102
527	100
528	89
529	85
530	94
531	89
532	104
533	96
534	83
535	73
536	95
537	102
538	78
539	71
540	73
541	69
542	77
543	73
544	64
545	91
546	73
547	78
548	79
549	81
550	81
551	73
552	81
553	77
554	67
555	69
556	70
557	77
558	74
559	67
560	70
561	67
562	80
563	74
564	87
565	62
566	77
567	70
568	61
569	63
570	67
571	78
572	74
573	80
574	79
575	87
576	78
577	89
578	68
579	89
580	70
581	80
582	87
583	80
584	93
585	88
586	93
587	96
588	72
589	82
590	94
591	96
592	92
593	89
594	79
595	83
596	82
597	87
598	104
599	78
600	92
601	83
602	93
603	90
604	85
605	98
606	98
607	106
608	86
609	91
610	78
611	96
612	91
613	98
614	102
615	81
616	103
617	115
618	86
619	93
620	96
621	108
622	103
623	104
624	87
625	74
626	98
627	101
628	107
629	102
630	93
631	89
632	101
633	105
634	96
635	116
636	99
637	79
638	102
639	104
640	104
641	91
642	99
643	113
644	121
645	99
646	129
647	97
648	91
649	125
650	114
651	110
652	123
653	108
654	122
655	112
656	108
657	123
658	115
659	100
660	111
661	98
662	130
663	80
664	115
665	114
666	104
667	111
668	86
669	95
670	94
671	118
672	103
673	150
674	117
675	103
676	122
677	112
678	116
679	119
680	115
681	112
682	114
683	110
684	109
685	111
686	132
687	100
688	110
689	104
690	110
691	109
692	130
693	121
694	88
695	131
696	121
697	122
698	138
699	125
700	114
701	145
702	119
703	110
704	127
705	124
706	123
707	127
708	115
709	146
710	119
711	114
712	106
713	93
714	122
715	130
716	122
717	130
718	122
719	119
720	104
721	141
722	139
723	107
724	110
725	128
726	116
727	119
728	124
729	124
730	127
731	134
732	146
733	142
734	147
735	120
736	136
737	141
738	127
739	126
740	125
741	123
742	132
743	137
744	115
745	126
746	137
747	147
748	129
749	153
750	140
751	131
752	138
753	122
754	128
755	100
756	130
757	142
758	134
759	121
760	129
761	149
762	137
763	141
764	140
765	172
766	193
767	192
768	216
769	232
770	216
771	275
772	262
773	255
774	269
775	283
776	234
777	242
778	243
779	188
780	190
781	173
782	134
783	160
784	129
785	134
786	128
787	131
788	133
789	147
790	118
791	148
792	127
793	125
794	138
795	133
796	127
797	120
798	128
799	135
800	130
801	148
802	136
803	146
804	156
805	134
806	133
807	149
808	129
809	137
810	144
811	154
812	153
813	140
814	156
815	135
816	134
817	148
818	169
819	121
820	150
821	139
822	126
823	143
824	132
825	145
826	151
827	133
828	151
829	146
830	144
831	142
832	130
833	137
834	146
835	148
836	132
837	135
838	119
839	150
840	156
841	143
842	157
843	134
844	152
845	150
846	124
847	122
848	140
849	151
850	162
851	143
852	150
853	175
854	148
855	175
856	203
857	170
858	171
859	179
860	185
861	195
862	190
863	213
864	225
865	198
866	222
867	224
868	199
869	219
870	205
871	210
872	224
873	218
874	201
875	241
876	220
877	244
878	249
879	259
880	240
881	258
882	295
883	320
884	305
885	336
886	362
887	364
888	369
889	418
890	474
891	428
892	475
893	490
894	513
895	499
896	517
897	523
898	527
899	630
900	556
901	535
902	556
903	563
904	566
905	546
906	502
907	454
908	512
909	494
910	430
911	418
912	416
913	378
914	425
915	355
916	311
917	336
918	286
919	305
920	257
921	265
922	231
923	236
924	241
925	187
926	210
927	206
928	187
929	189
930	205
931	193
932	173
933	172
934	157
935	174
936	168
937	173
938	179
939	160
940	147
941	178
942	202
943	215
944	205
945	258
946	281
947	317
948	302
949	326
950	379
951	398
952	394
953	399
954	411
955	450
956	368
957	384
958	365
959	337
960	299
961	245
962	256
963	215
964	206
965	202
966	140
967	152
968	122
969	127
970	130
971	141
972	145
973	129
974	115
975	119
976	112
977	120
978	120
979	125
980	116
981	132
982	119
983	136
984	129
985	133
986	146
987	131
988	138
989	146
990	159
991	158
992	147
993	138
994	171
995	198
996	148
997	182
998	157
999	199
1000	159
1001	163
1002	174
1003	179
1004	178
1005	196
1006	144
1007	194
1008	175
1009	162
1010	175
1011	173
1012	184
1013	168
1014	158
1015	134
1016	134
1017	177
1018	149
1019	172
1020	116
1021	114
1022	109
1023	135
1024	139
