Date:	08/05/2018		Time:	22:45		Version no:	0.00		Project name:	55		Sample name:	222		Section name:	section		Position	385.115021	mm	E0	0.000000	keV	E1	1.000000	keV/channel	sample surface	6.164111	cm	Tube anode:	Mo		Tube voltage:	30	kV	Tube current:	50	mA	gain	10		std. database			resultfile	result		matrix element	11		sample thickness	1.000000		air passage	0.560000	cm	comments	in position		peaking_time	2.200000	m-sec	trigger_threshold	547.363281	V	mca_bin_width	22.090000	no:	number_mca_channels	1024.000000	no:	gap_time	0.150000	m-sec	trigger_peaking_time	0.200000	m-sec	GAINDAC	18610		HIGHGAIN	1		TAURC	1		RCTAU	1		RCTAUFRAC	1		livetime	9.426872	seconds	runtime	10.000494	seconds	input_count_rate	24983.472779	cps	output_count_rate	20348.095618	cps	triggers	235516	seconds	events_in_run	203491	seconds	channel	content		1	0
2	0
3	0
4	0
5	0
6	0
7	0
8	0
9	0
10	0
11	0
12	0
13	0
14	0
15	0
16	0
17	0
18	0
19	0
20	0
21	0
22	0
23	0
24	0
25	0
26	0
27	0
28	0
29	0
30	0
31	16
32	16
33	11
34	23
35	13
36	14
37	19
38	14
39	17
40	12
41	13
42	25
43	12
44	15
45	11
46	13
47	16
48	9
49	10
50	19
51	14
52	10
53	12
54	11
55	18
56	12
57	3
58	10
59	9
60	11
61	18
62	9
63	12
64	10
65	7
66	10
67	8
68	12
69	8
70	16
71	17
72	10
73	10
74	6
75	7
76	4
77	6
78	13
79	7
80	7
81	9
82	14
83	16
84	9
85	6
86	9
87	6
88	8
89	10
90	9
91	3
92	8
93	8
94	18
95	19
96	16
97	18
98	17
99	9
100	14
101	8
102	3
103	11
104	8
105	10
106	12
107	9
108	9
109	7
110	6
111	5
112	5
113	6
114	7
115	3
116	7
117	5
118	4
119	4
120	3
121	5
122	5
123	6
124	5
125	6
126	6
127	5
128	5
129	8
130	8
131	7
132	1
133	6
134	7
135	0
136	4
137	5
138	2
139	8
140	5
141	5
142	2
143	4
144	7
145	3
146	5
147	3
148	5
149	8
150	8
151	4
152	5
153	6
154	4
155	4
156	4
157	8
158	8
159	9
160	25
161	26
162	29
163	29
164	31
165	17
166	14
167	8
168	13
169	8
170	7
171	5
172	8
173	6
174	3
175	10
176	4
177	12
178	13
179	22
180	19
181	20
182	30
183	28
184	22
185	15
186	11
187	15
188	10
189	4
190	5
191	7
192	6
193	7
194	13
195	17
196	29
197	72
198	109
199	171
200	271
201	377
202	419
203	467
204	380
205	371
206	267
207	179
208	102
209	53
210	34
211	14
212	10
213	10
214	16
215	20
216	20
217	48
218	53
219	72
220	70
221	66
222	77
223	71
224	37
225	33
226	27
227	13
228	7
229	5
230	6
231	8
232	8
233	7
234	4
235	5
236	4
237	11
238	5
239	14
240	18
241	20
242	41
243	52
244	86
245	110
246	153
247	157
248	196
249	151
250	155
251	112
252	103
253	69
254	65
255	40
256	44
257	44
258	25
259	23
260	13
261	20
262	10
263	11
264	14
265	14
266	22
267	29
268	35
269	44
270	39
271	59
272	54
273	37
274	45
275	32
276	21
277	15
278	10
279	14
280	12
281	10
282	11
283	5
284	14
285	13
286	10
287	11
288	10
289	11
290	20
291	24
292	15
293	22
294	19
295	24
296	23
297	27
298	19
299	26
300	22
301	14
302	11
303	14
304	13
305	15
306	14
307	23
308	6
309	13
310	11
311	13
312	13
313	21
314	19
315	25
316	31
317	29
318	52
319	78
320	85
321	107
322	140
323	157
324	130
325	141
326	106
327	87
328	69
329	62
330	44
331	26
332	34
333	33
334	38
335	40
336	37
337	40
338	51
339	68
340	119
341	173
342	389
343	711
344	1260
345	2195
346	3323
347	4776
348	6382
349	7741
350	8437
351	8686
352	8541
353	7601
354	6000
355	4554
356	3248
357	1911
358	1192
359	621
360	323
361	199
362	91
363	81
364	53
365	42
366	40
367	36
368	49
369	43
370	41
371	40
372	49
373	55
374	62
375	61
376	79
377	127
378	135
379	219
380	345
381	499
382	673
383	942
384	1132
385	1334
386	1431
387	1525
388	1389
389	1182
390	1033
391	781
392	550
393	359
394	199
395	160
396	61
397	57
398	43
399	26
400	27
401	22
402	21
403	27
404	36
405	33
406	30
407	34
408	32
409	31
410	38
411	53
412	32
413	30
414	28
415	17
416	33
417	22
418	39
419	23
420	23
421	40
422	29
423	34
424	37
425	30
426	26
427	25
428	35
429	36
430	32
431	42
432	26
433	34
434	30
435	45
436	50
437	59
438	53
439	50
440	70
441	79
442	56
443	72
444	63
445	65
446	59
447	52
448	58
449	54
450	50
451	62
452	46
453	52
454	48
455	56
456	72
457	66
458	80
459	72
460	75
461	84
462	62
463	70
464	60
465	58
466	67
467	51
468	61
469	59
470	61
471	53
472	57
473	63
474	47
475	56
476	69
477	60
478	57
479	39
480	41
481	51
482	65
483	49
484	55
485	32
486	50
487	38
488	56
489	46
490	52
491	45
492	54
493	43
494	39
495	46
496	33
497	41
498	59
499	52
500	59
501	81
502	54
503	72
504	55
505	85
506	60
507	76
508	73
509	78
510	76
511	80
512	54
513	76
514	58
515	60
516	58
517	67
518	79
519	71
520	73
521	70
522	72
523	98
524	81
525	86
526	91
527	87
528	77
529	81
530	97
531	97
532	90
533	77
534	91
535	87
536	64
537	72
538	69
539	83
540	77
541	75
542	71
543	74
544	75
545	75
546	70
547	80
548	62
549	80
550	77
551	77
552	77
553	66
554	71
555	65
556	69
557	70
558	72
559	72
560	65
561	70
562	61
563	79
564	67
565	76
566	78
567	61
568	74
569	75
570	104
571	81
572	76
573	57
574	76
575	92
576	79
577	92
578	75
579	91
580	94
581	80
582	67
583	81
584	91
585	76
586	85
587	84
588	86
589	75
590	59
591	77
592	82
593	71
594	102
595	95
596	68
597	95
598	105
599	81
600	115
601	86
602	95
603	106
604	92
605	94
606	86
607	110
608	97
609	76
610	88
611	88
612	102
613	86
614	88
615	72
616	104
617	94
618	102
619	87
620	91
621	90
622	81
623	102
624	96
625	96
626	80
627	83
628	96
629	84
630	99
631	82
632	82
633	97
634	89
635	95
636	95
637	96
638	108
639	98
640	92
641	104
642	101
643	97
644	104
645	99
646	81
647	95
648	119
649	96
650	105
651	95
652	95
653	111
654	89
655	98
656	97
657	98
658	113
659	106
660	105
661	110
662	115
663	103
664	96
665	88
666	107
667	91
668	113
669	109
670	115
671	103
672	97
673	110
674	110
675	120
676	113
677	106
678	103
679	113
680	108
681	112
682	115
683	106
684	102
685	95
686	109
687	121
688	105
689	113
690	121
691	110
692	115
693	116
694	122
695	117
696	112
697	110
698	124
699	147
700	135
701	114
702	132
703	114
704	106
705	121
706	116
707	115
708	117
709	113
710	121
711	124
712	108
713	115
714	106
715	107
716	126
717	119
718	104
719	105
720	146
721	121
722	127
723	111
724	158
725	106
726	106
727	118
728	108
729	124
730	132
731	128
732	107
733	117
734	140
735	136
736	117
737	132
738	122
739	114
740	136
741	120
742	98
743	127
744	113
745	134
746	102
747	125
748	115
749	116
750	131
751	123
752	143
753	111
754	121
755	129
756	133
757	130
758	109
759	147
760	126
761	130
762	134
763	157
764	140
765	185
766	175
767	198
768	215
769	229
770	275
771	258
772	295
773	309
774	280
775	278
776	258
777	263
778	229
779	228
780	211
781	187
782	161
783	175
784	141
785	117
786	102
787	158
788	123
789	108
790	145
791	125
792	143
793	115
794	153
795	141
796	136
797	121
798	113
799	132
800	125
801	141
802	136
803	131
804	129
805	139
806	108
807	142
808	118
809	127
810	126
811	150
812	141
813	165
814	140
815	127
816	122
817	128
818	158
819	142
820	131
821	131
822	144
823	147
824	160
825	158
826	139
827	126
828	149
829	168
830	135
831	142
832	151
833	117
834	148
835	150
836	127
837	133
838	141
839	146
840	146
841	137
842	129
843	139
844	156
845	133
846	139
847	136
848	159
849	140
850	140
851	169
852	153
853	141
854	169
855	180
856	178
857	179
858	173
859	156
860	160
861	214
862	206
863	170
864	197
865	206
866	220
867	210
868	205
869	208
870	200
871	197
872	225
873	201
874	216
875	197
876	221
877	239
878	231
879	233
880	249
881	233
882	287
883	253
884	301
885	316
886	343
887	324
888	360
889	373
890	418
891	430
892	440
893	483
894	467
895	482
896	528
897	550
898	521
899	509
900	532
901	510
902	542
903	492
904	469
905	525
906	490
907	488
908	453
909	487
910	420
911	441
912	417
913	403
914	390
915	339
916	305
917	305
918	299
919	302
920	251
921	250
922	265
923	243
924	197
925	223
926	204
927	181
928	189
929	182
930	181
931	164
932	165
933	148
934	156
935	153
936	163
937	154
938	142
939	180
940	157
941	189
942	190
943	213
944	232
945	277
946	246
947	292
948	290
949	358
950	359
951	371
952	423
953	425
954	401
955	420
956	408
957	378
958	372
959	338
960	293
961	267
962	227
963	200
964	181
965	164
966	136
967	146
968	147
969	138
970	122
971	110
972	118
973	109
974	155
975	120
976	115
977	120
978	144
979	115
980	141
981	113
982	134
983	135
984	147
985	149
986	143
987	136
988	134
989	112
990	139
991	153
992	129
993	139
994	140
995	134
996	145
997	163
998	151
999	145
1000	160
1001	152
1002	182
1003	181
1004	168
1005	160
1006	163
1007	150
1008	157
1009	174
1010	154
1011	176
1012	167
1013	148
1014	148
1015	145
1016	139
1017	138
1018	145
1019	122
1020	112
1021	116
1022	119
1023	125
1024	116
