Date:	08/05/2018		Time:	21:49		Version no:	0.00		Project name:	55		Sample name:	222		Section name:	section		Position	326.115021	mm	E0	0.000000	keV	E1	1.000000	keV/channel	sample surface	6.206495	cm	Tube anode:	Mo		Tube voltage:	30	kV	Tube current:	50	mA	gain	10		std. database			resultfile	result		matrix element	11		sample thickness	1.000000		air passage	0.560000	cm	comments	in position		peaking_time	2.200000	m-sec	trigger_threshold	547.363281	V	mca_bin_width	22.090000	no:	number_mca_channels	1024.000000	no:	gap_time	0.150000	m-sec	trigger_peaking_time	0.200000	m-sec	GAINDAC	18610		HIGHGAIN	1		TAURC	1		RCTAU	1		RCTAUFRAC	1		livetime	9.485398	seconds	runtime	10.000489	seconds	input_count_rate	21179.502270	cps	output_count_rate	17668.936342	cps	triggers	200896	seconds	events_in_run	176698	seconds	channel	content		1	0
2	0
3	0
4	0
5	0
6	0
7	0
8	0
9	0
10	0
11	0
12	0
13	0
14	0
15	0
16	0
17	0
18	0
19	0
20	0
21	0
22	0
23	0
24	0
25	0
26	0
27	0
28	0
29	0
30	0
31	18
32	10
33	14
34	16
35	15
36	11
37	18
38	13
39	12
40	14
41	14
42	14
43	16
44	12
45	12
46	14
47	8
48	16
49	11
50	16
51	18
52	15
53	10
54	11
55	12
56	9
57	16
58	9
59	15
60	19
61	11
62	9
63	8
64	5
65	12
66	3
67	10
68	7
69	10
70	8
71	15
72	9
73	8
74	8
75	7
76	10
77	2
78	12
79	11
80	8
81	15
82	12
83	8
84	13
85	5
86	8
87	5
88	4
89	3
90	2
91	7
92	6
93	12
94	16
95	11
96	21
97	19
98	21
99	8
100	9
101	5
102	10
103	7
104	11
105	8
106	9
107	8
108	7
109	8
110	2
111	8
112	3
113	4
114	0
115	9
116	2
117	6
118	5
119	4
120	4
121	1
122	2
123	5
124	5
125	2
126	3
127	8
128	2
129	5
130	2
131	4
132	5
133	5
134	2
135	7
136	2
137	4
138	3
139	5
140	1
141	4
142	4
143	7
144	3
145	3
146	7
147	6
148	3
149	0
150	6
151	4
152	4
153	5
154	0
155	3
156	6
157	7
158	12
159	12
160	12
161	20
162	22
163	25
164	39
165	29
166	19
167	14
168	10
169	3
170	5
171	5
172	2
173	12
174	5
175	10
176	8
177	7
178	11
179	10
180	13
181	12
182	22
183	21
184	29
185	20
186	10
187	3
188	12
189	1
190	4
191	8
192	2
193	6
194	10
195	14
196	43
197	50
198	99
199	151
200	200
201	295
202	380
203	367
204	335
205	282
206	205
207	143
208	81
209	47
210	25
211	17
212	7
213	2
214	13
215	18
216	22
217	29
218	42
219	51
220	62
221	69
222	71
223	46
224	44
225	29
226	16
227	15
228	6
229	3
230	5
231	4
232	2
233	2
234	4
235	9
236	2
237	5
238	13
239	11
240	15
241	29
242	56
243	78
244	98
245	175
246	172
247	190
248	217
249	206
250	186
251	121
252	91
253	66
254	52
255	40
256	34
257	30
258	25
259	20
260	10
261	8
262	14
263	12
264	15
265	18
266	36
267	36
268	28
269	46
270	38
271	46
272	55
273	44
274	46
275	19
276	22
277	16
278	11
279	13
280	4
281	5
282	9
283	7
284	12
285	14
286	15
287	12
288	14
289	15
290	9
291	13
292	13
293	15
294	10
295	18
296	14
297	15
298	14
299	17
300	19
301	7
302	11
303	9
304	12
305	13
306	9
307	9
308	11
309	19
310	16
311	11
312	8
313	10
314	16
315	21
316	24
317	23
318	51
319	70
320	68
321	110
322	121
323	125
324	137
325	99
326	104
327	89
328	61
329	40
330	48
331	34
332	26
333	24
334	20
335	35
336	27
337	28
338	34
339	58
340	93
341	164
342	286
343	526
344	906
345	1493
346	2364
347	3369
348	4461
349	5344
350	6155
351	6383
352	5951
353	5419
354	4294
355	3249
356	2236
357	1396
358	898
359	520
360	274
361	143
362	84
363	45
364	51
365	35
366	31
367	24
368	39
369	39
370	47
371	31
372	31
373	42
374	40
375	56
376	69
377	77
378	102
379	170
380	220
381	374
382	502
383	633
384	799
385	959
386	1040
387	1059
388	997
389	889
390	704
391	554
392	421
393	259
394	170
395	116
396	63
397	44
398	36
399	24
400	28
401	39
402	25
403	28
404	28
405	29
406	30
407	47
408	35
409	40
410	34
411	36
412	35
413	28
414	27
415	25
416	29
417	24
418	24
419	27
420	29
421	27
422	32
423	27
424	26
425	30
426	30
427	28
428	34
429	24
430	28
431	30
432	27
433	47
434	37
435	35
436	42
437	70
438	49
439	51
440	77
441	75
442	56
443	74
444	50
445	52
446	48
447	49
448	51
449	55
450	56
451	36
452	51
453	70
454	53
455	53
456	59
457	69
458	79
459	70
460	57
461	79
462	82
463	61
464	57
465	65
466	51
467	50
468	55
469	56
470	50
471	48
472	69
473	57
474	64
475	66
476	60
477	53
478	48
479	70
480	51
481	53
482	52
483	45
484	47
485	42
486	45
487	48
488	52
489	52
490	58
491	60
492	57
493	56
494	54
495	46
496	49
497	48
498	49
499	65
500	56
501	62
502	56
503	56
504	69
505	51
506	68
507	69
508	71
509	61
510	68
511	69
512	79
513	79
514	75
515	64
516	57
517	91
518	69
519	69
520	74
521	57
522	92
523	74
524	77
525	83
526	92
527	96
528	92
529	88
530	83
531	73
532	93
533	74
534	86
535	78
536	83
537	77
538	68
539	78
540	75
541	76
542	72
543	77
544	81
545	76
546	84
547	62
548	72
549	80
550	81
551	79
552	80
553	65
554	79
555	79
556	79
557	61
558	58
559	69
560	85
561	80
562	61
563	60
564	54
565	60
566	67
567	77
568	83
569	67
570	68
571	71
572	86
573	76
574	72
575	92
576	85
577	73
578	88
579	84
580	76
581	68
582	70
583	69
584	73
585	80
586	87
587	77
588	70
589	74
590	77
591	64
592	82
593	94
594	64
595	60
596	93
597	93
598	87
599	76
600	83
601	81
602	86
603	90
604	93
605	75
606	90
607	95
608	87
609	89
610	92
611	91
612	80
613	89
614	88
615	91
616	99
617	73
618	95
619	100
620	94
621	94
622	83
623	84
624	106
625	84
626	89
627	108
628	86
629	97
630	106
631	112
632	96
633	98
634	87
635	107
636	87
637	90
638	90
639	103
640	84
641	94
642	90
643	100
644	100
645	93
646	112
647	82
648	111
649	96
650	93
651	105
652	107
653	100
654	97
655	75
656	112
657	113
658	90
659	88
660	114
661	95
662	109
663	93
664	99
665	123
666	87
667	101
668	90
669	97
670	103
671	123
672	96
673	100
674	101
675	107
676	110
677	116
678	93
679	108
680	101
681	104
682	111
683	101
684	104
685	98
686	115
687	126
688	115
689	103
690	113
691	110
692	117
693	132
694	118
695	105
696	112
697	108
698	124
699	132
700	103
701	103
702	115
703	109
704	113
705	94
706	131
707	121
708	113
709	104
710	127
711	102
712	141
713	125
714	95
715	117
716	129
717	100
718	113
719	121
720	101
721	112
722	110
723	118
724	113
725	107
726	116
727	133
728	113
729	125
730	105
731	104
732	122
733	131
734	125
735	126
736	109
737	147
738	123
739	127
740	124
741	144
742	110
743	115
744	141
745	132
746	114
747	119
748	131
749	113
750	120
751	119
752	139
753	126
754	126
755	126
756	116
757	127
758	125
759	125
760	138
761	112
762	149
763	127
764	169
765	181
766	166
767	181
768	182
769	219
770	251
771	255
772	259
773	294
774	297
775	270
776	222
777	271
778	230
779	221
780	178
781	156
782	158
783	166
784	163
785	137
786	145
787	140
788	115
789	118
790	108
791	103
792	137
793	139
794	122
795	134
796	136
797	136
798	126
799	128
800	131
801	129
802	129
803	128
804	139
805	150
806	124
807	122
808	112
809	128
810	126
811	145
812	138
813	126
814	124
815	120
816	156
817	145
818	145
819	134
820	149
821	158
822	133
823	134
824	162
825	163
826	130
827	149
828	152
829	138
830	133
831	142
832	145
833	141
834	133
835	129
836	162
837	119
838	135
839	160
840	151
841	146
842	137
843	154
844	143
845	133
846	180
847	150
848	145
849	161
850	155
851	157
852	153
853	150
854	172
855	174
856	181
857	174
858	204
859	219
860	208
861	197
862	219
863	244
864	201
865	248
866	218
867	205
868	197
869	220
870	212
871	227
872	210
873	194
874	214
875	210
876	231
877	245
878	254
879	251
880	256
881	265
882	326
883	289
884	339
885	352
886	352
887	351
888	359
889	397
890	449
891	436
892	432
893	471
894	465
895	535
896	530
897	559
898	497
899	536
900	479
901	543
902	555
903	548
904	512
905	521
906	503
907	461
908	467
909	456
910	416
911	423
912	408
913	408
914	379
915	366
916	326
917	332
918	280
919	280
920	296
921	248
922	224
923	225
924	221
925	216
926	193
927	224
928	173
929	171
930	180
931	185
932	173
933	168
934	157
935	158
936	167
937	186
938	177
939	173
940	183
941	194
942	185
943	229
944	203
945	227
946	287
947	323
948	294
949	345
950	380
951	336
952	389
953	417
954	422
955	389
956	376
957	393
958	408
959	325
960	319
961	256
962	205
963	224
964	197
965	170
966	162
967	134
968	144
969	128
970	125
971	125
972	125
973	116
974	116
975	137
976	129
977	143
978	124
979	124
980	126
981	139
982	142
983	129
984	137
985	149
986	142
987	145
988	145
989	133
990	133
991	158
992	142
993	150
994	167
995	140
996	178
997	144
998	185
999	163
1000	165
1001	155
1002	170
1003	205
1004	171
1005	176
1006	183
1007	171
1008	157
1009	180
1010	170
1011	162
1012	165
1013	166
1014	151
1015	155
1016	153
1017	143
1018	136
1019	137
1020	161
1021	106
1022	125
1023	95
1024	132
