Date:	08/05/2018		Time:	23:06		Version no:	0.00		Project name:	55		Sample name:	222		Section name:	section		Position	407.115021	mm	E0	0.000000	keV	E1	1.000000	keV/channel	sample surface	6.142011	cm	Tube anode:	Mo		Tube voltage:	30	kV	Tube current:	50	mA	gain	10		std. database			resultfile	result		matrix element	11		sample thickness	1.000000		air passage	0.560000	cm	comments	in position		peaking_time	2.200000	m-sec	trigger_threshold	547.363281	V	mca_bin_width	22.090000	no:	number_mca_channels	1024.000000	no:	gap_time	0.150000	m-sec	trigger_peaking_time	0.200000	m-sec	GAINDAC	18610		HIGHGAIN	1		TAURC	1		RCTAU	1		RCTAUFRAC	1		livetime	9.382708	seconds	runtime	10.000196	seconds	input_count_rate	27188.632536	cps	output_count_rate	21833.172070	cps	triggers	255103	seconds	events_in_run	218336	seconds	channel	content		1	0
2	0
3	0
4	0
5	0
6	0
7	0
8	0
9	0
10	0
11	0
12	0
13	0
14	0
15	0
16	0
17	0
18	0
19	0
20	0
21	0
22	0
23	0
24	0
25	0
26	0
27	0
28	0
29	0
30	0
31	14
32	8
33	16
34	15
35	13
36	12
37	16
38	11
39	12
40	10
41	9
42	16
43	22
44	13
45	15
46	16
47	7
48	14
49	13
50	13
51	17
52	17
53	10
54	16
55	15
56	10
57	12
58	15
59	10
60	15
61	11
62	11
63	15
64	11
65	12
66	9
67	10
68	7
69	10
70	8
71	11
72	14
73	10
74	6
75	5
76	8
77	13
78	5
79	7
80	13
81	23
82	13
83	14
84	14
85	7
86	10
87	5
88	8
89	12
90	9
91	5
92	8
93	11
94	9
95	22
96	9
97	16
98	20
99	11
100	13
101	10
102	5
103	7
104	4
105	9
106	11
107	14
108	11
109	11
110	8
111	3
112	5
113	4
114	11
115	5
116	4
117	7
118	11
119	5
120	8
121	2
122	2
123	4
124	8
125	3
126	3
127	6
128	9
129	6
130	0
131	1
132	4
133	4
134	5
135	3
136	2
137	4
138	2
139	3
140	3
141	2
142	10
143	2
144	5
145	5
146	4
147	2
148	6
149	11
150	8
151	6
152	8
153	9
154	4
155	6
156	4
157	5
158	15
159	12
160	19
161	21
162	22
163	28
164	23
165	21
166	21
167	8
168	7
169	2
170	8
171	5
172	4
173	6
174	3
175	8
176	4
177	9
178	13
179	12
180	10
181	27
182	18
183	14
184	13
185	18
186	23
187	9
188	8
189	4
190	7
191	1
192	4
193	1
194	16
195	15
196	35
197	54
198	121
199	155
200	207
201	311
202	403
203	426
204	407
205	287
206	258
207	158
208	86
209	54
210	17
211	12
212	10
213	8
214	11
215	12
216	23
217	31
218	43
219	50
220	59
221	55
222	56
223	51
224	53
225	20
226	17
227	10
228	9
229	9
230	11
231	9
232	2
233	3
234	6
235	6
236	8
237	5
238	11
239	12
240	20
241	48
242	84
243	113
244	188
245	265
246	352
247	326
248	348
249	322
250	294
251	231
252	159
253	113
254	89
255	77
256	49
257	46
258	32
259	24
260	19
261	19
262	8
263	12
264	20
265	23
266	32
267	46
268	73
269	54
270	85
271	87
272	95
273	60
274	57
275	43
276	30
277	18
278	19
279	19
280	18
281	20
282	10
283	11
284	13
285	19
286	18
287	12
288	17
289	16
290	21
291	9
292	18
293	11
294	17
295	23
296	18
297	18
298	23
299	15
300	19
301	15
302	9
303	15
304	17
305	9
306	19
307	18
308	22
309	18
310	16
311	11
312	13
313	15
314	17
315	20
316	35
317	35
318	49
319	64
320	74
321	106
322	128
323	140
324	148
325	149
326	110
327	82
328	66
329	55
330	44
331	37
332	42
333	27
334	39
335	33
336	40
337	43
338	69
339	92
340	139
341	232
342	433
343	840
344	1504
345	2416
346	3758
347	5294
348	6868
349	8481
350	9543
351	9691
352	9460
353	8412
354	6724
355	4974
356	3445
357	2164
358	1303
359	761
360	384
361	200
362	112
363	71
364	58
365	46
366	35
367	40
368	57
369	50
370	42
371	58
372	46
373	67
374	58
375	92
376	95
377	121
378	174
379	239
380	372
381	547
382	736
383	956
384	1227
385	1512
386	1627
387	1593
388	1575
389	1311
390	1109
391	835
392	603
393	359
394	238
395	148
396	75
397	50
398	39
399	32
400	27
401	27
402	24
403	28
404	30
405	32
406	24
407	32
408	33
409	30
410	48
411	33
412	30
413	45
414	28
415	33
416	27
417	37
418	27
419	35
420	39
421	30
422	35
423	37
424	29
425	32
426	32
427	26
428	32
429	31
430	37
431	39
432	32
433	35
434	48
435	49
436	50
437	72
438	86
439	71
440	88
441	77
442	70
443	74
444	94
445	58
446	62
447	69
448	66
449	66
450	66
451	62
452	66
453	61
454	61
455	76
456	73
457	76
458	90
459	85
460	94
461	59
462	68
463	73
464	77
465	63
466	61
467	63
468	47
469	78
470	46
471	58
472	62
473	72
474	76
475	46
476	67
477	52
478	54
479	52
480	61
481	56
482	54
483	48
484	53
485	54
486	61
487	47
488	64
489	60
490	43
491	56
492	74
493	67
494	43
495	52
496	44
497	58
498	49
499	66
500	54
501	58
502	59
503	71
504	65
505	68
506	72
507	87
508	92
509	77
510	84
511	79
512	89
513	57
514	71
515	69
516	72
517	81
518	81
519	89
520	81
521	67
522	81
523	99
524	90
525	77
526	84
527	93
528	105
529	103
530	85
531	74
532	86
533	84
534	88
535	74
536	73
537	72
538	78
539	77
540	82
541	69
542	97
543	84
544	79
545	86
546	59
547	77
548	83
549	85
550	75
551	78
552	55
553	66
554	77
555	84
556	89
557	72
558	72
559	64
560	87
561	67
562	54
563	75
564	81
565	67
566	70
567	65
568	70
569	74
570	87
571	84
572	75
573	76
574	62
575	78
576	102
577	97
578	85
579	78
580	84
581	66
582	78
583	81
584	72
585	93
586	90
587	99
588	80
589	81
590	88
591	98
592	86
593	72
594	93
595	79
596	106
597	90
598	96
599	98
600	102
601	93
602	91
603	89
604	69
605	87
606	101
607	90
608	101
609	93
610	95
611	101
612	93
613	82
614	92
615	93
616	90
617	92
618	109
619	95
620	77
621	75
622	81
623	96
624	89
625	94
626	113
627	96
628	98
629	109
630	95
631	97
632	97
633	103
634	106
635	106
636	100
637	110
638	86
639	91
640	97
641	89
642	115
643	104
644	94
645	93
646	97
647	99
648	104
649	117
650	102
651	117
652	101
653	126
654	116
655	124
656	98
657	103
658	108
659	107
660	92
661	122
662	107
663	100
664	105
665	101
666	84
667	73
668	87
669	121
670	113
671	110
672	119
673	121
674	101
675	103
676	99
677	124
678	109
679	108
680	106
681	118
682	107
683	116
684	99
685	109
686	114
687	119
688	127
689	116
690	130
691	111
692	125
693	106
694	130
695	100
696	105
697	131
698	138
699	121
700	139
701	144
702	115
703	122
704	130
705	117
706	105
707	118
708	114
709	124
710	117
711	105
712	130
713	113
714	116
715	107
716	114
717	134
718	87
719	131
720	112
721	107
722	133
723	130
724	141
725	104
726	118
727	111
728	115
729	130
730	136
731	111
732	137
733	125
734	127
735	138
736	126
737	126
738	123
739	129
740	147
741	133
742	129
743	99
744	114
745	140
746	126
747	131
748	139
749	135
750	113
751	120
752	134
753	121
754	125
755	119
756	118
757	118
758	139
759	125
760	159
761	126
762	133
763	146
764	126
765	157
766	162
767	189
768	203
769	196
770	245
771	261
772	262
773	273
774	264
775	241
776	254
777	265
778	221
779	218
780	192
781	162
782	155
783	170
784	170
785	152
786	135
787	131
788	144
789	108
790	136
791	128
792	129
793	140
794	132
795	135
796	140
797	143
798	118
799	152
800	141
801	124
802	128
803	132
804	134
805	126
806	148
807	127
808	151
809	151
810	145
811	137
812	150
813	126
814	146
815	132
816	128
817	156
818	159
819	137
820	146
821	144
822	139
823	141
824	127
825	152
826	149
827	132
828	135
829	141
830	151
831	133
832	129
833	150
834	147
835	124
836	149
837	135
838	138
839	123
840	137
841	125
842	160
843	156
844	126
845	176
846	149
847	153
848	156
849	154
850	143
851	146
852	151
853	143
854	169
855	191
856	157
857	172
858	208
859	182
860	180
861	185
862	222
863	215
864	228
865	204
866	235
867	220
868	232
869	211
870	219
871	203
872	218
873	182
874	260
875	231
876	225
877	236
878	256
879	266
880	269
881	290
882	275
883	316
884	315
885	333
886	403
887	373
888	398
889	404
890	450
891	457
892	477
893	478
894	474
895	493
896	553
897	516
898	562
899	540
900	549
901	568
902	578
903	553
904	544
905	569
906	507
907	530
908	521
909	478
910	456
911	457
912	433
913	373
914	383
915	332
916	342
917	336
918	309
919	270
920	281
921	239
922	239
923	236
924	231
925	214
926	208
927	191
928	198
929	191
930	158
931	167
932	152
933	169
934	168
935	167
936	171
937	166
938	143
939	178
940	171
941	179
942	200
943	213
944	224
945	251
946	248
947	279
948	323
949	366
950	369
951	382
952	400
953	417
954	436
955	413
956	378
957	392
958	349
959	324
960	288
961	273
962	229
963	213
964	184
965	184
966	155
967	143
968	149
969	143
970	110
971	127
972	102
973	130
974	147
975	134
976	131
977	116
978	130
979	118
980	121
981	124
982	125
983	116
984	150
985	125
986	148
987	157
988	135
989	152
990	145
991	152
992	154
993	155
994	149
995	175
996	159
997	164
998	175
999	170
1000	179
1001	161
1002	169
1003	199
1004	179
1005	167
1006	159
1007	166
1008	199
1009	168
1010	173
1011	166
1012	145
1013	154
1014	154
1015	138
1016	145
1017	152
1018	138
1019	147
1020	134
1021	151
1022	133
1023	109
1024	131
