Date:	08/05/2018		Time:	23:19		Version no:	0.00		Project name:	55		Sample name:	222		Section name:	section		Position	421.315033	mm	E0	0.000000	keV	E1	1.000000	keV/channel	sample surface	6.210108	cm	Tube anode:	Mo		Tube voltage:	30	kV	Tube current:	50	mA	gain	10		std. database			resultfile	result		matrix element	11		sample thickness	1.000000		air passage	0.560000	cm	comments	in position		peaking_time	2.200000	m-sec	trigger_threshold	547.363281	V	mca_bin_width	22.090000	no:	number_mca_channels	1024.000000	no:	gap_time	0.150000	m-sec	trigger_peaking_time	0.200000	m-sec	GAINDAC	18610		HIGHGAIN	1		TAURC	1		RCTAU	1		RCTAUFRAC	1		livetime	9.430674	seconds	runtime	10.000496	seconds	input_count_rate	24361.144256	cps	output_count_rate	19958.110078	cps	triggers	229742	seconds	events_in_run	199591	seconds	channel	content		1	0
2	0
3	0
4	0
5	0
6	0
7	0
8	0
9	0
10	0
11	0
12	0
13	0
14	0
15	0
16	0
17	0
18	0
19	0
20	0
21	0
22	0
23	0
24	0
25	0
26	0
27	0
28	0
29	0
30	0
31	17
32	18
33	17
34	12
35	15
36	21
37	21
38	20
39	11
40	15
41	17
42	12
43	17
44	15
45	16
46	8
47	15
48	15
49	11
50	14
51	17
52	5
53	24
54	10
55	9
56	4
57	16
58	8
59	11
60	12
61	10
62	7
63	9
64	13
65	11
66	11
67	7
68	7
69	10
70	5
71	10
72	11
73	3
74	7
75	7
76	8
77	6
78	12
79	10
80	8
81	8
82	8
83	4
84	10
85	16
86	7
87	6
88	7
89	10
90	2
91	10
92	8
93	11
94	15
95	29
96	23
97	17
98	18
99	17
100	11
101	5
102	4
103	8
104	4
105	12
106	11
107	11
108	12
109	4
110	12
111	3
112	6
113	4
114	1
115	3
116	2
117	8
118	7
119	5
120	5
121	8
122	2
123	7
124	10
125	4
126	1
127	3
128	4
129	6
130	3
131	3
132	0
133	2
134	3
135	5
136	4
137	5
138	4
139	0
140	4
141	8
142	2
143	5
144	1
145	2
146	5
147	5
148	5
149	8
150	4
151	3
152	8
153	4
154	4
155	4
156	4
157	5
158	8
159	13
160	15
161	19
162	30
163	22
164	26
165	22
166	10
167	10
168	6
169	7
170	6
171	5
172	3
173	7
174	10
175	8
176	6
177	11
178	20
179	20
180	20
181	23
182	37
183	24
184	22
185	23
186	13
187	7
188	3
189	7
190	3
191	4
192	5
193	9
194	9
195	15
196	21
197	57
198	114
199	166
200	238
201	320
202	378
203	399
204	349
205	322
206	225
207	156
208	89
209	55
210	28
211	18
212	10
213	11
214	11
215	12
216	24
217	45
218	36
219	73
220	85
221	60
222	62
223	52
224	38
225	31
226	12
227	7
228	8
229	7
230	6
231	3
232	1
233	7
234	2
235	5
236	1
237	6
238	5
239	5
240	17
241	25
242	40
243	52
244	98
245	118
246	173
247	182
248	172
249	166
250	144
251	107
252	82
253	71
254	52
255	49
256	43
257	32
258	25
259	21
260	14
261	11
262	16
263	11
264	17
265	19
266	28
267	21
268	40
269	43
270	53
271	59
272	55
273	33
274	32
275	36
276	21
277	17
278	14
279	16
280	8
281	7
282	7
283	11
284	6
285	13
286	14
287	11
288	10
289	15
290	12
291	16
292	17
293	16
294	14
295	17
296	26
297	26
298	20
299	18
300	23
301	18
302	10
303	11
304	9
305	14
306	16
307	11
308	17
309	21
310	9
311	13
312	15
313	14
314	15
315	19
316	24
317	29
318	64
319	77
320	86
321	107
322	119
323	111
324	132
325	129
326	110
327	81
328	49
329	55
330	43
331	34
332	30
333	21
334	41
335	36
336	34
337	37
338	51
339	76
340	111
341	192
342	405
343	671
344	1246
345	1973
346	3013
347	4374
348	5753
349	6959
350	7872
351	8144
352	7603
353	6694
354	5501
355	4018
356	2733
357	1776
358	1055
359	571
360	333
361	168
362	113
363	57
364	39
365	46
366	46
367	36
368	40
369	47
370	47
371	47
372	39
373	57
374	42
375	65
376	78
377	108
378	136
379	199
380	315
381	472
382	620
383	855
384	1054
385	1229
386	1308
387	1336
388	1217
389	1132
390	928
391	631
392	483
393	317
394	178
395	129
396	77
397	41
398	44
399	27
400	36
401	35
402	25
403	22
404	32
405	25
406	38
407	25
408	45
409	34
410	35
411	39
412	32
413	40
414	34
415	39
416	30
417	26
418	40
419	31
420	37
421	25
422	36
423	35
424	26
425	44
426	37
427	42
428	47
429	31
430	45
431	33
432	34
433	38
434	48
435	47
436	53
437	60
438	75
439	72
440	78
441	80
442	83
443	73
444	70
445	65
446	62
447	51
448	68
449	70
450	68
451	65
452	72
453	69
454	75
455	74
456	69
457	76
458	86
459	73
460	87
461	86
462	78
463	84
464	81
465	67
466	61
467	49
468	62
469	63
470	60
471	74
472	54
473	69
474	56
475	50
476	58
477	57
478	68
479	66
480	53
481	68
482	56
483	48
484	51
485	44
486	56
487	58
488	61
489	56
490	76
491	54
492	50
493	71
494	60
495	69
496	64
497	59
498	58
499	71
500	73
501	50
502	56
503	74
504	68
505	75
506	86
507	63
508	79
509	55
510	89
511	85
512	80
513	75
514	85
515	83
516	69
517	83
518	102
519	76
520	92
521	87
522	97
523	96
524	81
525	100
526	108
527	90
528	101
529	106
530	96
531	106
532	88
533	95
534	91
535	108
536	91
537	81
538	83
539	68
540	84
541	87
542	79
543	86
544	75
545	88
546	102
547	75
548	71
549	83
550	83
551	100
552	83
553	76
554	70
555	79
556	92
557	79
558	78
559	88
560	79
561	73
562	83
563	83
564	80
565	73
566	84
567	93
568	61
569	98
570	84
571	87
572	68
573	94
574	93
575	83
576	92
577	74
578	72
579	66
580	80
581	94
582	87
583	83
584	77
585	104
586	83
587	93
588	99
589	91
590	91
591	95
592	80
593	86
594	118
595	102
596	95
597	83
598	107
599	92
600	101
601	108
602	88
603	90
604	106
605	122
606	122
607	90
608	92
609	89
610	97
611	104
612	120
613	119
614	106
615	103
616	122
617	105
618	93
619	113
620	111
621	99
622	105
623	90
624	86
625	96
626	96
627	98
628	106
629	105
630	92
631	90
632	96
633	129
634	115
635	111
636	101
637	97
638	88
639	98
640	86
641	119
642	100
643	97
644	103
645	100
646	103
647	102
648	105
649	124
650	104
651	117
652	106
653	120
654	124
655	114
656	108
657	125
658	111
659	105
660	105
661	121
662	107
663	117
664	119
665	100
666	105
667	130
668	107
669	139
670	98
671	117
672	110
673	114
674	104
675	110
676	115
677	125
678	106
679	106
680	131
681	130
682	115
683	109
684	126
685	127
686	92
687	131
688	127
689	118
690	103
691	114
692	111
693	121
694	110
695	120
696	135
697	104
698	127
699	126
700	124
701	120
702	117
703	120
704	133
705	105
706	102
707	114
708	132
709	146
710	118
711	116
712	131
713	119
714	131
715	112
716	113
717	105
718	131
719	104
720	124
721	124
722	123
723	112
724	129
725	128
726	140
727	128
728	131
729	133
730	135
731	146
732	137
733	125
734	141
735	140
736	148
737	119
738	130
739	122
740	131
741	135
742	136
743	138
744	135
745	140
746	138
747	119
748	132
749	111
750	141
751	137
752	120
753	131
754	110
755	117
756	135
757	114
758	146
759	157
760	156
761	166
762	153
763	144
764	162
765	191
766	179
767	220
768	220
769	242
770	254
771	299
772	300
773	318
774	308
775	334
776	288
777	269
778	264
779	230
780	216
781	169
782	164
783	173
784	134
785	153
786	139
787	130
788	125
789	132
790	132
791	132
792	137
793	144
794	151
795	133
796	132
797	140
798	130
799	135
800	153
801	129
802	122
803	129
804	120
805	145
806	152
807	125
808	135
809	131
810	145
811	145
812	144
813	135
814	137
815	140
816	146
817	156
818	123
819	119
820	144
821	132
822	163
823	150
824	130
825	138
826	152
827	156
828	145
829	158
830	135
831	136
832	140
833	154
834	156
835	146
836	124
837	142
838	155
839	166
840	163
841	160
842	147
843	149
844	134
845	150
846	165
847	161
848	139
849	150
850	185
851	170
852	149
853	155
854	161
855	159
856	198
857	190
858	164
859	195
860	214
861	166
862	211
863	194
864	213
865	232
866	208
867	219
868	221
869	223
870	226
871	228
872	207
873	212
874	191
875	242
876	236
877	225
878	247
879	241
880	255
881	278
882	302
883	305
884	309
885	353
886	365
887	399
888	399
889	398
890	436
891	452
892	476
893	469
894	491
895	526
896	557
897	551
898	550
899	573
900	563
901	564
902	519
903	538
904	483
905	547
906	500
907	505
908	498
909	470
910	436
911	403
912	435
913	392
914	401
915	374
916	343
917	314
918	299
919	273
920	281
921	239
922	248
923	231
924	288
925	213
926	207
927	198
928	220
929	203
930	173
931	176
932	155
933	158
934	150
935	193
936	160
937	190
938	175
939	151
940	196
941	156
942	204
943	220
944	230
945	250
946	274
947	299
948	300
949	345
950	369
951	393
952	413
953	396
954	365
955	413
956	384
957	366
958	348
959	317
960	262
961	257
962	247
963	199
964	187
965	182
966	146
967	153
968	159
969	132
970	116
971	111
972	123
973	121
974	118
975	127
976	112
977	145
978	121
979	126
980	124
981	138
982	132
983	140
984	132
985	132
986	161
987	118
988	130
989	147
990	149
991	129
992	154
993	160
994	175
995	156
996	166
997	166
998	196
999	156
1000	166
1001	187
1002	154
1003	189
1004	176
1005	176
1006	166
1007	167
1008	175
1009	168
1010	168
1011	157
1012	158
1013	145
1014	156
1015	154
1016	146
1017	141
1018	136
1019	129
1020	138
1021	127
1022	126
1023	107
1024	106
