Date:	08/05/2018		Time:	23:27		Version no:	0.00		Project name:	55		Sample name:	222		Section name:	section		Position	429.315033	mm	E0	0.000000	keV	E1	1.000000	keV/channel	sample surface	6.256893	cm	Tube anode:	Mo		Tube voltage:	30	kV	Tube current:	50	mA	gain	10		std. database			resultfile	result		matrix element	11		sample thickness	1.000000		air passage	0.560000	cm	comments	in position		peaking_time	2.200000	m-sec	trigger_threshold	547.363281	V	mca_bin_width	22.090000	no:	number_mca_channels	1024.000000	no:	gap_time	0.150000	m-sec	trigger_peaking_time	0.200000	m-sec	GAINDAC	18610		HIGHGAIN	1		TAURC	1		RCTAU	1		RCTAUFRAC	1		livetime	9.395423	seconds	runtime	10.000494	seconds	input_count_rate	26068.756541	cps	output_count_rate	21057.860584	cps	triggers	244927	seconds	events_in_run	210589	seconds	channel	content		1	0
2	0
3	0
4	0
5	0
6	0
7	0
8	0
9	0
10	0
11	0
12	0
13	0
14	0
15	0
16	0
17	0
18	0
19	0
20	0
21	0
22	0
23	0
24	0
25	0
26	0
27	0
28	0
29	0
30	0
31	15
32	15
33	20
34	19
35	16
36	12
37	11
38	15
39	10
40	11
41	19
42	21
43	13
44	18
45	13
46	11
47	10
48	12
49	14
50	7
51	13
52	11
53	18
54	10
55	14
56	12
57	12
58	13
59	14
60	15
61	16
62	9
63	16
64	9
65	11
66	10
67	11
68	7
69	12
70	9
71	13
72	7
73	11
74	10
75	9
76	10
77	11
78	9
79	10
80	7
81	13
82	14
83	15
84	7
85	10
86	10
87	4
88	7
89	11
90	9
91	9
92	10
93	18
94	18
95	13
96	36
97	24
98	14
99	12
100	7
101	9
102	6
103	7
104	10
105	12
106	6
107	12
108	7
109	7
110	7
111	6
112	6
113	1
114	5
115	7
116	2
117	2
118	3
119	2
120	5
121	7
122	5
123	2
124	7
125	6
126	6
127	5
128	8
129	6
130	4
131	2
132	4
133	4
134	6
135	6
136	5
137	4
138	2
139	3
140	4
141	4
142	6
143	7
144	3
145	1
146	1
147	8
148	5
149	2
150	5
151	4
152	6
153	4
154	2
155	4
156	6
157	9
158	6
159	12
160	20
161	28
162	36
163	25
164	28
165	22
166	13
167	10
168	8
169	7
170	4
171	4
172	2
173	4
174	5
175	5
176	16
177	7
178	22
179	13
180	18
181	29
182	20
183	30
184	31
185	18
186	14
187	16
188	13
189	3
190	5
191	2
192	5
193	9
194	7
195	19
196	27
197	57
198	102
199	166
200	265
201	337
202	391
203	437
204	364
205	323
206	255
207	151
208	91
209	59
210	25
211	13
212	10
213	13
214	19
215	19
216	24
217	47
218	60
219	58
220	76
221	69
222	52
223	61
224	41
225	22
226	20
227	13
228	11
229	3
230	7
231	2
232	5
233	4
234	2
235	3
236	3
237	5
238	5
239	7
240	15
241	22
242	43
243	65
244	90
245	113
246	155
247	163
248	187
249	157
250	141
251	119
252	81
253	87
254	51
255	45
256	58
257	34
258	31
259	25
260	17
261	14
262	15
263	15
264	17
265	9
266	21
267	34
268	35
269	41
270	49
271	58
272	38
273	44
274	32
275	24
276	28
277	16
278	15
279	15
280	8
281	7
282	12
283	13
284	11
285	12
286	14
287	13
288	15
289	13
290	12
291	18
292	12
293	26
294	19
295	18
296	18
297	29
298	25
299	18
300	12
301	23
302	16
303	15
304	20
305	10
306	19
307	17
308	13
309	15
310	12
311	18
312	16
313	18
314	19
315	22
316	31
317	48
318	51
319	77
320	112
321	151
322	133
323	152
324	153
325	126
326	125
327	105
328	83
329	62
330	46
331	33
332	31
333	29
334	29
335	41
336	44
337	34
338	53
339	67
340	110
341	208
342	387
343	768
344	1274
345	2159
346	3227
347	4659
348	6260
349	7536
350	8303
351	8487
352	8240
353	7120
354	5843
355	4340
356	3037
357	1951
358	1148
359	658
360	333
361	190
362	119
363	77
364	56
365	49
366	39
367	45
368	51
369	41
370	55
371	41
372	67
373	61
374	69
375	79
376	79
377	111
378	164
379	255
380	316
381	476
382	631
383	917
384	1146
385	1360
386	1397
387	1367
388	1371
389	1189
390	986
391	739
392	476
393	329
394	232
395	116
396	91
397	64
398	37
399	39
400	34
401	22
402	28
403	36
404	32
405	50
406	43
407	44
408	51
409	50
410	47
411	35
412	42
413	31
414	23
415	45
416	40
417	39
418	48
419	29
420	31
421	36
422	29
423	37
424	38
425	32
426	36
427	42
428	37
429	43
430	33
431	37
432	30
433	50
434	39
435	58
436	59
437	65
438	76
439	96
440	89
441	101
442	86
443	96
444	93
445	81
446	76
447	67
448	59
449	57
450	83
451	61
452	66
453	68
454	86
455	68
456	70
457	76
458	93
459	82
460	96
461	73
462	81
463	80
464	75
465	58
466	61
467	51
468	59
469	76
470	60
471	82
472	83
473	79
474	63
475	66
476	74
477	69
478	75
479	70
480	66
481	57
482	52
483	59
484	76
485	60
486	78
487	71
488	64
489	70
490	65
491	60
492	55
493	69
494	42
495	67
496	59
497	64
498	67
499	61
500	69
501	94
502	64
503	83
504	66
505	102
506	76
507	81
508	92
509	80
510	85
511	85
512	75
513	82
514	77
515	94
516	87
517	87
518	98
519	76
520	102
521	96
522	96
523	105
524	101
525	104
526	100
527	119
528	109
529	114
530	112
531	116
532	93
533	110
534	96
535	101
536	85
537	105
538	99
539	88
540	96
541	91
542	95
543	89
544	104
545	76
546	68
547	88
548	87
549	92
550	98
551	80
552	71
553	75
554	79
555	82
556	63
557	90
558	86
559	94
560	75
561	98
562	104
563	85
564	70
565	91
566	98
567	90
568	83
569	76
570	93
571	85
572	87
573	98
574	85
575	72
576	101
577	63
578	93
579	89
580	87
581	101
582	100
583	101
584	87
585	89
586	106
587	84
588	87
589	99
590	89
591	87
592	89
593	79
594	106
595	94
596	102
597	102
598	96
599	106
600	100
601	89
602	87
603	107
604	121
605	82
606	108
607	115
608	119
609	97
610	106
611	80
612	113
613	96
614	113
615	120
616	103
617	114
618	102
619	113
620	111
621	110
622	116
623	104
624	104
625	109
626	100
627	103
628	106
629	106
630	107
631	124
632	112
633	97
634	104
635	109
636	124
637	105
638	95
639	102
640	97
641	110
642	101
643	102
644	105
645	103
646	105
647	99
648	102
649	113
650	120
651	117
652	124
653	138
654	120
655	114
656	118
657	118
658	135
659	128
660	111
661	104
662	129
663	109
664	81
665	127
666	111
667	126
668	108
669	93
670	124
671	112
672	129
673	111
674	126
675	104
676	119
677	101
678	118
679	94
680	121
681	114
682	120
683	119
684	136
685	129
686	122
687	105
688	126
689	112
690	89
691	132
692	117
693	130
694	126
695	124
696	136
697	101
698	133
699	99
700	130
701	123
702	126
703	111
704	122
705	135
706	108
707	130
708	117
709	123
710	132
711	125
712	138
713	135
714	144
715	114
716	130
717	140
718	139
719	119
720	127
721	135
722	121
723	125
724	138
725	122
726	132
727	142
728	135
729	130
730	148
731	138
732	122
733	139
734	133
735	154
736	127
737	138
738	135
739	120
740	135
741	139
742	160
743	128
744	125
745	130
746	146
747	145
748	123
749	143
750	136
751	124
752	139
753	137
754	144
755	143
756	146
757	122
758	150
759	135
760	141
761	142
762	157
763	144
764	164
765	201
766	205
767	235
768	211
769	245
770	250
771	309
772	325
773	287
774	334
775	292
776	294
777	246
778	271
779	233
780	209
781	215
782	173
783	165
784	158
785	140
786	141
787	141
788	155
789	143
790	153
791	148
792	131
793	143
794	148
795	134
796	146
797	141
798	138
799	123
800	157
801	156
802	152
803	143
804	128
805	157
806	142
807	150
808	141
809	146
810	133
811	132
812	144
813	133
814	158
815	157
816	144
817	154
818	156
819	155
820	153
821	149
822	144
823	161
824	170
825	159
826	167
827	134
828	137
829	161
830	150
831	140
832	143
833	134
834	128
835	149
836	149
837	140
838	168
839	153
840	135
841	145
842	145
843	188
844	150
845	180
846	146
847	174
848	162
849	150
850	164
851	185
852	166
853	158
854	163
855	183
856	210
857	185
858	178
859	210
860	209
861	190
862	180
863	209
864	219
865	221
866	231
867	240
868	218
869	210
870	227
871	190
872	209
873	198
874	238
875	241
876	247
877	246
878	272
879	293
880	235
881	295
882	273
883	293
884	329
885	325
886	332
887	382
888	421
889	410
890	446
891	468
892	486
893	511
894	532
895	569
896	579
897	606
898	533
899	604
900	561
901	547
902	582
903	561
904	551
905	514
906	540
907	568
908	534
909	511
910	493
911	474
912	426
913	415
914	433
915	393
916	351
917	341
918	295
919	306
920	276
921	262
922	294
923	263
924	220
925	208
926	231
927	225
928	207
929	199
930	192
931	151
932	178
933	182
934	194
935	149
936	169
937	175
938	169
939	167
940	183
941	185
942	195
943	205
944	228
945	280
946	268
947	341
948	341
949	403
950	394
951	427
952	396
953	475
954	449
955	400
956	424
957	401
958	379
959	340
960	291
961	230
962	235
963	204
964	188
965	160
966	168
967	155
968	125
969	121
970	130
971	138
972	153
973	134
974	132
975	126
976	133
977	129
978	122
979	176
980	128
981	134
982	125
983	139
984	121
985	127
986	135
987	129
988	130
989	155
990	158
991	154
992	179
993	160
994	170
995	181
996	181
997	153
998	174
999	162
1000	211
1001	158
1002	177
1003	191
1004	175
1005	179
1006	173
1007	206
1008	168
1009	190
1010	179
1011	165
1012	168
1013	148
1014	175
1015	133
1016	162
1017	143
1018	134
1019	132
1020	141
1021	130
1022	128
1023	113
1024	117
