Date:	08/05/2018		Time:	23:25		Version no:	0.00		Project name:	55		Sample name:	222		Section name:	section		Position	427.515045	mm	E0	0.000000	keV	E1	1.000000	keV/channel	sample surface	6.247847	cm	Tube anode:	Mo		Tube voltage:	30	kV	Tube current:	50	mA	gain	10		std. database			resultfile	result		matrix element	11		sample thickness	1.000000		air passage	0.560000	cm	comments	in position		peaking_time	2.200000	m-sec	trigger_threshold	547.363281	V	mca_bin_width	22.090000	no:	number_mca_channels	1024.000000	no:	gap_time	0.150000	m-sec	trigger_peaking_time	0.200000	m-sec	GAINDAC	18610		HIGHGAIN	1		TAURC	1		RCTAU	1		RCTAUFRAC	1		livetime	9.410587	seconds	runtime	10.000492	seconds	input_count_rate	25452.609376	cps	output_count_rate	20639.984513	cps	triggers	239524	seconds	events_in_run	206410	seconds	channel	content		1	0
2	0
3	0
4	0
5	0
6	0
7	0
8	0
9	0
10	0
11	0
12	0
13	0
14	0
15	0
16	0
17	0
18	0
19	0
20	0
21	0
22	0
23	0
24	0
25	0
26	0
27	0
28	0
29	0
30	0
31	13
32	15
33	18
34	11
35	15
36	21
37	10
38	14
39	14
40	19
41	14
42	12
43	15
44	10
45	19
46	9
47	18
48	12
49	11
50	10
51	8
52	11
53	12
54	13
55	19
56	12
57	19
58	14
59	11
60	7
61	13
62	10
63	9
64	15
65	13
66	12
67	13
68	8
69	12
70	9
71	10
72	9
73	9
74	10
75	4
76	13
77	9
78	7
79	9
80	8
81	8
82	16
83	10
84	9
85	5
86	5
87	7
88	2
89	7
90	6
91	15
92	11
93	10
94	18
95	21
96	14
97	24
98	22
99	18
100	13
101	9
102	6
103	6
104	6
105	10
106	7
107	5
108	4
109	11
110	5
111	9
112	6
113	8
114	5
115	5
116	3
117	3
118	6
119	6
120	8
121	3
122	5
123	5
124	4
125	3
126	3
127	8
128	1
129	5
130	6
131	6
132	5
133	3
134	6
135	2
136	2
137	5
138	4
139	6
140	4
141	9
142	4
143	3
144	7
145	3
146	7
147	5
148	4
149	6
150	10
151	4
152	6
153	6
154	10
155	8
156	8
157	1
158	12
159	17
160	11
161	29
162	21
163	44
164	22
165	20
166	18
167	9
168	8
169	6
170	7
171	5
172	6
173	7
174	5
175	6
176	8
177	8
178	9
179	14
180	20
181	21
182	24
183	22
184	23
185	16
186	14
187	14
188	5
189	3
190	3
191	5
192	5
193	8
194	9
195	14
196	30
197	55
198	89
199	165
200	237
201	317
202	389
203	387
204	378
205	315
206	236
207	177
208	97
209	51
210	22
211	17
212	13
213	12
214	13
215	16
216	20
217	38
218	30
219	63
220	61
221	72
222	76
223	62
224	44
225	25
226	18
227	15
228	9
229	4
230	7
231	7
232	5
233	3
234	5
235	5
236	3
237	8
238	7
239	14
240	13
241	22
242	32
243	68
244	85
245	141
246	141
247	147
248	168
249	168
250	154
251	98
252	99
253	74
254	54
255	50
256	50
257	42
258	28
259	30
260	24
261	17
262	15
263	13
264	17
265	23
266	18
267	39
268	38
269	45
270	47
271	52
272	47
273	39
274	35
275	22
276	23
277	19
278	9
279	16
280	14
281	10
282	15
283	7
284	10
285	16
286	15
287	23
288	26
289	22
290	15
291	19
292	16
293	18
294	21
295	21
296	16
297	21
298	16
299	19
300	10
301	16
302	12
303	12
304	12
305	13
306	8
307	10
308	10
309	11
310	20
311	15
312	17
313	21
314	22
315	21
316	39
317	54
318	65
319	110
320	152
321	174
322	226
323	212
324	215
325	167
326	172
327	113
328	109
329	61
330	39
331	41
332	28
333	27
334	30
335	33
336	43
337	45
338	66
339	62
340	140
341	200
342	392
343	734
344	1303
345	1980
346	3127
347	4590
348	6112
349	7376
350	8046
351	8427
352	8043
353	7106
354	5803
355	4238
356	3021
357	1897
358	1181
359	641
360	337
361	193
362	94
363	71
364	44
365	54
366	44
367	47
368	37
369	43
370	47
371	60
372	38
373	65
374	72
375	76
376	100
377	103
378	138
379	226
380	347
381	479
382	660
383	909
384	1107
385	1327
386	1431
387	1448
388	1422
389	1085
390	886
391	678
392	451
393	321
394	192
395	129
396	98
397	57
398	28
399	35
400	36
401	21
402	29
403	26
404	32
405	34
406	36
407	40
408	40
409	26
410	42
411	41
412	31
413	40
414	38
415	38
416	35
417	39
418	41
419	30
420	30
421	43
422	38
423	38
424	35
425	29
426	31
427	31
428	41
429	31
430	46
431	47
432	33
433	30
434	50
435	53
436	55
437	53
438	83
439	79
440	73
441	77
442	93
443	67
444	64
445	77
446	77
447	67
448	77
449	51
450	66
451	60
452	58
453	79
454	65
455	84
456	74
457	86
458	94
459	91
460	88
461	76
462	94
463	70
464	82
465	81
466	70
467	67
468	62
469	63
470	74
471	69
472	80
473	83
474	68
475	77
476	58
477	52
478	66
479	66
480	72
481	65
482	57
483	64
484	60
485	47
486	56
487	73
488	52
489	58
490	58
491	57
492	51
493	56
494	73
495	59
496	76
497	68
498	62
499	64
500	63
501	67
502	66
503	58
504	69
505	72
506	82
507	82
508	85
509	86
510	81
511	91
512	65
513	87
514	91
515	72
516	76
517	90
518	93
519	92
520	84
521	81
522	95
523	90
524	83
525	93
526	117
527	108
528	101
529	113
530	83
531	111
532	102
533	97
534	90
535	89
536	76
537	84
538	97
539	77
540	82
541	75
542	85
543	69
544	90
545	74
546	89
547	95
548	86
549	72
550	83
551	83
552	83
553	77
554	76
555	79
556	101
557	78
558	78
559	82
560	83
561	79
562	79
563	89
564	75
565	74
566	64
567	88
568	77
569	92
570	77
571	78
572	94
573	61
574	101
575	84
576	88
577	74
578	86
579	83
580	81
581	103
582	77
583	86
584	88
585	87
586	70
587	76
588	89
589	94
590	90
591	100
592	91
593	94
594	109
595	94
596	81
597	102
598	93
599	96
600	109
601	74
602	96
603	96
604	94
605	94
606	89
607	91
608	119
609	74
610	92
611	88
612	97
613	122
614	111
615	122
616	114
617	87
618	102
619	110
620	90
621	115
622	94
623	110
624	102
625	143
626	94
627	121
628	96
629	98
630	87
631	98
632	111
633	110
634	101
635	108
636	107
637	113
638	103
639	79
640	107
641	103
642	111
643	119
644	118
645	102
646	110
647	108
648	98
649	101
650	111
651	122
652	108
653	98
654	116
655	110
656	111
657	130
658	112
659	99
660	110
661	109
662	102
663	118
664	117
665	93
666	101
667	109
668	97
669	110
670	118
671	95
672	116
673	117
674	115
675	105
676	103
677	98
678	119
679	109
680	111
681	109
682	114
683	114
684	111
685	118
686	118
687	113
688	121
689	106
690	99
691	116
692	136
693	124
694	135
695	139
696	138
697	134
698	130
699	128
700	125
701	120
702	132
703	114
704	145
705	136
706	127
707	113
708	141
709	110
710	128
711	135
712	130
713	153
714	102
715	130
716	134
717	111
718	136
719	139
720	126
721	126
722	143
723	146
724	123
725	131
726	140
727	137
728	147
729	125
730	116
731	131
732	156
733	131
734	145
735	151
736	132
737	121
738	145
739	124
740	123
741	136
742	139
743	128
744	138
745	116
746	136
747	137
748	115
749	120
750	128
751	143
752	134
753	115
754	115
755	125
756	126
757	134
758	146
759	142
760	116
761	145
762	146
763	144
764	158
765	198
766	224
767	216
768	238
769	243
770	259
771	290
772	300
773	321
774	317
775	306
776	261
777	277
778	293
779	211
780	211
781	192
782	159
783	166
784	160
785	150
786	138
787	137
788	137
789	136
790	128
791	130
792	147
793	155
794	142
795	136
796	132
797	120
798	136
799	122
800	135
801	148
802	140
803	124
804	129
805	132
806	135
807	150
808	141
809	133
810	136
811	151
812	159
813	154
814	138
815	140
816	160
817	156
818	139
819	142
820	139
821	127
822	157
823	127
824	138
825	121
826	148
827	144
828	146
829	132
830	138
831	157
832	149
833	157
834	123
835	139
836	141
837	133
838	136
839	147
840	139
841	150
842	159
843	130
844	159
845	164
846	146
847	147
848	152
849	162
850	161
851	156
852	146
853	172
854	191
855	173
856	182
857	193
858	171
859	199
860	211
861	206
862	205
863	188
864	190
865	217
866	230
867	212
868	196
869	200
870	202
871	200
872	202
873	213
874	223
875	207
876	219
877	229
878	240
879	239
880	261
881	253
882	266
883	331
884	318
885	374
886	357
887	368
888	402
889	415
890	449
891	442
892	481
893	516
894	521
895	503
896	498
897	554
898	563
899	518
900	572
901	590
902	561
903	573
904	530
905	514
906	521
907	531
908	509
909	499
910	456
911	485
912	434
913	462
914	415
915	375
916	348
917	342
918	337
919	316
920	311
921	291
922	260
923	228
924	220
925	221
926	206
927	214
928	185
929	187
930	173
931	182
932	183
933	171
934	169
935	166
936	154
937	173
938	161
939	164
940	191
941	175
942	190
943	224
944	223
945	253
946	270
947	298
948	344
949	354
950	399
951	421
952	426
953	394
954	417
955	416
956	440
957	373
958	354
959	351
960	307
961	251
962	245
963	228
964	193
965	192
966	150
967	144
968	158
969	127
970	132
971	115
972	123
973	129
974	149
975	119
976	110
977	130
978	109
979	133
980	121
981	117
982	127
983	145
984	138
985	148
986	145
987	131
988	130
989	163
990	150
991	151
992	175
993	177
994	156
995	173
996	192
997	167
998	155
999	182
1000	175
1001	183
1002	154
1003	183
1004	207
1005	169
1006	167
1007	162
1008	157
1009	182
1010	159
1011	167
1012	152
1013	156
1014	156
1015	180
1016	156
1017	143
1018	143
1019	123
1020	122
1021	134
1022	128
1023	104
1024	129
