Date:	08/05/2018		Time:	22:02		Version no:	0.00		Project name:	55		Sample name:	222		Section name:	section		Position	340.315033	mm	E0	0.000000	keV	E1	1.000000	keV/channel	sample surface	6.257398	cm	Tube anode:	Mo		Tube voltage:	30	kV	Tube current:	50	mA	gain	10		std. database			resultfile	result		matrix element	11		sample thickness	1.000000		air passage	0.560000	cm	comments	in position		peaking_time	2.200000	m-sec	trigger_threshold	547.363281	V	mca_bin_width	22.090000	no:	number_mca_channels	1024.000000	no:	gap_time	0.150000	m-sec	trigger_peaking_time	0.200000	m-sec	GAINDAC	18610		HIGHGAIN	1		TAURC	1		RCTAU	1		RCTAUFRAC	1		livetime	9.498265	seconds	runtime	10.000490	seconds	input_count_rate	21469.289843	cps	output_count_rate	17955.620893	cps	triggers	203921	seconds	events_in_run	179565	seconds	channel	content		1	0
2	0
3	0
4	0
5	0
6	0
7	0
8	0
9	0
10	0
11	0
12	0
13	0
14	0
15	0
16	0
17	0
18	0
19	0
20	0
21	0
22	0
23	0
24	0
25	0
26	0
27	0
28	0
29	0
30	0
31	18
32	11
33	15
34	14
35	12
36	6
37	8
38	15
39	15
40	13
41	15
42	8
43	14
44	10
45	10
46	7
47	14
48	10
49	16
50	15
51	15
52	6
53	8
54	13
55	15
56	6
57	9
58	10
59	11
60	17
61	3
62	7
63	8
64	11
65	7
66	9
67	4
68	6
69	6
70	5
71	6
72	6
73	8
74	10
75	3
76	5
77	6
78	5
79	9
80	7
81	13
82	15
83	11
84	8
85	8
86	7
87	7
88	7
89	9
90	4
91	8
92	5
93	14
94	12
95	26
96	22
97	15
98	23
99	15
100	8
101	7
102	8
103	9
104	10
105	14
106	9
107	16
108	9
109	4
110	5
111	8
112	5
113	6
114	4
115	5
116	4
117	5
118	5
119	4
120	7
121	8
122	4
123	3
124	2
125	6
126	6
127	5
128	6
129	3
130	4
131	3
132	2
133	1
134	1
135	2
136	5
137	5
138	5
139	10
140	3
141	3
142	3
143	0
144	5
145	3
146	4
147	5
148	6
149	6
150	4
151	5
152	3
153	3
154	2
155	3
156	5
157	7
158	6
159	15
160	18
161	18
162	44
163	27
164	21
165	17
166	20
167	12
168	13
169	3
170	5
171	4
172	10
173	4
174	8
175	8
176	7
177	14
178	8
179	21
180	15
181	29
182	18
183	27
184	20
185	16
186	8
187	10
188	5
189	7
190	5
191	4
192	8
193	10
194	11
195	17
196	38
197	54
198	113
199	199
200	292
201	390
202	467
203	461
204	468
205	354
206	274
207	178
208	124
209	68
210	32
211	13
212	10
213	8
214	19
215	16
216	34
217	46
218	41
219	85
220	86
221	67
222	68
223	53
224	39
225	32
226	21
227	10
228	10
229	3
230	3
231	2
232	8
233	5
234	3
235	6
236	0
237	3
238	4
239	11
240	18
241	32
242	60
243	85
244	128
245	250
246	282
247	308
248	268
249	266
250	199
251	171
252	129
253	101
254	65
255	51
256	43
257	28
258	27
259	19
260	23
261	11
262	16
263	12
264	20
265	25
266	27
267	30
268	59
269	53
270	54
271	53
272	76
273	42
274	42
275	43
276	18
277	20
278	16
279	12
280	7
281	8
282	5
283	10
284	6
285	12
286	12
287	17
288	10
289	18
290	13
291	10
292	15
293	16
294	13
295	16
296	13
297	16
298	15
299	20
300	23
301	13
302	12
303	13
304	14
305	19
306	3
307	17
308	7
309	9
310	15
311	8
312	9
313	14
314	18
315	13
316	36
317	36
318	37
319	74
320	74
321	105
322	130
323	128
324	127
325	108
326	96
327	85
328	44
329	38
330	39
331	39
332	18
333	32
334	31
335	18
336	33
337	33
338	38
339	77
340	109
341	183
342	340
343	668
344	1051
345	1806
346	2899
347	3949
348	5206
349	6388
350	7168
351	7355
352	7035
353	6117
354	5047
355	3810
356	2583
357	1620
358	1001
359	571
360	303
361	152
362	85
363	52
364	44
365	37
366	43
367	36
368	30
369	43
370	47
371	43
372	41
373	53
374	52
375	61
376	74
377	94
378	137
379	210
380	273
381	393
382	610
383	750
384	992
385	1112
386	1290
387	1205
388	1077
389	1013
390	804
391	652
392	417
393	290
394	168
395	107
396	80
397	47
398	36
399	19
400	18
401	26
402	26
403	27
404	22
405	32
406	26
407	41
408	24
409	32
410	26
411	46
412	24
413	34
414	29
415	27
416	34
417	26
418	39
419	21
420	26
421	28
422	30
423	21
424	29
425	34
426	21
427	28
428	38
429	41
430	34
431	34
432	28
433	44
434	32
435	39
436	51
437	53
438	60
439	58
440	61
441	72
442	55
443	57
444	58
445	60
446	58
447	53
448	62
449	46
450	62
451	51
452	46
453	60
454	59
455	52
456	75
457	70
458	78
459	87
460	98
461	77
462	73
463	73
464	59
465	49
466	62
467	61
468	52
469	58
470	53
471	57
472	57
473	43
474	72
475	57
476	60
477	61
478	53
479	48
480	63
481	50
482	37
483	43
484	44
485	51
486	47
487	51
488	48
489	49
490	49
491	51
492	58
493	51
494	52
495	53
496	46
497	58
498	60
499	40
500	62
501	62
502	49
503	55
504	67
505	63
506	57
507	55
508	66
509	65
510	74
511	69
512	75
513	56
514	49
515	69
516	61
517	61
518	61
519	76
520	73
521	55
522	71
523	64
524	86
525	74
526	78
527	91
528	91
529	92
530	93
531	82
532	72
533	87
534	91
535	67
536	61
537	90
538	68
539	88
540	87
541	91
542	70
543	75
544	91
545	78
546	76
547	64
548	65
549	75
550	80
551	61
552	61
553	56
554	56
555	61
556	89
557	62
558	73
559	54
560	68
561	58
562	69
563	74
564	69
565	75
566	48
567	77
568	71
569	74
570	69
571	68
572	87
573	81
574	77
575	63
576	72
577	67
578	66
579	80
580	82
581	59
582	57
583	80
584	85
585	73
586	79
587	86
588	92
589	79
590	66
591	78
592	76
593	76
594	76
595	97
596	74
597	74
598	83
599	79
600	86
601	101
602	76
603	89
604	74
605	78
606	77
607	80
608	95
609	77
610	71
611	92
612	81
613	87
614	99
615	87
616	102
617	94
618	88
619	75
620	92
621	84
622	86
623	78
624	91
625	97
626	77
627	87
628	96
629	96
630	94
631	92
632	96
633	94
634	90
635	91
636	91
637	86
638	81
639	98
640	92
641	96
642	96
643	96
644	100
645	85
646	87
647	78
648	97
649	99
650	81
651	74
652	71
653	90
654	104
655	96
656	97
657	84
658	94
659	97
660	96
661	88
662	81
663	102
664	85
665	99
666	99
667	96
668	82
669	72
670	99
671	109
672	106
673	83
674	104
675	83
676	97
677	102
678	96
679	106
680	95
681	100
682	79
683	91
684	104
685	119
686	108
687	111
688	112
689	117
690	124
691	103
692	96
693	115
694	113
695	123
696	110
697	108
698	110
699	114
700	106
701	101
702	112
703	103
704	117
705	119
706	109
707	117
708	128
709	108
710	120
711	105
712	90
713	94
714	114
715	111
716	122
717	107
718	121
719	109
720	102
721	117
722	116
723	105
724	108
725	111
726	116
727	103
728	116
729	114
730	109
731	106
732	127
733	102
734	98
735	123
736	131
737	117
738	115
739	124
740	109
741	105
742	129
743	127
744	115
745	106
746	115
747	123
748	119
749	135
750	99
751	113
752	104
753	103
754	104
755	116
756	114
757	110
758	132
759	112
760	119
761	118
762	116
763	130
764	156
765	155
766	170
767	174
768	222
769	200
770	225
771	242
772	252
773	241
774	255
775	282
776	237
777	242
778	211
779	189
780	182
781	163
782	158
783	153
784	140
785	126
786	118
787	109
788	118
789	129
790	124
791	143
792	126
793	128
794	138
795	122
796	101
797	109
798	118
799	118
800	116
801	120
802	124
803	127
804	117
805	119
806	112
807	132
808	125
809	124
810	141
811	117
812	120
813	124
814	123
815	145
816	109
817	118
818	142
819	136
820	126
821	139
822	131
823	145
824	126
825	124
826	135
827	116
828	127
829	126
830	110
831	135
832	101
833	128
834	135
835	146
836	128
837	128
838	132
839	140
840	143
841	127
842	136
843	143
844	127
845	141
846	136
847	126
848	129
849	131
850	127
851	154
852	145
853	165
854	151
855	164
856	155
857	168
858	179
859	164
860	205
861	182
862	208
863	210
864	198
865	212
866	210
867	199
868	212
869	161
870	184
871	218
872	200
873	178
874	197
875	193
876	170
877	201
878	214
879	229
880	197
881	221
882	234
883	257
884	271
885	322
886	294
887	325
888	351
889	335
890	381
891	351
892	413
893	383
894	396
895	395
896	451
897	472
898	455
899	448
900	474
901	456
902	498
903	422
904	464
905	465
906	438
907	400
908	403
909	404
910	403
911	344
912	390
913	328
914	307
915	299
916	255
917	268
918	251
919	227
920	240
921	231
922	193
923	199
924	194
925	187
926	183
927	174
928	163
929	140
930	155
931	146
932	162
933	154
934	156
935	146
936	145
937	141
938	129
939	139
940	147
941	176
942	144
943	185
944	177
945	232
946	284
947	270
948	280
949	319
950	313
951	387
952	354
953	356
954	363
955	351
956	367
957	329
958	309
959	275
960	273
961	233
962	207
963	197
964	154
965	167
966	132
967	136
968	120
969	123
970	114
971	119
972	103
973	115
974	103
975	112
976	110
977	112
978	99
979	119
980	98
981	102
982	103
983	107
984	108
985	127
986	142
987	110
988	115
989	144
990	141
991	103
992	131
993	131
994	141
995	155
996	118
997	135
998	132
999	131
1000	155
1001	159
1002	165
1003	137
1004	138
1005	142
1006	138
1007	149
1008	130
1009	140
1010	142
1011	144
1012	131
1013	132
1014	115
1015	127
1016	115
1017	120
1018	109
1019	128
1020	115
1021	100
1022	120
1023	104
1024	85
