Date:	08/05/2018		Time:	21:17		Version no:	0.00		Project name:	55		Sample name:	222		Section name:	section		Position	292.715027	mm	E0	0.000000	keV	E1	1.000000	keV/channel	sample surface	5.961608	cm	Tube anode:	Mo		Tube voltage:	30	kV	Tube current:	50	mA	gain	10		std. database			resultfile	result		matrix element	11		sample thickness	1.000000		air passage	0.560000	cm	comments	in position		peaking_time	2.200000	m-sec	trigger_threshold	547.363281	V	mca_bin_width	22.090000	no:	number_mca_channels	1024.000000	no:	gap_time	0.150000	m-sec	trigger_peaking_time	0.200000	m-sec	GAINDAC	18610		HIGHGAIN	1		TAURC	1		RCTAU	1		RCTAUFRAC	1		livetime	9.443092	seconds	runtime	10.000494	seconds	input_count_rate	23507.130927	cps	output_count_rate	19323.044669	cps	triggers	221980	seconds	events_in_run	193240	seconds	channel	content		1	0
2	0
3	0
4	0
5	0
6	0
7	0
8	0
9	0
10	0
11	0
12	0
13	0
14	0
15	0
16	0
17	0
18	0
19	0
20	0
21	0
22	0
23	0
24	0
25	0
26	0
27	0
28	0
29	0
30	0
31	13
32	16
33	16
34	19
35	23
36	14
37	12
38	23
39	10
40	15
41	6
42	20
43	15
44	19
45	10
46	7
47	9
48	15
49	15
50	10
51	12
52	14
53	3
54	19
55	13
56	12
57	13
58	9
59	17
60	12
61	12
62	9
63	16
64	9
65	11
66	12
67	6
68	15
69	10
70	13
71	10
72	5
73	8
74	12
75	8
76	10
77	7
78	12
79	6
80	11
81	14
82	11
83	12
84	9
85	12
86	4
87	2
88	14
89	3
90	9
91	4
92	7
93	14
94	13
95	11
96	15
97	12
98	16
99	8
100	10
101	4
102	10
103	8
104	6
105	6
106	8
107	9
108	15
109	10
110	5
111	6
112	6
113	3
114	3
115	3
116	8
117	2
118	2
119	4
120	3
121	3
122	6
123	5
124	4
125	0
126	3
127	9
128	4
129	3
130	7
131	4
132	5
133	3
134	4
135	3
136	4
137	6
138	3
139	3
140	2
141	5
142	3
143	4
144	1
145	6
146	4
147	3
148	6
149	3
150	2
151	3
152	5
153	4
154	7
155	2
156	3
157	5
158	9
159	8
160	22
161	35
162	26
163	27
164	31
165	24
166	18
167	12
168	5
169	4
170	5
171	2
172	5
173	4
174	5
175	8
176	10
177	12
178	6
179	14
180	11
181	22
182	23
183	23
184	13
185	14
186	9
187	8
188	7
189	6
190	2
191	5
192	5
193	5
194	10
195	8
196	33
197	42
198	83
199	137
200	213
201	259
202	316
203	319
204	311
205	235
206	193
207	133
208	93
209	39
210	21
211	16
212	7
213	6
214	13
215	17
216	18
217	36
218	48
219	67
220	68
221	62
222	43
223	33
224	35
225	27
226	14
227	15
228	8
229	9
230	4
231	3
232	9
233	9
234	2
235	5
236	3
237	4
238	5
239	5
240	15
241	25
242	36
243	51
244	100
245	155
246	185
247	172
248	179
249	172
250	144
251	127
252	84
253	70
254	64
255	47
256	32
257	36
258	26
259	27
260	17
261	11
262	16
263	12
264	13
265	21
266	19
267	25
268	31
269	39
270	38
271	47
272	46
273	53
274	31
275	31
276	24
277	20
278	16
279	15
280	10
281	13
282	10
283	10
284	5
285	21
286	14
287	9
288	8
289	20
290	13
291	9
292	15
293	15
294	15
295	22
296	20
297	19
298	25
299	17
300	16
301	16
302	12
303	12
304	8
305	11
306	16
307	11
308	9
309	11
310	14
311	19
312	9
313	9
314	18
315	21
316	48
317	35
318	71
319	101
320	137
321	174
322	205
323	245
324	214
325	166
326	169
327	140
328	94
329	78
330	48
331	41
332	31
333	22
334	24
335	25
336	35
337	37
338	53
339	82
340	101
341	200
342	350
343	711
344	1173
345	1834
346	2806
347	4010
348	5452
349	6460
350	7248
351	7501
352	7135
353	6350
354	5191
355	3853
356	2668
357	1766
358	1005
359	553
360	343
361	155
362	81
363	67
364	47
365	37
366	37
367	50
368	35
369	57
370	42
371	35
372	30
373	52
374	56
375	65
376	74
377	101
378	147
379	194
380	270
381	468
382	606
383	759
384	965
385	1141
386	1211
387	1248
388	1205
389	1033
390	893
391	589
392	465
393	323
394	189
395	124
396	70
397	46
398	36
399	36
400	22
401	31
402	28
403	23
404	24
405	17
406	28
407	35
408	39
409	36
410	40
411	33
412	26
413	47
414	30
415	40
416	36
417	32
418	29
419	32
420	33
421	27
422	22
423	28
424	29
425	32
426	20
427	32
428	30
429	30
430	35
431	37
432	36
433	36
434	49
435	42
436	31
437	75
438	48
439	55
440	66
441	67
442	67
443	69
444	62
445	58
446	63
447	60
448	40
449	59
450	58
451	59
452	51
453	62
454	50
455	56
456	59
457	75
458	82
459	72
460	74
461	81
462	63
463	61
464	71
465	68
466	60
467	57
468	62
469	53
470	46
471	69
472	76
473	55
474	54
475	63
476	67
477	56
478	54
479	43
480	54
481	50
482	45
483	57
484	56
485	47
486	59
487	66
488	39
489	61
490	41
491	56
492	65
493	37
494	49
495	49
496	67
497	65
498	56
499	75
500	54
501	67
502	66
503	77
504	75
505	70
506	69
507	74
508	71
509	67
510	60
511	71
512	70
513	75
514	73
515	74
516	96
517	72
518	64
519	63
520	78
521	84
522	84
523	77
524	82
525	71
526	92
527	84
528	108
529	89
530	101
531	88
532	84
533	84
534	95
535	71
536	84
537	91
538	81
539	74
540	78
541	72
542	67
543	73
544	56
545	88
546	70
547	75
548	78
549	82
550	72
551	72
552	74
553	73
554	73
555	77
556	70
557	61
558	79
559	80
560	86
561	66
562	78
563	78
564	80
565	76
566	62
567	79
568	75
569	88
570	74
571	83
572	79
573	73
574	79
575	71
576	95
577	73
578	81
579	73
580	74
581	92
582	87
583	77
584	83
585	73
586	77
587	91
588	91
589	83
590	84
591	94
592	82
593	90
594	84
595	99
596	83
597	98
598	83
599	94
600	117
601	84
602	81
603	101
604	98
605	88
606	91
607	100
608	83
609	100
610	82
611	86
612	95
613	96
614	82
615	97
616	102
617	88
618	109
619	97
620	94
621	97
622	103
623	99
624	110
625	111
626	97
627	102
628	101
629	80
630	77
631	117
632	103
633	96
634	111
635	103
636	103
637	93
638	99
639	88
640	85
641	95
642	102
643	113
644	106
645	97
646	106
647	99
648	87
649	120
650	111
651	113
652	97
653	109
654	97
655	112
656	100
657	106
658	123
659	112
660	95
661	108
662	101
663	107
664	97
665	93
666	102
667	102
668	115
669	104
670	108
671	118
672	95
673	112
674	119
675	120
676	107
677	111
678	118
679	123
680	106
681	97
682	97
683	120
684	115
685	95
686	122
687	120
688	118
689	108
690	124
691	116
692	108
693	127
694	141
695	123
696	112
697	111
698	129
699	126
700	125
701	107
702	128
703	122
704	121
705	101
706	100
707	128
708	146
709	115
710	152
711	123
712	145
713	105
714	106
715	133
716	123
717	145
718	132
719	113
720	124
721	117
722	128
723	137
724	112
725	133
726	150
727	129
728	117
729	124
730	136
731	131
732	121
733	116
734	142
735	140
736	125
737	154
738	130
739	154
740	138
741	117
742	141
743	112
744	149
745	139
746	131
747	117
748	123
749	126
750	114
751	141
752	132
753	129
754	114
755	108
756	139
757	128
758	125
759	130
760	123
761	154
762	144
763	159
764	160
765	160
766	182
767	184
768	221
769	230
770	223
771	249
772	265
773	254
774	271
775	294
776	283
777	263
778	250
779	189
780	187
781	172
782	191
783	174
784	153
785	150
786	161
787	138
788	120
789	141
790	145
791	134
792	142
793	129
794	142
795	112
796	154
797	159
798	138
799	149
800	126
801	141
802	136
803	145
804	152
805	152
806	128
807	142
808	137
809	178
810	134
811	151
812	112
813	133
814	136
815	145
816	143
817	156
818	156
819	132
820	151
821	138
822	145
823	151
824	142
825	145
826	133
827	130
828	152
829	143
830	129
831	135
832	147
833	144
834	145
835	146
836	147
837	150
838	163
839	177
840	133
841	120
842	155
843	132
844	145
845	157
846	154
847	138
848	164
849	158
850	155
851	151
852	161
853	151
854	195
855	183
856	196
857	203
858	180
859	191
860	199
861	202
862	203
863	192
864	229
865	200
866	243
867	225
868	232
869	219
870	212
871	236
872	230
873	221
874	227
875	235
876	230
877	255
878	255
879	252
880	278
881	289
882	312
883	294
884	344
885	377
886	346
887	384
888	391
889	458
890	446
891	476
892	442
893	481
894	490
895	551
896	558
897	539
898	582
899	543
900	578
901	565
902	570
903	577
904	536
905	570
906	515
907	483
908	477
909	504
910	455
911	402
912	424
913	395
914	378
915	325
916	333
917	309
918	301
919	275
920	283
921	260
922	232
923	230
924	241
925	186
926	227
927	226
928	236
929	218
930	195
931	184
932	183
933	178
934	177
935	146
936	167
937	147
938	167
939	174
940	141
941	165
942	211
943	197
944	224
945	245
946	281
947	270
948	314
949	335
950	374
951	374
952	388
953	402
954	439
955	451
956	410
957	351
958	388
959	327
960	291
961	276
962	199
963	233
964	198
965	190
966	143
967	150
968	123
969	137
970	133
971	133
972	126
973	143
974	140
975	102
976	131
977	115
978	133
979	128
980	155
981	126
982	119
983	130
984	136
985	143
986	142
987	138
988	142
989	143
990	144
991	154
992	144
993	155
994	152
995	178
996	155
997	144
998	167
999	159
1000	172
1001	196
1002	174
1003	168
1004	181
1005	189
1006	184
1007	172
1008	178
1009	140
1010	155
1011	171
1012	156
1013	174
1014	173
1015	159
1016	142
1017	142
1018	158
1019	152
1020	137
1021	130
1022	130
1023	108
1024	124
