Date:	08/05/2018		Time:	21:07		Version no:	0.00		Project name:	55		Sample name:	222		Section name:	section		Position	282.715027	mm	E0	0.000000	keV	E1	1.000000	keV/channel	sample surface	5.941470	cm	Tube anode:	Mo		Tube voltage:	30	kV	Tube current:	50	mA	gain	10		std. database			resultfile	result		matrix element	11		sample thickness	1.000000		air passage	0.560000	cm	comments	in position		peaking_time	2.200000	m-sec	trigger_threshold	547.363281	V	mca_bin_width	22.090000	no:	number_mca_channels	1024.000000	no:	gap_time	0.150000	m-sec	trigger_peaking_time	0.200000	m-sec	GAINDAC	18610		HIGHGAIN	1		TAURC	1		RCTAU	1		RCTAUFRAC	1		livetime	9.399750	seconds	runtime	10.000492	seconds	input_count_rate	25763.345866	cps	output_count_rate	20843.674491	cps	triggers	242169	seconds	events_in_run	208447	seconds	channel	content		1	0
2	0
3	0
4	0
5	0
6	0
7	0
8	0
9	0
10	0
11	0
12	0
13	0
14	0
15	0
16	0
17	0
18	0
19	0
20	0
21	0
22	0
23	0
24	0
25	0
26	0
27	0
28	0
29	0
30	0
31	13
32	9
33	15
34	12
35	13
36	24
37	17
38	11
39	15
40	22
41	14
42	12
43	14
44	14
45	11
46	16
47	12
48	19
49	16
50	21
51	16
52	15
53	11
54	8
55	13
56	16
57	8
58	10
59	7
60	12
61	10
62	16
63	12
64	5
65	8
66	14
67	5
68	10
69	7
70	9
71	6
72	9
73	9
74	13
75	9
76	4
77	2
78	5
79	11
80	13
81	14
82	8
83	13
84	13
85	6
86	9
87	9
88	8
89	3
90	14
91	10
92	7
93	12
94	17
95	7
96	13
97	15
98	9
99	17
100	10
101	7
102	9
103	7
104	7
105	9
106	5
107	11
108	9
109	7
110	9
111	6
112	4
113	3
114	5
115	10
116	6
117	3
118	3
119	3
120	3
121	4
122	4
123	4
124	5
125	3
126	4
127	5
128	6
129	10
130	4
131	2
132	5
133	4
134	0
135	4
136	3
137	4
138	4
139	0
140	2
141	4
142	7
143	5
144	7
145	3
146	3
147	4
148	4
149	1
150	7
151	3
152	5
153	2
154	3
155	5
156	4
157	4
158	10
159	11
160	17
161	24
162	33
163	35
164	23
165	19
166	23
167	13
168	7
169	6
170	4
171	5
172	8
173	6
174	6
175	8
176	7
177	9
178	11
179	21
180	11
181	21
182	23
183	22
184	13
185	14
186	16
187	10
188	10
189	3
190	3
191	4
192	3
193	5
194	7
195	13
196	23
197	37
198	75
199	103
200	148
201	193
202	285
203	262
204	247
205	229
206	159
207	106
208	74
209	40
210	18
211	12
212	14
213	3
214	8
215	10
216	21
217	21
218	35
219	43
220	51
221	47
222	45
223	36
224	27
225	18
226	12
227	16
228	6
229	2
230	2
231	7
232	6
233	4
234	5
235	2
236	0
237	6
238	10
239	3
240	10
241	27
242	33
243	58
244	99
245	128
246	119
247	157
248	164
249	159
250	145
251	100
252	90
253	73
254	68
255	49
256	54
257	40
258	28
259	30
260	19
261	17
262	10
263	14
264	10
265	14
266	18
267	29
268	29
269	41
270	39
271	51
272	66
273	54
274	35
275	35
276	16
277	22
278	10
279	14
280	9
281	7
282	11
283	9
284	9
285	13
286	6
287	10
288	16
289	15
290	12
291	13
292	21
293	21
294	17
295	16
296	20
297	24
298	15
299	26
300	20
301	21
302	13
303	19
304	15
305	12
306	19
307	18
308	10
309	19
310	17
311	10
312	11
313	11
314	25
315	28
316	33
317	50
318	78
319	147
320	175
321	227
322	258
323	262
324	271
325	269
326	214
327	191
328	113
329	88
330	42
331	47
332	34
333	27
334	38
335	28
336	36
337	43
338	47
339	68
340	118
341	223
342	402
343	739
344	1282
345	2171
346	3284
347	4743
348	6373
349	7698
350	8588
351	8768
352	8634
353	7619
354	6215
355	4613
356	3183
357	2130
358	1307
359	714
360	376
361	197
362	104
363	75
364	57
365	52
366	37
367	39
368	41
369	44
370	38
371	42
372	52
373	50
374	60
375	72
376	80
377	98
378	153
379	236
380	359
381	498
382	714
383	951
384	1164
385	1324
386	1472
387	1536
388	1434
389	1220
390	1000
391	778
392	536
393	367
394	223
395	138
396	87
397	66
398	32
399	28
400	25
401	30
402	26
403	22
404	24
405	20
406	32
407	34
408	42
409	42
410	34
411	42
412	40
413	28
414	35
415	38
416	27
417	36
418	29
419	30
420	25
421	32
422	27
423	18
424	31
425	32
426	33
427	29
428	38
429	34
430	32
431	31
432	33
433	47
434	36
435	43
436	36
437	53
438	62
439	62
440	63
441	59
442	69
443	52
444	71
445	60
446	52
447	44
448	59
449	63
450	54
451	46
452	50
453	76
454	65
455	60
456	59
457	67
458	78
459	64
460	79
461	71
462	87
463	74
464	42
465	49
466	49
467	53
468	52
469	51
470	79
471	62
472	51
473	53
474	58
475	57
476	50
477	52
478	75
479	51
480	56
481	59
482	52
483	49
484	55
485	53
486	59
487	53
488	48
489	52
490	61
491	53
492	51
493	49
494	55
495	51
496	48
497	45
498	51
499	75
500	49
501	60
502	64
503	59
504	72
505	63
506	85
507	81
508	93
509	78
510	74
511	71
512	69
513	68
514	69
515	94
516	84
517	75
518	74
519	70
520	80
521	69
522	69
523	77
524	98
525	86
526	76
527	85
528	100
529	87
530	93
531	103
532	82
533	95
534	94
535	94
536	82
537	78
538	80
539	81
540	82
541	80
542	83
543	83
544	79
545	64
546	62
547	88
548	80
549	72
550	82
551	75
552	76
553	63
554	81
555	63
556	76
557	84
558	77
559	69
560	74
561	72
562	65
563	70
564	70
565	69
566	78
567	85
568	62
569	79
570	86
571	90
572	93
573	80
574	80
575	73
576	76
577	77
578	82
579	73
580	80
581	79
582	94
583	89
584	77
585	96
586	72
587	83
588	91
589	72
590	70
591	90
592	77
593	103
594	95
595	80
596	85
597	94
598	86
599	79
600	89
601	96
602	84
603	102
604	88
605	103
606	79
607	92
608	91
609	92
610	89
611	110
612	95
613	82
614	83
615	87
616	94
617	101
618	119
619	110
620	104
621	97
622	97
623	86
624	102
625	105
626	96
627	90
628	88
629	92
630	103
631	96
632	90
633	107
634	86
635	95
636	80
637	99
638	123
639	103
640	92
641	126
642	101
643	93
644	109
645	100
646	92
647	104
648	118
649	120
650	113
651	114
652	121
653	112
654	111
655	123
656	108
657	129
658	117
659	97
660	99
661	117
662	110
663	129
664	110
665	103
666	93
667	97
668	111
669	109
670	107
671	106
672	108
673	101
674	114
675	104
676	93
677	108
678	114
679	105
680	113
681	118
682	126
683	112
684	117
685	99
686	120
687	126
688	131
689	113
690	133
691	106
692	115
693	113
694	120
695	121
696	127
697	122
698	115
699	123
700	117
701	125
702	110
703	109
704	114
705	132
706	92
707	137
708	135
709	119
710	110
711	141
712	115
713	119
714	114
715	123
716	110
717	129
718	124
719	120
720	136
721	122
722	124
723	119
724	128
725	126
726	108
727	141
728	129
729	123
730	125
731	123
732	121
733	128
734	139
735	130
736	135
737	151
738	145
739	125
740	135
741	124
742	137
743	126
744	157
745	132
746	142
747	126
748	125
749	136
750	121
751	131
752	119
753	127
754	127
755	116
756	142
757	137
758	142
759	113
760	135
761	148
762	147
763	160
764	147
765	173
766	177
767	166
768	191
769	201
770	227
771	255
772	271
773	249
774	274
775	267
776	254
777	216
778	233
779	191
780	200
781	167
782	158
783	144
784	133
785	154
786	134
787	151
788	133
789	126
790	128
791	147
792	136
793	116
794	117
795	132
796	149
797	135
798	121
799	145
800	139
801	125
802	131
803	144
804	148
805	132
806	157
807	152
808	147
809	114
810	150
811	157
812	136
813	149
814	132
815	145
816	150
817	150
818	154
819	146
820	152
821	172
822	125
823	130
824	145
825	149
826	125
827	109
828	144
829	127
830	152
831	156
832	159
833	146
834	140
835	140
836	158
837	176
838	141
839	153
840	126
841	178
842	152
843	157
844	145
845	147
846	168
847	129
848	138
849	176
850	144
851	162
852	152
853	161
854	176
855	204
856	168
857	192
858	177
859	212
860	187
861	185
862	209
863	195
864	243
865	222
866	211
867	188
868	206
869	216
870	207
871	205
872	192
873	204
874	224
875	227
876	239
877	257
878	225
879	276
880	272
881	263
882	303
883	304
884	336
885	364
886	362
887	375
888	379
889	424
890	436
891	415
892	480
893	532
894	490
895	513
896	542
897	509
898	566
899	598
900	590
901	564
902	574
903	572
904	506
905	522
906	546
907	493
908	510
909	476
910	492
911	457
912	422
913	417
914	411
915	373
916	346
917	349
918	322
919	327
920	274
921	260
922	251
923	257
924	224
925	249
926	185
927	197
928	186
929	201
930	212
931	166
932	212
933	164
934	158
935	177
936	144
937	161
938	153
939	140
940	161
941	173
942	197
943	209
944	240
945	245
946	250
947	306
948	326
949	370
950	365
951	358
952	405
953	437
954	402
955	425
956	412
957	367
958	399
959	334
960	295
961	269
962	246
963	217
964	140
965	173
966	148
967	137
968	130
969	124
970	128
971	126
972	136
973	132
974	120
975	137
976	129
977	137
978	130
979	126
980	142
981	140
982	145
983	139
984	150
985	145
986	138
987	161
988	143
989	149
990	148
991	164
992	145
993	179
994	143
995	161
996	162
997	182
998	163
999	164
1000	190
1001	179
1002	181
1003	194
1004	208
1005	165
1006	201
1007	166
1008	190
1009	160
1010	167
1011	166
1012	168
1013	177
1014	148
1015	155
1016	161
1017	165
1018	142
1019	165
1020	152
1021	145
1022	139
1023	112
1024	118
