Date:	09/05/2018		Time:	00:34		Version no:	0.00		Project name:	55		Sample name:	222		Section name:	section		Position	499.315033	mm	E0	0.000000	keV	E1	1.000000	keV/channel	sample surface	6.396019	cm	Tube anode:	Mo		Tube voltage:	30	kV	Tube current:	50	mA	gain	10		std. database			resultfile	result		matrix element	11		sample thickness	1.000000		air passage	0.560000	cm	comments	in position		peaking_time	2.200000	m-sec	trigger_threshold	547.363281	V	mca_bin_width	22.090000	no:	number_mca_channels	1024.000000	no:	gap_time	0.150000	m-sec	trigger_peaking_time	0.200000	m-sec	GAINDAC	18610		HIGHGAIN	1		TAURC	1		RCTAU	1		RCTAUFRAC	1		livetime	9.351844	seconds	runtime	10.000496	seconds	input_count_rate	28038.748294	cps	output_count_rate	22314.093221	cps	triggers	262214	seconds	events_in_run	223152	seconds	channel	content		1	0
2	0
3	0
4	0
5	0
6	0
7	0
8	0
9	0
10	0
11	0
12	0
13	0
14	0
15	0
16	0
17	0
18	0
19	0
20	0
21	0
22	0
23	0
24	0
25	0
26	0
27	0
28	0
29	0
30	0
31	24
32	11
33	18
34	16
35	13
36	13
37	12
38	16
39	15
40	21
41	20
42	11
43	14
44	16
45	19
46	13
47	11
48	18
49	18
50	15
51	7
52	8
53	16
54	19
55	10
56	11
57	11
58	14
59	16
60	11
61	9
62	16
63	8
64	13
65	9
66	10
67	15
68	10
69	10
70	12
71	9
72	7
73	8
74	6
75	10
76	12
77	7
78	10
79	12
80	14
81	13
82	17
83	19
84	16
85	10
86	7
87	6
88	6
89	14
90	6
91	9
92	14
93	29
94	22
95	33
96	47
97	19
98	29
99	19
100	9
101	13
102	9
103	6
104	8
105	16
106	9
107	14
108	11
109	11
110	8
111	9
112	9
113	5
114	6
115	5
116	7
117	11
118	5
119	3
120	1
121	8
122	4
123	3
124	4
125	6
126	8
127	3
128	7
129	5
130	5
131	2
132	2
133	7
134	4
135	7
136	4
137	2
138	4
139	3
140	7
141	6
142	2
143	3
144	5
145	4
146	6
147	4
148	2
149	4
150	2
151	2
152	4
153	8
154	4
155	2
156	7
157	5
158	6
159	9
160	12
161	28
162	25
163	33
164	21
165	24
166	22
167	7
168	10
169	4
170	5
171	4
172	5
173	6
174	4
175	11
176	17
177	18
178	19
179	31
180	42
181	50
182	43
183	46
184	45
185	39
186	18
187	16
188	18
189	6
190	8
191	2
192	7
193	14
194	11
195	24
196	39
197	82
198	122
199	205
200	316
201	429
202	488
203	483
204	484
205	364
206	266
207	170
208	92
209	62
210	27
211	19
212	10
213	12
214	15
215	22
216	30
217	45
218	59
219	72
220	68
221	74
222	63
223	70
224	37
225	30
226	18
227	8
228	11
229	6
230	8
231	5
232	6
233	5
234	3
235	3
236	6
237	9
238	6
239	8
240	15
241	25
242	51
243	83
244	108
245	173
246	226
247	233
248	215
249	229
250	188
251	159
252	112
253	99
254	77
255	55
256	43
257	36
258	27
259	25
260	21
261	11
262	18
263	12
264	26
265	30
266	30
267	38
268	38
269	58
270	57
271	61
272	60
273	44
274	40
275	27
276	27
277	22
278	14
279	11
280	11
281	6
282	9
283	7
284	13
285	14
286	13
287	17
288	22
289	15
290	21
291	24
292	13
293	18
294	22
295	25
296	20
297	26
298	22
299	23
300	23
301	21
302	27
303	20
304	15
305	20
306	13
307	13
308	14
309	9
310	16
311	23
312	11
313	18
314	19
315	13
316	31
317	38
318	67
319	64
320	84
321	80
322	94
323	110
324	95
325	99
326	85
327	70
328	57
329	48
330	34
331	19
332	33
333	39
334	26
335	31
336	39
337	45
338	47
339	86
340	139
341	231
342	406
343	785
344	1451
345	2355
346	3665
347	5155
348	6785
349	8188
350	9014
351	9417
352	8945
353	7585
354	6209
355	4562
356	3113
357	2022
358	1230
359	695
360	343
361	172
362	117
363	62
364	58
365	38
366	45
367	53
368	47
369	59
370	57
371	63
372	50
373	67
374	63
375	77
376	91
377	136
378	193
379	258
380	401
381	536
382	745
383	979
384	1185
385	1438
386	1543
387	1625
388	1463
389	1295
390	1011
391	795
392	524
393	358
394	249
395	134
396	83
397	50
398	31
399	32
400	27
401	29
402	33
403	28
404	32
405	30
406	34
407	36
408	32
409	42
410	39
411	29
412	38
413	45
414	44
415	29
416	34
417	33
418	42
419	26
420	33
421	38
422	38
423	37
424	31
425	34
426	39
427	30
428	27
429	56
430	41
431	46
432	37
433	55
434	59
435	47
436	59
437	57
438	70
439	73
440	72
441	88
442	81
443	88
444	86
445	80
446	70
447	88
448	73
449	55
450	73
451	77
452	68
453	75
454	70
455	84
456	76
457	100
458	75
459	99
460	83
461	76
462	102
463	81
464	78
465	73
466	65
467	69
468	78
469	69
470	73
471	61
472	77
473	72
474	77
475	77
476	77
477	83
478	71
479	64
480	53
481	51
482	65
483	51
484	72
485	53
486	63
487	60
488	54
489	53
490	59
491	84
492	66
493	69
494	65
495	84
496	62
497	80
498	70
499	73
500	74
501	69
502	64
503	90
504	84
505	93
506	96
507	80
508	71
509	87
510	98
511	95
512	77
513	81
514	104
515	87
516	82
517	84
518	95
519	74
520	88
521	111
522	109
523	98
524	93
525	124
526	70
527	102
528	112
529	97
530	94
531	105
532	104
533	116
534	101
535	74
536	96
537	92
538	85
539	87
540	100
541	89
542	102
543	86
544	90
545	95
546	77
547	104
548	102
549	91
550	84
551	77
552	82
553	84
554	65
555	94
556	76
557	91
558	89
559	91
560	81
561	100
562	82
563	71
564	86
565	95
566	79
567	82
568	85
569	77
570	95
571	87
572	80
573	79
574	75
575	83
576	95
577	88
578	95
579	96
580	90
581	97
582	94
583	102
584	92
585	98
586	99
587	90
588	92
589	113
590	78
591	86
592	96
593	110
594	75
595	116
596	98
597	97
598	102
599	96
600	112
601	98
602	98
603	100
604	115
605	96
606	105
607	115
608	101
609	114
610	96
611	102
612	114
613	121
614	92
615	115
616	99
617	102
618	113
619	116
620	102
621	115
622	109
623	106
624	99
625	95
626	107
627	107
628	101
629	97
630	106
631	123
632	115
633	99
634	110
635	106
636	95
637	114
638	84
639	112
640	112
641	86
642	120
643	113
644	125
645	100
646	114
647	127
648	106
649	107
650	132
651	133
652	119
653	127
654	109
655	104
656	115
657	105
658	134
659	107
660	102
661	115
662	110
663	103
664	108
665	111
666	132
667	125
668	135
669	105
670	118
671	135
672	126
673	124
674	116
675	130
676	99
677	104
678	115
679	107
680	99
681	120
682	114
683	124
684	120
685	111
686	123
687	129
688	121
689	128
690	112
691	119
692	129
693	113
694	115
695	123
696	123
697	154
698	138
699	131
700	138
701	145
702	144
703	139
704	114
705	135
706	139
707	131
708	146
709	138
710	132
711	126
712	131
713	131
714	121
715	131
716	129
717	119
718	113
719	151
720	126
721	136
722	118
723	132
724	140
725	126
726	135
727	146
728	130
729	134
730	142
731	142
732	138
733	157
734	151
735	156
736	139
737	133
738	149
739	134
740	161
741	143
742	140
743	146
744	156
745	146
746	157
747	163
748	148
749	119
750	147
751	122
752	121
753	141
754	160
755	161
756	136
757	143
758	137
759	138
760	147
761	160
762	159
763	168
764	170
765	220
766	213
767	251
768	240
769	323
770	315
771	374
772	369
773	403
774	325
775	362
776	333
777	313
778	310
779	260
780	255
781	231
782	186
783	173
784	193
785	156
786	145
787	134
788	129
789	139
790	139
791	134
792	142
793	140
794	131
795	140
796	132
797	155
798	142
799	164
800	146
801	160
802	150
803	145
804	139
805	132
806	140
807	152
808	138
809	166
810	147
811	177
812	149
813	174
814	140
815	150
816	162
817	175
818	160
819	173
820	145
821	147
822	164
823	154
824	166
825	147
826	134
827	161
828	159
829	151
830	138
831	150
832	144
833	158
834	178
835	160
836	158
837	174
838	157
839	151
840	145
841	146
842	152
843	153
844	165
845	152
846	158
847	167
848	167
849	180
850	164
851	172
852	200
853	177
854	169
855	181
856	221
857	192
858	222
859	221
860	208
861	215
862	236
863	233
864	239
865	237
866	266
867	226
868	256
869	252
870	209
871	235
872	229
873	229
874	250
875	241
876	252
877	231
878	268
879	291
880	282
881	296
882	296
883	316
884	309
885	378
886	401
887	417
888	420
889	418
890	443
891	475
892	508
893	562
894	497
895	557
896	584
897	579
898	549
899	599
900	597
901	556
902	597
903	589
904	613
905	616
906	544
907	571
908	499
909	540
910	473
911	457
912	456
913	430
914	397
915	407
916	347
917	347
918	309
919	341
920	321
921	268
922	270
923	243
924	248
925	214
926	232
927	218
928	185
929	189
930	189
931	193
932	185
933	207
934	176
935	195
936	175
937	171
938	179
939	191
940	166
941	190
942	199
943	209
944	260
945	274
946	264
947	312
948	354
949	382
950	410
951	412
952	460
953	477
954	464
955	456
956	432
957	416
958	418
959	339
960	293
961	302
962	257
963	208
964	179
965	163
966	186
967	147
968	156
969	122
970	139
971	144
972	128
973	130
974	137
975	143
976	128
977	124
978	139
979	123
980	135
981	141
982	139
983	134
984	138
985	146
986	139
987	162
988	138
989	153
990	160
991	158
992	173
993	171
994	145
995	167
996	162
997	175
998	166
999	200
1000	177
1001	180
1002	204
1003	167
1004	205
1005	192
1006	191
1007	175
1008	179
1009	170
1010	167
1011	178
1012	171
1013	150
1014	167
1015	164
1016	153
1017	133
1018	155
1019	136
1020	148
1021	124
1022	149
1023	123
1024	125
