Date:	09/05/2018		Time:	00:47		Version no:	0.00		Project name:	55		Sample name:	222		Section name:	section		Position	513.115051	mm	E0	0.000000	keV	E1	1.000000	keV/channel	sample surface	6.267576	cm	Tube anode:	Mo		Tube voltage:	30	kV	Tube current:	50	mA	gain	10		std. database			resultfile	result		matrix element	11		sample thickness	1.000000		air passage	0.560000	cm	comments	in position		peaking_time	2.200000	m-sec	trigger_threshold	547.363281	V	mca_bin_width	22.090000	no:	number_mca_channels	1024.000000	no:	gap_time	0.150000	m-sec	trigger_peaking_time	0.200000	m-sec	GAINDAC	18610		HIGHGAIN	1		TAURC	1		RCTAU	1		RCTAUFRAC	1		livetime	9.334163	seconds	runtime	10.000491	seconds	input_count_rate	28773.763030	cps	output_count_rate	22756.582197	cps	triggers	268579	seconds	events_in_run	227577	seconds	channel	content		1	0
2	0
3	0
4	0
5	0
6	0
7	0
8	0
9	0
10	0
11	0
12	0
13	0
14	0
15	0
16	0
17	0
18	0
19	0
20	0
21	0
22	0
23	0
24	0
25	0
26	0
27	0
28	0
29	0
30	0
31	19
32	15
33	13
34	14
35	14
36	15
37	10
38	13
39	15
40	23
41	13
42	12
43	11
44	14
45	10
46	13
47	10
48	7
49	19
50	9
51	18
52	12
53	13
54	16
55	13
56	16
57	16
58	13
59	4
60	13
61	19
62	13
63	11
64	8
65	18
66	12
67	6
68	12
69	12
70	15
71	7
72	7
73	7
74	7
75	10
76	5
77	15
78	10
79	13
80	13
81	11
82	23
83	8
84	9
85	19
86	14
87	6
88	5
89	8
90	5
91	7
92	7
93	11
94	23
95	30
96	26
97	35
98	28
99	16
100	13
101	11
102	10
103	9
104	13
105	13
106	8
107	4
108	11
109	9
110	11
111	3
112	12
113	4
114	5
115	6
116	5
117	7
118	9
119	5
120	6
121	7
122	5
123	5
124	13
125	2
126	5
127	6
128	5
129	7
130	8
131	4
132	1
133	3
134	4
135	2
136	2
137	4
138	3
139	4
140	6
141	2
142	1
143	2
144	3
145	3
146	2
147	4
148	4
149	7
150	7
151	6
152	7
153	5
154	1
155	2
156	10
157	7
158	11
159	10
160	15
161	19
162	23
163	22
164	21
165	20
166	17
167	17
168	6
169	3
170	4
171	5
172	2
173	1
174	7
175	9
176	15
177	21
178	22
179	28
180	32
181	52
182	45
183	43
184	41
185	36
186	19
187	11
188	9
189	8
190	5
191	7
192	2
193	7
194	16
195	24
196	34
197	76
198	118
199	192
200	273
201	380
202	438
203	453
204	447
205	355
206	270
207	216
208	115
209	56
210	33
211	18
212	12
213	11
214	11
215	28
216	27
217	51
218	63
219	66
220	79
221	70
222	83
223	61
224	53
225	29
226	32
227	7
228	11
229	12
230	7
231	2
232	9
233	3
234	8
235	9
236	4
237	8
238	7
239	10
240	14
241	33
242	41
243	79
244	131
245	177
246	185
247	229
248	221
249	227
250	187
251	154
252	87
253	79
254	62
255	51
256	52
257	36
258	44
259	32
260	23
261	17
262	18
263	22
264	16
265	28
266	29
267	34
268	42
269	59
270	57
271	69
272	56
273	49
274	48
275	33
276	32
277	18
278	14
279	8
280	13
281	18
282	9
283	11
284	11
285	15
286	13
287	16
288	21
289	19
290	21
291	20
292	23
293	25
294	23
295	34
296	11
297	15
298	17
299	19
300	12
301	11
302	18
303	17
304	13
305	14
306	24
307	20
308	14
309	11
310	19
311	23
312	13
313	18
314	14
315	20
316	20
317	41
318	52
319	71
320	91
321	92
322	127
323	119
324	112
325	101
326	87
327	77
328	58
329	61
330	41
331	40
332	23
333	36
334	31
335	34
336	42
337	37
338	59
339	73
340	129
341	233
342	422
343	773
344	1378
345	2355
346	3705
347	5113
348	6838
349	8254
350	9249
351	9543
352	9124
353	7822
354	6352
355	4886
356	3137
357	2073
358	1274
359	716
360	341
361	171
362	124
363	64
364	49
365	41
366	53
367	48
368	61
369	50
370	62
371	54
372	60
373	53
374	61
375	80
376	93
377	137
378	179
379	256
380	361
381	552
382	779
383	989
384	1210
385	1420
386	1620
387	1555
388	1444
389	1254
390	1040
391	825
392	505
393	375
394	248
395	155
396	79
397	62
398	45
399	42
400	31
401	38
402	23
403	35
404	30
405	35
406	30
407	30
408	37
409	38
410	49
411	39
412	35
413	41
414	42
415	36
416	28
417	34
418	32
419	39
420	43
421	29
422	33
423	34
424	33
425	44
426	45
427	30
428	43
429	38
430	40
431	28
432	39
433	44
434	39
435	56
436	60
437	72
438	77
439	92
440	79
441	96
442	100
443	90
444	98
445	86
446	69
447	76
448	73
449	52
450	70
451	57
452	63
453	76
454	69
455	82
456	92
457	86
458	103
459	103
460	103
461	112
462	86
463	69
464	78
465	64
466	69
467	76
468	74
469	57
470	85
471	74
472	86
473	98
474	86
475	80
476	93
477	60
478	65
479	61
480	63
481	62
482	67
483	66
484	57
485	67
486	60
487	75
488	73
489	79
490	65
491	80
492	57
493	60
494	65
495	52
496	66
497	72
498	64
499	70
500	63
501	82
502	67
503	80
504	63
505	73
506	102
507	82
508	78
509	98
510	91
511	81
512	81
513	76
514	86
515	89
516	93
517	82
518	95
519	100
520	97
521	109
522	86
523	114
524	93
525	103
526	123
527	118
528	114
529	119
530	109
531	125
532	99
533	95
534	100
535	96
536	98
537	102
538	85
539	87
540	85
541	108
542	84
543	111
544	103
545	81
546	89
547	97
548	78
549	83
550	92
551	86
552	75
553	97
554	90
555	85
556	84
557	103
558	73
559	71
560	89
561	81
562	80
563	83
564	99
565	95
566	94
567	80
568	70
569	75
570	88
571	94
572	80
573	96
574	105
575	108
576	99
577	89
578	82
579	86
580	98
581	96
582	94
583	77
584	86
585	98
586	102
587	97
588	97
589	108
590	99
591	87
592	115
593	95
594	95
595	95
596	106
597	118
598	100
599	105
600	100
601	105
602	106
603	103
604	95
605	106
606	104
607	109
608	100
609	107
610	110
611	99
612	103
613	108
614	103
615	108
616	99
617	113
618	116
619	129
620	117
621	99
622	116
623	118
624	100
625	99
626	110
627	128
628	100
629	103
630	116
631	115
632	112
633	113
634	117
635	133
636	118
637	125
638	94
639	92
640	105
641	89
642	115
643	101
644	106
645	109
646	110
647	123
648	117
649	120
650	124
651	153
652	137
653	125
654	103
655	126
656	137
657	101
658	115
659	101
660	108
661	114
662	116
663	117
664	114
665	106
666	121
667	129
668	97
669	162
670	132
671	126
672	110
673	128
674	106
675	144
676	134
677	129
678	113
679	124
680	119
681	135
682	126
683	101
684	119
685	142
686	130
687	135
688	127
689	145
690	107
691	132
692	134
693	105
694	118
695	152
696	142
697	133
698	112
699	135
700	135
701	123
702	151
703	138
704	148
705	147
706	162
707	127
708	130
709	135
710	116
711	121
712	127
713	111
714	124
715	145
716	119
717	138
718	121
719	143
720	140
721	125
722	128
723	142
724	120
725	170
726	156
727	141
728	148
729	151
730	140
731	148
732	146
733	161
734	155
735	160
736	124
737	138
738	138
739	127
740	159
741	143
742	152
743	137
744	136
745	130
746	153
747	139
748	128
749	135
750	137
751	132
752	136
753	136
754	159
755	152
756	136
757	159
758	176
759	163
760	165
761	176
762	175
763	178
764	180
765	216
766	205
767	243
768	263
769	340
770	350
771	348
772	367
773	398
774	380
775	378
776	356
777	329
778	312
779	266
780	244
781	252
782	179
783	176
784	158
785	170
786	168
787	167
788	147
789	153
790	138
791	150
792	153
793	151
794	148
795	151
796	159
797	137
798	142
799	149
800	157
801	151
802	156
803	138
804	179
805	131
806	134
807	148
808	141
809	164
810	153
811	155
812	148
813	142
814	159
815	150
816	154
817	160
818	164
819	174
820	176
821	183
822	159
823	157
824	160
825	164
826	150
827	152
828	173
829	156
830	171
831	166
832	159
833	164
834	151
835	160
836	165
837	166
838	142
839	161
840	148
841	150
842	193
843	162
844	163
845	162
846	161
847	170
848	165
849	180
850	163
851	154
852	198
853	164
854	183
855	169
856	186
857	176
858	204
859	202
860	219
861	235
862	265
863	241
864	263
865	259
866	261
867	250
868	261
869	227
870	235
871	232
872	226
873	230
874	271
875	261
876	247
877	269
878	270
879	281
880	304
881	302
882	312
883	352
884	351
885	364
886	385
887	409
888	430
889	450
890	487
891	455
892	510
893	543
894	562
895	510
896	561
897	610
898	654
899	603
900	612
901	662
902	580
903	630
904	588
905	599
906	590
907	583
908	522
909	508
910	511
911	493
912	479
913	454
914	425
915	369
916	349
917	368
918	369
919	300
920	321
921	257
922	295
923	266
924	291
925	221
926	235
927	244
928	217
929	197
930	208
931	192
932	176
933	203
934	171
935	170
936	178
937	178
938	217
939	196
940	190
941	170
942	206
943	198
944	235
945	262
946	291
947	298
948	368
949	401
950	402
951	419
952	456
953	439
954	471
955	453
956	457
957	396
958	411
959	337
960	310
961	260
962	267
963	214
964	207
965	165
966	164
967	166
968	166
969	143
970	141
971	145
972	132
973	123
974	149
975	133
976	115
977	159
978	133
979	119
980	138
981	133
982	121
983	139
984	142
985	152
986	148
987	157
988	162
989	193
990	181
991	167
992	170
993	180
994	164
995	164
996	187
997	186
998	192
999	199
1000	227
1001	222
1002	200
1003	191
1004	179
1005	217
1006	192
1007	193
1008	196
1009	177
1010	177
1011	182
1012	160
1013	175
1014	164
1015	191
1016	169
1017	175
1018	149
1019	157
1020	164
1021	136
1022	149
1023	144
1024	115
