Date:	09/05/2018		Time:	00:08		Version no:	0.00		Project name:	55		Sample name:	222		Section name:	section		Position	471.915039	mm	E0	0.000000	keV	E1	1.000000	keV/channel	sample surface	6.493617	cm	Tube anode:	Mo		Tube voltage:	30	kV	Tube current:	50	mA	gain	10		std. database			resultfile	result		matrix element	11		sample thickness	1.000000		air passage	0.560000	cm	comments	in position		peaking_time	2.200000	m-sec	trigger_threshold	547.363281	V	mca_bin_width	22.090000	no:	number_mca_channels	1024.000000	no:	gap_time	0.150000	m-sec	trigger_peaking_time	0.200000	m-sec	GAINDAC	18610		HIGHGAIN	1		TAURC	1		RCTAU	1		RCTAUFRAC	1		livetime	9.439625	seconds	runtime	10.000505	seconds	input_count_rate	25658.435068	cps	output_count_rate	20914.444239	cps	triggers	242206	seconds	events_in_run	209155	seconds	channel	content		1	0
2	0
3	0
4	0
5	0
6	0
7	0
8	0
9	0
10	0
11	0
12	0
13	0
14	0
15	0
16	0
17	0
18	0
19	0
20	0
21	0
22	0
23	0
24	0
25	0
26	0
27	0
28	0
29	0
30	0
31	12
32	20
33	16
34	12
35	11
36	8
37	8
38	11
39	17
40	9
41	8
42	6
43	11
44	6
45	11
46	12
47	13
48	12
49	16
50	14
51	12
52	11
53	7
54	15
55	10
56	7
57	16
58	14
59	15
60	13
61	5
62	6
63	5
64	10
65	5
66	4
67	7
68	10
69	8
70	11
71	2
72	7
73	2
74	7
75	5
76	6
77	5
78	5
79	16
80	13
81	13
82	16
83	11
84	8
85	9
86	8
87	5
88	5
89	9
90	12
91	5
92	9
93	16
94	24
95	37
96	43
97	29
98	35
99	21
100	11
101	9
102	8
103	8
104	8
105	7
106	10
107	6
108	8
109	14
110	11
111	7
112	9
113	6
114	6
115	5
116	3
117	2
118	1
119	6
120	4
121	3
122	8
123	7
124	8
125	7
126	8
127	6
128	5
129	5
130	4
131	6
132	6
133	1
134	6
135	1
136	4
137	5
138	1
139	3
140	2
141	4
142	6
143	1
144	6
145	6
146	3
147	1
148	6
149	3
150	2
151	6
152	5
153	4
154	9
155	4
156	5
157	7
158	12
159	17
160	19
161	17
162	29
163	24
164	21
165	26
166	15
167	5
168	11
169	7
170	5
171	4
172	7
173	5
174	3
175	1
176	8
177	12
178	17
179	17
180	42
181	37
182	40
183	45
184	35
185	26
186	19
187	21
188	7
189	8
190	2
191	3
192	3
193	12
194	10
195	16
196	40
197	70
198	127
199	193
200	300
201	406
202	496
203	516
204	465
205	373
206	282
207	175
208	106
209	52
210	24
211	11
212	20
213	15
214	10
215	23
216	23
217	50
218	60
219	71
220	78
221	68
222	82
223	69
224	41
225	44
226	26
227	22
228	12
229	5
230	9
231	6
232	3
233	5
234	12
235	5
236	7
237	5
238	5
239	3
240	12
241	17
242	33
243	59
244	91
245	151
246	165
247	149
248	204
249	159
250	144
251	130
252	114
253	78
254	72
255	69
256	57
257	47
258	39
259	28
260	30
261	13
262	20
263	12
264	22
265	12
266	28
267	37
268	32
269	52
270	57
271	59
272	45
273	49
274	39
275	28
276	25
277	17
278	14
279	13
280	9
281	17
282	16
283	14
284	15
285	11
286	15
287	5
288	17
289	19
290	19
291	22
292	18
293	20
294	19
295	16
296	17
297	17
298	19
299	17
300	20
301	16
302	18
303	12
304	20
305	15
306	8
307	7
308	9
309	12
310	15
311	13
312	18
313	10
314	18
315	19
316	29
317	30
318	54
319	82
320	104
321	143
322	161
323	165
324	149
325	162
326	123
327	97
328	77
329	53
330	49
331	32
332	44
333	30
334	34
335	35
336	34
337	36
338	82
339	97
340	125
341	282
342	502
343	935
344	1599
345	2617
346	3999
347	5832
348	7681
349	9135
350	10332
351	10666
352	10029
353	8898
354	7131
355	5386
356	3766
357	2398
358	1385
359	791
360	401
361	212
362	122
363	61
364	51
365	47
366	53
367	43
368	38
369	47
370	49
371	51
372	50
373	64
374	69
375	88
376	95
377	125
378	190
379	266
380	402
381	549
382	823
383	1044
384	1362
385	1573
386	1763
387	1716
388	1687
389	1448
390	1102
391	864
392	593
393	386
394	261
395	154
396	93
397	72
398	35
399	29
400	33
401	24
402	17
403	27
404	23
405	27
406	32
407	27
408	36
409	28
410	21
411	29
412	33
413	29
414	25
415	24
416	37
417	25
418	28
419	26
420	23
421	24
422	31
423	25
424	24
425	39
426	35
427	35
428	32
429	44
430	32
431	27
432	29
433	35
434	41
435	39
436	42
437	59
438	63
439	74
440	55
441	73
442	62
443	80
444	58
445	65
446	51
447	54
448	51
449	52
450	52
451	58
452	55
453	59
454	54
455	66
456	72
457	82
458	72
459	83
460	66
461	79
462	77
463	52
464	61
465	48
466	50
467	55
468	61
469	66
470	50
471	56
472	66
473	64
474	59
475	58
476	54
477	63
478	51
479	60
480	41
481	59
482	46
483	55
484	51
485	33
486	47
487	63
488	46
489	58
490	43
491	45
492	55
493	58
494	55
495	66
496	51
497	48
498	47
499	54
500	57
501	69
502	66
503	61
504	58
505	62
506	73
507	67
508	61
509	68
510	79
511	76
512	70
513	65
514	68
515	66
516	60
517	79
518	61
519	78
520	64
521	71
522	79
523	97
524	91
525	84
526	92
527	69
528	90
529	73
530	82
531	78
532	111
533	75
534	78
535	69
536	85
537	67
538	71
539	68
540	72
541	64
542	57
543	83
544	77
545	76
546	78
547	74
548	54
549	69
550	68
551	65
552	64
553	57
554	65
555	80
556	71
557	63
558	63
559	76
560	60
561	57
562	63
563	60
564	62
565	59
566	71
567	64
568	48
569	68
570	65
571	75
572	80
573	73
574	61
575	76
576	69
577	67
578	73
579	77
580	60
581	80
582	71
583	69
584	77
585	82
586	64
587	83
588	69
589	66
590	74
591	88
592	101
593	66
594	78
595	65
596	82
597	80
598	70
599	89
600	90
601	81
602	93
603	92
604	82
605	80
606	87
607	73
608	76
609	73
610	70
611	77
612	82
613	77
614	93
615	82
616	88
617	88
618	98
619	86
620	91
621	82
622	81
623	75
624	80
625	74
626	73
627	92
628	79
629	70
630	89
631	101
632	90
633	103
634	101
635	88
636	93
637	93
638	76
639	92
640	86
641	67
642	75
643	89
644	90
645	90
646	75
647	79
648	89
649	88
650	88
651	80
652	89
653	87
654	108
655	101
656	76
657	83
658	81
659	102
660	79
661	94
662	93
663	85
664	90
665	87
666	90
667	87
668	90
669	86
670	78
671	79
672	100
673	81
674	92
675	92
676	79
677	97
678	69
679	103
680	82
681	101
682	84
683	94
684	94
685	96
686	92
687	105
688	102
689	97
690	87
691	77
692	86
693	80
694	94
695	110
696	112
697	111
698	100
699	108
700	99
701	86
702	114
703	101
704	109
705	96
706	104
707	108
708	92
709	109
710	100
711	95
712	87
713	97
714	83
715	106
716	85
717	111
718	91
719	83
720	95
721	113
722	98
723	109
724	118
725	99
726	87
727	108
728	105
729	110
730	110
731	99
732	110
733	119
734	104
735	124
736	106
737	86
738	90
739	79
740	96
741	96
742	100
743	111
744	105
745	107
746	90
747	134
748	122
749	102
750	96
751	117
752	116
753	90
754	123
755	120
756	93
757	98
758	95
759	104
760	103
761	137
762	139
763	133
764	153
765	167
766	187
767	243
768	252
769	266
770	317
771	311
772	288
773	316
774	316
775	312
776	300
777	276
778	279
779	228
780	187
781	160
782	153
783	130
784	139
785	136
786	126
787	109
788	107
789	97
790	113
791	93
792	95
793	102
794	98
795	106
796	106
797	113
798	96
799	127
800	100
801	100
802	99
803	117
804	114
805	94
806	111
807	98
808	112
809	99
810	119
811	101
812	118
813	106
814	101
815	145
816	129
817	120
818	123
819	99
820	103
821	120
822	122
823	129
824	120
825	116
826	115
827	114
828	106
829	118
830	107
831	109
832	124
833	118
834	128
835	99
836	105
837	112
838	97
839	123
840	101
841	112
842	115
843	113
844	119
845	126
846	141
847	113
848	112
849	117
850	118
851	153
852	123
853	138
854	127
855	140
856	143
857	142
858	158
859	153
860	171
861	178
862	171
863	194
864	195
865	188
866	181
867	202
868	208
869	214
870	204
871	177
872	161
873	179
874	182
875	180
876	175
877	177
878	202
879	201
880	212
881	204
882	223
883	238
884	233
885	289
886	258
887	309
888	297
889	306
890	302
891	336
892	332
893	364
894	378
895	389
896	410
897	443
898	430
899	377
900	429
901	386
902	413
903	438
904	384
905	431
906	392
907	404
908	357
909	351
910	354
911	307
912	321
913	312
914	269
915	262
916	263
917	265
918	249
919	214
920	212
921	222
922	211
923	189
924	188
925	184
926	170
927	170
928	153
929	147
930	133
931	153
932	119
933	139
934	148
935	131
936	137
937	106
938	143
939	131
940	162
941	119
942	154
943	161
944	186
945	198
946	240
947	270
948	294
949	323
950	344
951	329
952	378
953	368
954	422
955	368
956	371
957	336
958	289
959	288
960	239
961	222
962	198
963	201
964	143
965	159
966	132
967	115
968	123
969	118
970	96
971	107
972	123
973	119
974	104
975	94
976	100
977	97
978	103
979	103
980	86
981	117
982	98
983	112
984	107
985	100
986	121
987	99
988	114
989	113
990	122
991	104
992	122
993	120
994	112
995	126
996	120
997	127
998	138
999	127
1000	134
1001	123
1002	157
1003	139
1004	135
1005	139
1006	142
1007	149
1008	131
1009	119
1010	119
1011	139
1012	119
1013	128
1014	128
1015	124
1016	116
1017	111
1018	99
1019	127
1020	96
1021	116
1022	97
1023	75
1024	84
