Date:	09/05/2018		Time:	00:06		Version no:	0.00		Project name:	55		Sample name:	222		Section name:	section		Position	470.715027	mm	E0	0.000000	keV	E1	1.000000	keV/channel	sample surface	6.488539	cm	Tube anode:	Mo		Tube voltage:	30	kV	Tube current:	50	mA	gain	10		std. database			resultfile	result		matrix element	11		sample thickness	1.000000		air passage	0.560000	cm	comments	in position		peaking_time	2.200000	m-sec	trigger_threshold	547.363281	V	mca_bin_width	22.090000	no:	number_mca_channels	1024.000000	no:	gap_time	0.150000	m-sec	trigger_peaking_time	0.200000	m-sec	GAINDAC	18610		HIGHGAIN	1		TAURC	1		RCTAU	1		RCTAUFRAC	1		livetime	9.430494	seconds	runtime	10.000493	seconds	input_count_rate	25934.165233	cps	output_count_rate	21103.360026	cps	triggers	244572	seconds	events_in_run	211044	seconds	channel	content		1	0
2	0
3	0
4	0
5	0
6	0
7	0
8	0
9	0
10	0
11	0
12	0
13	0
14	0
15	0
16	0
17	0
18	0
19	0
20	0
21	0
22	0
23	0
24	0
25	0
26	0
27	0
28	0
29	0
30	0
31	20
32	15
33	14
34	10
35	16
36	16
37	11
38	10
39	6
40	9
41	22
42	7
43	10
44	14
45	12
46	19
47	15
48	17
49	9
50	23
51	9
52	15
53	15
54	12
55	8
56	10
57	9
58	10
59	13
60	14
61	9
62	11
63	6
64	5
65	13
66	7
67	9
68	8
69	4
70	8
71	5
72	6
73	7
74	6
75	10
76	8
77	9
78	8
79	9
80	10
81	8
82	18
83	14
84	6
85	5
86	16
87	15
88	9
89	6
90	5
91	8
92	12
93	13
94	13
95	23
96	23
97	22
98	16
99	11
100	14
101	8
102	8
103	9
104	7
105	8
106	5
107	15
108	12
109	10
110	6
111	8
112	6
113	6
114	7
115	3
116	6
117	6
118	4
119	1
120	6
121	7
122	5
123	6
124	7
125	9
126	2
127	2
128	4
129	2
130	3
131	2
132	7
133	2
134	2
135	4
136	4
137	2
138	3
139	4
140	3
141	4
142	5
143	3
144	5
145	6
146	4
147	4
148	1
149	4
150	6
151	2
152	3
153	7
154	4
155	6
156	5
157	8
158	8
159	11
160	19
161	21
162	29
163	24
164	31
165	22
166	18
167	8
168	10
169	6
170	2
171	11
172	3
173	7
174	7
175	8
176	10
177	15
178	13
179	33
180	34
181	42
182	45
183	45
184	38
185	26
186	20
187	12
188	4
189	11
190	6
191	5
192	5
193	9
194	11
195	22
196	33
197	62
198	103
199	184
200	267
201	352
202	414
203	453
204	424
205	315
206	243
207	180
208	108
209	56
210	28
211	11
212	7
213	14
214	18
215	23
216	21
217	42
218	59
219	60
220	64
221	90
222	60
223	60
224	51
225	33
226	16
227	13
228	8
229	8
230	5
231	3
232	4
233	0
234	2
235	5
236	3
237	6
238	16
239	12
240	13
241	36
242	53
243	67
244	107
245	128
246	175
247	168
248	186
249	160
250	131
251	115
252	97
253	78
254	59
255	51
256	60
257	47
258	24
259	27
260	10
261	15
262	20
263	18
264	20
265	19
266	27
267	34
268	36
269	40
270	49
271	53
272	52
273	51
274	45
275	29
276	23
277	29
278	19
279	16
280	20
281	14
282	8
283	7
284	12
285	10
286	21
287	12
288	15
289	11
290	18
291	24
292	16
293	29
294	20
295	20
296	14
297	23
298	18
299	19
300	12
301	23
302	17
303	10
304	19
305	19
306	15
307	10
308	13
309	13
310	12
311	15
312	12
313	15
314	19
315	20
316	33
317	42
318	77
319	79
320	87
321	133
322	173
323	162
324	168
325	152
326	147
327	120
328	76
329	53
330	38
331	42
332	23
333	34
334	37
335	42
336	39
337	37
338	63
339	78
340	152
341	238
342	444
343	899
344	1606
345	2556
346	4105
347	5835
348	7457
349	9182
350	10056
351	10639
352	10126
353	8813
354	6963
355	5120
356	3521
357	2245
358	1321
359	760
360	364
361	210
362	111
363	71
364	49
365	34
366	46
367	48
368	48
369	55
370	47
371	53
372	58
373	63
374	77
375	73
376	105
377	154
378	206
379	256
380	412
381	583
382	812
383	1101
384	1384
385	1570
386	1762
387	1767
388	1590
389	1427
390	1162
391	899
392	618
393	396
394	233
395	152
396	92
397	58
398	38
399	35
400	26
401	21
402	20
403	24
404	27
405	25
406	32
407	28
408	27
409	24
410	34
411	41
412	21
413	40
414	33
415	27
416	23
417	21
418	21
419	33
420	22
421	38
422	39
423	28
424	25
425	28
426	23
427	27
428	30
429	30
430	25
431	30
432	37
433	43
434	45
435	40
436	44
437	54
438	61
439	66
440	60
441	72
442	78
443	79
444	78
445	61
446	61
447	56
448	59
449	50
450	54
451	65
452	41
453	52
454	52
455	57
456	76
457	88
458	71
459	85
460	68
461	73
462	79
463	52
464	48
465	56
466	59
467	49
468	64
469	68
470	47
471	53
472	63
473	46
474	59
475	51
476	52
477	48
478	40
479	59
480	56
481	47
482	39
483	50
484	53
485	51
486	41
487	47
488	43
489	45
490	50
491	61
492	47
493	65
494	46
495	60
496	54
497	54
498	66
499	62
500	47
501	54
502	48
503	63
504	49
505	64
506	60
507	62
508	64
509	75
510	68
511	72
512	56
513	57
514	71
515	62
516	71
517	82
518	70
519	78
520	81
521	61
522	67
523	56
524	86
525	92
526	97
527	83
528	86
529	78
530	80
531	81
532	86
533	89
534	83
535	74
536	71
537	72
538	58
539	82
540	74
541	65
542	62
543	78
544	78
545	66
546	63
547	82
548	74
549	73
550	73
551	67
552	73
553	56
554	82
555	65
556	73
557	81
558	61
559	60
560	73
561	70
562	63
563	80
564	68
565	61
566	77
567	76
568	63
569	76
570	81
571	52
572	56
573	74
574	69
575	65
576	67
577	67
578	73
579	93
580	90
581	70
582	57
583	65
584	96
585	69
586	66
587	77
588	77
589	93
590	60
591	69
592	86
593	82
594	67
595	65
596	69
597	80
598	94
599	83
600	74
601	88
602	88
603	81
604	76
605	77
606	60
607	78
608	73
609	101
610	93
611	91
612	82
613	76
614	92
615	86
616	90
617	102
618	112
619	99
620	87
621	90
622	94
623	85
624	68
625	98
626	85
627	91
628	83
629	82
630	91
631	96
632	78
633	82
634	86
635	79
636	67
637	82
638	101
639	92
640	88
641	89
642	91
643	85
644	90
645	95
646	87
647	81
648	99
649	96
650	93
651	94
652	76
653	99
654	99
655	95
656	97
657	104
658	80
659	87
660	94
661	89
662	99
663	100
664	83
665	84
666	93
667	108
668	81
669	92
670	80
671	82
672	75
673	97
674	92
675	75
676	83
677	89
678	97
679	110
680	107
681	79
682	122
683	95
684	85
685	83
686	79
687	88
688	92
689	104
690	90
691	91
692	98
693	79
694	96
695	102
696	116
697	107
698	98
699	112
700	114
701	122
702	122
703	116
704	137
705	114
706	97
707	104
708	112
709	98
710	106
711	97
712	113
713	108
714	99
715	98
716	106
717	88
718	117
719	85
720	111
721	82
722	114
723	112
724	107
725	101
726	98
727	108
728	97
729	130
730	124
731	104
732	132
733	115
734	124
735	110
736	115
737	107
738	108
739	128
740	123
741	114
742	112
743	106
744	102
745	110
746	92
747	116
748	104
749	102
750	111
751	113
752	121
753	100
754	107
755	109
756	97
757	101
758	134
759	96
760	119
761	123
762	153
763	129
764	144
765	161
766	209
767	210
768	262
769	298
770	292
771	330
772	353
773	372
774	369
775	316
776	309
777	297
778	289
779	230
780	227
781	199
782	162
783	145
784	161
785	120
786	131
787	111
788	123
789	118
790	119
791	103
792	126
793	114
794	109
795	111
796	100
797	111
798	121
799	107
800	115
801	132
802	117
803	115
804	122
805	132
806	118
807	101
808	121
809	117
810	105
811	140
812	108
813	116
814	137
815	112
816	139
817	127
818	125
819	130
820	135
821	121
822	117
823	136
824	129
825	114
826	130
827	121
828	129
829	106
830	111
831	99
832	119
833	137
834	118
835	129
836	113
837	124
838	122
839	135
840	128
841	112
842	110
843	125
844	126
845	138
846	145
847	107
848	136
849	124
850	115
851	147
852	142
853	133
854	118
855	122
856	157
857	172
858	137
859	147
860	173
861	183
862	187
863	178
864	196
865	197
866	205
867	204
868	185
869	172
870	198
871	174
872	184
873	198
874	214
875	192
876	184
877	189
878	189
879	205
880	238
881	236
882	250
883	232
884	251
885	265
886	261
887	279
888	322
889	338
890	361
891	374
892	354
893	404
894	397
895	402
896	378
897	432
898	402
899	442
900	451
901	466
902	435
903	419
904	431
905	396
906	423
907	408
908	389
909	395
910	409
911	374
912	313
913	337
914	310
915	336
916	295
917	271
918	274
919	245
920	219
921	203
922	219
923	186
924	187
925	219
926	174
927	184
928	175
929	191
930	139
931	139
932	164
933	137
934	143
935	133
936	152
937	152
938	142
939	148
940	146
941	117
942	189
943	172
944	181
945	218
946	246
947	252
948	323
949	287
950	349
951	380
952	398
953	382
954	445
955	409
956	391
957	327
958	316
959	282
960	269
961	237
962	213
963	183
964	158
965	131
966	155
967	122
968	124
969	130
970	91
971	112
972	109
973	101
974	102
975	94
976	103
977	101
978	102
979	102
980	92
981	117
982	97
983	111
984	111
985	104
986	113
987	101
988	141
989	125
990	110
991	133
992	140
993	110
994	123
995	137
996	143
997	144
998	148
999	126
1000	132
1001	145
1002	143
1003	111
1004	138
1005	136
1006	144
1007	127
1008	123
1009	136
1010	138
1011	155
1012	113
1013	134
1014	128
1015	145
1016	113
1017	136
1018	125
1019	112
1020	108
1021	94
1022	95
1023	102
1024	99
