Date:	08/05/2018		Time:	23:44		Version no:	0.00		Project name:	55		Sample name:	222		Section name:	section		Position	447.515045	mm	E0	0.000000	keV	E1	1.000000	keV/channel	sample surface	6.319956	cm	Tube anode:	Mo		Tube voltage:	30	kV	Tube current:	50	mA	gain	10		std. database			resultfile	result		matrix element	11		sample thickness	1.000000		air passage	0.560000	cm	comments	in position		peaking_time	2.200000	m-sec	trigger_threshold	547.363281	V	mca_bin_width	22.090000	no:	number_mca_channels	1024.000000	no:	gap_time	0.150000	m-sec	trigger_peaking_time	0.200000	m-sec	GAINDAC	18610		HIGHGAIN	1		TAURC	1		RCTAU	1		RCTAUFRAC	1		livetime	9.390995	seconds	runtime	10.000489	seconds	input_count_rate	26952.947436	cps	output_count_rate	21691.239732	cps	triggers	253115	seconds	events_in_run	216923	seconds	channel	content		1	0
2	0
3	0
4	0
5	0
6	0
7	0
8	0
9	0
10	0
11	0
12	0
13	0
14	0
15	0
16	0
17	0
18	0
19	0
20	0
21	0
22	0
23	0
24	0
25	0
26	0
27	0
28	0
29	0
30	0
31	11
32	18
33	11
34	9
35	12
36	10
37	12
38	7
39	4
40	22
41	11
42	13
43	6
44	10
45	15
46	13
47	10
48	12
49	11
50	14
51	9
52	12
53	9
54	12
55	12
56	7
57	16
58	11
59	18
60	10
61	8
62	13
63	11
64	10
65	8
66	12
67	11
68	11
69	6
70	9
71	9
72	5
73	8
74	7
75	5
76	10
77	7
78	10
79	9
80	11
81	11
82	10
83	18
84	15
85	10
86	8
87	7
88	10
89	7
90	8
91	6
92	11
93	14
94	19
95	24
96	21
97	16
98	16
99	14
100	9
101	5
102	9
103	1
104	5
105	8
106	7
107	10
108	15
109	4
110	10
111	12
112	3
113	4
114	9
115	8
116	7
117	2
118	3
119	2
120	3
121	5
122	8
123	8
124	4
125	2
126	5
127	6
128	4
129	3
130	3
131	2
132	3
133	5
134	4
135	3
136	5
137	3
138	4
139	3
140	2
141	3
142	6
143	6
144	3
145	2
146	3
147	2
148	4
149	6
150	6
151	5
152	7
153	3
154	6
155	5
156	1
157	8
158	3
159	12
160	13
161	19
162	32
163	21
164	28
165	18
166	20
167	13
168	9
169	4
170	5
171	4
172	7
173	7
174	8
175	13
176	7
177	15
178	17
179	17
180	30
181	22
182	28
183	27
184	25
185	17
186	19
187	9
188	7
189	6
190	6
191	4
192	3
193	7
194	3
195	11
196	28
197	46
198	80
199	133
200	191
201	266
202	323
203	295
204	312
205	270
206	186
207	132
208	73
209	45
210	21
211	15
212	10
213	11
214	8
215	16
216	20
217	22
218	39
219	50
220	61
221	61
222	55
223	50
224	36
225	27
226	10
227	7
228	13
229	7
230	10
231	7
232	10
233	4
234	4
235	1
236	2
237	10
238	7
239	11
240	9
241	26
242	29
243	56
244	113
245	118
246	148
247	175
248	159
249	155
250	126
251	110
252	105
253	65
254	66
255	49
256	55
257	39
258	34
259	21
260	17
261	22
262	8
263	19
264	19
265	21
266	28
267	28
268	40
269	44
270	50
271	44
272	40
273	54
274	35
275	35
276	20
277	12
278	13
279	11
280	14
281	13
282	11
283	14
284	13
285	10
286	17
287	11
288	19
289	17
290	24
291	16
292	20
293	19
294	30
295	16
296	19
297	28
298	23
299	23
300	15
301	16
302	18
303	17
304	25
305	13
306	12
307	12
308	16
309	12
310	12
311	15
312	16
313	14
314	23
315	37
316	60
317	78
318	155
319	215
320	254
321	353
322	373
323	422
324	389
325	359
326	279
327	241
328	170
329	96
330	79
331	50
332	38
333	36
334	39
335	33
336	42
337	49
338	54
339	80
340	158
341	237
342	447
343	829
344	1486
345	2541
346	3737
347	5537
348	6923
349	8512
350	9586
351	9987
352	9387
353	8043
354	6675
355	4962
356	3411
357	2133
358	1264
359	783
360	408
361	204
362	119
363	79
364	51
365	44
366	48
367	37
368	45
369	33
370	47
371	43
372	60
373	43
374	70
375	73
376	94
377	120
378	182
379	243
380	396
381	555
382	749
383	1037
384	1234
385	1443
386	1570
387	1608
388	1529
389	1387
390	1073
391	807
392	598
393	414
394	248
395	128
396	88
397	53
398	42
399	29
400	21
401	37
402	29
403	27
404	26
405	33
406	33
407	27
408	50
409	40
410	36
411	26
412	31
413	32
414	38
415	42
416	27
417	45
418	35
419	27
420	44
421	34
422	30
423	36
424	30
425	31
426	34
427	32
428	38
429	30
430	42
431	36
432	35
433	35
434	49
435	45
436	59
437	57
438	71
439	63
440	75
441	85
442	68
443	67
444	87
445	68
446	71
447	70
448	54
449	62
450	61
451	57
452	57
453	48
454	78
455	67
456	68
457	82
458	64
459	75
460	85
461	76
462	78
463	71
464	64
465	77
466	60
467	58
468	56
469	64
470	67
471	67
472	75
473	63
474	53
475	71
476	67
477	69
478	53
479	50
480	49
481	59
482	57
483	48
484	53
485	46
486	58
487	50
488	67
489	61
490	64
491	53
492	58
493	64
494	67
495	58
496	74
497	64
498	71
499	61
500	47
501	46
502	73
503	77
504	66
505	71
506	70
507	71
508	64
509	77
510	80
511	91
512	86
513	92
514	80
515	78
516	70
517	71
518	76
519	63
520	76
521	91
522	104
523	86
524	101
525	95
526	127
527	85
528	85
529	100
530	103
531	74
532	92
533	73
534	88
535	88
536	81
537	82
538	90
539	92
540	78
541	70
542	79
543	88
544	85
545	90
546	81
547	77
548	71
549	77
550	92
551	72
552	57
553	87
554	74
555	80
556	87
557	65
558	72
559	74
560	76
561	80
562	80
563	78
564	65
565	85
566	75
567	83
568	78
569	76
570	78
571	85
572	73
573	64
574	84
575	96
576	74
577	87
578	80
579	95
580	82
581	84
582	77
583	74
584	91
585	87
586	87
587	91
588	79
589	99
590	87
591	90
592	98
593	88
594	93
595	82
596	84
597	89
598	101
599	106
600	102
601	97
602	107
603	87
604	108
605	105
606	92
607	87
608	101
609	92
610	90
611	100
612	85
613	91
614	106
615	86
616	99
617	94
618	85
619	115
620	94
621	80
622	102
623	108
624	105
625	90
626	108
627	109
628	126
629	106
630	112
631	86
632	107
633	95
634	95
635	112
636	105
637	89
638	89
639	107
640	126
641	100
642	92
643	119
644	96
645	114
646	109
647	92
648	124
649	92
650	133
651	91
652	109
653	106
654	115
655	110
656	114
657	101
658	111
659	97
660	104
661	87
662	103
663	108
664	122
665	113
666	97
667	96
668	108
669	118
670	108
671	102
672	104
673	97
674	98
675	107
676	103
677	105
678	103
679	102
680	104
681	94
682	101
683	107
684	113
685	109
686	102
687	93
688	111
689	106
690	118
691	114
692	131
693	142
694	105
695	119
696	129
697	96
698	141
699	136
700	123
701	139
702	147
703	123
704	120
705	129
706	114
707	130
708	141
709	127
710	121
711	107
712	107
713	111
714	133
715	118
716	118
717	110
718	121
719	124
720	121
721	114
722	113
723	117
724	127
725	120
726	121
727	131
728	122
729	133
730	145
731	119
732	133
733	121
734	128
735	126
736	138
737	125
738	114
739	111
740	105
741	147
742	121
743	112
744	133
745	141
746	137
747	136
748	121
749	125
750	135
751	118
752	126
753	139
754	121
755	130
756	126
757	136
758	111
759	119
760	128
761	142
762	131
763	147
764	129
765	140
766	196
767	184
768	238
769	253
770	258
771	248
772	225
773	274
774	255
775	284
776	264
777	245
778	221
779	194
780	224
781	154
782	175
783	159
784	154
785	154
786	132
787	127
788	141
789	119
790	121
791	136
792	128
793	130
794	140
795	136
796	144
797	99
798	131
799	121
800	141
801	136
802	122
803	136
804	139
805	114
806	129
807	125
808	119
809	126
810	149
811	117
812	142
813	141
814	128
815	143
816	143
817	132
818	151
819	141
820	159
821	152
822	152
823	157
824	126
825	121
826	140
827	133
828	129
829	134
830	135
831	131
832	136
833	142
834	136
835	139
836	142
837	142
838	132
839	136
840	143
841	149
842	159
843	147
844	158
845	142
846	164
847	151
848	153
849	146
850	140
851	155
852	167
853	158
854	155
855	148
856	168
857	181
858	172
859	215
860	191
861	202
862	193
863	216
864	201
865	199
866	196
867	212
868	196
869	192
870	217
871	193
872	218
873	192
874	232
875	230
876	250
877	231
878	241
879	258
880	257
881	275
882	263
883	306
884	308
885	311
886	349
887	365
888	395
889	397
890	426
891	406
892	445
893	445
894	516
895	462
896	507
897	527
898	582
899	492
900	551
901	528
902	531
903	512
904	541
905	489
906	526
907	494
908	446
909	447
910	483
911	427
912	405
913	385
914	388
915	363
916	322
917	333
918	305
919	264
920	266
921	266
922	243
923	244
924	235
925	194
926	206
927	194
928	182
929	151
930	183
931	194
932	156
933	177
934	168
935	169
936	172
937	160
938	163
939	164
940	153
941	192
942	196
943	190
944	205
945	234
946	267
947	261
948	321
949	367
950	379
951	401
952	384
953	388
954	402
955	422
956	384
957	365
958	342
959	286
960	306
961	270
962	223
963	196
964	195
965	182
966	159
967	152
968	127
969	138
970	119
971	116
972	133
973	106
974	142
975	161
976	118
977	99
978	112
979	138
980	105
981	149
982	120
983	125
984	126
985	128
986	125
987	139
988	132
989	131
990	150
991	125
992	169
993	158
994	150
995	139
996	157
997	136
998	167
999	160
1000	166
1001	173
1002	181
1003	194
1004	159
1005	164
1006	178
1007	190
1008	181
1009	167
1010	162
1011	147
1012	148
1013	169
1014	153
1015	164
1016	153
1017	134
1018	128
1019	150
1020	137
1021	137
1022	118
1023	111
1024	116
