Date:	08/05/2018		Time:	23:48		Version no:	0.00		Project name:	55		Sample name:	222		Section name:	section		Position	451.715027	mm	E0	0.000000	keV	E1	1.000000	keV/channel	sample surface	6.354353	cm	Tube anode:	Mo		Tube voltage:	30	kV	Tube current:	50	mA	gain	10		std. database			resultfile	result		matrix element	11		sample thickness	1.000000		air passage	0.560000	cm	comments	in position		peaking_time	2.200000	m-sec	trigger_threshold	547.363281	V	mca_bin_width	22.090000	no:	number_mca_channels	1024.000000	no:	gap_time	0.150000	m-sec	trigger_peaking_time	0.200000	m-sec	GAINDAC	18610		HIGHGAIN	1		TAURC	1		RCTAU	1		RCTAUFRAC	1		livetime	9.451350	seconds	runtime	10.000081	seconds	input_count_rate	24450.368489	cps	output_count_rate	20037.038101	cps	triggers	231089	seconds	events_in_run	200372	seconds	channel	content		1	0
2	0
3	0
4	0
5	0
6	0
7	0
8	0
9	0
10	0
11	0
12	0
13	0
14	0
15	0
16	0
17	0
18	0
19	0
20	0
21	0
22	0
23	0
24	0
25	0
26	0
27	0
28	0
29	0
30	0
31	12
32	5
33	14
34	15
35	14
36	18
37	12
38	15
39	15
40	17
41	11
42	16
43	20
44	17
45	15
46	11
47	10
48	15
49	19
50	16
51	5
52	15
53	10
54	12
55	12
56	11
57	7
58	7
59	8
60	8
61	12
62	10
63	15
64	11
65	10
66	11
67	14
68	9
69	5
70	6
71	8
72	5
73	10
74	10
75	6
76	9
77	5
78	8
79	8
80	7
81	7
82	14
83	7
84	6
85	6
86	7
87	7
88	8
89	4
90	5
91	12
92	10
93	10
94	15
95	18
96	19
97	26
98	17
99	17
100	8
101	8
102	15
103	9
104	8
105	6
106	8
107	7
108	5
109	6
110	8
111	4
112	7
113	8
114	6
115	5
116	2
117	2
118	4
119	8
120	5
121	4
122	5
123	4
124	3
125	8
126	3
127	7
128	5
129	5
130	7
131	4
132	3
133	4
134	1
135	1
136	6
137	5
138	5
139	6
140	4
141	6
142	3
143	4
144	7
145	3
146	3
147	8
148	3
149	6
150	6
151	7
152	6
153	7
154	3
155	4
156	7
157	6
158	8
159	7
160	17
161	23
162	31
163	25
164	23
165	19
166	7
167	14
168	8
169	8
170	7
171	7
172	9
173	4
174	6
175	7
176	6
177	12
178	16
179	14
180	20
181	28
182	33
183	24
184	19
185	16
186	19
187	9
188	8
189	3
190	4
191	5
192	6
193	3
194	10
195	24
196	23
197	44
198	82
199	140
200	206
201	241
202	336
203	329
204	350
205	250
206	194
207	137
208	76
209	40
210	22
211	17
212	11
213	2
214	7
215	16
216	20
217	25
218	32
219	46
220	51
221	49
222	52
223	47
224	38
225	14
226	12
227	7
228	8
229	4
230	9
231	3
232	4
233	7
234	2
235	6
236	5
237	7
238	5
239	8
240	14
241	24
242	49
243	64
244	102
245	114
246	147
247	162
248	153
249	159
250	156
251	112
252	96
253	69
254	51
255	38
256	36
257	46
258	38
259	29
260	23
261	8
262	17
263	13
264	15
265	19
266	16
267	22
268	43
269	44
270	44
271	49
272	46
273	46
274	37
275	28
276	14
277	17
278	16
279	9
280	9
281	16
282	9
283	15
284	12
285	10
286	14
287	13
288	16
289	16
290	16
291	12
292	12
293	24
294	11
295	19
296	18
297	23
298	19
299	16
300	14
301	17
302	24
303	16
304	15
305	15
306	17
307	12
308	19
309	7
310	19
311	8
312	14
313	12
314	10
315	25
316	39
317	43
318	72
319	82
320	110
321	156
322	161
323	210
324	173
325	173
326	150
327	123
328	68
329	70
330	43
331	38
332	32
333	39
334	28
335	31
336	33
337	36
338	61
339	69
340	128
341	218
342	377
343	716
344	1321
345	2310
346	3288
347	4625
348	6111
349	7439
350	8323
351	8502
352	8104
353	7301
354	5715
355	4487
356	2970
357	1929
358	1154
359	616
360	330
361	188
362	103
363	78
364	46
365	49
366	52
367	42
368	45
369	54
370	43
371	55
372	49
373	61
374	65
375	75
376	89
377	112
378	179
379	261
380	355
381	523
382	657
383	842
384	1123
385	1252
386	1413
387	1402
388	1278
389	1169
390	984
391	675
392	480
393	309
394	201
395	145
396	83
397	47
398	38
399	26
400	31
401	22
402	36
403	27
404	38
405	39
406	26
407	38
408	39
409	37
410	30
411	32
412	32
413	34
414	30
415	35
416	38
417	34
418	35
419	30
420	27
421	35
422	34
423	35
424	29
425	34
426	29
427	38
428	36
429	47
430	37
431	29
432	40
433	48
434	46
435	55
436	43
437	68
438	68
439	83
440	73
441	69
442	91
443	71
444	70
445	84
446	62
447	63
448	64
449	53
450	51
451	61
452	76
453	70
454	53
455	68
456	56
457	91
458	85
459	90
460	85
461	89
462	72
463	75
464	64
465	58
466	69
467	52
468	50
469	69
470	64
471	63
472	55
473	69
474	69
475	63
476	79
477	59
478	87
479	60
480	66
481	41
482	46
483	45
484	58
485	47
486	74
487	53
488	63
489	51
490	63
491	52
492	55
493	73
494	52
495	57
496	52
497	62
498	68
499	60
500	63
501	58
502	66
503	67
504	78
505	84
506	74
507	95
508	76
509	74
510	70
511	65
512	56
513	64
514	69
515	82
516	84
517	98
518	85
519	78
520	80
521	89
522	90
523	114
524	97
525	79
526	90
527	95
528	103
529	88
530	90
531	89
532	97
533	90
534	76
535	80
536	94
537	66
538	85
539	85
540	75
541	81
542	97
543	83
544	76
545	79
546	76
547	66
548	81
549	77
550	73
551	80
552	68
553	58
554	66
555	70
556	63
557	65
558	70
559	82
560	77
561	82
562	67
563	76
564	76
565	79
566	57
567	72
568	73
569	67
570	82
571	80
572	83
573	108
574	91
575	89
576	79
577	82
578	82
579	77
580	83
581	83
582	86
583	80
584	85
585	90
586	88
587	100
588	84
589	75
590	55
591	84
592	95
593	91
594	87
595	80
596	94
597	95
598	87
599	85
600	98
601	86
602	87
603	96
604	94
605	83
606	95
607	91
608	89
609	90
610	91
611	98
612	98
613	98
614	96
615	91
616	102
617	104
618	95
619	87
620	87
621	87
622	98
623	120
624	90
625	100
626	95
627	117
628	97
629	102
630	100
631	82
632	85
633	105
634	87
635	96
636	97
637	116
638	101
639	103
640	82
641	122
642	91
643	109
644	110
645	105
646	91
647	90
648	88
649	103
650	94
651	118
652	117
653	89
654	111
655	111
656	91
657	100
658	97
659	105
660	114
661	97
662	104
663	106
664	95
665	108
666	86
667	111
668	112
669	87
670	104
671	78
672	98
673	99
674	95
675	102
676	101
677	98
678	86
679	87
680	88
681	109
682	107
683	112
684	118
685	118
686	115
687	114
688	97
689	99
690	114
691	121
692	129
693	101
694	118
695	108
696	117
697	115
698	138
699	110
700	123
701	135
702	119
703	125
704	117
705	128
706	111
707	138
708	117
709	111
710	127
711	132
712	124
713	101
714	108
715	129
716	99
717	134
718	123
719	114
720	101
721	131
722	116
723	106
724	121
725	120
726	116
727	139
728	124
729	111
730	138
731	122
732	120
733	128
734	120
735	118
736	146
737	120
738	149
739	110
740	136
741	115
742	140
743	123
744	114
745	139
746	88
747	116
748	115
749	127
750	125
751	103
752	124
753	124
754	126
755	121
756	137
757	106
758	131
759	128
760	128
761	147
762	139
763	140
764	138
765	182
766	190
767	201
768	228
769	223
770	252
771	284
772	285
773	300
774	310
775	326
776	263
777	298
778	239
779	240
780	186
781	207
782	171
783	162
784	145
785	153
786	131
787	149
788	122
789	118
790	136
791	121
792	133
793	113
794	112
795	128
796	137
797	127
798	147
799	121
800	112
801	125
802	118
803	143
804	119
805	133
806	122
807	128
808	110
809	129
810	133
811	137
812	137
813	121
814	129
815	146
816	143
817	155
818	145
819	135
820	141
821	142
822	130
823	130
824	110
825	133
826	118
827	129
828	142
829	136
830	126
831	137
832	152
833	147
834	150
835	139
836	128
837	152
838	120
839	117
840	124
841	151
842	122
843	121
844	144
845	143
846	143
847	154
848	160
849	138
850	130
851	158
852	145
853	154
854	172
855	177
856	143
857	177
858	191
859	187
860	200
861	194
862	213
863	218
864	194
865	167
866	203
867	221
868	210
869	189
870	212
871	214
872	216
873	228
874	190
875	207
876	214
877	201
878	227
879	238
880	247
881	252
882	277
883	281
884	297
885	274
886	337
887	357
888	362
889	380
890	406
891	401
892	451
893	441
894	467
895	497
896	505
897	481
898	517
899	511
900	553
901	542
902	521
903	553
904	556
905	491
906	465
907	484
908	471
909	445
910	430
911	398
912	424
913	391
914	362
915	364
916	329
917	319
918	262
919	282
920	289
921	269
922	251
923	265
924	203
925	218
926	182
927	181
928	177
929	178
930	158
931	168
932	157
933	173
934	158
935	169
936	143
937	167
938	145
939	180
940	192
941	195
942	156
943	204
944	222
945	227
946	247
947	285
948	330
949	371
950	335
951	372
952	393
953	388
954	406
955	415
956	360
957	397
958	348
959	320
960	273
961	216
962	202
963	189
964	173
965	131
966	161
967	118
968	116
969	134
970	116
971	140
972	115
973	125
974	127
975	114
976	128
977	110
978	141
979	124
980	121
981	120
982	126
983	157
984	135
985	122
986	130
987	146
988	144
989	150
990	126
991	134
992	139
993	150
994	146
995	174
996	162
997	152
998	159
999	149
1000	178
1001	152
1002	164
1003	158
1004	174
1005	169
1006	174
1007	168
1008	147
1009	174
1010	142
1011	169
1012	147
1013	159
1014	154
1015	130
1016	122
1017	146
1018	113
1019	142
1020	127
1021	122
1022	123
1023	133
1024	120
