Date:	09/05/2018		Time:	00:53		Version no:	0.00		Project name:	55		Sample name:	222		Section name:	section		Position	519.915039	mm	E0	0.000000	keV	E1	1.000000	keV/channel	sample surface	6.209405	cm	Tube anode:	Mo		Tube voltage:	30	kV	Tube current:	50	mA	gain	10		std. database			resultfile	result		matrix element	11		sample thickness	1.000000		air passage	0.560000	cm	comments	in position		peaking_time	2.200000	m-sec	trigger_threshold	547.363281	V	mca_bin_width	22.090000	no:	number_mca_channels	1024.000000	no:	gap_time	0.150000	m-sec	trigger_peaking_time	0.200000	m-sec	GAINDAC	18610		HIGHGAIN	1		TAURC	1		RCTAU	1		RCTAUFRAC	1		livetime	9.356748	seconds	runtime	10.000484	seconds	input_count_rate	27542.261478	cps	output_count_rate	21992.535561	cps	triggers	257706	seconds	events_in_run	219936	seconds	channel	content		1	0
2	0
3	0
4	0
5	0
6	0
7	0
8	0
9	0
10	0
11	0
12	0
13	0
14	0
15	0
16	0
17	0
18	0
19	0
20	0
21	0
22	0
23	0
24	0
25	0
26	0
27	0
28	0
29	0
30	0
31	11
32	21
33	13
34	13
35	10
36	21
37	15
38	20
39	20
40	15
41	13
42	14
43	18
44	22
45	21
46	7
47	12
48	16
49	15
50	6
51	12
52	25
53	10
54	19
55	17
56	20
57	18
58	14
59	15
60	12
61	10
62	16
63	11
64	21
65	12
66	14
67	10
68	12
69	8
70	14
71	13
72	12
73	11
74	4
75	9
76	4
77	12
78	15
79	9
80	11
81	13
82	18
83	13
84	11
85	12
86	3
87	8
88	7
89	4
90	3
91	5
92	14
93	17
94	23
95	31
96	29
97	35
98	22
99	26
100	16
101	12
102	6
103	9
104	5
105	9
106	14
107	15
108	12
109	12
110	10
111	8
112	9
113	9
114	5
115	8
116	6
117	4
118	4
119	5
120	4
121	7
122	10
123	9
124	3
125	6
126	3
127	9
128	4
129	10
130	2
131	5
132	7
133	2
134	5
135	1
136	4
137	5
138	3
139	2
140	2
141	3
142	3
143	6
144	6
145	2
146	4
147	4
148	8
149	8
150	5
151	7
152	5
153	4
154	4
155	4
156	5
157	5
158	5
159	13
160	19
161	16
162	20
163	28
164	18
165	27
166	14
167	13
168	6
169	4
170	1
171	2
172	4
173	5
174	7
175	11
176	11
177	11
178	14
179	23
180	41
181	38
182	47
183	45
184	38
185	37
186	15
187	19
188	10
189	10
190	7
191	3
192	11
193	6
194	7
195	15
196	26
197	74
198	129
199	183
200	252
201	360
202	397
203	466
204	408
205	350
206	275
207	184
208	111
209	54
210	25
211	17
212	10
213	14
214	16
215	23
216	33
217	39
218	50
219	54
220	87
221	44
222	77
223	54
224	36
225	25
226	21
227	8
228	7
229	8
230	5
231	4
232	6
233	1
234	6
235	4
236	4
237	4
238	10
239	15
240	20
241	25
242	50
243	81
244	114
245	154
246	191
247	236
248	217
249	237
250	155
251	121
252	103
253	82
254	57
255	45
256	50
257	33
258	27
259	26
260	23
261	19
262	14
263	15
264	22
265	17
266	32
267	38
268	41
269	48
270	51
271	60
272	47
273	61
274	45
275	34
276	27
277	15
278	11
279	16
280	12
281	14
282	10
283	13
284	13
285	15
286	13
287	21
288	18
289	15
290	14
291	24
292	11
293	23
294	19
295	14
296	20
297	22
298	23
299	18
300	15
301	15
302	9
303	27
304	11
305	16
306	15
307	20
308	21
309	15
310	14
311	10
312	19
313	10
314	32
315	26
316	27
317	30
318	40
319	26
320	60
321	67
322	80
323	75
324	77
325	101
326	62
327	54
328	57
329	33
330	38
331	40
332	26
333	30
334	35
335	35
336	43
337	39
338	51
339	88
340	116
341	214
342	393
343	792
344	1380
345	2214
346	3412
347	4931
348	6334
349	7967
350	8622
351	8846
352	8328
353	7375
354	5848
355	4238
356	3002
357	1937
358	1141
359	636
360	329
361	162
362	90
363	72
364	58
365	43
366	42
367	53
368	43
369	46
370	51
371	39
372	46
373	75
374	70
375	75
376	102
377	101
378	180
379	230
380	330
381	469
382	690
383	943
384	1173
385	1384
386	1395
387	1484
388	1401
389	1233
390	983
391	773
392	501
393	353
394	212
395	132
396	86
397	63
398	43
399	46
400	35
401	28
402	19
403	28
404	35
405	34
406	31
407	45
408	43
409	49
410	41
411	38
412	37
413	43
414	36
415	32
416	37
417	41
418	35
419	42
420	37
421	40
422	30
423	41
424	46
425	36
426	44
427	41
428	45
429	40
430	35
431	43
432	37
433	56
434	59
435	61
436	57
437	69
438	81
439	90
440	79
441	85
442	99
443	78
444	77
445	85
446	75
447	65
448	64
449	73
450	75
451	58
452	66
453	75
454	89
455	95
456	83
457	99
458	82
459	93
460	86
461	80
462	92
463	86
464	73
465	63
466	63
467	53
468	80
469	60
470	87
471	78
472	83
473	62
474	72
475	76
476	70
477	85
478	53
479	55
480	55
481	66
482	50
483	70
484	62
485	61
486	58
487	63
488	70
489	76
490	63
491	61
492	67
493	62
494	63
495	78
496	74
497	78
498	75
499	64
500	59
501	75
502	80
503	69
504	91
505	87
506	91
507	92
508	101
509	101
510	81
511	83
512	80
513	92
514	79
515	77
516	91
517	97
518	102
519	101
520	80
521	109
522	98
523	101
524	106
525	109
526	117
527	96
528	127
529	110
530	86
531	97
532	100
533	79
534	103
535	94
536	88
537	104
538	81
539	90
540	81
541	84
542	72
543	95
544	108
545	96
546	89
547	83
548	103
549	71
550	76
551	92
552	71
553	77
554	94
555	81
556	85
557	80
558	90
559	88
560	76
561	91
562	82
563	85
564	83
565	100
566	96
567	83
568	98
569	93
570	79
571	96
572	90
573	93
574	97
575	96
576	107
577	91
578	78
579	118
580	85
581	101
582	92
583	95
584	93
585	91
586	92
587	100
588	96
589	91
590	84
591	91
592	94
593	111
594	108
595	101
596	99
597	96
598	108
599	78
600	88
601	106
602	106
603	99
604	93
605	112
606	109
607	89
608	102
609	117
610	101
611	102
612	98
613	122
614	129
615	113
616	115
617	110
618	113
619	106
620	104
621	111
622	105
623	116
624	121
625	122
626	111
627	120
628	130
629	110
630	124
631	130
632	105
633	96
634	108
635	104
636	109
637	105
638	126
639	100
640	110
641	108
642	131
643	87
644	115
645	115
646	116
647	117
648	127
649	124
650	123
651	130
652	146
653	119
654	110
655	112
656	129
657	107
658	138
659	133
660	150
661	122
662	126
663	128
664	128
665	104
666	124
667	109
668	112
669	116
670	119
671	122
672	94
673	144
674	127
675	111
676	131
677	110
678	137
679	127
680	103
681	128
682	111
683	111
684	124
685	112
686	124
687	136
688	136
689	130
690	109
691	151
692	138
693	135
694	132
695	129
696	113
697	116
698	152
699	141
700	138
701	155
702	132
703	130
704	142
705	128
706	132
707	138
708	124
709	138
710	134
711	130
712	127
713	135
714	148
715	153
716	156
717	151
718	127
719	143
720	151
721	157
722	133
723	140
724	148
725	133
726	148
727	146
728	143
729	153
730	145
731	132
732	152
733	141
734	143
735	127
736	144
737	129
738	154
739	159
740	130
741	145
742	128
743	146
744	152
745	134
746	145
747	154
748	143
749	145
750	149
751	126
752	143
753	132
754	151
755	158
756	129
757	140
758	149
759	142
760	152
761	159
762	151
763	152
764	182
765	195
766	212
767	254
768	295
769	284
770	335
771	384
772	326
773	367
774	376
775	359
776	309
777	304
778	262
779	265
780	243
781	204
782	194
783	187
784	204
785	153
786	170
787	172
788	160
789	139
790	158
791	145
792	142
793	149
794	152
795	169
796	148
797	145
798	135
799	176
800	143
801	130
802	147
803	144
804	164
805	156
806	145
807	130
808	171
809	129
810	167
811	167
812	169
813	156
814	170
815	160
816	148
817	154
818	167
819	155
820	166
821	154
822	181
823	168
824	167
825	138
826	146
827	149
828	157
829	157
830	176
831	154
832	147
833	166
834	162
835	158
836	140
837	135
838	147
839	165
840	151
841	192
842	146
843	159
844	151
845	173
846	177
847	163
848	164
849	187
850	179
851	187
852	158
853	175
854	197
855	189
856	163
857	197
858	200
859	216
860	244
861	203
862	229
863	221
864	200
865	256
866	252
867	257
868	268
869	256
870	240
871	242
872	248
873	239
874	245
875	250
876	274
877	244
878	292
879	295
880	316
881	314
882	346
883	345
884	331
885	382
886	389
887	422
888	434
889	418
890	437
891	515
892	520
893	540
894	537
895	550
896	554
897	609
898	597
899	622
900	598
901	623
902	604
903	610
904	617
905	604
906	531
907	556
908	524
909	529
910	464
911	465
912	456
913	445
914	412
915	393
916	406
917	374
918	322
919	303
920	270
921	297
922	289
923	245
924	264
925	245
926	232
927	223
928	217
929	213
930	193
931	211
932	190
933	177
934	195
935	173
936	171
937	184
938	209
939	181
940	173
941	226
942	205
943	218
944	222
945	305
946	305
947	331
948	363
949	393
950	393
951	442
952	486
953	468
954	465
955	437
956	435
957	432
958	387
959	356
960	315
961	308
962	256
963	232
964	192
965	181
966	183
967	157
968	129
969	152
970	120
971	138
972	141
973	124
974	145
975	131
976	135
977	138
978	140
979	116
980	144
981	162
982	127
983	143
984	161
985	167
986	154
987	147
988	156
989	164
990	188
991	174
992	182
993	171
994	186
995	143
996	180
997	163
998	220
999	171
1000	172
1001	177
1002	174
1003	213
1004	209
1005	199
1006	173
1007	173
1008	195
1009	200
1010	202
1011	188
1012	186
1013	170
1014	167
1015	166
1016	151
1017	145
1018	147
1019	154
1020	138
1021	163
1022	122
1023	137
1024	125
