Date:	09/05/2018		Time:	00:17		Version no:	0.00		Project name:	55		Sample name:	222		Section name:	section		Position	481.915039	mm	E0	0.000000	keV	E1	1.000000	keV/channel	sample surface	6.461768	cm	Tube anode:	Mo		Tube voltage:	30	kV	Tube current:	50	mA	gain	10		std. database			resultfile	result		matrix element	11		sample thickness	1.000000		air passage	0.560000	cm	comments	in position		peaking_time	2.200000	m-sec	trigger_threshold	547.363281	V	mca_bin_width	22.090000	no:	number_mca_channels	1024.000000	no:	gap_time	0.150000	m-sec	trigger_peaking_time	0.200000	m-sec	GAINDAC	18610		HIGHGAIN	1		TAURC	1		RCTAU	1		RCTAUFRAC	1		livetime	9.357568	seconds	runtime	10.000489	seconds	input_count_rate	29493.240124	cps	output_count_rate	23434.454524	cps	triggers	275985	seconds	events_in_run	234356	seconds	channel	content		1	0
2	0
3	0
4	0
5	0
6	0
7	0
8	0
9	0
10	0
11	0
12	0
13	0
14	0
15	0
16	0
17	0
18	0
19	0
20	0
21	0
22	0
23	0
24	0
25	0
26	0
27	0
28	0
29	0
30	0
31	17
32	11
33	9
34	15
35	17
36	11
37	8
38	12
39	12
40	20
41	11
42	13
43	13
44	9
45	17
46	12
47	9
48	8
49	4
50	14
51	12
52	10
53	11
54	15
55	18
56	6
57	14
58	11
59	15
60	18
61	12
62	7
63	14
64	10
65	11
66	12
67	6
68	13
69	7
70	9
71	13
72	9
73	17
74	9
75	8
76	9
77	6
78	10
79	10
80	14
81	20
82	12
83	13
84	9
85	8
86	9
87	7
88	6
89	7
90	9
91	9
92	12
93	11
94	20
95	28
96	22
97	25
98	17
99	15
100	13
101	2
102	9
103	9
104	4
105	7
106	4
107	9
108	7
109	5
110	5
111	9
112	9
113	3
114	9
115	5
116	5
117	2
118	8
119	5
120	7
121	3
122	11
123	3
124	3
125	9
126	7
127	6
128	1
129	6
130	3
131	5
132	4
133	5
134	3
135	6
136	0
137	4
138	3
139	4
140	2
141	5
142	1
143	9
144	3
145	4
146	5
147	4
148	4
149	6
150	3
151	8
152	3
153	7
154	5
155	6
156	11
157	4
158	15
159	10
160	19
161	22
162	15
163	19
164	25
165	17
166	17
167	10
168	10
169	8
170	8
171	5
172	6
173	8
174	8
175	5
176	6
177	16
178	14
179	32
180	32
181	42
182	54
183	45
184	33
185	32
186	24
187	19
188	4
189	6
190	5
191	8
192	7
193	10
194	9
195	25
196	44
197	72
198	136
199	205
200	247
201	358
202	449
203	484
204	432
205	324
206	276
207	162
208	111
209	58
210	31
211	15
212	10
213	10
214	8
215	20
216	21
217	35
218	63
219	59
220	74
221	84
222	58
223	55
224	50
225	29
226	29
227	15
228	4
229	8
230	5
231	4
232	6
233	9
234	9
235	7
236	5
237	4
238	11
239	9
240	12
241	35
242	45
243	96
244	131
245	144
246	205
247	246
248	242
249	247
250	173
251	169
252	112
253	94
254	94
255	64
256	49
257	40
258	51
259	32
260	26
261	14
262	16
263	10
264	16
265	23
266	31
267	31
268	41
269	52
270	67
271	49
272	58
273	54
274	53
275	33
276	35
277	15
278	14
279	15
280	8
281	15
282	9
283	15
284	11
285	15
286	19
287	17
288	16
289	21
290	20
291	24
292	28
293	22
294	32
295	23
296	30
297	23
298	15
299	16
300	19
301	26
302	17
303	14
304	12
305	20
306	15
307	22
308	17
309	17
310	23
311	16
312	21
313	21
314	26
315	36
316	45
317	44
318	67
319	87
320	107
321	117
322	157
323	158
324	172
325	139
326	139
327	90
328	78
329	54
330	47
331	36
332	33
333	35
334	35
335	37
336	28
337	59
338	57
339	89
340	148
341	280
342	564
343	1044
344	1816
345	2959
346	4655
347	6498
348	8642
349	10288
350	11554
351	12000
352	11382
353	9948
354	8075
355	6024
356	4155
357	2577
358	1497
359	875
360	451
361	233
362	127
363	74
364	57
365	49
366	42
367	58
368	67
369	64
370	45
371	57
372	60
373	58
374	65
375	97
376	109
377	165
378	200
379	379
380	442
381	633
382	893
383	1223
384	1540
385	1757
386	1945
387	2037
388	1812
389	1582
390	1311
391	1026
392	687
393	458
394	284
395	158
396	102
397	68
398	38
399	41
400	29
401	20
402	29
403	36
404	30
405	43
406	33
407	29
408	33
409	41
410	30
411	41
412	35
413	31
414	35
415	30
416	38
417	34
418	27
419	33
420	41
421	46
422	39
423	39
424	40
425	35
426	35
427	45
428	40
429	44
430	32
431	28
432	38
433	51
434	37
435	45
436	50
437	62
438	75
439	75
440	81
441	63
442	85
443	78
444	83
445	64
446	81
447	60
448	57
449	82
450	57
451	54
452	60
453	65
454	68
455	66
456	67
457	93
458	84
459	94
460	82
461	91
462	71
463	86
464	61
465	68
466	50
467	49
468	60
469	76
470	58
471	83
472	60
473	69
474	60
475	64
476	56
477	57
478	51
479	70
480	62
481	59
482	56
483	60
484	50
485	57
486	51
487	44
488	62
489	52
490	49
491	39
492	62
493	65
494	60
495	53
496	47
497	62
498	62
499	73
500	67
501	55
502	69
503	80
504	71
505	67
506	71
507	80
508	78
509	64
510	81
511	75
512	74
513	77
514	85
515	73
516	78
517	80
518	105
519	83
520	79
521	98
522	82
523	80
524	96
525	72
526	82
527	91
528	94
529	108
530	95
531	106
532	92
533	102
534	73
535	90
536	84
537	81
538	96
539	66
540	82
541	89
542	90
543	87
544	82
545	77
546	76
547	77
548	78
549	83
550	79
551	77
552	82
553	70
554	67
555	81
556	88
557	76
558	67
559	74
560	77
561	65
562	71
563	82
564	68
565	82
566	87
567	69
568	74
569	73
570	83
571	73
572	94
573	70
574	87
575	79
576	76
577	78
578	82
579	80
580	85
581	87
582	88
583	76
584	82
585	79
586	86
587	84
588	78
589	88
590	65
591	83
592	76
593	82
594	68
595	85
596	85
597	101
598	77
599	92
600	80
601	87
602	87
603	89
604	104
605	86
606	87
607	103
608	77
609	85
610	95
611	94
612	99
613	78
614	98
615	76
616	95
617	103
618	108
619	107
620	101
621	79
622	79
623	90
624	76
625	94
626	95
627	89
628	108
629	89
630	95
631	93
632	86
633	76
634	96
635	92
636	97
637	107
638	93
639	88
640	99
641	91
642	89
643	100
644	97
645	105
646	99
647	98
648	99
649	107
650	98
651	105
652	88
653	109
654	107
655	104
656	100
657	112
658	102
659	101
660	110
661	87
662	98
663	94
664	94
665	113
666	91
667	98
668	108
669	102
670	100
671	92
672	105
673	94
674	100
675	108
676	109
677	95
678	104
679	110
680	127
681	101
682	103
683	93
684	107
685	89
686	103
687	111
688	83
689	111
690	106
691	120
692	125
693	112
694	92
695	110
696	121
697	125
698	129
699	116
700	116
701	142
702	118
703	106
704	125
705	134
706	122
707	109
708	112
709	104
710	114
711	110
712	108
713	111
714	100
715	123
716	106
717	122
718	125
719	133
720	108
721	120
722	107
723	112
724	136
725	113
726	102
727	119
728	126
729	122
730	113
731	112
732	141
733	115
734	124
735	114
736	135
737	110
738	118
739	148
740	105
741	141
742	113
743	121
744	136
745	126
746	132
747	106
748	139
749	105
750	118
751	115
752	129
753	116
754	111
755	114
756	108
757	109
758	129
759	123
760	142
761	138
762	151
763	142
764	134
765	170
766	201
767	229
768	250
769	266
770	256
771	284
772	334
773	303
774	312
775	310
776	306
777	268
778	255
779	230
780	216
781	182
782	179
783	151
784	159
785	142
786	160
787	140
788	106
789	106
790	117
791	134
792	112
793	128
794	111
795	113
796	101
797	110
798	113
799	105
800	131
801	113
802	134
803	128
804	106
805	124
806	117
807	138
808	130
809	125
810	123
811	140
812	149
813	133
814	120
815	148
816	121
817	156
818	143
819	131
820	134
821	114
822	132
823	128
824	141
825	115
826	121
827	138
828	123
829	143
830	121
831	117
832	139
833	109
834	102
835	123
836	146
837	157
838	121
839	134
840	122
841	136
842	141
843	150
844	113
845	117
846	148
847	128
848	122
849	148
850	137
851	137
852	141
853	153
854	159
855	164
856	158
857	190
858	172
859	198
860	172
861	200
862	222
863	253
864	233
865	197
866	222
867	203
868	220
869	231
870	194
871	198
872	199
873	193
874	201
875	180
876	203
877	205
878	228
879	210
880	236
881	261
882	229
883	251
884	278
885	332
886	341
887	308
888	356
889	363
890	373
891	436
892	396
893	421
894	449
895	443
896	444
897	467
898	481
899	486
900	486
901	483
902	483
903	485
904	501
905	459
906	456
907	436
908	454
909	410
910	415
911	373
912	349
913	341
914	331
915	328
916	297
917	294
918	264
919	263
920	230
921	263
922	222
923	206
924	195
925	187
926	177
927	182
928	162
929	170
930	163
931	147
932	161
933	174
934	145
935	144
936	126
937	157
938	135
939	161
940	153
941	165
942	181
943	195
944	234
945	230
946	272
947	267
948	291
949	335
950	356
951	405
952	382
953	354
954	418
955	401
956	381
957	360
958	336
959	317
960	274
961	251
962	211
963	180
964	165
965	149
966	154
967	143
968	125
969	121
970	123
971	109
972	121
973	125
974	107
975	132
976	124
977	122
978	114
979	96
980	124
981	122
982	121
983	116
984	118
985	143
986	126
987	126
988	112
989	141
990	116
991	140
992	136
993	132
994	150
995	118
996	165
997	160
998	161
999	167
1000	149
1001	161
1002	148
1003	141
1004	153
1005	159
1006	140
1007	162
1008	144
1009	171
1010	147
1011	160
1012	139
1013	151
1014	135
1015	136
1016	138
1017	119
1018	113
1019	125
1020	124
1021	128
1022	111
1023	100
1024	113
