Date:	08/05/2018		Time:	23:42		Version no:	0.00		Project name:	55		Sample name:	222		Section name:	section		Position	444.915039	mm	E0	0.000000	keV	E1	1.000000	keV/channel	sample surface	6.292078	cm	Tube anode:	Mo		Tube voltage:	30	kV	Tube current:	50	mA	gain	10		std. database			resultfile	result		matrix element	11		sample thickness	1.000000		air passage	0.560000	cm	comments	in position		peaking_time	2.200000	m-sec	trigger_threshold	547.363281	V	mca_bin_width	22.090000	no:	number_mca_channels	1024.000000	no:	gap_time	0.150000	m-sec	trigger_peaking_time	0.200000	m-sec	GAINDAC	18610		HIGHGAIN	1		TAURC	1		RCTAU	1		RCTAUFRAC	1		livetime	9.416854	seconds	runtime	10.000502	seconds	input_count_rate	24958.228089	cps	output_count_rate	20311.681166	cps	triggers	235028	seconds	events_in_run	203127	seconds	channel	content		1	0
2	0
3	0
4	0
5	0
6	0
7	0
8	0
9	0
10	0
11	0
12	0
13	0
14	0
15	0
16	0
17	0
18	0
19	0
20	0
21	0
22	0
23	0
24	0
25	0
26	0
27	0
28	0
29	0
30	0
31	14
32	11
33	12
34	15
35	15
36	9
37	13
38	12
39	13
40	20
41	13
42	19
43	20
44	10
45	16
46	13
47	14
48	21
49	16
50	17
51	7
52	15
53	17
54	22
55	21
56	11
57	11
58	11
59	13
60	14
61	7
62	11
63	11
64	10
65	9
66	13
67	10
68	6
69	8
70	6
71	9
72	12
73	9
74	6
75	10
76	12
77	11
78	4
79	7
80	13
81	11
82	14
83	9
84	14
85	8
86	5
87	6
88	7
89	7
90	5
91	5
92	11
93	7
94	19
95	20
96	23
97	16
98	6
99	15
100	8
101	8
102	9
103	8
104	13
105	12
106	7
107	8
108	7
109	9
110	13
111	10
112	7
113	6
114	2
115	4
116	4
117	5
118	3
119	3
120	4
121	6
122	4
123	8
124	9
125	3
126	8
127	2
128	8
129	3
130	6
131	1
132	4
133	5
134	5
135	10
136	2
137	6
138	5
139	1
140	6
141	7
142	6
143	8
144	2
145	7
146	3
147	4
148	6
149	4
150	8
151	5
152	3
153	2
154	3
155	3
156	5
157	5
158	14
159	15
160	16
161	17
162	27
163	36
164	22
165	22
166	22
167	13
168	4
169	6
170	2
171	8
172	1
173	6
174	5
175	7
176	11
177	11
178	18
179	14
180	22
181	18
182	31
183	36
184	32
185	25
186	14
187	9
188	8
189	4
190	8
191	6
192	3
193	8
194	12
195	10
196	25
197	70
198	82
199	116
200	188
201	255
202	302
203	317
204	298
205	274
206	180
207	131
208	78
209	38
210	20
211	16
212	7
213	6
214	9
215	11
216	20
217	28
218	45
219	53
220	54
221	50
222	48
223	43
224	29
225	15
226	18
227	13
228	8
229	4
230	5
231	2
232	2
233	4
234	5
235	4
236	6
237	4
238	3
239	13
240	12
241	19
242	44
243	63
244	92
245	105
246	148
247	163
248	149
249	169
250	115
251	112
252	68
253	68
254	60
255	48
256	33
257	31
258	31
259	25
260	23
261	17
262	15
263	10
264	13
265	13
266	15
267	25
268	29
269	40
270	47
271	44
272	48
273	40
274	35
275	33
276	23
277	10
278	17
279	9
280	7
281	12
282	8
283	15
284	8
285	8
286	7
287	13
288	16
289	12
290	12
291	16
292	17
293	21
294	17
295	17
296	17
297	24
298	17
299	16
300	16
301	12
302	11
303	17
304	14
305	11
306	8
307	11
308	15
309	19
310	11
311	9
312	12
313	19
314	16
315	21
316	32
317	35
318	65
319	67
320	94
321	130
322	135
323	161
324	161
325	135
326	130
327	123
328	84
329	56
330	35
331	26
332	27
333	26
334	36
335	40
336	35
337	45
338	60
339	60
340	131
341	203
342	372
343	744
344	1310
345	2067
346	3181
347	4508
348	6026
349	7193
350	8255
351	8451
352	7920
353	7062
354	5628
355	4314
356	2903
357	1844
358	1108
359	620
360	361
361	194
362	108
363	68
364	56
365	60
366	42
367	45
368	40
369	38
370	47
371	48
372	63
373	60
374	55
375	77
376	89
377	112
378	145
379	223
380	340
381	446
382	657
383	849
384	1091
385	1197
386	1370
387	1412
388	1352
389	1132
390	1045
391	714
392	476
393	324
394	222
395	135
396	62
397	55
398	41
399	33
400	24
401	19
402	29
403	21
404	26
405	21
406	36
407	35
408	34
409	37
410	26
411	37
412	40
413	38
414	33
415	33
416	43
417	33
418	36
419	32
420	27
421	27
422	26
423	31
424	28
425	33
426	34
427	39
428	28
429	34
430	40
431	28
432	39
433	39
434	34
435	54
436	49
437	67
438	62
439	68
440	82
441	77
442	72
443	79
444	66
445	66
446	59
447	56
448	68
449	57
450	60
451	74
452	63
453	60
454	65
455	69
456	78
457	69
458	70
459	63
460	62
461	84
462	82
463	81
464	58
465	71
466	75
467	57
468	61
469	61
470	59
471	63
472	62
473	55
474	67
475	79
476	62
477	58
478	54
479	62
480	58
481	50
482	54
483	73
484	58
485	55
486	56
487	49
488	52
489	72
490	54
491	54
492	54
493	63
494	58
495	52
496	49
497	66
498	74
499	60
500	61
501	72
502	56
503	73
504	69
505	78
506	71
507	84
508	82
509	70
510	76
511	79
512	70
513	90
514	78
515	78
516	80
517	93
518	73
519	77
520	71
521	85
522	81
523	93
524	84
525	93
526	97
527	103
528	103
529	86
530	103
531	91
532	88
533	100
534	88
535	89
536	83
537	90
538	93
539	85
540	93
541	82
542	96
543	88
544	85
545	87
546	88
547	85
548	69
549	95
550	69
551	93
552	79
553	80
554	83
555	81
556	71
557	87
558	77
559	88
560	72
561	81
562	80
563	95
564	67
565	63
566	79
567	77
568	74
569	85
570	68
571	92
572	85
573	75
574	78
575	99
576	90
577	95
578	71
579	69
580	91
581	73
582	79
583	77
584	103
585	95
586	78
587	99
588	84
589	94
590	96
591	85
592	96
593	77
594	93
595	85
596	78
597	100
598	84
599	103
600	80
601	96
602	82
603	100
604	115
605	94
606	94
607	101
608	91
609	98
610	100
611	96
612	81
613	100
614	100
615	116
616	86
617	106
618	97
619	82
620	108
621	118
622	92
623	95
624	101
625	110
626	93
627	98
628	114
629	98
630	94
631	90
632	100
633	112
634	102
635	98
636	110
637	101
638	107
639	93
640	104
641	92
642	126
643	119
644	117
645	89
646	115
647	99
648	114
649	99
650	97
651	112
652	118
653	110
654	108
655	119
656	122
657	115
658	126
659	109
660	98
661	104
662	107
663	101
664	100
665	96
666	123
667	96
668	121
669	90
670	105
671	104
672	94
673	99
674	114
675	112
676	106
677	103
678	117
679	94
680	106
681	107
682	97
683	120
684	115
685	108
686	130
687	141
688	135
689	132
690	105
691	112
692	110
693	116
694	149
695	112
696	114
697	134
698	129
699	121
700	124
701	139
702	128
703	119
704	130
705	132
706	120
707	132
708	145
709	123
710	99
711	127
712	141
713	122
714	132
715	128
716	140
717	104
718	107
719	123
720	122
721	133
722	123
723	122
724	137
725	130
726	113
727	133
728	124
729	128
730	119
731	124
732	122
733	123
734	118
735	142
736	124
737	164
738	145
739	149
740	138
741	154
742	154
743	123
744	136
745	142
746	127
747	142
748	132
749	129
750	127
751	142
752	130
753	122
754	141
755	151
756	136
757	124
758	137
759	134
760	139
761	144
762	128
763	165
764	176
765	177
766	182
767	167
768	215
769	233
770	252
771	272
772	292
773	286
774	274
775	290
776	269
777	259
778	264
779	227
780	196
781	178
782	147
783	154
784	154
785	139
786	128
787	161
788	162
789	121
790	113
791	138
792	135
793	127
794	140
795	136
796	122
797	142
798	156
799	143
800	129
801	133
802	148
803	134
804	133
805	142
806	156
807	124
808	128
809	146
810	137
811	145
812	139
813	142
814	131
815	123
816	140
817	152
818	153
819	165
820	141
821	132
822	141
823	141
824	145
825	143
826	147
827	130
828	154
829	163
830	155
831	160
832	151
833	143
834	157
835	149
836	124
837	133
838	153
839	132
840	154
841	140
842	153
843	148
844	144
845	154
846	140
847	148
848	143
849	165
850	134
851	148
852	166
853	157
854	180
855	177
856	191
857	201
858	189
859	217
860	207
861	195
862	213
863	217
864	201
865	208
866	226
867	217
868	224
869	217
870	222
871	240
872	228
873	197
874	226
875	189
876	230
877	253
878	241
879	248
880	277
881	291
882	331
883	329
884	319
885	295
886	369
887	391
888	405
889	407
890	432
891	476
892	479
893	513
894	486
895	504
896	550
897	534
898	543
899	541
900	548
901	579
902	602
903	583
904	585
905	552
906	521
907	506
908	510
909	485
910	524
911	456
912	450
913	390
914	380
915	368
916	359
917	325
918	300
919	279
920	271
921	273
922	274
923	235
924	240
925	228
926	222
927	183
928	207
929	194
930	185
931	182
932	149
933	160
934	165
935	163
936	161
937	150
938	163
939	182
940	175
941	175
942	180
943	209
944	213
945	252
946	293
947	281
948	297
949	340
950	353
951	407
952	400
953	435
954	425
955	377
956	422
957	360
958	360
959	334
960	334
961	272
962	269
963	212
964	201
965	160
966	144
967	152
968	117
969	151
970	144
971	133
972	136
973	130
974	119
975	116
976	114
977	142
978	112
979	121
980	126
981	138
982	142
983	110
984	145
985	149
986	147
987	148
988	131
989	142
990	117
991	153
992	147
993	178
994	182
995	172
996	151
997	162
998	159
999	176
1000	171
1001	178
1002	174
1003	184
1004	162
1005	188
1006	186
1007	193
1008	164
1009	180
1010	172
1011	157
1012	143
1013	177
1014	159
1015	155
1016	144
1017	156
1018	142
1019	141
1020	129
1021	127
1022	132
1023	130
1024	127
