Date:	09/05/2018		Time:	00:20		Version no:	0.00		Project name:	55		Sample name:	222		Section name:	section		Position	485.515045	mm	E0	0.000000	keV	E1	1.000000	keV/channel	sample surface	6.465495	cm	Tube anode:	Mo		Tube voltage:	30	kV	Tube current:	50	mA	gain	10		std. database			resultfile	result		matrix element	11		sample thickness	1.000000		air passage	0.560000	cm	comments	in position		peaking_time	2.200000	m-sec	trigger_threshold	547.363281	V	mca_bin_width	22.090000	no:	number_mca_channels	1024.000000	no:	gap_time	0.150000	m-sec	trigger_peaking_time	0.200000	m-sec	GAINDAC	18610		HIGHGAIN	1		TAURC	1		RCTAU	1		RCTAUFRAC	1		livetime	9.334522	seconds	runtime	10.000488	seconds	input_count_rate	30100.096399	cps	output_count_rate	23725.442198	cps	triggers	280970	seconds	events_in_run	237266	seconds	channel	content		1	0
2	0
3	0
4	0
5	0
6	0
7	0
8	0
9	0
10	0
11	0
12	0
13	0
14	0
15	0
16	0
17	0
18	0
19	0
20	0
21	0
22	0
23	0
24	0
25	0
26	0
27	0
28	0
29	0
30	0
31	11
32	10
33	17
34	8
35	13
36	15
37	15
38	14
39	14
40	8
41	13
42	13
43	19
44	13
45	16
46	12
47	11
48	15
49	6
50	5
51	12
52	10
53	7
54	20
55	10
56	7
57	7
58	13
59	24
60	12
61	10
62	8
63	10
64	9
65	11
66	11
67	12
68	12
69	13
70	6
71	10
72	10
73	8
74	8
75	9
76	6
77	4
78	3
79	19
80	11
81	9
82	11
83	15
84	10
85	11
86	7
87	3
88	12
89	3
90	5
91	8
92	9
93	16
94	17
95	25
96	29
97	32
98	29
99	22
100	16
101	11
102	12
103	12
104	7
105	5
106	10
107	7
108	16
109	10
110	7
111	11
112	7
113	5
114	5
115	10
116	6
117	8
118	2
119	6
120	6
121	4
122	2
123	3
124	4
125	11
126	11
127	6
128	7
129	9
130	6
131	6
132	5
133	3
134	3
135	2
136	6
137	1
138	4
139	6
140	1
141	3
142	5
143	5
144	3
145	5
146	1
147	3
148	6
149	7
150	5
151	3
152	9
153	5
154	4
155	5
156	8
157	8
158	7
159	11
160	17
161	20
162	22
163	27
164	24
165	19
166	14
167	8
168	8
169	7
170	8
171	1
172	7
173	8
174	13
175	8
176	12
177	20
178	23
179	41
180	40
181	41
182	54
183	40
184	45
185	33
186	31
187	14
188	14
189	10
190	5
191	8
192	9
193	9
194	13
195	17
196	47
197	68
198	101
199	213
200	285
201	371
202	464
203	514
204	468
205	405
206	303
207	226
208	121
209	75
210	32
211	11
212	9
213	5
214	11
215	18
216	44
217	48
218	51
219	76
220	88
221	102
222	81
223	69
224	47
225	38
226	24
227	13
228	10
229	6
230	10
231	3
232	2
233	3
234	11
235	6
236	10
237	5
238	7
239	13
240	21
241	34
242	58
243	82
244	129
245	181
246	209
247	214
248	239
249	250
250	169
251	126
252	125
253	104
254	65
255	70
256	55
257	37
258	33
259	30
260	17
261	26
262	13
263	14
264	24
265	20
266	24
267	31
268	41
269	50
270	69
271	62
272	81
273	48
274	46
275	46
276	18
277	22
278	16
279	11
280	7
281	16
282	15
283	9
284	18
285	21
286	21
287	17
288	18
289	16
290	28
291	17
292	24
293	18
294	9
295	24
296	19
297	21
298	25
299	26
300	22
301	25
302	18
303	15
304	21
305	14
306	21
307	22
308	15
309	14
310	11
311	17
312	13
313	11
314	19
315	31
316	44
317	51
318	85
319	99
320	130
321	166
322	207
323	236
324	213
325	208
326	168
327	143
328	98
329	67
330	62
331	42
332	29
333	45
334	36
335	41
336	47
337	51
338	51
339	67
340	159
341	271
342	555
343	947
344	1769
345	2693
346	4272
347	6088
348	7945
349	9921
350	10888
351	11498
352	10948
353	9444
354	7703
355	5574
356	3885
357	2709
358	1436
359	838
360	458
361	231
362	122
363	81
364	64
365	63
366	42
367	61
368	54
369	46
370	74
371	67
372	64
373	78
374	63
375	91
376	117
377	131
378	197
379	295
380	427
381	599
382	846
383	1187
384	1414
385	1640
386	1823
387	1865
388	1796
389	1483
390	1219
391	926
392	660
393	378
394	289
395	184
396	111
397	62
398	43
399	37
400	32
401	24
402	29
403	40
404	37
405	35
406	36
407	36
408	37
409	34
410	32
411	41
412	45
413	25
414	34
415	28
416	32
417	36
418	34
419	32
420	34
421	29
422	36
423	35
424	38
425	28
426	34
427	54
428	45
429	34
430	42
431	50
432	52
433	53
434	42
435	40
436	58
437	55
438	66
439	62
440	75
441	82
442	72
443	61
444	70
445	76
446	74
447	63
448	58
449	67
450	66
451	75
452	65
453	67
454	54
455	82
456	78
457	98
458	85
459	86
460	91
461	94
462	85
463	86
464	92
465	98
466	67
467	76
468	80
469	71
470	75
471	76
472	66
473	79
474	81
475	65
476	54
477	68
478	65
479	59
480	56
481	53
482	52
483	49
484	66
485	49
486	66
487	54
488	53
489	62
490	77
491	66
492	57
493	56
494	60
495	60
496	55
497	67
498	81
499	79
500	54
501	72
502	80
503	74
504	71
505	93
506	72
507	77
508	103
509	78
510	100
511	77
512	75
513	77
514	92
515	72
516	94
517	80
518	85
519	68
520	88
521	87
522	92
523	91
524	89
525	100
526	80
527	76
528	101
529	108
530	99
531	98
532	111
533	94
534	86
535	82
536	93
537	87
538	76
539	90
540	81
541	86
542	92
543	84
544	74
545	82
546	83
547	68
548	87
549	78
550	76
551	88
552	92
553	70
554	86
555	81
556	69
557	56
558	73
559	84
560	89
561	79
562	89
563	77
564	74
565	78
566	83
567	70
568	79
569	75
570	68
571	104
572	85
573	79
574	84
575	86
576	80
577	93
578	75
579	98
580	93
581	92
582	87
583	85
584	80
585	78
586	86
587	76
588	74
589	76
590	92
591	102
592	96
593	76
594	112
595	78
596	95
597	113
598	83
599	104
600	82
601	103
602	101
603	88
604	102
605	100
606	80
607	113
608	107
609	100
610	84
611	96
612	109
613	109
614	113
615	98
616	110
617	94
618	112
619	116
620	105
621	101
622	120
623	96
624	125
625	101
626	88
627	101
628	94
629	90
630	114
631	103
632	99
633	115
634	96
635	101
636	117
637	91
638	88
639	97
640	99
641	94
642	114
643	95
644	118
645	135
646	119
647	114
648	108
649	99
650	139
651	122
652	103
653	98
654	106
655	103
656	110
657	111
658	127
659	141
660	115
661	90
662	112
663	118
664	103
665	109
666	118
667	127
668	102
669	120
670	99
671	87
672	113
673	104
674	104
675	126
676	103
677	114
678	115
679	115
680	115
681	97
682	104
683	108
684	96
685	108
686	120
687	112
688	115
689	117
690	113
691	125
692	123
693	129
694	141
695	132
696	123
697	122
698	126
699	147
700	119
701	127
702	121
703	137
704	141
705	114
706	128
707	110
708	136
709	122
710	141
711	134
712	110
713	123
714	129
715	123
716	110
717	111
718	123
719	121
720	134
721	143
722	121
723	146
724	122
725	111
726	145
727	146
728	129
729	126
730	133
731	121
732	128
733	112
734	139
735	127
736	129
737	128
738	136
739	147
740	124
741	110
742	129
743	155
744	141
745	126
746	121
747	143
748	138
749	143
750	126
751	128
752	146
753	124
754	131
755	142
756	131
757	136
758	149
759	161
760	138
761	123
762	166
763	162
764	175
765	157
766	183
767	210
768	235
769	256
770	271
771	295
772	336
773	356
774	352
775	309
776	282
777	288
778	289
779	246
780	233
781	209
782	192
783	160
784	153
785	143
786	158
787	130
788	126
789	148
790	121
791	126
792	131
793	151
794	122
795	157
796	135
797	139
798	134
799	142
800	132
801	133
802	128
803	114
804	130
805	140
806	151
807	133
808	115
809	146
810	152
811	147
812	136
813	141
814	150
815	144
816	139
817	145
818	144
819	153
820	159
821	137
822	147
823	156
824	145
825	144
826	135
827	149
828	133
829	132
830	140
831	147
832	143
833	143
834	153
835	152
836	144
837	160
838	135
839	153
840	137
841	143
842	162
843	151
844	145
845	140
846	138
847	167
848	150
849	144
850	139
851	144
852	163
853	133
854	156
855	162
856	192
857	211
858	182
859	202
860	238
861	201
862	205
863	202
864	221
865	212
866	225
867	214
868	221
869	215
870	214
871	215
872	225
873	192
874	244
875	230
876	210
877	240
878	230
879	241
880	255
881	297
882	285
883	320
884	301
885	364
886	326
887	386
888	376
889	400
890	461
891	411
892	433
893	487
894	462
895	506
896	504
897	528
898	529
899	542
900	543
901	565
902	579
903	559
904	555
905	500
906	520
907	541
908	494
909	434
910	474
911	414
912	367
913	350
914	376
915	359
916	336
917	311
918	309
919	290
920	256
921	272
922	233
923	231
924	235
925	212
926	223
927	187
928	197
929	194
930	170
931	168
932	179
933	198
934	183
935	138
936	163
937	167
938	170
939	166
940	207
941	193
942	191
943	197
944	209
945	246
946	265
947	298
948	339
949	412
950	400
951	399
952	395
953	424
954	411
955	407
956	445
957	426
958	389
959	348
960	295
961	288
962	243
963	198
964	171
965	162
966	151
967	172
968	138
969	121
970	144
971	131
972	121
973	88
974	103
975	124
976	131
977	127
978	134
979	127
980	129
981	140
982	139
983	127
984	156
985	133
986	136
987	143
988	137
989	144
990	133
991	163
992	142
993	164
994	176
995	174
996	169
997	173
998	183
999	167
1000	158
1001	182
1002	173
1003	187
1004	169
1005	165
1006	176
1007	163
1008	189
1009	152
1010	193
1011	174
1012	157
1013	151
1014	158
1015	161
1016	123
1017	174
1018	121
1019	158
1020	150
1021	117
1022	127
1023	136
1024	115
