Date:	09/05/2018		Time:	00:41		Version no:	0.00		Project name:	55		Sample name:	222		Section name:	section		Position	507.315033	mm	E0	0.000000	keV	E1	1.000000	keV/channel	sample surface	6.327521	cm	Tube anode:	Mo		Tube voltage:	30	kV	Tube current:	50	mA	gain	10		std. database			resultfile	result		matrix element	11		sample thickness	1.000000		air passage	0.560000	cm	comments	in position		peaking_time	2.200000	m-sec	trigger_threshold	547.363281	V	mca_bin_width	22.090000	no:	number_mca_channels	1024.000000	no:	gap_time	0.150000	m-sec	trigger_peaking_time	0.200000	m-sec	GAINDAC	18610		HIGHGAIN	1		TAURC	1		RCTAU	1		RCTAUFRAC	1		livetime	9.350318	seconds	runtime	10.000490	seconds	input_count_rate	28051.025775	cps	output_count_rate	22318.907266	cps	triggers	262286	seconds	events_in_run	223200	seconds	channel	content		1	0
2	0
3	0
4	0
5	0
6	0
7	0
8	0
9	0
10	0
11	0
12	0
13	0
14	0
15	0
16	0
17	0
18	0
19	0
20	0
21	0
22	0
23	0
24	0
25	0
26	0
27	0
28	0
29	0
30	0
31	13
32	17
33	14
34	13
35	16
36	11
37	14
38	12
39	15
40	12
41	11
42	12
43	18
44	13
45	14
46	12
47	11
48	26
49	14
50	13
51	16
52	22
53	14
54	19
55	7
56	13
57	11
58	15
59	15
60	14
61	10
62	14
63	9
64	18
65	12
66	14
67	6
68	11
69	10
70	9
71	4
72	9
73	6
74	11
75	8
76	8
77	5
78	10
79	7
80	16
81	18
82	15
83	17
84	5
85	9
86	10
87	5
88	11
89	6
90	5
91	13
92	6
93	22
94	21
95	28
96	23
97	35
98	19
99	17
100	13
101	22
102	12
103	14
104	12
105	7
106	15
107	16
108	10
109	11
110	7
111	10
112	8
113	7
114	7
115	6
116	8
117	3
118	6
119	6
120	5
121	5
122	4
123	7
124	3
125	4
126	6
127	12
128	5
129	7
130	3
131	9
132	6
133	5
134	3
135	7
136	6
137	0
138	4
139	5
140	3
141	5
142	3
143	2
144	5
145	2
146	5
147	5
148	3
149	6
150	3
151	5
152	8
153	6
154	8
155	4
156	10
157	12
158	9
159	14
160	15
161	15
162	25
163	27
164	22
165	24
166	16
167	20
168	9
169	6
170	8
171	4
172	7
173	5
174	5
175	8
176	9
177	10
178	20
179	28
180	39
181	38
182	42
183	50
184	52
185	28
186	27
187	16
188	13
189	12
190	9
191	5
192	5
193	8
194	13
195	19
196	45
197	74
198	120
199	196
200	281
201	362
202	459
203	475
204	420
205	374
206	270
207	179
208	123
209	60
210	37
211	16
212	10
213	7
214	14
215	22
216	36
217	40
218	57
219	76
220	57
221	62
222	60
223	70
224	38
225	19
226	25
227	12
228	10
229	4
230	5
231	8
232	10
233	7
234	5
235	7
236	3
237	8
238	9
239	15
240	26
241	32
242	44
243	80
244	139
245	159
246	211
247	248
248	238
249	212
250	199
251	154
252	109
253	74
254	51
255	50
256	38
257	33
258	34
259	21
260	22
261	14
262	12
263	16
264	17
265	27
266	33
267	26
268	44
269	47
270	53
271	59
272	67
273	49
274	40
275	29
276	31
277	14
278	10
279	14
280	14
281	20
282	16
283	21
284	18
285	10
286	16
287	15
288	21
289	11
290	8
291	17
292	15
293	16
294	21
295	24
296	26
297	18
298	19
299	18
300	14
301	16
302	18
303	17
304	12
305	15
306	16
307	14
308	19
309	14
310	16
311	13
312	18
313	11
314	17
315	21
316	29
317	36
318	40
319	62
320	67
321	76
322	100
323	106
324	107
325	96
326	83
327	69
328	56
329	43
330	35
331	38
332	34
333	24
334	32
335	28
336	44
337	36
338	48
339	68
340	132
341	227
342	415
343	768
344	1404
345	2244
346	3635
347	5026
348	6720
349	8233
350	8907
351	9109
352	8740
353	7570
354	6186
355	4605
356	3191
357	2096
358	1205
359	695
360	352
361	190
362	99
363	56
364	56
365	52
366	46
367	45
368	61
369	51
370	46
371	59
372	41
373	52
374	54
375	69
376	91
377	128
378	159
379	240
380	368
381	541
382	752
383	959
384	1269
385	1357
386	1485
387	1534
388	1394
389	1264
390	1036
391	757
392	511
393	405
394	230
395	141
396	82
397	61
398	44
399	36
400	22
401	35
402	33
403	40
404	41
405	38
406	33
407	46
408	36
409	37
410	40
411	41
412	47
413	42
414	28
415	40
416	33
417	43
418	22
419	44
420	43
421	37
422	34
423	40
424	39
425	30
426	23
427	45
428	39
429	37
430	48
431	36
432	55
433	36
434	46
435	51
436	60
437	73
438	66
439	89
440	76
441	91
442	95
443	102
444	70
445	81
446	82
447	79
448	81
449	61
450	51
451	77
452	56
453	84
454	66
455	78
456	96
457	98
458	87
459	87
460	106
461	86
462	76
463	73
464	92
465	73
466	63
467	73
468	78
469	80
470	72
471	68
472	69
473	74
474	84
475	78
476	66
477	76
478	71
479	59
480	67
481	56
482	67
483	45
484	70
485	69
486	59
487	64
488	61
489	60
490	58
491	56
492	69
493	74
494	74
495	56
496	57
497	72
498	74
499	59
500	79
501	77
502	75
503	74
504	86
505	87
506	106
507	89
508	90
509	93
510	86
511	92
512	85
513	87
514	87
515	83
516	108
517	87
518	92
519	90
520	88
521	88
522	94
523	104
524	90
525	110
526	106
527	110
528	112
529	114
530	104
531	114
532	118
533	107
534	90
535	105
536	84
537	95
538	95
539	88
540	82
541	98
542	79
543	91
544	88
545	89
546	87
547	101
548	88
549	107
550	77
551	98
552	81
553	81
554	80
555	71
556	79
557	91
558	80
559	63
560	70
561	86
562	96
563	108
564	82
565	89
566	88
567	82
568	84
569	86
570	80
571	88
572	86
573	87
574	107
575	105
576	76
577	86
578	93
579	100
580	87
581	81
582	94
583	87
584	111
585	90
586	87
587	80
588	99
589	93
590	90
591	91
592	103
593	110
594	92
595	96
596	87
597	113
598	119
599	114
600	116
601	88
602	99
603	94
604	84
605	108
606	109
607	127
608	106
609	100
610	126
611	104
612	117
613	109
614	110
615	98
616	106
617	94
618	84
619	102
620	120
621	115
622	112
623	124
624	127
625	111
626	108
627	126
628	123
629	95
630	130
631	120
632	100
633	121
634	87
635	120
636	103
637	118
638	101
639	118
640	105
641	106
642	119
643	111
644	102
645	98
646	112
647	117
648	134
649	125
650	122
651	120
652	109
653	122
654	121
655	115
656	113
657	111
658	103
659	104
660	112
661	108
662	115
663	121
664	104
665	128
666	104
667	126
668	105
669	112
670	96
671	127
672	116
673	116
674	106
675	121
676	110
677	129
678	117
679	120
680	136
681	135
682	142
683	110
684	115
685	125
686	102
687	115
688	121
689	124
690	135
691	123
692	139
693	127
694	133
695	142
696	124
697	145
698	125
699	135
700	127
701	138
702	149
703	153
704	155
705	136
706	138
707	146
708	137
709	137
710	120
711	119
712	143
713	120
714	124
715	146
716	127
717	130
718	145
719	152
720	136
721	106
722	143
723	135
724	144
725	128
726	130
727	137
728	138
729	145
730	145
731	142
732	149
733	164
734	129
735	137
736	158
737	141
738	137
739	134
740	152
741	129
742	144
743	120
744	135
745	148
746	149
747	115
748	129
749	154
750	154
751	109
752	126
753	151
754	131
755	133
756	159
757	131
758	149
759	140
760	174
761	185
762	159
763	187
764	193
765	188
766	227
767	226
768	286
769	274
770	346
771	358
772	352
773	381
774	372
775	366
776	322
777	320
778	291
779	266
780	242
781	213
782	199
783	160
784	152
785	170
786	154
787	146
788	130
789	169
790	155
791	138
792	163
793	161
794	151
795	137
796	132
797	147
798	124
799	150
800	144
801	146
802	177
803	128
804	138
805	164
806	161
807	152
808	141
809	163
810	154
811	139
812	163
813	162
814	173
815	161
816	166
817	179
818	166
819	152
820	176
821	162
822	156
823	161
824	140
825	163
826	172
827	178
828	151
829	153
830	137
831	170
832	178
833	163
834	169
835	148
836	172
837	177
838	159
839	139
840	151
841	183
842	181
843	157
844	144
845	162
846	152
847	157
848	187
849	173
850	182
851	174
852	177
853	179
854	198
855	203
856	185
857	208
858	216
859	213
860	232
861	229
862	223
863	226
864	246
865	246
866	249
867	223
868	246
869	225
870	238
871	232
872	223
873	227
874	217
875	252
876	255
877	280
878	266
879	260
880	299
881	290
882	284
883	354
884	375
885	378
886	396
887	395
888	459
889	398
890	445
891	467
892	514
893	545
894	582
895	569
896	536
897	611
898	629
899	621
900	639
901	603
902	616
903	603
904	610
905	553
906	536
907	538
908	555
909	501
910	500
911	500
912	454
913	443
914	407
915	383
916	378
917	362
918	351
919	307
920	315
921	286
922	267
923	258
924	238
925	243
926	237
927	224
928	210
929	222
930	220
931	173
932	206
933	188
934	174
935	180
936	198
937	195
938	163
939	176
940	179
941	200
942	202
943	210
944	236
945	238
946	286
947	319
948	355
949	391
950	377
951	439
952	434
953	447
954	495
955	449
956	451
957	410
958	390
959	358
960	350
961	276
962	241
963	235
964	243
965	181
966	162
967	152
968	130
969	126
970	134
971	148
972	121
973	156
974	127
975	134
976	128
977	145
978	122
979	131
980	147
981	152
982	129
983	137
984	133
985	140
986	151
987	159
988	160
989	185
990	163
991	146
992	172
993	158
994	174
995	155
996	184
997	188
998	174
999	181
1000	206
1001	191
1002	187
1003	190
1004	171
1005	175
1006	188
1007	184
1008	215
1009	188
1010	172
1011	161
1012	182
1013	166
1014	169
1015	180
1016	175
1017	159
1018	151
1019	155
1020	147
1021	132
1022	140
1023	123
1024	117
