Date:	09/05/2018		Time:	00:12		Version no:	0.00		Project name:	55		Sample name:	222		Section name:	section		Position	476.915039	mm	E0	0.000000	keV	E1	1.000000	keV/channel	sample surface	6.482359	cm	Tube anode:	Mo		Tube voltage:	30	kV	Tube current:	50	mA	gain	10		std. database			resultfile	result		matrix element	11		sample thickness	1.000000		air passage	0.560000	cm	comments	in position		peaking_time	2.200000	m-sec	trigger_threshold	547.363281	V	mca_bin_width	22.090000	no:	number_mca_channels	1024.000000	no:	gap_time	0.150000	m-sec	trigger_peaking_time	0.200000	m-sec	GAINDAC	18610		HIGHGAIN	1		TAURC	1		RCTAU	1		RCTAUFRAC	1		livetime	9.377922	seconds	runtime	10.000490	seconds	input_count_rate	28691.858546	cps	output_count_rate	22943.474852	cps	triggers	269070	seconds	events_in_run	229446	seconds	channel	content		1	0
2	0
3	0
4	0
5	0
6	0
7	0
8	0
9	0
10	0
11	0
12	0
13	0
14	0
15	0
16	0
17	0
18	0
19	0
20	0
21	0
22	0
23	0
24	0
25	0
26	0
27	0
28	0
29	0
30	0
31	10
32	8
33	11
34	9
35	11
36	11
37	10
38	17
39	19
40	16
41	12
42	10
43	18
44	16
45	14
46	12
47	17
48	9
49	15
50	16
51	17
52	10
53	6
54	17
55	8
56	11
57	11
58	16
59	11
60	6
61	14
62	11
63	11
64	11
65	3
66	9
67	8
68	5
69	7
70	12
71	5
72	9
73	6
74	9
75	10
76	10
77	7
78	5
79	9
80	6
81	11
82	7
83	7
84	17
85	5
86	10
87	7
88	4
89	5
90	7
91	9
92	17
93	11
94	20
95	26
96	29
97	25
98	24
99	23
100	10
101	9
102	7
103	11
104	8
105	0
106	10
107	12
108	6
109	7
110	7
111	4
112	4
113	4
114	9
115	6
116	7
117	8
118	2
119	10
120	3
121	5
122	7
123	7
124	7
125	4
126	7
127	2
128	3
129	5
130	8
131	6
132	2
133	3
134	5
135	4
136	4
137	3
138	6
139	5
140	5
141	3
142	2
143	4
144	8
145	5
146	2
147	3
148	6
149	4
150	5
151	4
152	4
153	6
154	9
155	9
156	5
157	8
158	12
159	10
160	17
161	16
162	22
163	24
164	26
165	19
166	16
167	9
168	5
169	8
170	4
171	3
172	4
173	6
174	6
175	7
176	6
177	14
178	30
179	32
180	43
181	52
182	45
183	50
184	50
185	34
186	17
187	19
188	10
189	6
190	6
191	4
192	5
193	8
194	5
195	19
196	34
197	57
198	132
199	168
200	279
201	370
202	392
203	466
204	470
205	374
206	288
207	185
208	120
209	66
210	30
211	15
212	12
213	13
214	13
215	21
216	29
217	40
218	45
219	71
220	59
221	80
222	59
223	55
224	46
225	23
226	21
227	10
228	10
229	9
230	8
231	9
232	3
233	4
234	4
235	4
236	4
237	6
238	9
239	11
240	27
241	28
242	42
243	72
244	114
245	160
246	184
247	216
248	199
249	187
250	195
251	146
252	118
253	88
254	74
255	52
256	59
257	42
258	44
259	35
260	32
261	21
262	13
263	18
264	18
265	26
266	32
267	40
268	48
269	57
270	62
271	86
272	49
273	66
274	50
275	37
276	27
277	10
278	24
279	18
280	8
281	12
282	22
283	15
284	12
285	17
286	14
287	20
288	16
289	18
290	6
291	15
292	23
293	27
294	16
295	17
296	26
297	25
298	26
299	31
300	21
301	22
302	19
303	10
304	19
305	13
306	26
307	16
308	15
309	10
310	20
311	16
312	13
313	13
314	18
315	30
316	32
317	44
318	79
319	87
320	113
321	125
322	187
323	174
324	174
325	130
326	142
327	109
328	97
329	72
330	51
331	38
332	31
333	29
334	41
335	24
336	36
337	44
338	68
339	92
340	163
341	272
342	517
343	982
344	1799
345	2908
346	4444
347	6434
348	8196
349	10075
350	11320
351	11679
352	11132
353	9911
354	8109
355	5959
356	4102
357	2682
358	1493
359	902
360	441
361	247
362	136
363	78
364	49
365	61
366	50
367	48
368	51
369	34
370	44
371	64
372	60
373	60
374	92
375	94
376	95
377	138
378	178
379	305
380	433
381	632
382	888
383	1263
384	1486
385	1741
386	1974
387	1974
388	1779
389	1559
390	1288
391	922
392	677
393	466
394	286
395	158
396	118
397	61
398	50
399	26
400	36
401	35
402	23
403	22
404	21
405	33
406	29
407	29
408	32
409	36
410	30
411	39
412	33
413	41
414	29
415	27
416	27
417	38
418	36
419	36
420	33
421	30
422	21
423	29
424	25
425	26
426	23
427	37
428	29
429	23
430	35
431	45
432	41
433	49
434	45
435	43
436	42
437	63
438	83
439	69
440	60
441	92
442	84
443	74
444	67
445	71
446	71
447	55
448	59
449	54
450	53
451	54
452	69
453	84
454	52
455	56
456	81
457	94
458	74
459	75
460	99
461	85
462	79
463	69
464	62
465	75
466	67
467	63
468	50
469	59
470	65
471	61
472	68
473	68
474	73
475	67
476	55
477	61
478	57
479	62
480	59
481	52
482	61
483	54
484	65
485	56
486	63
487	61
488	48
489	64
490	52
491	59
492	60
493	51
494	51
495	66
496	80
497	63
498	45
499	62
500	56
501	75
502	63
503	62
504	67
505	64
506	80
507	79
508	62
509	79
510	60
511	85
512	54
513	72
514	78
515	77
516	88
517	69
518	80
519	88
520	84
521	73
522	92
523	83
524	105
525	87
526	84
527	109
528	90
529	92
530	96
531	97
532	80
533	105
534	82
535	89
536	75
537	72
538	89
539	80
540	81
541	71
542	86
543	89
544	85
545	89
546	72
547	80
548	74
549	68
550	81
551	72
552	84
553	57
554	73
555	84
556	75
557	73
558	76
559	63
560	74
561	74
562	68
563	71
564	69
565	57
566	71
567	78
568	73
569	66
570	67
571	77
572	76
573	87
574	95
575	67
576	75
577	73
578	90
579	92
580	87
581	80
582	67
583	93
584	95
585	79
586	69
587	81
588	87
589	76
590	89
591	72
592	79
593	88
594	76
595	90
596	87
597	78
598	83
599	86
600	80
601	76
602	92
603	71
604	84
605	83
606	89
607	84
608	105
609	86
610	96
611	80
612	86
613	106
614	77
615	87
616	87
617	84
618	89
619	100
620	93
621	98
622	105
623	85
624	86
625	101
626	96
627	73
628	87
629	79
630	105
631	93
632	88
633	98
634	92
635	93
636	87
637	112
638	95
639	89
640	85
641	91
642	81
643	108
644	85
645	105
646	88
647	97
648	87
649	86
650	83
651	99
652	109
653	116
654	94
655	89
656	86
657	105
658	78
659	108
660	99
661	83
662	90
663	85
664	103
665	100
666	105
667	97
668	92
669	97
670	81
671	93
672	82
673	107
674	100
675	111
676	98
677	113
678	115
679	98
680	100
681	90
682	79
683	111
684	113
685	116
686	106
687	114
688	117
689	101
690	104
691	107
692	101
693	103
694	108
695	112
696	90
697	105
698	143
699	106
700	108
701	154
702	114
703	121
704	110
705	140
706	126
707	107
708	134
709	109
710	114
711	103
712	102
713	119
714	118
715	98
716	122
717	116
718	99
719	100
720	100
721	99
722	124
723	105
724	112
725	106
726	111
727	115
728	107
729	136
730	121
731	98
732	110
733	120
734	122
735	128
736	131
737	103
738	103
739	113
740	117
741	125
742	126
743	136
744	138
745	124
746	95
747	109
748	114
749	117
750	133
751	118
752	118
753	104
754	118
755	121
756	116
757	124
758	118
759	120
760	116
761	128
762	141
763	151
764	144
765	161
766	177
767	206
768	218
769	266
770	285
771	282
772	327
773	326
774	322
775	328
776	325
777	302
778	256
779	245
780	240
781	210
782	155
783	166
784	159
785	140
786	113
787	117
788	112
789	125
790	101
791	129
792	130
793	113
794	130
795	128
796	134
797	119
798	126
799	94
800	118
801	122
802	126
803	122
804	124
805	139
806	122
807	116
808	139
809	121
810	123
811	145
812	113
813	137
814	139
815	148
816	137
817	107
818	120
819	151
820	120
821	145
822	111
823	120
824	109
825	134
826	131
827	133
828	124
829	113
830	118
831	126
832	127
833	158
834	121
835	129
836	137
837	119
838	140
839	121
840	143
841	122
842	130
843	133
844	118
845	125
846	124
847	140
848	129
849	131
850	144
851	151
852	138
853	139
854	157
855	152
856	158
857	156
858	146
859	172
860	172
861	202
862	199
863	190
864	193
865	183
866	184
867	219
868	198
869	197
870	212
871	207
872	184
873	229
874	194
875	205
876	201
877	221
878	200
879	198
880	211
881	253
882	249
883	269
884	276
885	299
886	308
887	303
888	292
889	343
890	354
891	362
892	374
893	387
894	399
895	423
896	446
897	443
898	451
899	464
900	454
901	470
902	495
903	457
904	454
905	473
906	434
907	419
908	418
909	398
910	378
911	370
912	340
913	349
914	337
915	310
916	300
917	275
918	269
919	262
920	258
921	238
922	227
923	207
924	197
925	191
926	179
927	149
928	181
929	174
930	188
931	186
932	155
933	167
934	155
935	131
936	125
937	148
938	147
939	135
940	148
941	186
942	165
943	186
944	186
945	202
946	232
947	272
948	293
949	318
950	363
951	410
952	407
953	371
954	393
955	423
956	392
957	364
958	337
959	313
960	262
961	211
962	226
963	185
964	157
965	173
966	153
967	129
968	121
969	121
970	108
971	111
972	112
973	103
974	128
975	123
976	94
977	142
978	115
979	109
980	100
981	109
982	107
983	90
984	117
985	125
986	119
987	128
988	134
989	130
990	107
991	123
992	128
993	134
994	113
995	139
996	139
997	141
998	113
999	136
1000	138
1001	142
1002	141
1003	131
1004	157
1005	148
1006	147
1007	127
1008	169
1009	169
1010	154
1011	146
1012	146
1013	129
1014	135
1015	137
1016	156
1017	116
1018	128
1019	124
1020	107
1021	142
1022	111
1023	109
1024	93
