Date:	09/05/2018		Time:	00:20		Version no:	0.00		Project name:	55		Sample name:	222		Section name:	section		Position	485.315033	mm	E0	0.000000	keV	E1	1.000000	keV/channel	sample surface	6.466285	cm	Tube anode:	Mo		Tube voltage:	30	kV	Tube current:	50	mA	gain	10		std. database			resultfile	result		matrix element	11		sample thickness	1.000000		air passage	0.560000	cm	comments	in position		peaking_time	2.200000	m-sec	trigger_threshold	547.363281	V	mca_bin_width	22.090000	no:	number_mca_channels	1024.000000	no:	gap_time	0.150000	m-sec	trigger_peaking_time	0.200000	m-sec	GAINDAC	18610		HIGHGAIN	1		TAURC	1		RCTAU	1		RCTAUFRAC	1		livetime	9.343450	seconds	runtime	10.000492	seconds	input_count_rate	29603.306256	cps	output_count_rate	23398.648786	cps	triggers	276597	seconds	events_in_run	233998	seconds	channel	content		1	0
2	0
3	0
4	0
5	0
6	0
7	0
8	0
9	0
10	0
11	0
12	0
13	0
14	0
15	0
16	0
17	0
18	0
19	0
20	0
21	0
22	0
23	0
24	0
25	0
26	0
27	0
28	0
29	0
30	0
31	15
32	12
33	17
34	11
35	16
36	14
37	14
38	19
39	18
40	18
41	10
42	17
43	14
44	12
45	8
46	10
47	13
48	24
49	12
50	11
51	14
52	8
53	15
54	9
55	10
56	14
57	14
58	11
59	11
60	16
61	9
62	9
63	6
64	8
65	11
66	7
67	12
68	13
69	13
70	6
71	5
72	9
73	9
74	13
75	8
76	7
77	7
78	15
79	9
80	8
81	16
82	13
83	20
84	14
85	6
86	13
87	7
88	4
89	7
90	5
91	10
92	7
93	12
94	22
95	34
96	37
97	24
98	34
99	20
100	11
101	12
102	9
103	6
104	8
105	5
106	17
107	11
108	12
109	10
110	6
111	4
112	8
113	2
114	7
115	4
116	4
117	3
118	11
119	6
120	5
121	3
122	9
123	6
124	6
125	8
126	10
127	5
128	3
129	8
130	3
131	3
132	8
133	4
134	4
135	7
136	2
137	6
138	4
139	4
140	7
141	1
142	8
143	4
144	5
145	5
146	5
147	6
148	4
149	6
150	5
151	11
152	7
153	1
154	5
155	9
156	6
157	7
158	9
159	12
160	18
161	19
162	27
163	26
164	28
165	13
166	14
167	9
168	12
169	7
170	5
171	3
172	10
173	5
174	8
175	7
176	10
177	11
178	24
179	29
180	21
181	47
182	37
183	47
184	43
185	36
186	19
187	19
188	16
189	8
190	7
191	1
192	6
193	8
194	6
195	23
196	37
197	77
198	118
199	169
200	272
201	394
202	427
203	455
204	420
205	367
206	251
207	191
208	87
209	63
210	35
211	27
212	13
213	12
214	7
215	23
216	23
217	39
218	54
219	50
220	80
221	78
222	82
223	57
224	41
225	37
226	16
227	14
228	17
229	11
230	2
231	7
232	7
233	5
234	2
235	8
236	4
237	6
238	7
239	13
240	16
241	34
242	41
243	73
244	124
245	172
246	216
247	229
248	201
249	194
250	185
251	135
252	110
253	81
254	69
255	48
256	63
257	59
258	48
259	33
260	24
261	16
262	14
263	18
264	15
265	23
266	25
267	42
268	38
269	49
270	73
271	56
272	69
273	55
274	40
275	30
276	32
277	15
278	21
279	11
280	11
281	12
282	21
283	7
284	19
285	20
286	20
287	17
288	13
289	13
290	18
291	22
292	16
293	22
294	21
295	17
296	30
297	27
298	19
299	20
300	14
301	22
302	24
303	13
304	13
305	12
306	21
307	20
308	21
309	15
310	20
311	19
312	19
313	17
314	26
315	22
316	26
317	41
318	68
319	103
320	137
321	165
322	169
323	176
324	193
325	194
326	168
327	127
328	94
329	82
330	49
331	55
332	42
333	36
334	50
335	42
336	48
337	53
338	53
339	83
340	147
341	249
342	503
343	928
344	1670
345	2689
346	4273
347	5914
348	7734
349	9542
350	10753
351	11038
352	10547
353	9322
354	7475
355	5616
356	3888
357	2523
358	1470
359	828
360	445
361	213
362	128
363	83
364	52
365	47
366	47
367	52
368	59
369	46
370	52
371	70
372	65
373	65
374	79
375	94
376	90
377	121
378	185
379	286
380	435
381	605
382	860
383	1098
384	1387
385	1603
386	1819
387	1795
388	1693
389	1531
390	1225
391	899
392	658
393	466
394	270
395	143
396	102
397	85
398	35
399	26
400	33
401	31
402	41
403	21
404	32
405	31
406	29
407	44
408	22
409	31
410	42
411	40
412	40
413	38
414	33
415	39
416	35
417	44
418	26
419	42
420	36
421	30
422	20
423	40
424	31
425	31
426	38
427	37
428	39
429	43
430	45
431	49
432	40
433	40
434	43
435	53
436	52
437	68
438	54
439	68
440	83
441	81
442	89
443	91
444	68
445	83
446	62
447	71
448	44
449	64
450	65
451	69
452	70
453	68
454	66
455	73
456	95
457	113
458	84
459	76
460	85
461	79
462	66
463	71
464	58
465	70
466	67
467	70
468	58
469	66
470	61
471	60
472	75
473	63
474	84
475	67
476	62
477	53
478	64
479	63
480	65
481	67
482	54
483	56
484	49
485	55
486	46
487	51
488	87
489	71
490	53
491	74
492	67
493	61
494	59
495	63
496	63
497	68
498	61
499	52
500	67
501	77
502	69
503	71
504	71
505	74
506	87
507	80
508	68
509	90
510	65
511	77
512	73
513	69
514	67
515	82
516	65
517	70
518	74
519	81
520	88
521	94
522	90
523	80
524	130
525	105
526	114
527	116
528	119
529	101
530	109
531	89
532	105
533	91
534	97
535	90
536	100
537	91
538	84
539	97
540	89
541	100
542	80
543	74
544	76
545	85
546	100
547	87
548	84
549	90
550	85
551	85
552	86
553	75
554	81
555	101
556	76
557	60
558	90
559	79
560	78
561	73
562	95
563	86
564	65
565	76
566	71
567	92
568	80
569	74
570	72
571	91
572	92
573	89
574	102
575	91
576	89
577	90
578	85
579	79
580	86
581	83
582	101
583	83
584	86
585	109
586	87
587	80
588	93
589	95
590	88
591	107
592	81
593	88
594	88
595	101
596	108
597	92
598	99
599	92
600	95
601	93
602	105
603	99
604	93
605	96
606	87
607	95
608	91
609	91
610	110
611	102
612	123
613	90
614	89
615	107
616	97
617	113
618	104
619	100
620	104
621	106
622	97
623	102
624	95
625	88
626	95
627	95
628	108
629	120
630	84
631	100
632	99
633	105
634	109
635	98
636	135
637	106
638	115
639	103
640	112
641	123
642	102
643	118
644	124
645	116
646	106
647	129
648	95
649	104
650	88
651	117
652	82
653	103
654	108
655	121
656	112
657	99
658	97
659	109
660	118
661	95
662	108
663	105
664	94
665	96
666	111
667	102
668	109
669	122
670	106
671	109
672	120
673	113
674	119
675	101
676	103
677	112
678	103
679	117
680	122
681	118
682	120
683	102
684	112
685	90
686	128
687	105
688	116
689	103
690	133
691	136
692	102
693	137
694	119
695	126
696	151
697	138
698	136
699	106
700	147
701	156
702	143
703	141
704	117
705	121
706	119
707	121
708	122
709	116
710	111
711	142
712	131
713	138
714	132
715	129
716	113
717	107
718	119
719	132
720	120
721	111
722	128
723	109
724	116
725	139
726	121
727	119
728	115
729	132
730	128
731	157
732	148
733	134
734	141
735	134
736	138
737	134
738	132
739	145
740	133
741	140
742	132
743	129
744	139
745	138
746	119
747	120
748	143
749	114
750	139
751	117
752	118
753	132
754	123
755	135
756	116
757	144
758	141
759	131
760	135
761	132
762	142
763	159
764	186
765	185
766	235
767	215
768	226
769	276
770	301
771	294
772	321
773	329
774	341
775	341
776	323
777	276
778	306
779	258
780	186
781	210
782	184
783	163
784	155
785	153
786	128
787	148
788	123
789	126
790	118
791	144
792	144
793	140
794	140
795	110
796	141
797	125
798	143
799	135
800	136
801	126
802	147
803	157
804	124
805	134
806	151
807	141
808	136
809	138
810	157
811	140
812	149
813	120
814	155
815	159
816	147
817	166
818	155
819	132
820	143
821	163
822	168
823	116
824	142
825	129
826	140
827	133
828	144
829	131
830	141
831	116
832	142
833	122
834	149
835	144
836	126
837	162
838	129
839	146
840	136
841	153
842	157
843	171
844	147
845	145
846	136
847	169
848	157
849	134
850	163
851	156
852	153
853	161
854	169
855	189
856	179
857	183
858	176
859	184
860	200
861	190
862	198
863	227
864	221
865	238
866	215
867	207
868	221
869	253
870	226
871	209
872	207
873	209
874	222
875	220
876	220
877	251
878	236
879	223
880	260
881	251
882	265
883	294
884	309
885	331
886	339
887	373
888	396
889	409
890	390
891	438
892	463
893	475
894	508
895	504
896	540
897	536
898	520
899	514
900	555
901	556
902	513
903	549
904	587
905	515
906	554
907	472
908	462
909	451
910	485
911	431
912	448
913	438
914	363
915	381
916	384
917	325
918	309
919	282
920	329
921	249
922	252
923	264
924	245
925	213
926	203
927	208
928	174
929	200
930	170
931	180
932	187
933	178
934	176
935	151
936	161
937	173
938	156
939	168
940	171
941	174
942	207
943	193
944	229
945	252
946	292
947	281
948	355
949	375
950	379
951	396
952	442
953	467
954	437
955	446
956	400
957	396
958	351
959	296
960	286
961	247
962	238
963	223
964	187
965	170
966	141
967	140
968	133
969	125
970	134
971	138
972	130
973	127
974	124
975	102
976	132
977	114
978	103
979	122
980	125
981	113
982	124
983	147
984	148
985	138
986	125
987	139
988	135
989	149
990	135
991	151
992	173
993	143
994	156
995	165
996	173
997	187
998	153
999	183
1000	181
1001	197
1002	173
1003	175
1004	168
1005	174
1006	175
1007	187
1008	191
1009	177
1010	149
1011	176
1012	156
1013	150
1014	128
1015	154
1016	168
1017	117
1018	144
1019	156
1020	133
1021	143
1022	124
1023	135
1024	114
