Date:	09/05/2018		Time:	00:19		Version no:	0.00		Project name:	55		Sample name:	222		Section name:	section		Position	483.915039	mm	E0	0.000000	keV	E1	1.000000	keV/channel	sample surface	6.464050	cm	Tube anode:	Mo		Tube voltage:	30	kV	Tube current:	50	mA	gain	10		std. database			resultfile	result		matrix element	11		sample thickness	1.000000		air passage	0.560000	cm	comments	in position		peaking_time	2.200000	m-sec	trigger_threshold	547.363281	V	mca_bin_width	22.090000	no:	number_mca_channels	1024.000000	no:	gap_time	0.150000	m-sec	trigger_peaking_time	0.200000	m-sec	GAINDAC	18610		HIGHGAIN	1		TAURC	1		RCTAU	1		RCTAUFRAC	1		livetime	9.350634	seconds	runtime	10.000494	seconds	input_count_rate	29374.905301	cps	output_count_rate	23306.549589	cps	triggers	274674	seconds	events_in_run	233077	seconds	channel	content		1	0
2	0
3	0
4	0
5	0
6	0
7	0
8	0
9	0
10	0
11	0
12	0
13	0
14	0
15	0
16	0
17	0
18	0
19	0
20	0
21	0
22	0
23	0
24	0
25	0
26	0
27	0
28	0
29	0
30	0
31	9
32	16
33	13
34	13
35	8
36	16
37	18
38	12
39	14
40	13
41	20
42	20
43	16
44	11
45	18
46	13
47	18
48	15
49	15
50	10
51	8
52	6
53	14
54	18
55	16
56	15
57	14
58	11
59	10
60	7
61	12
62	11
63	5
64	11
65	10
66	7
67	9
68	13
69	1
70	8
71	9
72	6
73	4
74	6
75	5
76	4
77	9
78	6
79	6
80	15
81	8
82	14
83	13
84	11
85	7
86	5
87	10
88	7
89	8
90	5
91	11
92	12
93	15
94	25
95	26
96	21
97	32
98	28
99	20
100	7
101	14
102	7
103	12
104	5
105	6
106	11
107	12
108	8
109	6
110	8
111	10
112	8
113	7
114	7
115	5
116	4
117	4
118	4
119	6
120	2
121	7
122	5
123	3
124	3
125	5
126	7
127	9
128	8
129	3
130	3
131	6
132	4
133	5
134	2
135	4
136	3
137	6
138	5
139	3
140	4
141	4
142	6
143	5
144	6
145	5
146	8
147	9
148	4
149	6
150	5
151	7
152	4
153	7
154	7
155	5
156	5
157	9
158	4
159	13
160	14
161	18
162	19
163	19
164	23
165	25
166	13
167	13
168	6
169	2
170	2
171	5
172	5
173	4
174	4
175	10
176	10
177	9
178	25
179	43
180	35
181	49
182	50
183	39
184	37
185	38
186	29
187	22
188	12
189	11
190	8
191	5
192	6
193	19
194	10
195	27
196	42
197	77
198	135
199	206
200	338
201	338
202	431
203	494
204	453
205	337
206	288
207	180
208	99
209	62
210	39
211	17
212	14
213	6
214	10
215	20
216	26
217	45
218	59
219	71
220	84
221	91
222	83
223	54
224	46
225	37
226	24
227	13
228	11
229	10
230	6
231	4
232	4
233	8
234	6
235	10
236	7
237	11
238	7
239	9
240	20
241	38
242	53
243	80
244	127
245	157
246	180
247	226
248	235
249	237
250	190
251	158
252	113
253	88
254	78
255	64
256	59
257	60
258	27
259	29
260	22
261	23
262	21
263	18
264	17
265	24
266	30
267	49
268	53
269	69
270	47
271	59
272	54
273	60
274	51
275	30
276	29
277	23
278	20
279	14
280	17
281	10
282	11
283	16
284	14
285	10
286	18
287	18
288	19
289	16
290	16
291	26
292	17
293	21
294	20
295	26
296	23
297	23
298	17
299	16
300	21
301	19
302	25
303	17
304	16
305	21
306	13
307	10
308	20
309	20
310	14
311	13
312	17
313	25
314	25
315	33
316	38
317	56
318	78
319	119
320	146
321	189
322	199
323	234
324	211
325	213
326	174
327	123
328	104
329	71
330	54
331	52
332	39
333	37
334	30
335	37
336	46
337	53
338	74
339	110
340	155
341	255
342	523
343	930
344	1665
345	2720
346	4333
347	6102
348	7984
349	9545
350	10719
351	11034
352	10634
353	9416
354	7617
355	5452
356	3925
357	2348
358	1478
359	875
360	426
361	244
362	140
363	84
364	71
365	58
366	36
367	58
368	56
369	47
370	65
371	60
372	59
373	69
374	75
375	90
376	113
377	135
378	193
379	301
380	434
381	668
382	879
383	1133
384	1406
385	1701
386	1797
387	1832
388	1743
389	1476
390	1178
391	943
392	672
393	419
394	283
395	142
396	95
397	52
398	52
399	37
400	27
401	18
402	31
403	36
404	32
405	29
406	30
407	44
408	38
409	30
410	41
411	39
412	42
413	28
414	39
415	41
416	30
417	38
418	29
419	35
420	34
421	31
422	31
423	23
424	26
425	47
426	38
427	48
428	40
429	34
430	49
431	35
432	40
433	34
434	43
435	49
436	66
437	66
438	73
439	70
440	82
441	94
442	55
443	75
444	72
445	79
446	47
447	67
448	67
449	66
450	54
451	59
452	83
453	70
454	64
455	68
456	97
457	101
458	96
459	74
460	95
461	81
462	77
463	68
464	71
465	59
466	53
467	51
468	66
469	64
470	67
471	80
472	84
473	66
474	72
475	65
476	72
477	86
478	63
479	50
480	49
481	59
482	61
483	39
484	47
485	65
486	56
487	57
488	61
489	57
490	59
491	72
492	55
493	65
494	56
495	63
496	65
497	65
498	61
499	79
500	66
501	64
502	83
503	75
504	62
505	77
506	69
507	84
508	61
509	91
510	79
511	70
512	75
513	80
514	82
515	89
516	86
517	77
518	74
519	90
520	72
521	91
522	89
523	93
524	81
525	99
526	106
527	90
528	115
529	104
530	101
531	79
532	83
533	94
534	89
535	92
536	86
537	87
538	82
539	85
540	80
541	86
542	82
543	86
544	75
545	88
546	75
547	80
548	81
549	99
550	83
551	75
552	81
553	81
554	65
555	73
556	64
557	86
558	85
559	85
560	70
561	80
562	80
563	73
564	71
565	76
566	80
567	63
568	86
569	86
570	76
571	86
572	81
573	71
574	78
575	74
576	70
577	104
578	100
579	91
580	90
581	88
582	100
583	82
584	88
585	78
586	77
587	97
588	73
589	78
590	96
591	93
592	101
593	88
594	93
595	86
596	81
597	92
598	79
599	79
600	86
601	80
602	96
603	86
604	86
605	91
606	97
607	81
608	104
609	95
610	82
611	99
612	100
613	118
614	108
615	114
616	115
617	91
618	104
619	111
620	95
621	108
622	108
623	100
624	85
625	92
626	83
627	87
628	90
629	89
630	106
631	111
632	126
633	103
634	97
635	113
636	108
637	91
638	87
639	104
640	109
641	101
642	98
643	93
644	103
645	85
646	93
647	124
648	120
649	99
650	102
651	110
652	108
653	101
654	110
655	126
656	97
657	86
658	112
659	98
660	110
661	92
662	103
663	105
664	110
665	114
666	101
667	116
668	109
669	93
670	102
671	96
672	107
673	104
674	103
675	125
676	120
677	120
678	120
679	92
680	94
681	116
682	123
683	103
684	95
685	110
686	84
687	100
688	106
689	109
690	121
691	116
692	133
693	121
694	136
695	117
696	127
697	140
698	137
699	120
700	143
701	124
702	141
703	131
704	117
705	137
706	122
707	109
708	127
709	110
710	126
711	116
712	126
713	120
714	133
715	107
716	107
717	121
718	133
719	115
720	129
721	121
722	111
723	97
724	129
725	136
726	131
727	129
728	136
729	147
730	135
731	127
732	138
733	123
734	137
735	139
736	119
737	134
738	109
739	132
740	127
741	112
742	121
743	128
744	134
745	107
746	117
747	115
748	148
749	152
750	122
751	126
752	130
753	127
754	140
755	153
756	120
757	127
758	127
759	139
760	128
761	117
762	145
763	138
764	158
765	169
766	209
767	201
768	258
769	263
770	296
771	306
772	291
773	302
774	344
775	327
776	306
777	284
778	263
779	238
780	206
781	215
782	181
783	187
784	141
785	161
786	142
787	147
788	127
789	133
790	156
791	136
792	116
793	122
794	132
795	140
796	139
797	136
798	120
799	123
800	137
801	137
802	118
803	130
804	147
805	140
806	116
807	127
808	122
809	131
810	149
811	161
812	148
813	131
814	136
815	168
816	155
817	158
818	137
819	139
820	148
821	128
822	139
823	131
824	115
825	138
826	141
827	145
828	146
829	142
830	137
831	127
832	147
833	140
834	136
835	121
836	125
837	140
838	162
839	137
840	134
841	138
842	151
843	161
844	146
845	152
846	128
847	151
848	140
849	130
850	158
851	148
852	164
853	172
854	164
855	172
856	176
857	172
858	186
859	166
860	205
861	182
862	206
863	224
864	229
865	206
866	214
867	208
868	206
869	200
870	229
871	214
872	225
873	220
874	205
875	224
876	202
877	259
878	230
879	248
880	274
881	282
882	298
883	308
884	311
885	311
886	335
887	365
888	352
889	404
890	439
891	444
892	403
893	452
894	510
895	473
896	515
897	554
898	534
899	536
900	606
901	522
902	561
903	556
904	515
905	527
906	464
907	462
908	462
909	440
910	399
911	422
912	399
913	376
914	363
915	332
916	306
917	324
918	299
919	287
920	242
921	254
922	270
923	224
924	222
925	227
926	214
927	196
928	185
929	177
930	163
931	169
932	207
933	151
934	177
935	156
936	170
937	158
938	170
939	165
940	194
941	176
942	198
943	187
944	239
945	228
946	285
947	312
948	316
949	369
950	365
951	404
952	416
953	439
954	440
955	416
956	388
957	401
958	331
959	329
960	300
961	272
962	226
963	208
964	212
965	178
966	155
967	141
968	133
969	114
970	137
971	133
972	129
973	118
974	138
975	135
976	116
977	121
978	118
979	116
980	131
981	148
982	138
983	129
984	134
985	147
986	130
987	115
988	134
989	125
990	144
991	127
992	147
993	140
994	160
995	159
996	159
997	147
998	157
999	162
1000	173
1001	193
1002	151
1003	177
1004	170
1005	181
1006	178
1007	178
1008	168
1009	158
1010	174
1011	151
1012	152
1013	152
1014	135
1015	139
1016	144
1017	153
1018	138
1019	138
1020	126
1021	131
1022	129
1023	127
1024	114
