Date:	09/05/2018		Time:	01:00		Version no:	0.00		Project name:	55		Sample name:	222		Section name:	section		Position	526.915039	mm	E0	0.000000	keV	E1	1.000000	keV/channel	sample surface	6.111255	cm	Tube anode:	Mo		Tube voltage:	30	kV	Tube current:	50	mA	gain	10		std. database			resultfile	result		matrix element	11		sample thickness	1.000000		air passage	0.560000	cm	comments	in position		peaking_time	2.200000	m-sec	trigger_threshold	547.363281	V	mca_bin_width	22.090000	no:	number_mca_channels	1024.000000	no:	gap_time	0.150000	m-sec	trigger_peaking_time	0.200000	m-sec	GAINDAC	18610		HIGHGAIN	1		TAURC	1		RCTAU	1		RCTAUFRAC	1		livetime	9.372426	seconds	runtime	10.000494	seconds	input_count_rate	26910.534075	cps	output_count_rate	21612.331486	cps	triggers	252217	seconds	events_in_run	216134	seconds	channel	content		1	0
2	0
3	0
4	0
5	0
6	0
7	0
8	0
9	0
10	0
11	0
12	0
13	0
14	0
15	0
16	0
17	0
18	0
19	0
20	0
21	0
22	0
23	0
24	0
25	0
26	0
27	0
28	0
29	0
30	0
31	18
32	14
33	16
34	17
35	18
36	18
37	18
38	10
39	16
40	17
41	16
42	14
43	11
44	13
45	11
46	16
47	12
48	15
49	16
50	16
51	12
52	11
53	16
54	20
55	13
56	6
57	8
58	17
59	13
60	11
61	12
62	14
63	10
64	9
65	13
66	6
67	5
68	7
69	12
70	11
71	7
72	11
73	10
74	17
75	13
76	13
77	7
78	17
79	16
80	17
81	15
82	21
83	13
84	11
85	9
86	12
87	9
88	8
89	6
90	6
91	7
92	9
93	17
94	24
95	27
96	24
97	29
98	31
99	15
100	20
101	13
102	8
103	14
104	10
105	10
106	6
107	9
108	12
109	8
110	5
111	7
112	7
113	6
114	2
115	6
116	10
117	3
118	2
119	5
120	4
121	7
122	3
123	10
124	4
125	5
126	4
127	4
128	6
129	4
130	3
131	6
132	2
133	3
134	10
135	5
136	3
137	1
138	5
139	2
140	4
141	1
142	6
143	3
144	5
145	3
146	3
147	6
148	6
149	4
150	5
151	2
152	5
153	4
154	8
155	7
156	9
157	9
158	8
159	7
160	15
161	28
162	26
163	40
164	19
165	17
166	16
167	9
168	12
169	5
170	3
171	3
172	7
173	10
174	9
175	7
176	6
177	18
178	20
179	25
180	34
181	33
182	35
183	52
184	29
185	21
186	14
187	13
188	5
189	6
190	6
191	5
192	9
193	10
194	12
195	16
196	41
197	76
198	114
199	203
200	289
201	352
202	390
203	426
204	364
205	319
206	238
207	184
208	117
209	71
210	23
211	24
212	10
213	16
214	19
215	19
216	29
217	52
218	57
219	82
220	87
221	60
222	70
223	54
224	42
225	29
226	18
227	7
228	4
229	6
230	5
231	10
232	3
233	5
234	8
235	3
236	4
237	9
238	6
239	12
240	20
241	34
242	54
243	94
244	135
245	155
246	218
247	228
248	232
249	192
250	180
251	150
252	112
253	77
254	54
255	58
256	49
257	45
258	27
259	25
260	23
261	16
262	15
263	17
264	22
265	23
266	26
267	41
268	61
269	55
270	56
271	72
272	50
273	58
274	38
275	40
276	20
277	28
278	14
279	15
280	12
281	9
282	18
283	16
284	9
285	8
286	16
287	14
288	11
289	14
290	21
291	16
292	13
293	19
294	19
295	25
296	18
297	15
298	17
299	14
300	17
301	15
302	14
303	8
304	16
305	21
306	13
307	13
308	11
309	5
310	6
311	18
312	16
313	14
314	9
315	24
316	16
317	42
318	33
319	50
320	51
321	79
322	97
323	94
324	94
325	100
326	72
327	66
328	62
329	52
330	38
331	43
332	27
333	24
334	25
335	34
336	39
337	29
338	63
339	78
340	102
341	228
342	419
343	754
344	1312
345	2134
346	3297
347	4781
348	6163
349	7523
350	8551
351	8671
352	8137
353	7188
354	5804
355	4430
356	2998
357	1872
358	1110
359	610
360	344
361	180
362	106
363	68
364	42
365	38
366	36
367	50
368	48
369	39
370	54
371	50
372	53
373	58
374	73
375	88
376	76
377	108
378	161
379	246
380	330
381	479
382	644
383	899
384	1136
385	1399
386	1433
387	1438
388	1309
389	1176
390	910
391	705
392	497
393	345
394	205
395	127
396	75
397	68
398	35
399	30
400	22
401	33
402	35
403	36
404	34
405	35
406	34
407	48
408	42
409	43
410	46
411	29
412	39
413	34
414	35
415	32
416	24
417	43
418	27
419	21
420	29
421	31
422	44
423	38
424	36
425	45
426	36
427	31
428	34
429	50
430	38
431	45
432	46
433	33
434	50
435	56
436	59
437	65
438	67
439	79
440	94
441	87
442	78
443	87
444	67
445	76
446	90
447	76
448	69
449	64
450	60
451	60
452	68
453	66
454	69
455	83
456	73
457	89
458	91
459	82
460	89
461	77
462	96
463	74
464	78
465	77
466	65
467	58
468	68
469	74
470	60
471	80
472	80
473	66
474	74
475	87
476	78
477	59
478	65
479	67
480	61
481	56
482	59
483	58
484	61
485	48
486	68
487	55
488	81
489	63
490	52
491	62
492	73
493	87
494	69
495	69
496	54
497	64
498	80
499	66
500	70
501	73
502	75
503	78
504	76
505	82
506	82
507	71
508	82
509	83
510	98
511	77
512	87
513	77
514	84
515	85
516	77
517	92
518	74
519	96
520	104
521	104
522	103
523	87
524	100
525	92
526	102
527	97
528	101
529	104
530	126
531	103
532	119
533	90
534	109
535	94
536	86
537	85
538	94
539	87
540	88
541	99
542	95
543	98
544	85
545	88
546	98
547	91
548	83
549	106
550	96
551	90
552	76
553	79
554	86
555	71
556	86
557	82
558	59
559	81
560	100
561	111
562	78
563	80
564	75
565	88
566	96
567	88
568	107
569	76
570	80
571	103
572	67
573	85
574	105
575	118
576	98
577	91
578	76
579	93
580	88
581	87
582	95
583	90
584	96
585	102
586	105
587	90
588	100
589	98
590	101
591	105
592	109
593	96
594	102
595	109
596	112
597	103
598	83
599	102
600	106
601	94
602	101
603	95
604	104
605	113
606	109
607	126
608	95
609	100
610	109
611	103
612	97
613	119
614	104
615	113
616	116
617	122
618	127
619	108
620	107
621	89
622	122
623	110
624	128
625	107
626	122
627	111
628	109
629	95
630	107
631	135
632	108
633	122
634	129
635	109
636	107
637	98
638	117
639	100
640	126
641	111
642	126
643	133
644	106
645	99
646	104
647	110
648	100
649	136
650	111
651	117
652	116
653	120
654	124
655	114
656	129
657	120
658	109
659	134
660	134
661	119
662	121
663	124
664	137
665	138
666	134
667	129
668	100
669	119
670	123
671	140
672	114
673	128
674	135
675	108
676	115
677	138
678	120
679	121
680	124
681	128
682	108
683	142
684	121
685	136
686	133
687	139
688	132
689	136
690	112
691	142
692	132
693	124
694	106
695	131
696	131
697	157
698	129
699	141
700	124
701	147
702	147
703	137
704	144
705	141
706	151
707	135
708	153
709	131
710	142
711	140
712	129
713	139
714	128
715	127
716	127
717	131
718	138
719	115
720	160
721	155
722	137
723	134
724	148
725	97
726	137
727	159
728	143
729	127
730	155
731	146
732	153
733	135
734	159
735	162
736	165
737	146
738	135
739	123
740	134
741	161
742	151
743	160
744	142
745	142
746	150
747	147
748	150
749	152
750	145
751	140
752	148
753	139
754	136
755	153
756	168
757	145
758	160
759	150
760	137
761	159
762	158
763	148
764	209
765	189
766	203
767	216
768	273
769	304
770	297
771	332
772	349
773	335
774	349
775	311
776	327
777	313
778	256
779	247
780	251
781	212
782	213
783	200
784	156
785	151
786	147
787	166
788	129
789	149
790	147
791	151
792	147
793	140
794	162
795	137
796	147
797	142
798	159
799	133
800	141
801	144
802	149
803	151
804	143
805	164
806	142
807	156
808	120
809	144
810	162
811	148
812	169
813	184
814	162
815	149
816	154
817	173
818	182
819	163
820	169
821	160
822	154
823	176
824	160
825	161
826	154
827	150
828	164
829	189
830	131
831	151
832	161
833	141
834	151
835	171
836	143
837	142
838	167
839	170
840	170
841	172
842	148
843	162
844	163
845	143
846	159
847	166
848	177
849	168
850	185
851	170
852	177
853	169
854	203
855	179
856	185
857	188
858	178
859	237
860	228
861	227
862	209
863	222
864	195
865	246
866	249
867	213
868	249
869	243
870	228
871	239
872	216
873	221
874	230
875	229
876	285
877	268
878	264
879	260
880	297
881	316
882	307
883	318
884	350
885	342
886	412
887	400
888	440
889	458
890	483
891	461
892	534
893	534
894	527
895	548
896	572
897	580
898	602
899	585
900	602
901	594
902	611
903	613
904	577
905	563
906	562
907	547
908	534
909	498
910	448
911	462
912	445
913	452
914	411
915	380
916	411
917	392
918	336
919	294
920	297
921	302
922	304
923	231
924	242
925	229
926	226
927	230
928	216
929	211
930	193
931	200
932	182
933	177
934	150
935	154
936	182
937	170
938	191
939	166
940	179
941	188
942	220
943	252
944	297
945	290
946	305
947	324
948	356
949	337
950	408
951	405
952	404
953	466
954	465
955	429
956	437
957	409
958	348
959	320
960	336
961	283
962	260
963	236
964	204
965	173
966	151
967	147
968	153
969	157
970	115
971	127
972	173
973	137
974	144
975	150
976	141
977	136
978	144
979	122
980	118
981	141
982	165
983	118
984	150
985	138
986	154
987	131
988	162
989	162
990	167
991	167
992	149
993	166
994	157
995	201
996	174
997	175
998	189
999	174
1000	176
1001	207
1002	195
1003	188
1004	195
1005	202
1006	183
1007	183
1008	192
1009	165
1010	170
1011	190
1012	176
1013	165
1014	179
1015	157
1016	146
1017	174
1018	150
1019	145
1020	144
1021	145
1022	130
1023	128
1024	130
