Date:	09/05/2018		Time:	00:03		Version no:	0.00		Project name:	55		Sample name:	222		Section name:	section		Position	466.715027	mm	E0	0.000000	keV	E1	1.000000	keV/channel	sample surface	6.474373	cm	Tube anode:	Mo		Tube voltage:	30	kV	Tube current:	50	mA	gain	10		std. database			resultfile	result		matrix element	11		sample thickness	1.000000		air passage	0.560000	cm	comments	in position		peaking_time	2.200000	m-sec	trigger_threshold	547.363281	V	mca_bin_width	22.090000	no:	number_mca_channels	1024.000000	no:	gap_time	0.150000	m-sec	trigger_peaking_time	0.200000	m-sec	GAINDAC	18610		HIGHGAIN	1		TAURC	1		RCTAU	1		RCTAUFRAC	1		livetime	9.421274	seconds	runtime	10.000499	seconds	input_count_rate	26327.117699	cps	output_count_rate	21334.634975	cps	triggers	248035	seconds	events_in_run	213357	seconds	channel	content		1	0
2	0
3	0
4	0
5	0
6	0
7	0
8	0
9	0
10	0
11	0
12	0
13	0
14	0
15	0
16	0
17	0
18	0
19	0
20	0
21	0
22	0
23	0
24	0
25	0
26	0
27	0
28	0
29	0
30	0
31	11
32	12
33	12
34	13
35	11
36	20
37	7
38	8
39	9
40	5
41	9
42	16
43	10
44	9
45	11
46	17
47	11
48	9
49	12
50	11
51	14
52	6
53	17
54	10
55	10
56	13
57	6
58	15
59	8
60	7
61	10
62	10
63	3
64	11
65	6
66	9
67	7
68	2
69	8
70	9
71	9
72	5
73	14
74	4
75	7
76	5
77	4
78	10
79	12
80	7
81	20
82	18
83	13
84	9
85	10
86	14
87	7
88	10
89	8
90	0
91	5
92	11
93	12
94	17
95	14
96	19
97	23
98	24
99	14
100	18
101	11
102	8
103	7
104	2
105	6
106	8
107	11
108	11
109	8
110	9
111	5
112	9
113	6
114	2
115	6
116	2
117	6
118	8
119	8
120	4
121	3
122	6
123	3
124	1
125	6
126	7
127	8
128	1
129	4
130	3
131	3
132	4
133	4
134	0
135	5
136	4
137	5
138	4
139	2
140	3
141	2
142	2
143	2
144	3
145	6
146	6
147	3
148	3
149	3
150	3
151	8
152	3
153	6
154	8
155	3
156	5
157	4
158	10
159	11
160	16
161	16
162	20
163	23
164	27
165	22
166	19
167	9
168	4
169	4
170	4
171	9
172	3
173	1
174	11
175	12
176	17
177	15
178	19
179	21
180	25
181	33
182	44
183	43
184	35
185	34
186	19
187	10
188	9
189	7
190	9
191	6
192	11
193	5
194	13
195	15
196	26
197	43
198	114
199	170
200	262
201	313
202	358
203	392
204	352
205	270
206	225
207	149
208	93
209	50
210	32
211	18
212	8
213	7
214	6
215	19
216	24
217	55
218	50
219	62
220	76
221	52
222	56
223	63
224	38
225	19
226	20
227	11
228	9
229	7
230	8
231	2
232	4
233	2
234	2
235	1
236	4
237	4
238	6
239	13
240	18
241	26
242	51
243	80
244	100
245	137
246	175
247	209
248	205
249	179
250	151
251	145
252	109
253	94
254	74
255	63
256	50
257	60
258	32
259	25
260	21
261	18
262	15
263	17
264	16
265	17
266	30
267	43
268	60
269	59
270	51
271	53
272	50
273	41
274	39
275	38
276	31
277	28
278	21
279	10
280	6
281	11
282	9
283	12
284	10
285	14
286	10
287	23
288	14
289	26
290	18
291	15
292	22
293	19
294	24
295	19
296	16
297	18
298	16
299	27
300	21
301	24
302	14
303	19
304	12
305	15
306	11
307	13
308	16
309	13
310	12
311	15
312	9
313	11
314	25
315	24
316	31
317	49
318	79
319	75
320	103
321	123
322	148
323	166
324	142
325	141
326	127
327	108
328	75
329	51
330	46
331	44
332	43
333	28
334	25
335	39
336	39
337	44
338	56
339	100
340	125
341	263
342	472
343	870
344	1644
345	2568
346	4044
347	5776
348	7650
349	9292
350	10325
351	10496
352	10179
353	8889
354	7074
355	5236
356	3636
357	2320
358	1432
359	729
360	419
361	224
362	95
363	67
364	56
365	57
366	37
367	42
368	60
369	47
370	51
371	59
372	62
373	59
374	63
375	98
376	108
377	140
378	178
379	296
380	411
381	545
382	805
383	1135
384	1346
385	1598
386	1759
387	1711
388	1587
389	1459
390	1172
391	928
392	623
393	426
394	242
395	169
396	90
397	48
398	31
399	32
400	39
401	30
402	24
403	28
404	29
405	29
406	39
407	29
408	39
409	32
410	36
411	39
412	39
413	19
414	26
415	31
416	30
417	29
418	26
419	24
420	28
421	27
422	30
423	28
424	26
425	38
426	22
427	21
428	26
429	31
430	41
431	30
432	38
433	41
434	47
435	41
436	52
437	59
438	86
439	73
440	69
441	78
442	81
443	58
444	57
445	81
446	57
447	65
448	62
449	67
450	56
451	55
452	48
453	68
454	59
455	59
456	80
457	84
458	72
459	62
460	91
461	91
462	75
463	65
464	57
465	70
466	57
467	59
468	57
469	55
470	52
471	69
472	75
473	83
474	67
475	72
476	48
477	53
478	69
479	53
480	65
481	49
482	40
483	62
484	54
485	43
486	54
487	52
488	53
489	70
490	54
491	59
492	44
493	56
494	61
495	69
496	51
497	54
498	46
499	57
500	60
501	51
502	63
503	56
504	66
505	76
506	87
507	76
508	89
509	80
510	64
511	70
512	72
513	52
514	67
515	67
516	68
517	60
518	66
519	71
520	84
521	81
522	73
523	80
524	79
525	89
526	82
527	91
528	96
529	106
530	87
531	94
532	82
533	72
534	75
535	66
536	64
537	86
538	66
539	62
540	58
541	88
542	72
543	72
544	74
545	73
546	78
547	96
548	67
549	73
550	70
551	55
552	76
553	65
554	60
555	60
556	58
557	67
558	77
559	62
560	77
561	76
562	81
563	62
564	56
565	91
566	65
567	72
568	78
569	62
570	82
571	79
572	69
573	75
574	71
575	79
576	73
577	87
578	72
579	53
580	73
581	70
582	65
583	74
584	70
585	82
586	68
587	87
588	90
589	66
590	84
591	69
592	86
593	84
594	78
595	78
596	79
597	86
598	94
599	74
600	72
601	85
602	92
603	77
604	89
605	84
606	85
607	82
608	102
609	88
610	84
611	84
612	93
613	98
614	78
615	93
616	98
617	91
618	105
619	75
620	81
621	82
622	84
623	85
624	80
625	84
626	86
627	82
628	85
629	90
630	104
631	95
632	91
633	109
634	89
635	89
636	89
637	84
638	98
639	83
640	84
641	99
642	86
643	97
644	94
645	74
646	87
647	96
648	83
649	89
650	101
651	78
652	71
653	77
654	87
655	95
656	84
657	80
658	98
659	95
660	107
661	89
662	100
663	95
664	96
665	84
666	82
667	116
668	88
669	88
670	84
671	90
672	101
673	105
674	98
675	93
676	110
677	102
678	106
679	111
680	82
681	116
682	83
683	86
684	88
685	90
686	109
687	96
688	91
689	90
690	121
691	93
692	95
693	106
694	103
695	113
696	108
697	108
698	102
699	108
700	124
701	109
702	122
703	107
704	105
705	96
706	126
707	104
708	111
709	120
710	102
711	99
712	114
713	99
714	123
715	102
716	106
717	99
718	106
719	97
720	100
721	95
722	99
723	109
724	104
725	104
726	108
727	91
728	128
729	109
730	113
731	117
732	111
733	119
734	134
735	112
736	116
737	114
738	109
739	115
740	121
741	103
742	115
743	125
744	117
745	107
746	108
747	135
748	105
749	110
750	111
751	112
752	108
753	111
754	113
755	119
756	102
757	110
758	117
759	125
760	126
761	142
762	123
763	144
764	158
765	186
766	201
767	215
768	245
769	229
770	272
771	279
772	326
773	372
774	359
775	325
776	317
777	276
778	250
779	228
780	202
781	169
782	144
783	154
784	142
785	142
786	116
787	112
788	122
789	123
790	111
791	121
792	121
793	121
794	112
795	124
796	127
797	118
798	127
799	96
800	106
801	104
802	104
803	119
804	129
805	121
806	103
807	112
808	125
809	118
810	115
811	134
812	114
813	136
814	148
815	118
816	133
817	117
818	112
819	142
820	117
821	128
822	126
823	123
824	129
825	102
826	124
827	124
828	117
829	121
830	101
831	102
832	125
833	140
834	105
835	129
836	112
837	112
838	104
839	107
840	141
841	120
842	116
843	129
844	128
845	146
846	123
847	143
848	122
849	138
850	146
851	160
852	144
853	135
854	150
855	147
856	135
857	150
858	167
859	174
860	177
861	149
862	205
863	177
864	172
865	202
866	192
867	188
868	196
869	164
870	175
871	192
872	179
873	193
874	200
875	203
876	200
877	183
878	185
879	222
880	222
881	258
882	232
883	269
884	270
885	284
886	288
887	300
888	323
889	371
890	337
891	333
892	359
893	391
894	387
895	437
896	417
897	412
898	446
899	419
900	434
901	448
902	408
903	444
904	464
905	450
906	418
907	423
908	424
909	401
910	380
911	344
912	330
913	313
914	312
915	304
916	284
917	264
918	262
919	254
920	218
921	223
922	234
923	188
924	186
925	179
926	161
927	153
928	187
929	158
930	168
931	157
932	187
933	157
934	112
935	132
936	153
937	137
938	149
939	127
940	136
941	149
942	173
943	184
944	189
945	208
946	215
947	272
948	314
949	306
950	357
951	359
952	381
953	396
954	417
955	400
956	343
957	414
958	359
959	281
960	262
961	251
962	217
963	188
964	181
965	147
966	138
967	136
968	128
969	125
970	116
971	110
972	116
973	124
974	105
975	125
976	97
977	98
978	107
979	104
980	121
981	84
982	132
983	117
984	110
985	112
986	114
987	116
988	98
989	118
990	124
991	132
992	120
993	139
994	150
995	104
996	142
997	137
998	132
999	134
1000	123
1001	152
1002	147
1003	151
1004	133
1005	159
1006	172
1007	124
1008	150
1009	148
1010	120
1011	148
1012	137
1013	147
1014	128
1015	129
1016	134
1017	111
1018	99
1019	114
1020	112
1021	109
1022	93
1023	104
1024	114
