Date:	09/05/2018		Time:	00:32		Version no:	0.00		Project name:	55		Sample name:	222		Section name:	section		Position	497.315033	mm	E0	0.000000	keV	E1	1.000000	keV/channel	sample surface	6.395582	cm	Tube anode:	Mo		Tube voltage:	30	kV	Tube current:	50	mA	gain	10		std. database			resultfile	result		matrix element	11		sample thickness	1.000000		air passage	0.560000	cm	comments	in position		peaking_time	2.200000	m-sec	trigger_threshold	547.363281	V	mca_bin_width	22.090000	no:	number_mca_channels	1024.000000	no:	gap_time	0.150000	m-sec	trigger_peaking_time	0.200000	m-sec	GAINDAC	18610		HIGHGAIN	1		TAURC	1		RCTAU	1		RCTAUFRAC	1		livetime	9.332171	seconds	runtime	10.000495	seconds	input_count_rate	29416.091295	cps	output_count_rate	23233.049499	cps	triggers	274516	seconds	events_in_run	232342	seconds	channel	content		1	0
2	0
3	0
4	0
5	0
6	0
7	0
8	0
9	0
10	0
11	0
12	0
13	0
14	0
15	0
16	0
17	0
18	0
19	0
20	0
21	0
22	0
23	0
24	0
25	0
26	0
27	0
28	0
29	0
30	0
31	21
32	11
33	19
34	15
35	19
36	19
37	13
38	13
39	12
40	15
41	18
42	11
43	12
44	20
45	18
46	15
47	16
48	21
49	13
50	15
51	21
52	17
53	17
54	6
55	6
56	12
57	9
58	20
59	17
60	10
61	13
62	7
63	11
64	7
65	12
66	9
67	10
68	10
69	17
70	6
71	11
72	9
73	6
74	4
75	9
76	10
77	12
78	9
79	11
80	13
81	13
82	13
83	14
84	12
85	10
86	14
87	6
88	6
89	10
90	8
91	9
92	17
93	22
94	25
95	43
96	43
97	41
98	34
99	22
100	18
101	7
102	13
103	7
104	7
105	6
106	8
107	12
108	12
109	14
110	7
111	7
112	11
113	6
114	7
115	3
116	6
117	6
118	6
119	7
120	6
121	7
122	3
123	8
124	10
125	7
126	8
127	6
128	6
129	8
130	7
131	7
132	4
133	4
134	5
135	4
136	4
137	3
138	2
139	4
140	1
141	3
142	7
143	3
144	7
145	0
146	2
147	8
148	4
149	3
150	8
151	10
152	5
153	5
154	6
155	5
156	3
157	3
158	6
159	11
160	17
161	14
162	25
163	26
164	8
165	15
166	14
167	6
168	14
169	8
170	5
171	11
172	4
173	10
174	8
175	6
176	11
177	17
178	19
179	27
180	37
181	57
182	57
183	43
184	43
185	28
186	30
187	16
188	15
189	8
190	7
191	10
192	2
193	8
194	12
195	19
196	37
197	73
198	132
199	214
200	277
201	428
202	491
203	493
204	492
205	418
206	304
207	213
208	130
209	59
210	31
211	20
212	10
213	8
214	20
215	27
216	42
217	45
218	64
219	77
220	85
221	66
222	79
223	61
224	50
225	45
226	18
227	13
228	5
229	9
230	3
231	3
232	4
233	10
234	5
235	3
236	7
237	4
238	8
239	10
240	22
241	38
242	67
243	96
244	140
245	231
246	276
247	254
248	258
249	262
250	237
251	180
252	130
253	88
254	82
255	56
256	62
257	42
258	38
259	16
260	30
261	16
262	21
263	14
264	23
265	28
266	33
267	38
268	52
269	54
270	67
271	74
272	53
273	59
274	51
275	45
276	24
277	18
278	13
279	15
280	16
281	14
282	21
283	12
284	14
285	21
286	9
287	23
288	13
289	20
290	22
291	16
292	31
293	10
294	24
295	20
296	11
297	21
298	22
299	20
300	33
301	14
302	16
303	12
304	12
305	15
306	21
307	14
308	20
309	18
310	14
311	21
312	18
313	20
314	22
315	20
316	31
317	38
318	49
319	60
320	94
321	100
322	139
323	145
324	162
325	136
326	106
327	76
328	63
329	60
330	41
331	36
332	31
333	47
334	28
335	30
336	42
337	48
338	59
339	94
340	135
341	242
342	494
343	879
344	1587
345	2531
346	3861
347	5577
348	7311
349	8745
350	9968
351	10392
352	9605
353	8387
354	6705
355	4990
356	3433
357	2246
358	1347
359	776
360	391
361	202
362	135
363	73
364	53
365	55
366	59
367	55
368	44
369	49
370	49
371	55
372	54
373	57
374	68
375	67
376	98
377	148
378	189
379	250
380	405
381	601
382	787
383	993
384	1285
385	1524
386	1612
387	1667
388	1621
389	1343
390	1085
391	768
392	593
393	394
394	250
395	131
396	92
397	66
398	43
399	29
400	31
401	32
402	37
403	34
404	38
405	45
406	37
407	35
408	42
409	44
410	45
411	42
412	35
413	37
414	29
415	40
416	36
417	43
418	36
419	38
420	36
421	28
422	36
423	32
424	35
425	43
426	38
427	38
428	38
429	43
430	38
431	47
432	45
433	48
434	43
435	46
436	63
437	83
438	69
439	78
440	98
441	80
442	76
443	81
444	78
445	75
446	73
447	93
448	68
449	71
450	55
451	80
452	55
453	61
454	67
455	84
456	82
457	68
458	92
459	93
460	93
461	94
462	79
463	73
464	83
465	74
466	86
467	67
468	67
469	78
470	80
471	75
472	74
473	72
474	97
475	86
476	66
477	77
478	84
479	68
480	50
481	56
482	79
483	65
484	58
485	56
486	60
487	67
488	64
489	69
490	63
491	56
492	57
493	61
494	73
495	57
496	58
497	66
498	62
499	57
500	76
501	75
502	87
503	68
504	79
505	84
506	97
507	92
508	88
509	90
510	75
511	89
512	89
513	73
514	91
515	78
516	94
517	91
518	93
519	88
520	99
521	97
522	93
523	106
524	108
525	117
526	107
527	114
528	120
529	124
530	120
531	128
532	115
533	106
534	115
535	100
536	84
537	107
538	84
539	100
540	85
541	110
542	96
543	91
544	82
545	99
546	98
547	78
548	99
549	83
550	97
551	91
552	81
553	63
554	106
555	81
556	86
557	91
558	96
559	84
560	80
561	96
562	71
563	83
564	63
565	66
566	81
567	91
568	68
569	97
570	70
571	109
572	94
573	91
574	103
575	87
576	106
577	108
578	100
579	99
580	105
581	85
582	89
583	103
584	76
585	92
586	89
587	98
588	88
589	102
590	91
591	114
592	95
593	106
594	110
595	114
596	109
597	101
598	99
599	97
600	98
601	92
602	91
603	94
604	107
605	84
606	103
607	108
608	120
609	107
610	118
611	100
612	93
613	114
614	103
615	103
616	110
617	104
618	110
619	107
620	105
621	113
622	111
623	118
624	116
625	100
626	83
627	108
628	94
629	105
630	131
631	116
632	113
633	118
634	116
635	122
636	105
637	105
638	106
639	112
640	106
641	103
642	111
643	112
644	128
645	122
646	120
647	114
648	127
649	128
650	147
651	133
652	103
653	109
654	116
655	125
656	121
657	127
658	101
659	127
660	110
661	123
662	106
663	110
664	100
665	117
666	121
667	118
668	106
669	126
670	117
671	115
672	122
673	123
674	127
675	125
676	119
677	134
678	109
679	133
680	133
681	115
682	124
683	128
684	133
685	117
686	112
687	126
688	105
689	126
690	140
691	113
692	123
693	117
694	132
695	127
696	115
697	141
698	117
699	145
700	146
701	114
702	158
703	155
704	127
705	122
706	127
707	144
708	145
709	118
710	115
711	131
712	111
713	141
714	151
715	125
716	117
717	113
718	119
719	142
720	149
721	142
722	118
723	101
724	116
725	132
726	153
727	133
728	143
729	142
730	143
731	136
732	149
733	163
734	163
735	166
736	152
737	159
738	134
739	144
740	148
741	115
742	158
743	137
744	136
745	141
746	140
747	134
748	135
749	126
750	130
751	152
752	125
753	148
754	147
755	159
756	135
757	156
758	160
759	160
760	146
761	167
762	151
763	176
764	175
765	219
766	223
767	239
768	277
769	285
770	310
771	349
772	366
773	396
774	380
775	337
776	336
777	326
778	280
779	283
780	212
781	245
782	184
783	174
784	168
785	150
786	161
787	142
788	171
789	132
790	141
791	153
792	151
793	162
794	131
795	152
796	145
797	139
798	137
799	149
800	129
801	157
802	153
803	153
804	152
805	158
806	125
807	158
808	139
809	142
810	111
811	157
812	152
813	124
814	147
815	147
816	152
817	144
818	162
819	156
820	161
821	167
822	133
823	137
824	134
825	153
826	157
827	145
828	150
829	149
830	156
831	149
832	164
833	150
834	164
835	153
836	145
837	176
838	155
839	181
840	182
841	150
842	162
843	152
844	159
845	166
846	182
847	145
848	174
849	163
850	170
851	174
852	172
853	193
854	155
855	193
856	199
857	187
858	214
859	190
860	219
861	219
862	243
863	224
864	251
865	237
866	240
867	240
868	238
869	231
870	215
871	240
872	254
873	229
874	212
875	235
876	239
877	266
878	252
879	268
880	287
881	284
882	327
883	334
884	324
885	332
886	371
887	372
888	414
889	465
890	443
891	494
892	465
893	522
894	539
895	489
896	521
897	584
898	590
899	579
900	562
901	605
902	560
903	588
904	595
905	538
906	566
907	561
908	503
909	494
910	485
911	467
912	424
913	447
914	372
915	385
916	409
917	367
918	343
919	317
920	271
921	294
922	285
923	268
924	241
925	266
926	219
927	219
928	217
929	187
930	213
931	187
932	178
933	169
934	185
935	189
936	182
937	182
938	168
939	191
940	181
941	178
942	216
943	211
944	248
945	228
946	278
947	328
948	356
949	398
950	400
951	403
952	447
953	439
954	453
955	437
956	406
957	370
958	372
959	349
960	313
961	257
962	246
963	218
964	194
965	173
966	168
967	150
968	142
969	136
970	138
971	136
972	131
973	135
974	144
975	139
976	127
977	126
978	135
979	146
980	151
981	132
982	135
983	140
984	158
985	145
986	146
987	131
988	142
989	150
990	142
991	166
992	155
993	162
994	133
995	182
996	185
997	189
998	183
999	174
1000	170
1001	176
1002	177
1003	196
1004	192
1005	184
1006	198
1007	180
1008	199
1009	190
1010	167
1011	169
1012	191
1013	156
1014	166
1015	156
1016	183
1017	147
1018	164
1019	150
1020	151
1021	130
1022	124
1023	138
1024	117
