Date:	09/05/2018		Time:	00:35		Version no:	0.00		Project name:	55		Sample name:	222		Section name:	section		Position	500.915039	mm	E0	0.000000	keV	E1	1.000000	keV/channel	sample surface	6.380139	cm	Tube anode:	Mo		Tube voltage:	30	kV	Tube current:	50	mA	gain	10		std. database			resultfile	result		matrix element	11		sample thickness	1.000000		air passage	0.560000	cm	comments	in position		peaking_time	2.200000	m-sec	trigger_threshold	547.363281	V	mca_bin_width	22.090000	no:	number_mca_channels	1024.000000	no:	gap_time	0.150000	m-sec	trigger_peaking_time	0.200000	m-sec	GAINDAC	18610		HIGHGAIN	1		TAURC	1		RCTAU	1		RCTAUFRAC	1		livetime	9.357616	seconds	runtime	10.000495	seconds	input_count_rate	27626.801527	cps	output_count_rate	22058.107683	cps	triggers	258521	seconds	events_in_run	220592	seconds	channel	content		1	0
2	0
3	0
4	0
5	0
6	0
7	0
8	0
9	0
10	0
11	0
12	0
13	0
14	0
15	0
16	0
17	0
18	0
19	0
20	0
21	0
22	0
23	0
24	0
25	0
26	0
27	0
28	0
29	0
30	0
31	15
32	17
33	14
34	12
35	17
36	18
37	17
38	15
39	22
40	19
41	13
42	16
43	17
44	18
45	7
46	10
47	12
48	19
49	11
50	12
51	11
52	15
53	12
54	14
55	16
56	10
57	18
58	9
59	9
60	14
61	8
62	10
63	9
64	8
65	9
66	17
67	6
68	10
69	7
70	9
71	13
72	8
73	8
74	13
75	7
76	6
77	10
78	20
79	12
80	17
81	13
82	21
83	17
84	9
85	13
86	6
87	16
88	8
89	9
90	10
91	7
92	4
93	24
94	19
95	22
96	30
97	33
98	20
99	24
100	15
101	15
102	8
103	8
104	11
105	5
106	9
107	7
108	6
109	6
110	10
111	5
112	8
113	6
114	2
115	10
116	5
117	5
118	3
119	4
120	4
121	4
122	8
123	5
124	7
125	6
126	7
127	13
128	8
129	4
130	7
131	4
132	2
133	3
134	5
135	8
136	3
137	1
138	0
139	5
140	4
141	2
142	2
143	8
144	3
145	6
146	4
147	3
148	4
149	5
150	5
151	6
152	9
153	3
154	3
155	5
156	12
157	11
158	6
159	16
160	19
161	21
162	26
163	29
164	27
165	29
166	24
167	8
168	12
169	11
170	1
171	3
172	5
173	7
174	11
175	3
176	13
177	14
178	22
179	37
180	40
181	55
182	52
183	42
184	44
185	25
186	28
187	13
188	12
189	3
190	3
191	7
192	4
193	9
194	13
195	11
196	45
197	70
198	116
199	209
200	287
201	366
202	485
203	474
204	446
205	370
206	282
207	184
208	120
209	59
210	32
211	22
212	9
213	15
214	13
215	19
216	23
217	53
218	61
219	83
220	81
221	65
222	69
223	77
224	44
225	28
226	17
227	10
228	19
229	6
230	6
231	7
232	4
233	5
234	3
235	4
236	4
237	7
238	7
239	9
240	18
241	36
242	34
243	72
244	120
245	175
246	208
247	247
248	233
249	217
250	181
251	166
252	111
253	66
254	65
255	50
256	48
257	44
258	34
259	28
260	18
261	11
262	12
263	21
264	12
265	23
266	26
267	30
268	30
269	59
270	54
271	59
272	70
273	49
274	39
275	35
276	29
277	20
278	18
279	13
280	18
281	14
282	16
283	8
284	20
285	8
286	17
287	18
288	17
289	14
290	17
291	18
292	20
293	23
294	21
295	19
296	19
297	19
298	27
299	25
300	25
301	22
302	16
303	15
304	22
305	21
306	13
307	15
308	10
309	14
310	19
311	18
312	11
313	8
314	18
315	20
316	26
317	36
318	43
319	69
320	77
321	95
322	136
323	104
324	114
325	133
326	96
327	87
328	81
329	44
330	39
331	35
332	25
333	32
334	29
335	31
336	35
337	38
338	57
339	75
340	108
341	205
342	384
343	763
344	1331
345	2276
346	3422
347	4909
348	6556
349	7793
350	8823
351	8975
352	8569
353	7497
354	6179
355	4661
356	3110
357	2008
358	1152
359	690
360	352
361	209
362	114
363	68
364	64
365	55
366	50
367	31
368	51
369	45
370	51
371	42
372	65
373	58
374	76
375	83
376	84
377	132
378	170
379	254
380	345
381	537
382	726
383	903
384	1120
385	1387
386	1478
387	1522
388	1430
389	1276
390	986
391	772
392	543
393	354
394	222
395	144
396	111
397	59
398	42
399	30
400	38
401	28
402	38
403	38
404	50
405	34
406	43
407	39
408	33
409	38
410	42
411	39
412	36
413	33
414	41
415	43
416	34
417	26
418	46
419	40
420	35
421	33
422	32
423	35
424	34
425	33
426	33
427	37
428	45
429	40
430	40
431	47
432	41
433	53
434	34
435	58
436	51
437	63
438	81
439	84
440	88
441	93
442	70
443	91
444	90
445	85
446	72
447	64
448	76
449	59
450	73
451	68
452	63
453	85
454	95
455	92
456	86
457	82
458	106
459	91
460	89
461	94
462	100
463	77
464	97
465	68
466	77
467	70
468	78
469	83
470	83
471	89
472	99
473	74
474	92
475	77
476	70
477	66
478	64
479	65
480	54
481	62
482	57
483	58
484	58
485	64
486	65
487	70
488	81
489	67
490	67
491	65
492	76
493	78
494	62
495	67
496	67
497	54
498	69
499	71
500	71
501	66
502	91
503	71
504	80
505	79
506	66
507	89
508	85
509	92
510	75
511	91
512	76
513	91
514	81
515	97
516	74
517	80
518	89
519	81
520	104
521	90
522	104
523	92
524	92
525	104
526	97
527	121
528	89
529	103
530	132
531	112
532	99
533	104
534	119
535	103
536	108
537	91
538	78
539	82
540	84
541	96
542	103
543	81
544	86
545	111
546	87
547	81
548	89
549	86
550	70
551	78
552	79
553	69
554	90
555	83
556	83
557	83
558	85
559	78
560	82
561	91
562	71
563	86
564	82
565	100
566	94
567	75
568	72
569	93
570	82
571	78
572	83
573	81
574	86
575	106
576	90
577	114
578	92
579	92
580	116
581	100
582	81
583	101
584	107
585	89
586	88
587	83
588	102
589	110
590	104
591	100
592	104
593	83
594	97
595	106
596	97
597	109
598	90
599	107
600	92
601	101
602	87
603	85
604	101
605	98
606	91
607	101
608	95
609	92
610	111
611	110
612	103
613	110
614	89
615	120
616	111
617	107
618	124
619	118
620	113
621	102
622	140
623	97
624	92
625	96
626	114
627	107
628	106
629	93
630	112
631	104
632	114
633	101
634	100
635	106
636	98
637	105
638	123
639	106
640	109
641	107
642	100
643	136
644	113
645	119
646	103
647	99
648	117
649	94
650	132
651	137
652	128
653	98
654	145
655	122
656	114
657	128
658	120
659	113
660	99
661	117
662	116
663	111
664	125
665	127
666	116
667	115
668	126
669	121
670	116
671	137
672	128
673	114
674	123
675	122
676	115
677	104
678	101
679	124
680	121
681	119
682	105
683	127
684	130
685	93
686	125
687	118
688	105
689	127
690	138
691	122
692	111
693	109
694	122
695	143
696	114
697	130
698	101
699	140
700	142
701	136
702	116
703	147
704	148
705	130
706	143
707	142
708	131
709	139
710	132
711	112
712	131
713	136
714	130
715	122
716	124
717	146
718	132
719	126
720	123
721	132
722	137
723	134
724	140
725	145
726	136
727	122
728	128
729	118
730	138
731	166
732	133
733	129
734	136
735	152
736	134
737	152
738	144
739	126
740	133
741	140
742	149
743	144
744	137
745	155
746	131
747	127
748	130
749	137
750	135
751	154
752	121
753	144
754	150
755	130
756	163
757	166
758	161
759	162
760	160
761	157
762	166
763	190
764	170
765	213
766	232
767	229
768	289
769	289
770	334
771	369
772	367
773	392
774	393
775	363
776	355
777	353
778	311
779	264
780	228
781	245
782	229
783	177
784	162
785	181
786	156
787	136
788	168
789	144
790	141
791	152
792	143
793	144
794	145
795	130
796	158
797	155
798	135
799	141
800	155
801	136
802	139
803	143
804	135
805	149
806	153
807	140
808	144
809	144
810	145
811	132
812	152
813	146
814	147
815	143
816	135
817	149
818	154
819	154
820	158
821	154
822	155
823	152
824	145
825	145
826	146
827	149
828	159
829	132
830	132
831	166
832	170
833	142
834	147
835	152
836	152
837	130
838	139
839	137
840	167
841	167
842	164
843	163
844	149
845	178
846	159
847	158
848	165
849	183
850	162
851	154
852	154
853	184
854	186
855	185
856	198
857	206
858	203
859	183
860	209
861	237
862	217
863	235
864	244
865	234
866	242
867	246
868	230
869	230
870	253
871	227
872	231
873	246
874	243
875	249
876	219
877	250
878	288
879	274
880	309
881	315
882	284
883	310
884	325
885	360
886	332
887	385
888	415
889	395
890	450
891	467
892	519
893	512
894	501
895	519
896	566
897	588
898	571
899	598
900	563
901	558
902	638
903	589
904	555
905	513
906	520
907	565
908	554
909	486
910	505
911	464
912	398
913	425
914	439
915	357
916	353
917	340
918	315
919	303
920	284
921	279
922	278
923	233
924	249
925	235
926	226
927	199
928	210
929	200
930	185
931	216
932	197
933	205
934	192
935	197
936	174
937	199
938	178
939	202
940	191
941	196
942	238
943	194
944	238
945	260
946	295
947	297
948	337
949	384
950	427
951	414
952	497
953	465
954	452
955	449
956	438
957	408
958	386
959	333
960	348
961	290
962	244
963	207
964	186
965	190
966	163
967	159
968	150
969	158
970	140
971	147
972	141
973	123
974	150
975	102
976	146
977	139
978	159
979	149
980	168
981	131
982	141
983	125
984	156
985	152
986	138
987	159
988	151
989	147
990	147
991	163
992	164
993	183
994	164
995	171
996	188
997	197
998	153
999	199
1000	186
1001	179
1002	178
1003	185
1004	181
1005	200
1006	187
1007	197
1008	194
1009	172
1010	161
1011	167
1012	176
1013	173
1014	171
1015	168
1016	158
1017	152
1018	164
1019	146
1020	147
1021	150
1022	140
1023	144
1024	138
