Date:	09/05/2018		Time:	01:01		Version no:	0.00		Project name:	55		Sample name:	222		Section name:	section		Position	528.115051	mm	E0	0.000000	keV	E1	1.000000	keV/channel	sample surface	6.099009	cm	Tube anode:	Mo		Tube voltage:	30	kV	Tube current:	50	mA	gain	10		std. database			resultfile	result		matrix element	11		sample thickness	1.000000		air passage	0.560000	cm	comments	in position		peaking_time	2.200000	m-sec	trigger_threshold	547.363281	V	mca_bin_width	22.090000	no:	number_mca_channels	1024.000000	no:	gap_time	0.150000	m-sec	trigger_peaking_time	0.200000	m-sec	GAINDAC	18610		HIGHGAIN	1		TAURC	1		RCTAU	1		RCTAUFRAC	1		livetime	9.479912	seconds	runtime	10.000494	seconds	input_count_rate	21357.476736	cps	output_count_rate	17776.121149	cps	triggers	202467	seconds	events_in_run	177770	seconds	channel	content		1	0
2	0
3	0
4	0
5	0
6	0
7	0
8	0
9	0
10	0
11	0
12	0
13	0
14	0
15	0
16	0
17	0
18	0
19	0
20	0
21	0
22	0
23	0
24	0
25	0
26	0
27	0
28	0
29	0
30	0
31	10
32	13
33	10
34	14
35	17
36	11
37	16
38	14
39	20
40	15
41	16
42	17
43	3
44	14
45	6
46	15
47	10
48	17
49	9
50	22
51	10
52	13
53	12
54	3
55	10
56	21
57	8
58	14
59	10
60	11
61	5
62	11
63	8
64	13
65	18
66	12
67	11
68	17
69	14
70	7
71	9
72	6
73	10
74	8
75	6
76	6
77	7
78	10
79	8
80	7
81	12
82	12
83	10
84	12
85	11
86	8
87	5
88	5
89	3
90	9
91	8
92	12
93	10
94	11
95	19
96	21
97	18
98	24
99	13
100	12
101	10
102	6
103	6
104	6
105	3
106	11
107	8
108	9
109	11
110	9
111	7
112	8
113	10
114	6
115	4
116	8
117	3
118	6
119	6
120	6
121	6
122	5
123	4
124	5
125	5
126	5
127	4
128	5
129	4
130	5
131	5
132	2
133	2
134	2
135	7
136	4
137	5
138	1
139	6
140	7
141	8
142	4
143	6
144	3
145	4
146	5
147	5
148	6
149	5
150	10
151	4
152	6
153	4
154	1
155	1
156	5
157	6
158	4
159	10
160	16
161	25
162	20
163	23
164	21
165	20
166	13
167	7
168	5
169	3
170	4
171	4
172	8
173	5
174	6
175	11
176	11
177	10
178	18
179	19
180	26
181	30
182	33
183	29
184	22
185	26
186	17
187	17
188	6
189	6
190	7
191	4
192	6
193	6
194	8
195	13
196	18
197	57
198	78
199	122
200	171
201	241
202	298
203	300
204	279
205	247
206	191
207	125
208	69
209	40
210	22
211	10
212	3
213	12
214	10
215	19
216	13
217	22
218	32
219	46
220	60
221	54
222	45
223	37
224	20
225	22
226	7
227	13
228	5
229	2
230	5
231	8
232	8
233	4
234	3
235	6
236	2
237	7
238	4
239	10
240	10
241	25
242	33
243	78
244	96
245	107
246	124
247	176
248	149
249	130
250	105
251	112
252	90
253	53
254	46
255	36
256	44
257	26
258	24
259	20
260	15
261	11
262	12
263	13
264	18
265	12
266	25
267	22
268	37
269	29
270	43
271	48
272	32
273	43
274	31
275	28
276	18
277	12
278	19
279	18
280	8
281	13
282	12
283	10
284	6
285	12
286	18
287	11
288	10
289	15
290	4
291	15
292	22
293	15
294	12
295	11
296	17
297	13
298	15
299	15
300	15
301	9
302	10
303	14
304	14
305	16
306	11
307	13
308	12
309	11
310	9
311	13
312	12
313	16
314	12
315	18
316	12
317	18
318	28
319	46
320	53
321	61
322	60
323	76
324	69
325	77
326	64
327	49
328	40
329	43
330	21
331	27
332	21
333	19
334	27
335	39
336	22
337	36
338	34
339	75
340	87
341	168
342	321
343	562
344	1023
345	1527
346	2577
347	3479
348	4652
349	5704
350	6338
351	6476
352	5955
353	5543
354	4339
355	3174
356	2244
357	1439
358	839
359	468
360	239
361	127
362	66
363	54
364	35
365	37
366	29
367	32
368	34
369	48
370	35
371	44
372	39
373	40
374	42
375	58
376	41
377	97
378	118
379	173
380	199
381	363
382	481
383	659
384	798
385	931
386	1108
387	1115
388	1009
389	857
390	741
391	560
392	385
393	256
394	168
395	97
396	51
397	41
398	25
399	27
400	24
401	20
402	21
403	25
404	30
405	29
406	33
407	30
408	33
409	33
410	29
411	27
412	34
413	32
414	31
415	28
416	30
417	33
418	29
419	23
420	32
421	24
422	30
423	23
424	21
425	28
426	30
427	34
428	33
429	31
430	31
431	31
432	40
433	36
434	39
435	37
436	56
437	59
438	48
439	53
440	56
441	66
442	63
443	61
444	45
445	50
446	58
447	64
448	66
449	52
450	66
451	36
452	43
453	45
454	46
455	56
456	60
457	65
458	85
459	81
460	64
461	73
462	69
463	65
464	56
465	54
466	45
467	55
468	62
469	63
470	64
471	45
472	65
473	54
474	68
475	67
476	63
477	55
478	48
479	51
480	40
481	46
482	41
483	61
484	48
485	57
486	49
487	69
488	56
489	53
490	42
491	47
492	55
493	50
494	55
495	52
496	68
497	46
498	60
499	68
500	48
501	50
502	68
503	54
504	59
505	82
506	68
507	76
508	71
509	82
510	82
511	71
512	85
513	61
514	79
515	67
516	76
517	76
518	74
519	81
520	69
521	83
522	76
523	68
524	80
525	89
526	82
527	93
528	96
529	77
530	90
531	94
532	81
533	78
534	90
535	69
536	75
537	72
538	72
539	84
540	58
541	70
542	62
543	67
544	67
545	73
546	74
547	69
548	73
549	88
550	72
551	71
552	65
553	78
554	68
555	68
556	58
557	70
558	61
559	73
560	77
561	61
562	77
563	80
564	79
565	56
566	59
567	68
568	59
569	76
570	72
571	82
572	67
573	81
574	72
575	90
576	65
577	74
578	73
579	73
580	77
581	81
582	61
583	78
584	70
585	63
586	80
587	81
588	75
589	74
590	78
591	62
592	85
593	75
594	78
595	104
596	85
597	79
598	94
599	84
600	92
601	86
602	103
603	69
604	71
605	81
606	99
607	87
608	82
609	82
610	85
611	94
612	99
613	80
614	88
615	79
616	100
617	103
618	109
619	83
620	80
621	93
622	91
623	91
624	95
625	85
626	92
627	90
628	99
629	102
630	96
631	88
632	94
633	81
634	90
635	96
636	109
637	94
638	84
639	85
640	92
641	101
642	89
643	99
644	97
645	98
646	111
647	106
648	108
649	118
650	113
651	118
652	106
653	98
654	107
655	109
656	115
657	80
658	111
659	105
660	106
661	102
662	106
663	96
664	101
665	100
666	79
667	99
668	96
669	93
670	114
671	106
672	110
673	101
674	114
675	95
676	98
677	100
678	124
679	93
680	102
681	88
682	97
683	110
684	101
685	96
686	111
687	97
688	102
689	130
690	122
691	112
692	120
693	92
694	114
695	119
696	105
697	84
698	108
699	118
700	128
701	109
702	119
703	121
704	121
705	109
706	121
707	97
708	108
709	114
710	117
711	126
712	106
713	130
714	106
715	127
716	98
717	120
718	147
719	105
720	147
721	103
722	132
723	126
724	111
725	110
726	138
727	120
728	129
729	132
730	127
731	120
732	112
733	120
734	144
735	120
736	132
737	149
738	126
739	133
740	125
741	128
742	142
743	110
744	137
745	103
746	124
747	116
748	140
749	133
750	126
751	124
752	125
753	131
754	118
755	136
756	110
757	118
758	153
759	112
760	124
761	142
762	153
763	156
764	160
765	165
766	218
767	203
768	211
769	263
770	244
771	288
772	267
773	277
774	286
775	327
776	284
777	243
778	248
779	203
780	179
781	178
782	158
783	176
784	158
785	131
786	129
787	172
788	115
789	132
790	128
791	125
792	131
793	127
794	151
795	131
796	134
797	132
798	136
799	149
800	119
801	121
802	167
803	118
804	114
805	143
806	133
807	140
808	139
809	138
810	154
811	144
812	134
813	136
814	135
815	138
816	159
817	140
818	133
819	156
820	141
821	149
822	129
823	125
824	151
825	124
826	153
827	145
828	154
829	127
830	130
831	141
832	130
833	136
834	160
835	150
836	117
837	147
838	122
839	115
840	141
841	136
842	152
843	156
844	147
845	136
846	136
847	134
848	119
849	147
850	142
851	158
852	149
853	157
854	165
855	170
856	168
857	163
858	173
859	208
860	184
861	214
862	213
863	234
864	238
865	200
866	223
867	225
868	213
869	201
870	225
871	214
872	202
873	244
874	202
875	210
876	199
877	225
878	240
879	224
880	252
881	271
882	265
883	280
884	311
885	303
886	364
887	355
888	384
889	420
890	402
891	408
892	494
893	459
894	491
895	509
896	566
897	512
898	562
899	501
900	506
901	501
902	510
903	574
904	563
905	537
906	497
907	539
908	484
909	465
910	423
911	410
912	373
913	399
914	366
915	370
916	351
917	302
918	313
919	289
920	280
921	265
922	263
923	238
924	258
925	206
926	190
927	192
928	209
929	185
930	159
931	186
932	181
933	143
934	150
935	157
936	169
937	153
938	170
939	186
940	160
941	192
942	181
943	195
944	237
945	260
946	256
947	325
948	311
949	351
950	344
951	377
952	409
953	441
954	415
955	428
956	379
957	345
958	359
959	323
960	270
961	287
962	230
963	211
964	182
965	159
966	156
967	147
968	128
969	144
970	113
971	119
972	108
973	135
974	130
975	117
976	129
977	130
978	135
979	143
980	129
981	126
982	136
983	138
984	139
985	133
986	152
987	138
988	132
989	140
990	145
991	159
992	132
993	149
994	161
995	143
996	180
997	179
998	172
999	167
1000	141
1001	169
1002	173
1003	174
1004	173
1005	173
1006	183
1007	177
1008	181
1009	182
1010	180
1011	156
1012	178
1013	165
1014	146
1015	153
1016	143
1017	151
1018	132
1019	153
1020	138
1021	132
1022	124
1023	107
1024	128
