Date:	09/05/2018		Time:	01:00		Version no:	0.00		Project name:	55		Sample name:	222		Section name:	section		Position	527.315002	mm	E0	0.000000	keV	E1	1.000000	keV/channel	sample surface	6.107618	cm	Tube anode:	Mo		Tube voltage:	30	kV	Tube current:	50	mA	gain	10		std. database			resultfile	result		matrix element	11		sample thickness	1.000000		air passage	0.560000	cm	comments	in position		peaking_time	2.200000	m-sec	trigger_threshold	547.363281	V	mca_bin_width	22.090000	no:	number_mca_channels	1024.000000	no:	gap_time	0.150000	m-sec	trigger_peaking_time	0.200000	m-sec	GAINDAC	18610		HIGHGAIN	1		TAURC	1		RCTAU	1		RCTAUFRAC	1		livetime	9.480607	seconds	runtime	10.000493	seconds	input_count_rate	21309.394613	cps	output_count_rate	17724.726525	cps	triggers	202026	seconds	events_in_run	177256	seconds	channel	content		1	0
2	0
3	0
4	0
5	0
6	0
7	0
8	0
9	0
10	0
11	0
12	0
13	0
14	0
15	0
16	0
17	0
18	0
19	0
20	0
21	0
22	0
23	0
24	0
25	0
26	0
27	0
28	0
29	0
30	0
31	17
32	17
33	14
34	11
35	11
36	7
37	13
38	13
39	15
40	15
41	13
42	14
43	15
44	20
45	8
46	14
47	10
48	19
49	10
50	6
51	18
52	20
53	17
54	15
55	15
56	8
57	13
58	10
59	8
60	8
61	10
62	12
63	14
64	19
65	12
66	3
67	6
68	10
69	11
70	15
71	4
72	14
73	12
74	10
75	6
76	3
77	5
78	9
79	9
80	5
81	14
82	10
83	12
84	7
85	16
86	8
87	10
88	6
89	5
90	4
91	9
92	9
93	16
94	13
95	20
96	20
97	15
98	26
99	11
100	5
101	12
102	9
103	4
104	8
105	4
106	9
107	9
108	15
109	6
110	6
111	5
112	6
113	4
114	3
115	2
116	5
117	4
118	3
119	3
120	1
121	8
122	4
123	2
124	1
125	2
126	3
127	5
128	7
129	1
130	5
131	2
132	2
133	4
134	4
135	1
136	6
137	3
138	2
139	3
140	2
141	4
142	5
143	3
144	3
145	2
146	4
147	2
148	2
149	2
150	2
151	3
152	4
153	4
154	5
155	6
156	2
157	7
158	4
159	12
160	18
161	21
162	32
163	19
164	20
165	21
166	25
167	13
168	10
169	5
170	1
171	5
172	5
173	4
174	5
175	5
176	11
177	10
178	18
179	14
180	18
181	25
182	25
183	37
184	25
185	17
186	15
187	14
188	4
189	4
190	5
191	3
192	3
193	5
194	8
195	10
196	22
197	47
198	88
199	138
200	168
201	247
202	317
203	291
204	280
205	264
206	194
207	145
208	77
209	41
210	21
211	14
212	5
213	7
214	7
215	13
216	25
217	23
218	27
219	45
220	54
221	46
222	44
223	41
224	28
225	13
226	8
227	10
228	6
229	8
230	2
231	7
232	2
233	5
234	3
235	5
236	3
237	2
238	3
239	10
240	12
241	30
242	32
243	51
244	91
245	110
246	139
247	146
248	166
249	134
250	126
251	92
252	79
253	62
254	46
255	46
256	32
257	20
258	13
259	21
260	16
261	11
262	11
263	13
264	15
265	20
266	20
267	25
268	32
269	41
270	56
271	54
272	28
273	33
274	30
275	20
276	21
277	13
278	17
279	9
280	8
281	11
282	9
283	7
284	16
285	12
286	11
287	11
288	11
289	7
290	18
291	17
292	10
293	19
294	14
295	12
296	10
297	17
298	20
299	11
300	13
301	13
302	14
303	13
304	13
305	12
306	16
307	19
308	6
309	10
310	10
311	10
312	7
313	10
314	14
315	21
316	16
317	23
318	36
319	34
320	52
321	62
322	71
323	74
324	79
325	68
326	57
327	43
328	38
329	31
330	39
331	25
332	27
333	27
334	22
335	22
336	39
337	27
338	28
339	59
340	93
341	170
342	320
343	569
344	955
345	1578
346	2499
347	3595
348	4688
349	5711
350	6307
351	6512
352	6060
353	5354
354	4370
355	3261
356	2254
357	1430
358	804
359	466
360	243
361	108
362	70
363	48
364	34
365	44
366	29
367	30
368	26
369	34
370	33
371	42
372	45
373	43
374	55
375	51
376	64
377	94
378	116
379	177
380	259
381	364
382	559
383	671
384	846
385	1018
386	1118
387	1106
388	1054
389	853
390	725
391	492
392	381
393	299
394	175
395	97
396	72
397	43
398	35
399	36
400	27
401	29
402	31
403	23
404	33
405	36
406	26
407	32
408	31
409	28
410	26
411	28
412	33
413	34
414	29
415	37
416	20
417	33
418	18
419	21
420	28
421	37
422	20
423	22
424	25
425	31
426	33
427	22
428	31
429	34
430	37
431	26
432	25
433	20
434	32
435	36
436	41
437	47
438	58
439	46
440	52
441	66
442	73
443	70
444	65
445	49
446	58
447	53
448	58
449	58
450	59
451	64
452	62
453	50
454	70
455	57
456	60
457	84
458	74
459	68
460	77
461	72
462	68
463	59
464	46
465	62
466	52
467	63
468	49
469	44
470	70
471	64
472	75
473	65
474	68
475	55
476	52
477	60
478	61
479	48
480	49
481	46
482	39
483	48
484	55
485	45
486	56
487	58
488	60
489	53
490	62
491	57
492	62
493	50
494	61
495	50
496	59
497	57
498	43
499	70
500	62
501	67
502	49
503	74
504	70
505	76
506	59
507	71
508	68
509	87
510	76
511	73
512	75
513	66
514	71
515	72
516	89
517	71
518	78
519	77
520	66
521	64
522	74
523	73
524	99
525	87
526	82
527	96
528	99
529	79
530	94
531	90
532	87
533	103
534	77
535	81
536	71
537	70
538	66
539	91
540	81
541	84
542	71
543	90
544	73
545	67
546	79
547	69
548	82
549	76
550	73
551	71
552	58
553	67
554	68
555	67
556	67
557	81
558	76
559	69
560	77
561	84
562	63
563	83
564	84
565	60
566	76
567	70
568	68
569	61
570	63
571	74
572	68
573	73
574	81
575	79
576	74
577	74
578	91
579	80
580	86
581	77
582	78
583	80
584	84
585	78
586	68
587	76
588	77
589	82
590	81
591	83
592	84
593	89
594	83
595	86
596	86
597	99
598	99
599	86
600	80
601	87
602	75
603	81
604	85
605	84
606	108
607	70
608	89
609	100
610	91
611	94
612	97
613	92
614	116
615	91
616	105
617	108
618	94
619	98
620	85
621	94
622	100
623	82
624	87
625	99
626	81
627	85
628	84
629	88
630	88
631	90
632	89
633	80
634	102
635	93
636	107
637	103
638	95
639	88
640	92
641	105
642	87
643	87
644	94
645	86
646	111
647	110
648	100
649	108
650	97
651	107
652	110
653	105
654	118
655	99
656	110
657	113
658	97
659	91
660	101
661	100
662	90
663	100
664	109
665	100
666	114
667	108
668	103
669	101
670	92
671	103
672	90
673	109
674	88
675	102
676	98
677	113
678	106
679	96
680	109
681	110
682	94
683	124
684	107
685	101
686	104
687	108
688	121
689	105
690	94
691	121
692	125
693	138
694	107
695	114
696	103
697	109
698	119
699	99
700	123
701	135
702	112
703	110
704	105
705	110
706	87
707	113
708	111
709	126
710	104
711	116
712	115
713	103
714	124
715	115
716	126
717	135
718	122
719	122
720	111
721	123
722	105
723	119
724	120
725	124
726	120
727	117
728	126
729	116
730	124
731	115
732	129
733	131
734	131
735	146
736	120
737	111
738	122
739	139
740	122
741	131
742	146
743	127
744	121
745	123
746	112
747	123
748	115
749	110
750	130
751	133
752	143
753	143
754	128
755	129
756	119
757	124
758	126
759	116
760	125
761	128
762	135
763	141
764	164
765	160
766	163
767	223
768	222
769	249
770	266
771	283
772	271
773	277
774	282
775	289
776	280
777	260
778	224
779	233
780	206
781	204
782	172
783	170
784	137
785	134
786	156
787	117
788	111
789	133
790	144
791	121
792	121
793	116
794	121
795	116
796	146
797	132
798	134
799	127
800	133
801	141
802	139
803	130
804	128
805	132
806	131
807	149
808	130
809	118
810	138
811	131
812	126
813	124
814	141
815	156
816	135
817	137
818	135
819	147
820	128
821	146
822	168
823	130
824	130
825	140
826	117
827	115
828	139
829	145
830	136
831	140
832	141
833	160
834	151
835	155
836	170
837	139
838	141
839	140
840	141
841	125
842	141
843	133
844	135
845	159
846	140
847	133
848	149
849	157
850	155
851	150
852	166
853	158
854	149
855	179
856	180
857	184
858	197
859	177
860	196
861	179
862	212
863	186
864	202
865	200
866	220
867	214
868	203
869	211
870	225
871	230
872	190
873	211
874	189
875	221
876	219
877	224
878	248
879	252
880	245
881	270
882	281
883	293
884	303
885	340
886	346
887	374
888	368
889	387
890	434
891	430
892	450
893	465
894	514
895	486
896	466
897	543
898	550
899	537
900	530
901	518
902	572
903	520
904	544
905	499
906	549
907	500
908	507
909	447
910	425
911	423
912	406
913	385
914	374
915	387
916	350
917	301
918	309
919	279
920	260
921	257
922	258
923	210
924	235
925	212
926	218
927	193
928	200
929	202
930	184
931	164
932	192
933	161
934	164
935	165
936	162
937	163
938	155
939	141
940	150
941	171
942	203
943	206
944	198
945	248
946	276
947	298
948	314
949	346
950	340
951	410
952	407
953	414
954	440
955	408
956	397
957	331
958	340
959	278
960	276
961	235
962	206
963	189
964	173
965	177
966	139
967	138
968	121
969	114
970	139
971	122
972	111
973	139
974	120
975	120
976	118
977	120
978	139
979	121
980	119
981	141
982	124
983	144
984	133
985	143
986	124
987	132
988	158
989	130
990	148
991	137
992	153
993	158
994	150
995	147
996	164
997	153
998	143
999	160
1000	136
1001	162
1002	161
1003	173
1004	175
1005	162
1006	176
1007	192
1008	174
1009	177
1010	171
1011	156
1012	153
1013	148
1014	149
1015	166
1016	163
1017	154
1018	139
1019	124
1020	123
1021	115
1022	116
1023	147
1024	102
