Date:	09/05/2018		Time:	00:39		Version no:	0.00		Project name:	55		Sample name:	222		Section name:	section		Position	505.315033	mm	E0	0.000000	keV	E1	1.000000	keV/channel	sample surface	6.348822	cm	Tube anode:	Mo		Tube voltage:	30	kV	Tube current:	50	mA	gain	10		std. database			resultfile	result		matrix element	11		sample thickness	1.000000		air passage	0.560000	cm	comments	in position		peaking_time	2.200000	m-sec	trigger_threshold	547.363281	V	mca_bin_width	22.090000	no:	number_mca_channels	1024.000000	no:	gap_time	0.150000	m-sec	trigger_peaking_time	0.200000	m-sec	GAINDAC	18610		HIGHGAIN	1		TAURC	1		RCTAU	1		RCTAUFRAC	1		livetime	9.349180	seconds	runtime	10.000489	seconds	input_count_rate	28060.749713	cps	output_count_rate	22313.109335	cps	triggers	262345	seconds	events_in_run	223142	seconds	channel	content		1	0
2	0
3	0
4	0
5	0
6	0
7	0
8	0
9	0
10	0
11	0
12	0
13	0
14	0
15	0
16	0
17	0
18	0
19	0
20	0
21	0
22	0
23	0
24	0
25	0
26	0
27	0
28	0
29	0
30	0
31	13
32	20
33	20
34	19
35	20
36	10
37	17
38	17
39	12
40	15
41	14
42	14
43	16
44	17
45	19
46	13
47	17
48	17
49	17
50	17
51	13
52	14
53	7
54	18
55	9
56	18
57	12
58	13
59	5
60	12
61	14
62	17
63	12
64	8
65	12
66	13
67	14
68	8
69	13
70	8
71	8
72	11
73	9
74	4
75	7
76	8
77	5
78	8
79	8
80	9
81	16
82	10
83	13
84	10
85	4
86	6
87	9
88	6
89	4
90	6
91	9
92	8
93	25
94	22
95	32
96	27
97	25
98	31
99	15
100	15
101	14
102	8
103	5
104	14
105	6
106	7
107	7
108	15
109	12
110	13
111	9
112	3
113	6
114	6
115	8
116	3
117	6
118	4
119	6
120	6
121	3
122	9
123	3
124	6
125	1
126	7
127	7
128	5
129	3
130	5
131	3
132	6
133	8
134	3
135	6
136	6
137	5
138	4
139	4
140	5
141	8
142	4
143	5
144	4
145	6
146	4
147	5
148	3
149	6
150	5
151	5
152	6
153	2
154	2
155	4
156	4
157	10
158	8
159	17
160	16
161	19
162	21
163	17
164	29
165	17
166	18
167	17
168	9
169	8
170	2
171	3
172	4
173	4
174	6
175	12
176	16
177	14
178	14
179	37
180	53
181	44
182	69
183	48
184	38
185	37
186	37
187	18
188	15
189	8
190	12
191	3
192	11
193	11
194	12
195	17
196	43
197	71
198	111
199	204
200	299
201	370
202	440
203	503
204	490
205	340
206	272
207	177
208	99
209	48
210	38
211	23
212	10
213	10
214	17
215	22
216	40
217	42
218	51
219	61
220	85
221	74
222	59
223	62
224	48
225	37
226	16
227	10
228	10
229	5
230	4
231	5
232	5
233	4
234	6
235	8
236	7
237	9
238	10
239	11
240	17
241	30
242	48
243	65
244	145
245	161
246	204
247	222
248	228
249	239
250	192
251	111
252	123
253	73
254	68
255	47
256	36
257	42
258	33
259	21
260	21
261	23
262	13
263	12
264	17
265	24
266	23
267	47
268	41
269	57
270	56
271	51
272	75
273	51
274	42
275	37
276	26
277	25
278	16
279	16
280	18
281	8
282	16
283	11
284	14
285	19
286	12
287	20
288	14
289	24
290	14
291	18
292	18
293	22
294	23
295	13
296	14
297	20
298	17
299	27
300	15
301	15
302	16
303	24
304	20
305	15
306	19
307	13
308	13
309	15
310	19
311	17
312	17
313	19
314	27
315	22
316	28
317	23
318	53
319	55
320	86
321	92
322	142
323	127
324	113
325	129
326	94
327	69
328	46
329	51
330	26
331	25
332	36
333	34
334	28
335	44
336	47
337	41
338	66
339	81
340	151
341	242
342	430
343	856
344	1422
345	2344
346	3609
347	5089
348	6637
349	7911
350	8835
351	9138
352	8696
353	7556
354	5971
355	4430
356	3175
357	1946
358	1151
359	581
360	304
361	160
362	96
363	68
364	63
365	43
366	42
367	45
368	47
369	43
370	43
371	44
372	49
373	67
374	61
375	65
376	80
377	118
378	148
379	220
380	368
381	526
382	710
383	978
384	1187
385	1443
386	1580
387	1584
388	1478
389	1259
390	961
391	724
392	510
393	357
394	225
395	144
396	79
397	63
398	45
399	38
400	51
401	35
402	29
403	31
404	32
405	29
406	38
407	56
408	38
409	42
410	51
411	55
412	47
413	34
414	34
415	33
416	37
417	40
418	34
419	37
420	36
421	38
422	37
423	34
424	40
425	37
426	35
427	31
428	44
429	43
430	48
431	46
432	42
433	44
434	52
435	58
436	63
437	74
438	72
439	65
440	76
441	81
442	64
443	70
444	72
445	73
446	62
447	70
448	55
449	65
450	73
451	68
452	68
453	80
454	84
455	80
456	91
457	91
458	101
459	111
460	75
461	94
462	86
463	72
464	76
465	70
466	86
467	79
468	65
469	73
470	80
471	78
472	86
473	73
474	73
475	67
476	70
477	85
478	59
479	51
480	75
481	69
482	56
483	69
484	53
485	74
486	56
487	47
488	61
489	64
490	75
491	61
492	60
493	63
494	61
495	69
496	54
497	85
498	59
499	73
500	74
501	69
502	79
503	77
504	83
505	75
506	88
507	97
508	84
509	88
510	72
511	86
512	96
513	81
514	88
515	102
516	79
517	104
518	84
519	107
520	88
521	104
522	91
523	75
524	92
525	104
526	108
527	124
528	128
529	108
530	104
531	105
532	106
533	101
534	98
535	96
536	86
537	93
538	77
539	85
540	92
541	101
542	82
543	94
544	102
545	91
546	97
547	72
548	90
549	82
550	85
551	80
552	83
553	88
554	71
555	69
556	78
557	107
558	101
559	99
560	94
561	73
562	89
563	94
564	74
565	85
566	87
567	88
568	91
569	97
570	72
571	89
572	76
573	113
574	99
575	92
576	91
577	89
578	97
579	73
580	110
581	85
582	87
583	84
584	102
585	109
586	95
587	94
588	91
589	103
590	79
591	99
592	104
593	92
594	120
595	103
596	108
597	95
598	110
599	84
600	99
601	101
602	96
603	101
604	94
605	101
606	104
607	113
608	93
609	120
610	102
611	115
612	118
613	126
614	104
615	104
616	92
617	105
618	134
619	116
620	100
621	106
622	93
623	90
624	107
625	139
626	103
627	114
628	127
629	110
630	109
631	119
632	112
633	109
634	117
635	121
636	122
637	117
638	115
639	112
640	123
641	109
642	114
643	124
644	111
645	111
646	101
647	112
648	127
649	112
650	108
651	105
652	128
653	123
654	132
655	120
656	118
657	114
658	130
659	125
660	110
661	111
662	106
663	104
664	113
665	89
666	101
667	109
668	130
669	113
670	124
671	112
672	124
673	131
674	137
675	130
676	99
677	116
678	132
679	120
680	111
681	136
682	124
683	135
684	123
685	126
686	145
687	115
688	128
689	123
690	125
691	121
692	119
693	144
694	139
695	129
696	138
697	152
698	128
699	151
700	142
701	146
702	160
703	150
704	118
705	142
706	143
707	118
708	121
709	134
710	119
711	117
712	115
713	140
714	125
715	142
716	134
717	134
718	145
719	143
720	131
721	128
722	133
723	156
724	140
725	144
726	136
727	152
728	132
729	159
730	167
731	130
732	146
733	140
734	143
735	163
736	133
737	143
738	143
739	160
740	138
741	163
742	121
743	160
744	162
745	121
746	144
747	154
748	141
749	135
750	129
751	141
752	132
753	133
754	162
755	136
756	127
757	149
758	153
759	148
760	138
761	151
762	164
763	173
764	180
765	224
766	216
767	245
768	269
769	289
770	340
771	387
772	406
773	375
774	397
775	383
776	346
777	303
778	315
779	250
780	227
781	197
782	231
783	166
784	166
785	159
786	164
787	152
788	155
789	154
790	134
791	155
792	152
793	129
794	148
795	166
796	137
797	124
798	152
799	149
800	148
801	169
802	135
803	163
804	156
805	165
806	151
807	154
808	150
809	148
810	144
811	162
812	139
813	166
814	158
815	166
816	153
817	161
818	172
819	177
820	160
821	163
822	169
823	147
824	155
825	165
826	158
827	152
828	161
829	149
830	145
831	163
832	143
833	158
834	156
835	157
836	168
837	142
838	165
839	170
840	155
841	183
842	176
843	148
844	171
845	157
846	155
847	167
848	174
849	157
850	191
851	167
852	193
853	159
854	188
855	218
856	209
857	194
858	230
859	217
860	232
861	239
862	226
863	266
864	252
865	246
866	240
867	233
868	242
869	230
870	223
871	231
872	268
873	237
874	222
875	223
876	240
877	266
878	279
879	288
880	281
881	301
882	323
883	335
884	371
885	359
886	383
887	377
888	451
889	471
890	475
891	481
892	497
893	507
894	595
895	524
896	597
897	585
898	590
899	588
900	644
901	593
902	615
903	566
904	574
905	549
906	590
907	563
908	531
909	518
910	516
911	498
912	404
913	445
914	424
915	390
916	353
917	353
918	329
919	320
920	315
921	250
922	312
923	250
924	249
925	236
926	227
927	190
928	219
929	204
930	184
931	189
932	182
933	203
934	175
935	185
936	158
937	180
938	177
939	191
940	183
941	183
942	202
943	245
944	234
945	270
946	281
947	352
948	390
949	378
950	410
951	398
952	444
953	490
954	491
955	471
956	457
957	378
958	380
959	361
960	325
961	279
962	261
963	236
964	192
965	174
966	151
967	174
968	162
969	161
970	146
971	147
972	135
973	135
974	127
975	136
976	133
977	141
978	134
979	139
980	129
981	129
982	135
983	175
984	133
985	125
986	160
987	169
988	131
989	141
990	137
991	148
992	162
993	159
994	179
995	172
996	170
997	188
998	179
999	194
1000	191
1001	183
1002	213
1003	185
1004	162
1005	192
1006	185
1007	176
1008	197
1009	175
1010	186
1011	174
1012	198
1013	175
1014	148
1015	153
1016	144
1017	164
1018	153
1019	134
1020	135
1021	138
1022	121
1023	145
1024	143
