Date:	09/05/2018		Time:	00:51		Version no:	0.00		Project name:	55		Sample name:	222		Section name:	section		Position	517.715027	mm	E0	0.000000	keV	E1	1.000000	keV/channel	sample surface	6.237043	cm	Tube anode:	Mo		Tube voltage:	30	kV	Tube current:	50	mA	gain	10		std. database			resultfile	result		matrix element	11		sample thickness	1.000000		air passage	0.560000	cm	comments	in position		peaking_time	2.200000	m-sec	trigger_threshold	547.363281	V	mca_bin_width	22.090000	no:	number_mca_channels	1024.000000	no:	gap_time	0.150000	m-sec	trigger_peaking_time	0.200000	m-sec	GAINDAC	18610		HIGHGAIN	1		TAURC	1		RCTAU	1		RCTAUFRAC	1		livetime	9.330948	seconds	runtime	10.000489	seconds	input_count_rate	28752.705513	cps	output_count_rate	22744.688240	cps	triggers	268290	seconds	events_in_run	227458	seconds	channel	content		1	0
2	0
3	0
4	0
5	0
6	0
7	0
8	0
9	0
10	0
11	0
12	0
13	0
14	0
15	0
16	0
17	0
18	0
19	0
20	0
21	0
22	0
23	0
24	0
25	0
26	0
27	0
28	0
29	0
30	0
31	15
32	16
33	17
34	26
35	17
36	13
37	22
38	25
39	22
40	12
41	6
42	17
43	19
44	15
45	18
46	9
47	14
48	17
49	17
50	13
51	15
52	9
53	7
54	13
55	20
56	12
57	10
58	8
59	14
60	8
61	13
62	20
63	8
64	15
65	10
66	11
67	13
68	4
69	4
70	10
71	9
72	7
73	10
74	13
75	6
76	1
77	9
78	14
79	9
80	12
81	17
82	9
83	22
84	21
85	12
86	12
87	9
88	4
89	5
90	4
91	13
92	15
93	24
94	20
95	31
96	35
97	34
98	26
99	20
100	17
101	10
102	10
103	11
104	6
105	13
106	10
107	8
108	14
109	9
110	15
111	8
112	5
113	6
114	5
115	3
116	4
117	2
118	6
119	6
120	3
121	6
122	4
123	7
124	10
125	4
126	6
127	6
128	5
129	8
130	3
131	3
132	6
133	4
134	14
135	2
136	2
137	4
138	2
139	4
140	5
141	4
142	6
143	5
144	6
145	5
146	5
147	6
148	5
149	7
150	4
151	8
152	4
153	6
154	3
155	6
156	5
157	11
158	14
159	11
160	19
161	22
162	29
163	21
164	21
165	23
166	16
167	9
168	6
169	8
170	6
171	2
172	8
173	4
174	11
175	5
176	12
177	14
178	27
179	23
180	38
181	36
182	45
183	37
184	42
185	32
186	16
187	18
188	12
189	6
190	8
191	4
192	9
193	11
194	16
195	29
196	36
197	71
198	128
199	174
200	289
201	357
202	429
203	443
204	426
205	360
206	296
207	155
208	111
209	57
210	32
211	16
212	10
213	6
214	13
215	20
216	28
217	35
218	59
219	54
220	65
221	63
222	70
223	53
224	49
225	35
226	25
227	15
228	4
229	4
230	5
231	4
232	4
233	3
234	7
235	5
236	8
237	10
238	9
239	11
240	17
241	30
242	58
243	79
244	125
245	173
246	206
247	242
248	232
249	226
250	201
251	144
252	122
253	83
254	74
255	66
256	46
257	42
258	33
259	30
260	20
261	13
262	15
263	8
264	21
265	24
266	30
267	35
268	44
269	54
270	53
271	48
272	62
273	61
274	41
275	30
276	21
277	19
278	18
279	11
280	14
281	11
282	8
283	10
284	10
285	9
286	16
287	23
288	15
289	19
290	16
291	25
292	16
293	22
294	23
295	21
296	33
297	20
298	14
299	21
300	22
301	23
302	21
303	20
304	16
305	14
306	9
307	13
308	6
309	15
310	22
311	19
312	14
313	17
314	17
315	27
316	24
317	23
318	50
319	38
320	75
321	75
322	93
323	88
324	83
325	76
326	84
327	67
328	40
329	21
330	32
331	40
332	27
333	28
334	28
335	35
336	32
337	58
338	61
339	79
340	136
341	242
342	440
343	730
344	1331
345	2242
346	3503
347	5068
348	6440
349	8024
350	8972
351	9160
352	8888
353	7835
354	6439
355	4776
356	3168
357	2034
358	1210
359	713
360	384
361	182
362	94
363	64
364	57
365	54
366	47
367	46
368	43
369	43
370	45
371	51
372	50
373	66
374	76
375	72
376	97
377	128
378	177
379	241
380	369
381	497
382	750
383	944
384	1212
385	1380
386	1468
387	1516
388	1474
389	1266
390	1071
391	752
392	608
393	367
394	240
395	133
396	94
397	53
398	47
399	33
400	29
401	27
402	34
403	36
404	36
405	40
406	38
407	34
408	36
409	42
410	38
411	44
412	42
413	32
414	46
415	34
416	37
417	30
418	40
419	27
420	35
421	32
422	36
423	31
424	32
425	38
426	42
427	50
428	45
429	40
430	38
431	47
432	49
433	39
434	59
435	47
436	61
437	61
438	87
439	77
440	80
441	95
442	80
443	79
444	72
445	83
446	72
447	75
448	64
449	55
450	71
451	75
452	68
453	73
454	74
455	75
456	96
457	66
458	94
459	90
460	99
461	93
462	96
463	87
464	71
465	67
466	78
467	74
468	59
469	87
470	67
471	74
472	79
473	88
474	94
475	78
476	86
477	66
478	62
479	72
480	58
481	59
482	64
483	66
484	66
485	67
486	79
487	68
488	54
489	71
490	68
491	77
492	65
493	81
494	73
495	70
496	74
497	69
498	70
499	86
500	79
501	93
502	75
503	93
504	81
505	98
506	83
507	96
508	75
509	84
510	101
511	69
512	88
513	99
514	105
515	90
516	99
517	84
518	95
519	106
520	92
521	82
522	89
523	83
524	107
525	99
526	97
527	111
528	110
529	109
530	121
531	89
532	103
533	102
534	105
535	88
536	90
537	92
538	88
539	113
540	90
541	92
542	102
543	101
544	99
545	95
546	82
547	94
548	85
549	98
550	90
551	83
552	77
553	94
554	88
555	78
556	87
557	81
558	104
559	94
560	97
561	86
562	85
563	79
564	72
565	92
566	80
567	94
568	93
569	90
570	83
571	117
572	86
573	104
574	125
575	102
576	94
577	102
578	96
579	85
580	93
581	113
582	90
583	111
584	97
585	111
586	93
587	88
588	118
589	104
590	92
591	107
592	100
593	94
594	108
595	105
596	111
597	113
598	120
599	110
600	98
601	120
602	97
603	112
604	94
605	119
606	96
607	104
608	100
609	93
610	103
611	102
612	100
613	111
614	117
615	108
616	122
617	108
618	111
619	107
620	109
621	99
622	101
623	120
624	111
625	117
626	136
627	121
628	123
629	94
630	130
631	102
632	105
633	124
634	122
635	119
636	110
637	116
638	114
639	122
640	111
641	107
642	95
643	104
644	135
645	128
646	137
647	125
648	130
649	131
650	130
651	131
652	134
653	127
654	131
655	126
656	116
657	146
658	116
659	131
660	120
661	119
662	107
663	130
664	113
665	121
666	132
667	123
668	122
669	132
670	128
671	120
672	142
673	106
674	129
675	131
676	116
677	127
678	126
679	127
680	119
681	131
682	127
683	139
684	131
685	120
686	133
687	127
688	143
689	123
690	131
691	147
692	112
693	142
694	131
695	133
696	127
697	153
698	138
699	149
700	132
701	159
702	150
703	131
704	168
705	150
706	143
707	134
708	139
709	149
710	126
711	158
712	130
713	139
714	149
715	139
716	126
717	135
718	120
719	118
720	117
721	126
722	132
723	156
724	152
725	148
726	154
727	150
728	151
729	172
730	126
731	139
732	149
733	145
734	170
735	167
736	173
737	154
738	147
739	157
740	162
741	157
742	138
743	145
744	145
745	164
746	155
747	154
748	151
749	138
750	134
751	164
752	143
753	152
754	170
755	155
756	147
757	147
758	166
759	163
760	142
761	156
762	156
763	167
764	201
765	210
766	205
767	249
768	251
769	286
770	323
771	344
772	365
773	372
774	353
775	346
776	329
777	323
778	307
779	264
780	236
781	212
782	202
783	192
784	160
785	173
786	162
787	166
788	178
789	136
790	162
791	130
792	124
793	149
794	173
795	140
796	153
797	139
798	162
799	130
800	138
801	148
802	158
803	159
804	139
805	151
806	142
807	141
808	175
809	173
810	159
811	129
812	167
813	154
814	185
815	145
816	175
817	165
818	173
819	162
820	159
821	147
822	165
823	166
824	162
825	173
826	150
827	164
828	169
829	156
830	163
831	143
832	162
833	160
834	172
835	151
836	141
837	145
838	141
839	146
840	170
841	162
842	177
843	154
844	170
845	170
846	172
847	166
848	164
849	172
850	201
851	179
852	157
853	193
854	178
855	197
856	179
857	207
858	203
859	231
860	196
861	221
862	215
863	242
864	246
865	234
866	274
867	265
868	248
869	264
870	235
871	243
872	263
873	284
874	262
875	265
876	253
877	266
878	309
879	305
880	308
881	333
882	313
883	377
884	346
885	356
886	378
887	420
888	450
889	443
890	498
891	540
892	462
893	557
894	545
895	593
896	621
897	555
898	565
899	628
900	668
901	636
902	639
903	635
904	590
905	582
906	589
907	593
908	569
909	515
910	476
911	471
912	466
913	480
914	481
915	417
916	375
917	357
918	374
919	353
920	349
921	292
922	319
923	255
924	267
925	293
926	242
927	217
928	249
929	222
930	195
931	175
932	202
933	209
934	225
935	185
936	174
937	185
938	183
939	196
940	191
941	206
942	186
943	210
944	242
945	284
946	321
947	329
948	368
949	436
950	427
951	449
952	451
953	469
954	446
955	457
956	427
957	392
958	418
959	399
960	327
961	289
962	262
963	239
964	203
965	193
966	162
967	144
968	163
969	163
970	135
971	141
972	133
973	152
974	140
975	128
976	163
977	139
978	143
979	123
980	128
981	153
982	165
983	159
984	180
985	133
986	152
987	167
988	149
989	144
990	177
991	166
992	188
993	183
994	183
995	182
996	167
997	177
998	196
999	198
1000	187
1001	190
1002	205
1003	184
1004	181
1005	192
1006	185
1007	191
1008	186
1009	207
1010	209
1011	192
1012	206
1013	189
1014	192
1015	191
1016	169
1017	190
1018	156
1019	156
1020	137
1021	140
1022	155
1023	141
1024	132
