Date:	09/05/2018		Time:	00:11		Version no:	0.00		Project name:	55		Sample name:	222		Section name:	section		Position	476.115021	mm	E0	0.000000	keV	E1	1.000000	keV/channel	sample surface	6.483698	cm	Tube anode:	Mo		Tube voltage:	30	kV	Tube current:	50	mA	gain	10		std. database			resultfile	result		matrix element	11		sample thickness	1.000000		air passage	0.560000	cm	comments	in position		peaking_time	2.200000	m-sec	trigger_threshold	547.363281	V	mca_bin_width	22.090000	no:	number_mca_channels	1024.000000	no:	gap_time	0.150000	m-sec	trigger_peaking_time	0.200000	m-sec	GAINDAC	18610		HIGHGAIN	1		TAURC	1		RCTAU	1		RCTAUFRAC	1		livetime	9.408330	seconds	runtime	10.000165	seconds	input_count_rate	26809.326339	cps	output_count_rate	21669.542886	cps	triggers	252231	seconds	events_in_run	216699	seconds	channel	content		1	0
2	0
3	0
4	0
5	0
6	0
7	0
8	0
9	0
10	0
11	0
12	0
13	0
14	0
15	0
16	0
17	0
18	0
19	0
20	0
21	0
22	0
23	0
24	0
25	0
26	0
27	0
28	0
29	0
30	0
31	14
32	11
33	13
34	13
35	13
36	9
37	11
38	10
39	21
40	15
41	12
42	13
43	13
44	15
45	17
46	17
47	14
48	19
49	16
50	15
51	20
52	19
53	5
54	8
55	15
56	13
57	12
58	11
59	12
60	8
61	10
62	11
63	6
64	9
65	4
66	10
67	11
68	7
69	4
70	9
71	6
72	8
73	5
74	6
75	8
76	3
77	6
78	5
79	11
80	12
81	19
82	11
83	10
84	14
85	5
86	9
87	4
88	1
89	13
90	6
91	5
92	6
93	16
94	22
95	17
96	24
97	27
98	17
99	21
100	14
101	8
102	13
103	10
104	12
105	12
106	11
107	10
108	10
109	9
110	12
111	9
112	3
113	4
114	5
115	5
116	4
117	6
118	2
119	5
120	5
121	7
122	7
123	4
124	5
125	3
126	6
127	4
128	4
129	2
130	2
131	6
132	2
133	4
134	2
135	3
136	3
137	4
138	3
139	7
140	5
141	1
142	5
143	3
144	3
145	3
146	3
147	5
148	8
149	6
150	2
151	4
152	4
153	7
154	7
155	4
156	4
157	8
158	9
159	17
160	20
161	16
162	24
163	24
164	21
165	18
166	12
167	11
168	4
169	6
170	8
171	3
172	10
173	4
174	5
175	8
176	4
177	12
178	10
179	24
180	40
181	41
182	40
183	42
184	34
185	31
186	19
187	17
188	9
189	9
190	4
191	8
192	5
193	4
194	11
195	16
196	50
197	62
198	109
199	176
200	264
201	363
202	368
203	427
204	413
205	352
206	257
207	145
208	77
209	48
210	23
211	13
212	9
213	6
214	6
215	20
216	24
217	41
218	51
219	61
220	69
221	64
222	54
223	56
224	50
225	35
226	16
227	13
228	9
229	7
230	5
231	4
232	7
233	4
234	1
235	1
236	8
237	6
238	14
239	13
240	18
241	26
242	44
243	81
244	96
245	132
246	165
247	168
248	192
249	186
250	163
251	141
252	81
253	76
254	54
255	52
256	48
257	49
258	40
259	18
260	16
261	12
262	22
263	13
264	19
265	19
266	23
267	26
268	51
269	43
270	73
271	51
272	52
273	52
274	51
275	34
276	21
277	17
278	17
279	8
280	11
281	10
282	12
283	14
284	18
285	13
286	18
287	19
288	10
289	13
290	12
291	13
292	22
293	21
294	26
295	13
296	20
297	16
298	22
299	17
300	16
301	19
302	13
303	12
304	15
305	18
306	18
307	10
308	12
309	13
310	19
311	9
312	19
313	17
314	20
315	20
316	37
317	46
318	48
319	69
320	99
321	126
322	128
323	158
324	172
325	137
326	114
327	104
328	69
329	66
330	27
331	36
332	33
333	27
334	31
335	42
336	42
337	53
338	53
339	87
340	153
341	251
342	479
343	906
344	1627
345	2582
346	4040
347	5917
348	7738
349	9048
350	9971
351	10643
352	10227
353	8825
354	7106
355	5265
356	3621
357	2352
358	1337
359	768
360	406
361	218
362	122
363	76
364	52
365	47
366	46
367	60
368	41
369	58
370	46
371	41
372	64
373	55
374	63
375	90
376	94
377	151
378	205
379	254
380	436
381	570
382	828
383	1140
384	1426
385	1573
386	1710
387	1835
388	1581
389	1378
390	1176
391	888
392	620
393	418
394	224
395	134
396	113
397	68
398	51
399	32
400	35
401	31
402	28
403	28
404	25
405	24
406	42
407	38
408	38
409	34
410	31
411	40
412	42
413	35
414	36
415	30
416	32
417	42
418	30
419	28
420	22
421	27
422	33
423	36
424	26
425	32
426	34
427	33
428	30
429	29
430	45
431	44
432	38
433	54
434	54
435	51
436	59
437	75
438	71
439	77
440	73
441	70
442	78
443	74
444	88
445	66
446	53
447	74
448	51
449	66
450	46
451	57
452	49
453	64
454	57
455	75
456	75
457	78
458	65
459	60
460	86
461	73
462	77
463	78
464	71
465	73
466	55
467	53
468	53
469	65
470	58
471	60
472	63
473	61
474	63
475	68
476	50
477	48
478	61
479	50
480	56
481	46
482	56
483	44
484	57
485	62
486	63
487	61
488	47
489	50
490	52
491	60
492	47
493	68
494	51
495	50
496	53
497	61
498	63
499	54
500	65
501	51
502	67
503	68
504	81
505	62
506	80
507	76
508	77
509	78
510	86
511	80
512	85
513	55
514	77
515	91
516	78
517	66
518	84
519	69
520	65
521	63
522	74
523	83
524	96
525	86
526	92
527	103
528	96
529	98
530	89
531	78
532	84
533	85
534	84
535	81
536	91
537	94
538	96
539	75
540	91
541	86
542	78
543	98
544	77
545	82
546	63
547	74
548	64
549	75
550	74
551	65
552	62
553	73
554	73
555	72
556	83
557	65
558	72
559	72
560	74
561	66
562	56
563	68
564	75
565	86
566	85
567	79
568	77
569	72
570	71
571	71
572	68
573	72
574	91
575	85
576	62
577	71
578	77
579	73
580	82
581	78
582	72
583	77
584	67
585	78
586	85
587	66
588	83
589	80
590	86
591	74
592	80
593	83
594	80
595	91
596	81
597	88
598	83
599	97
600	72
601	106
602	66
603	94
604	93
605	83
606	84
607	72
608	91
609	88
610	79
611	81
612	102
613	96
614	90
615	104
616	99
617	103
618	91
619	94
620	91
621	107
622	100
623	86
624	93
625	87
626	86
627	86
628	96
629	115
630	90
631	86
632	94
633	112
634	103
635	70
636	106
637	85
638	98
639	102
640	92
641	98
642	90
643	66
644	106
645	82
646	94
647	81
648	77
649	108
650	88
651	96
652	86
653	89
654	87
655	92
656	88
657	105
658	97
659	94
660	82
661	86
662	83
663	108
664	90
665	94
666	91
667	86
668	92
669	100
670	102
671	110
672	87
673	88
674	80
675	89
676	103
677	93
678	102
679	111
680	100
681	85
682	99
683	101
684	108
685	109
686	100
687	125
688	115
689	100
690	110
691	119
692	99
693	97
694	120
695	108
696	120
697	119
698	119
699	108
700	100
701	105
702	109
703	113
704	112
705	120
706	110
707	133
708	108
709	104
710	110
711	109
712	96
713	110
714	96
715	94
716	107
717	106
718	94
719	102
720	111
721	123
722	136
723	126
724	123
725	100
726	144
727	129
728	121
729	107
730	102
731	129
732	141
733	120
734	144
735	117
736	118
737	137
738	117
739	125
740	117
741	118
742	118
743	121
744	117
745	104
746	116
747	101
748	118
749	132
750	97
751	114
752	122
753	125
754	102
755	128
756	115
757	128
758	125
759	122
760	122
761	133
762	148
763	147
764	164
765	206
766	190
767	203
768	239
769	253
770	288
771	316
772	301
773	344
774	340
775	361
776	346
777	314
778	281
779	248
780	224
781	184
782	177
783	164
784	146
785	140
786	121
787	123
788	117
789	118
790	95
791	119
792	116
793	113
794	122
795	129
796	103
797	123
798	118
799	134
800	114
801	115
802	125
803	114
804	103
805	124
806	133
807	132
808	130
809	115
810	118
811	114
812	138
813	121
814	115
815	139
816	134
817	140
818	136
819	136
820	148
821	111
822	127
823	122
824	107
825	133
826	130
827	123
828	142
829	104
830	124
831	137
832	118
833	121
834	99
835	118
836	129
837	121
838	140
839	108
840	133
841	125
842	125
843	159
844	136
845	130
846	138
847	142
848	117
849	109
850	160
851	139
852	132
853	136
854	163
855	133
856	152
857	153
858	173
859	191
860	178
861	187
862	177
863	225
864	168
865	191
866	200
867	194
868	204
869	244
870	201
871	193
872	194
873	182
874	180
875	192
876	207
877	205
878	211
879	205
880	244
881	223
882	232
883	242
884	301
885	267
886	285
887	333
888	323
889	369
890	399
891	399
892	386
893	408
894	439
895	429
896	447
897	467
898	471
899	477
900	473
901	477
902	475
903	471
904	422
905	428
906	446
907	359
908	452
909	403
910	415
911	401
912	373
913	363
914	316
915	321
916	291
917	293
918	280
919	255
920	211
921	245
922	239
923	235
924	203
925	209
926	213
927	190
928	183
929	147
930	153
931	155
932	131
933	144
934	177
935	129
936	139
937	153
938	157
939	116
940	168
941	163
942	183
943	182
944	212
945	222
946	239
947	311
948	289
949	317
950	363
951	375
952	404
953	405
954	420
955	411
956	345
957	356
958	326
959	307
960	288
961	233
962	233
963	181
964	152
965	133
966	149
967	119
968	127
969	127
970	106
971	104
972	118
973	127
974	100
975	127
976	122
977	143
978	109
979	111
980	106
981	97
982	120
983	123
984	127
985	132
986	115
987	140
988	115
989	142
990	145
991	145
992	124
993	151
994	137
995	151
996	145
997	130
998	167
999	144
1000	155
1001	158
1002	157
1003	159
1004	162
1005	165
1006	163
1007	146
1008	158
1009	134
1010	143
1011	131
1012	132
1013	152
1014	123
1015	124
1016	119
1017	108
1018	122
1019	129
1020	101
1021	111
1022	108
1023	107
1024	86
