Date:	09/05/2018		Time:	00:37		Version no:	0.00		Project name:	55		Sample name:	222		Section name:	section		Position	502.715027	mm	E0	0.000000	keV	E1	1.000000	keV/channel	sample surface	6.373106	cm	Tube anode:	Mo		Tube voltage:	30	kV	Tube current:	50	mA	gain	10		std. database			resultfile	result		matrix element	11		sample thickness	1.000000		air passage	0.560000	cm	comments	in position		peaking_time	2.200000	m-sec	trigger_threshold	547.363281	V	mca_bin_width	22.090000	no:	number_mca_channels	1024.000000	no:	gap_time	0.150000	m-sec	trigger_peaking_time	0.200000	m-sec	GAINDAC	18610		HIGHGAIN	1		TAURC	1		RCTAU	1		RCTAUFRAC	1		livetime	9.373314	seconds	runtime	10.000492	seconds	input_count_rate	26509.195211	cps	output_count_rate	21300.052037	cps	triggers	248479	seconds	events_in_run	213011	seconds	channel	content		1	0
2	0
3	0
4	0
5	0
6	0
7	0
8	0
9	0
10	0
11	0
12	0
13	0
14	0
15	0
16	0
17	0
18	0
19	0
20	0
21	0
22	0
23	0
24	0
25	0
26	0
27	0
28	0
29	0
30	0
31	18
32	28
33	12
34	12
35	16
36	12
37	10
38	13
39	17
40	14
41	13
42	6
43	14
44	8
45	19
46	22
47	10
48	13
49	10
50	15
51	15
52	28
53	18
54	12
55	18
56	13
57	7
58	18
59	11
60	12
61	9
62	9
63	17
64	6
65	16
66	9
67	8
68	8
69	8
70	8
71	7
72	10
73	10
74	13
75	6
76	5
77	8
78	14
79	14
80	7
81	13
82	8
83	20
84	14
85	12
86	11
87	7
88	7
89	7
90	8
91	9
92	15
93	19
94	31
95	25
96	38
97	19
98	29
99	22
100	15
101	11
102	8
103	11
104	7
105	13
106	11
107	9
108	7
109	15
110	13
111	6
112	5
113	4
114	5
115	8
116	12
117	5
118	9
119	9
120	3
121	0
122	4
123	2
124	6
125	7
126	4
127	10
128	9
129	5
130	1
131	7
132	2
133	6
134	5
135	3
136	3
137	3
138	3
139	10
140	5
141	2
142	5
143	3
144	6
145	3
146	9
147	4
148	3
149	5
150	1
151	4
152	6
153	7
154	2
155	6
156	7
157	8
158	11
159	7
160	15
161	17
162	17
163	20
164	20
165	23
166	12
167	13
168	6
169	6
170	8
171	9
172	5
173	6
174	11
175	6
176	11
177	9
178	23
179	34
180	42
181	46
182	52
183	64
184	38
185	33
186	21
187	17
188	7
189	7
190	3
191	8
192	6
193	6
194	12
195	21
196	37
197	77
198	118
199	202
200	301
201	354
202	471
203	467
204	442
205	382
206	254
207	171
208	103
209	51
210	32
211	13
212	20
213	8
214	12
215	25
216	25
217	52
218	63
219	63
220	71
221	85
222	69
223	67
224	46
225	27
226	22
227	11
228	7
229	5
230	3
231	4
232	6
233	7
234	5
235	8
236	5
237	8
238	10
239	18
240	14
241	23
242	61
243	75
244	118
245	139
246	204
247	201
248	241
249	228
250	173
251	162
252	98
253	64
254	58
255	43
256	34
257	30
258	27
259	23
260	22
261	30
262	18
263	20
264	13
265	19
266	27
267	30
268	48
269	51
270	48
271	45
272	44
273	51
274	36
275	34
276	24
277	22
278	18
279	14
280	14
281	14
282	11
283	7
284	17
285	16
286	11
287	19
288	15
289	19
290	19
291	16
292	18
293	15
294	18
295	22
296	21
297	19
298	14
299	20
300	25
301	18
302	18
303	15
304	16
305	14
306	14
307	15
308	13
309	18
310	13
311	9
312	15
313	21
314	14
315	20
316	16
317	40
318	35
319	51
320	77
321	104
322	101
323	110
324	107
325	112
326	85
327	76
328	58
329	42
330	41
331	25
332	27
333	23
334	40
335	35
336	35
337	36
338	49
339	77
340	101
341	212
342	420
343	640
344	1210
345	2033
346	3111
347	4521
348	5825
349	7195
350	8022
351	8156
352	7830
353	6638
354	5494
355	4031
356	2824
357	1782
358	1040
359	604
360	311
361	165
362	90
363	72
364	45
365	48
366	47
367	44
368	52
369	40
370	42
371	47
372	50
373	58
374	79
375	79
376	73
377	130
378	176
379	215
380	348
381	491
382	674
383	841
384	1045
385	1233
386	1283
387	1322
388	1299
389	1109
390	933
391	706
392	480
393	324
394	225
395	132
396	76
397	53
398	36
399	38
400	35
401	25
402	19
403	31
404	31
405	32
406	37
407	42
408	50
409	37
410	41
411	48
412	33
413	37
414	46
415	29
416	35
417	28
418	34
419	35
420	32
421	32
422	43
423	44
424	34
425	36
426	38
427	30
428	44
429	37
430	41
431	38
432	40
433	50
434	48
435	53
436	62
437	75
438	70
439	74
440	72
441	77
442	70
443	62
444	89
445	86
446	73
447	65
448	61
449	77
450	77
451	72
452	76
453	81
454	83
455	87
456	102
457	94
458	101
459	88
460	103
461	99
462	94
463	94
464	88
465	72
466	60
467	79
468	57
469	75
470	69
471	91
472	74
473	88
474	64
475	73
476	80
477	80
478	78
479	74
480	64
481	68
482	47
483	65
484	64
485	62
486	75
487	71
488	92
489	60
490	64
491	67
492	76
493	59
494	82
495	58
496	75
497	67
498	74
499	64
500	81
501	75
502	77
503	76
504	82
505	72
506	102
507	90
508	88
509	88
510	86
511	93
512	96
513	89
514	90
515	101
516	83
517	106
518	92
519	99
520	106
521	114
522	108
523	96
524	125
525	111
526	119
527	116
528	127
529	120
530	136
531	114
532	110
533	106
534	87
535	109
536	92
537	97
538	86
539	88
540	75
541	85
542	92
543	107
544	92
545	88
546	90
547	79
548	94
549	86
550	89
551	81
552	94
553	76
554	77
555	71
556	79
557	83
558	75
559	63
560	94
561	96
562	82
563	78
564	97
565	89
566	91
567	92
568	76
569	97
570	68
571	72
572	86
573	92
574	94
575	96
576	81
577	95
578	103
579	89
580	92
581	105
582	95
583	98
584	96
585	82
586	88
587	97
588	87
589	83
590	102
591	89
592	90
593	108
594	107
595	110
596	104
597	100
598	113
599	110
600	99
601	97
602	107
603	105
604	107
605	111
606	106
607	102
608	114
609	99
610	82
611	113
612	115
613	110
614	116
615	116
616	89
617	114
618	117
619	103
620	102
621	108
622	110
623	123
624	117
625	98
626	91
627	128
628	115
629	101
630	116
631	129
632	106
633	120
634	109
635	114
636	125
637	114
638	109
639	105
640	101
641	127
642	111
643	113
644	101
645	107
646	101
647	126
648	122
649	124
650	128
651	124
652	123
653	133
654	122
655	110
656	115
657	124
658	107
659	119
660	108
661	111
662	132
663	115
664	116
665	122
666	106
667	97
668	121
669	115
670	124
671	108
672	117
673	113
674	123
675	130
676	112
677	102
678	118
679	104
680	123
681	125
682	121
683	139
684	148
685	101
686	130
687	128
688	139
689	129
690	131
691	120
692	118
693	147
694	133
695	124
696	137
697	129
698	140
699	135
700	132
701	111
702	162
703	129
704	135
705	150
706	154
707	145
708	147
709	128
710	147
711	124
712	133
713	133
714	134
715	133
716	132
717	112
718	135
719	136
720	149
721	135
722	150
723	136
724	149
725	136
726	147
727	139
728	154
729	148
730	138
731	147
732	153
733	132
734	150
735	163
736	155
737	137
738	141
739	161
740	149
741	128
742	145
743	146
744	146
745	150
746	139
747	148
748	138
749	124
750	140
751	144
752	134
753	140
754	157
755	147
756	138
757	135
758	148
759	147
760	137
761	139
762	147
763	166
764	190
765	209
766	219
767	239
768	260
769	311
770	356
771	329
772	342
773	381
774	377
775	374
776	361
777	312
778	316
779	293
780	231
781	210
782	197
783	175
784	159
785	183
786	144
787	128
788	164
789	146
790	159
791	137
792	162
793	139
794	166
795	131
796	132
797	135
798	160
799	155
800	134
801	148
802	148
803	149
804	155
805	164
806	160
807	150
808	133
809	146
810	131
811	154
812	149
813	150
814	184
815	159
816	149
817	152
818	168
819	153
820	142
821	164
822	158
823	143
824	164
825	151
826	145
827	140
828	165
829	164
830	161
831	164
832	145
833	167
834	154
835	153
836	172
837	177
838	166
839	160
840	160
841	157
842	174
843	163
844	151
845	166
846	140
847	173
848	157
849	159
850	165
851	148
852	188
853	177
854	204
855	184
856	172
857	199
858	182
859	209
860	220
861	253
862	234
863	241
864	242
865	225
866	269
867	253
868	234
869	251
870	227
871	204
872	242
873	257
874	229
875	251
876	263
877	267
878	239
879	295
880	305
881	317
882	325
883	318
884	360
885	333
886	422
887	413
888	440
889	445
890	438
891	468
892	517
893	525
894	529
895	586
896	572
897	598
898	592
899	615
900	612
901	620
902	608
903	562
904	605
905	578
906	571
907	529
908	510
909	542
910	489
911	479
912	450
913	407
914	386
915	408
916	354
917	376
918	334
919	344
920	271
921	289
922	273
923	255
924	250
925	250
926	240
927	210
928	256
929	200
930	159
931	182
932	187
933	179
934	179
935	191
936	158
937	159
938	231
939	198
940	173
941	218
942	221
943	229
944	261
945	286
946	291
947	321
948	341
949	433
950	409
951	429
952	452
953	474
954	494
955	463
956	446
957	420
958	402
959	364
960	323
961	268
962	285
963	238
964	185
965	192
966	184
967	163
968	162
969	139
970	124
971	156
972	124
973	132
974	145
975	153
976	141
977	153
978	143
979	134
980	120
981	137
982	146
983	164
984	162
985	150
986	173
987	139
988	178
989	170
990	168
991	166
992	164
993	182
994	165
995	176
996	191
997	182
998	188
999	201
1000	212
1001	185
1002	179
1003	203
1004	195
1005	197
1006	207
1007	209
1008	175
1009	180
1010	179
1011	165
1012	193
1013	185
1014	158
1015	154
1016	161
1017	165
1018	145
1019	157
1020	175
1021	146
1022	133
1023	128
1024	140
