Date:	08/05/2018		Time:	23:42		Version no:	0.00		Project name:	55		Sample name:	222		Section name:	section		Position	445.515045	mm	E0	0.000000	keV	E1	1.000000	keV/channel	sample surface	6.298083	cm	Tube anode:	Mo		Tube voltage:	30	kV	Tube current:	50	mA	gain	10		std. database			resultfile	result		matrix element	11		sample thickness	1.000000		air passage	0.560000	cm	comments	in position		peaking_time	2.200000	m-sec	trigger_threshold	547.363281	V	mca_bin_width	22.090000	no:	number_mca_channels	1024.000000	no:	gap_time	0.150000	m-sec	trigger_peaking_time	0.200000	m-sec	GAINDAC	18610		HIGHGAIN	1		TAURC	1		RCTAU	1		RCTAUFRAC	1		livetime	9.424041	seconds	runtime	10.000493	seconds	input_count_rate	24868.207277	cps	output_count_rate	20289.800119	cps	triggers	234359	seconds	events_in_run	202908	seconds	channel	content		1	0
2	0
3	0
4	0
5	0
6	0
7	0
8	0
9	0
10	0
11	0
12	0
13	0
14	0
15	0
16	0
17	0
18	0
19	0
20	0
21	0
22	0
23	0
24	0
25	0
26	0
27	0
28	0
29	0
30	0
31	12
32	20
33	16
34	15
35	8
36	6
37	9
38	18
39	9
40	14
41	17
42	11
43	13
44	14
45	11
46	14
47	12
48	12
49	20
50	16
51	11
52	10
53	10
54	13
55	16
56	14
57	10
58	10
59	13
60	11
61	7
62	13
63	9
64	10
65	1
66	13
67	14
68	10
69	10
70	15
71	9
72	6
73	10
74	12
75	12
76	5
77	7
78	4
79	9
80	13
81	19
82	15
83	11
84	17
85	8
86	3
87	4
88	6
89	6
90	5
91	10
92	10
93	8
94	17
95	19
96	20
97	22
98	10
99	10
100	11
101	7
102	5
103	11
104	9
105	8
106	7
107	3
108	4
109	10
110	7
111	5
112	2
113	7
114	5
115	5
116	7
117	9
118	1
119	6
120	5
121	2
122	3
123	7
124	8
125	5
126	6
127	4
128	6
129	2
130	5
131	3
132	2
133	4
134	2
135	3
136	1
137	2
138	6
139	7
140	3
141	3
142	6
143	4
144	3
145	3
146	5
147	7
148	6
149	4
150	6
151	4
152	6
153	4
154	8
155	4
156	4
157	10
158	7
159	12
160	14
161	22
162	30
163	15
164	33
165	17
166	23
167	9
168	11
169	4
170	6
171	3
172	3
173	6
174	6
175	5
176	11
177	10
178	10
179	11
180	21
181	17
182	28
183	17
184	34
185	18
186	14
187	13
188	4
189	6
190	8
191	4
192	5
193	5
194	6
195	18
196	23
197	60
198	102
199	135
200	210
201	299
202	336
203	366
204	319
205	273
206	217
207	154
208	91
209	41
210	25
211	16
212	10
213	7
214	7
215	21
216	30
217	33
218	49
219	51
220	76
221	52
222	43
223	42
224	39
225	26
226	13
227	12
228	4
229	3
230	6
231	1
232	3
233	5
234	1
235	4
236	6
237	3
238	6
239	11
240	12
241	23
242	41
243	78
244	97
245	103
246	162
247	173
248	175
249	162
250	136
251	93
252	86
253	72
254	60
255	46
256	44
257	33
258	30
259	20
260	17
261	14
262	18
263	12
264	10
265	18
266	23
267	31
268	31
269	52
270	53
271	44
272	39
273	39
274	36
275	28
276	15
277	21
278	14
279	8
280	17
281	13
282	8
283	8
284	15
285	20
286	9
287	21
288	15
289	10
290	20
291	18
292	17
293	10
294	22
295	15
296	20
297	12
298	27
299	24
300	26
301	21
302	7
303	10
304	23
305	15
306	12
307	9
308	18
309	13
310	13
311	20
312	10
313	11
314	21
315	21
316	28
317	27
318	54
319	78
320	110
321	139
322	145
323	147
324	167
325	133
326	128
327	114
328	87
329	61
330	58
331	29
332	39
333	28
334	21
335	33
336	37
337	48
338	45
339	66
340	142
341	198
342	416
343	724
344	1311
345	2141
346	3275
347	4471
348	6024
349	7312
350	8268
351	8392
352	8057
353	7053
354	5725
355	4297
356	2894
357	1932
358	1112
359	597
360	349
361	186
362	84
363	73
364	54
365	41
366	32
367	41
368	42
369	36
370	37
371	37
372	53
373	47
374	63
375	64
376	85
377	112
378	162
379	193
380	327
381	446
382	661
383	861
384	1119
385	1313
386	1363
387	1408
388	1322
389	1136
390	922
391	713
392	501
393	361
394	218
395	130
396	84
397	43
398	35
399	33
400	35
401	26
402	21
403	32
404	28
405	31
406	34
407	26
408	38
409	36
410	36
411	26
412	55
413	36
414	26
415	40
416	25
417	40
418	31
419	33
420	16
421	34
422	27
423	34
424	32
425	31
426	30
427	39
428	37
429	41
430	45
431	28
432	37
433	34
434	32
435	48
436	62
437	65
438	59
439	68
440	60
441	77
442	69
443	71
444	84
445	54
446	83
447	45
448	56
449	48
450	56
451	55
452	70
453	57
454	58
455	71
456	65
457	77
458	100
459	68
460	84
461	85
462	76
463	62
464	71
465	52
466	60
467	48
468	73
469	57
470	71
471	65
472	68
473	72
474	63
475	70
476	60
477	56
478	54
479	59
480	48
481	50
482	41
483	48
484	63
485	55
486	38
487	58
488	68
489	60
490	45
491	58
492	43
493	71
494	56
495	60
496	61
497	63
498	67
499	64
500	65
501	62
502	69
503	85
504	72
505	73
506	70
507	81
508	83
509	82
510	85
511	71
512	69
513	73
514	88
515	84
516	76
517	74
518	81
519	76
520	75
521	79
522	80
523	83
524	78
525	87
526	86
527	95
528	85
529	103
530	87
531	97
532	98
533	100
534	72
535	86
536	82
537	81
538	71
539	84
540	79
541	74
542	92
543	72
544	90
545	81
546	83
547	88
548	77
549	87
550	60
551	76
552	79
553	87
554	69
555	73
556	68
557	85
558	85
559	66
560	62
561	79
562	78
563	94
564	67
565	73
566	83
567	65
568	84
569	83
570	81
571	74
572	94
573	84
574	93
575	68
576	79
577	101
578	93
579	75
580	83
581	96
582	94
583	97
584	94
585	83
586	90
587	97
588	99
589	80
590	75
591	94
592	84
593	106
594	86
595	94
596	83
597	90
598	102
599	103
600	91
601	96
602	101
603	90
604	82
605	94
606	82
607	74
608	97
609	88
610	73
611	108
612	82
613	106
614	112
615	105
616	97
617	102
618	101
619	92
620	103
621	113
622	106
623	110
624	96
625	100
626	92
627	105
628	102
629	115
630	105
631	93
632	96
633	93
634	99
635	99
636	124
637	102
638	95
639	96
640	110
641	97
642	102
643	95
644	100
645	88
646	84
647	111
648	100
649	107
650	105
651	98
652	116
653	128
654	106
655	105
656	121
657	111
658	116
659	122
660	101
661	95
662	94
663	101
664	117
665	98
666	95
667	103
668	107
669	93
670	116
671	114
672	117
673	117
674	117
675	109
676	115
677	108
678	115
679	117
680	110
681	120
682	136
683	109
684	113
685	99
686	81
687	122
688	131
689	99
690	119
691	123
692	141
693	98
694	105
695	129
696	116
697	98
698	122
699	133
700	116
701	122
702	111
703	133
704	127
705	113
706	128
707	133
708	125
709	118
710	125
711	123
712	129
713	151
714	124
715	120
716	113
717	121
718	139
719	122
720	127
721	123
722	126
723	131
724	122
725	146
726	112
727	151
728	124
729	151
730	142
731	120
732	120
733	129
734	145
735	121
736	146
737	133
738	139
739	118
740	132
741	133
742	129
743	120
744	102
745	118
746	129
747	131
748	114
749	149
750	113
751	108
752	146
753	134
754	129
755	130
756	127
757	140
758	146
759	127
760	126
761	151
762	155
763	160
764	163
765	164
766	178
767	225
768	193
769	236
770	233
771	260
772	282
773	295
774	281
775	287
776	260
777	260
778	255
779	222
780	210
781	184
782	171
783	179
784	153
785	134
786	145
787	126
788	140
789	140
790	149
791	144
792	126
793	131
794	135
795	131
796	132
797	127
798	137
799	148
800	146
801	134
802	129
803	136
804	154
805	136
806	136
807	135
808	129
809	156
810	141
811	142
812	153
813	133
814	151
815	129
816	138
817	131
818	142
819	153
820	153
821	158
822	150
823	151
824	137
825	133
826	106
827	162
828	145
829	157
830	151
831	123
832	166
833	178
834	129
835	150
836	129
837	160
838	127
839	168
840	149
841	152
842	150
843	130
844	169
845	165
846	123
847	132
848	145
849	150
850	163
851	154
852	169
853	160
854	160
855	163
856	195
857	186
858	208
859	189
860	205
861	176
862	201
863	212
864	213
865	194
866	198
867	206
868	224
869	201
870	230
871	214
872	235
873	224
874	199
875	213
876	224
877	240
878	266
879	223
880	265
881	282
882	266
883	324
884	339
885	354
886	349
887	387
888	397
889	412
890	482
891	442
892	495
893	460
894	516
895	506
896	571
897	553
898	561
899	550
900	549
901	546
902	535
903	541
904	553
905	536
906	550
907	533
908	476
909	494
910	503
911	392
912	370
913	374
914	359
915	315
916	347
917	330
918	302
919	328
920	281
921	267
922	245
923	235
924	263
925	222
926	229
927	191
928	218
929	208
930	179
931	169
932	200
933	158
934	155
935	179
936	171
937	174
938	183
939	179
940	150
941	177
942	189
943	196
944	222
945	266
946	286
947	308
948	342
949	318
950	376
951	391
952	402
953	390
954	428
955	442
956	379
957	404
958	389
959	314
960	321
961	280
962	236
963	233
964	192
965	174
966	183
967	152
968	105
969	114
970	137
971	121
972	129
973	127
974	119
975	123
976	110
977	138
978	139
979	148
980	104
981	136
982	117
983	139
984	136
985	137
986	130
987	139
988	131
989	138
990	167
991	160
992	164
993	147
994	173
995	149
996	162
997	168
998	189
999	180
1000	167
1001	184
1002	175
1003	173
1004	193
1005	165
1006	168
1007	177
1008	150
1009	158
1010	158
1011	145
1012	165
1013	163
1014	159
1015	161
1016	163
1017	145
1018	150
1019	150
1020	141
1021	143
1022	123
1023	125
1024	119
