Date:	08/05/2018		Time:	23:43		Version no:	0.00		Project name:	55		Sample name:	222		Section name:	section		Position	446.515045	mm	E0	0.000000	keV	E1	1.000000	keV/channel	sample surface	6.310856	cm	Tube anode:	Mo		Tube voltage:	30	kV	Tube current:	50	mA	gain	10		std. database			resultfile	result		matrix element	11		sample thickness	1.000000		air passage	0.560000	cm	comments	in position		peaking_time	2.200000	m-sec	trigger_threshold	547.363281	V	mca_bin_width	22.090000	no:	number_mca_channels	1024.000000	no:	gap_time	0.150000	m-sec	trigger_peaking_time	0.200000	m-sec	GAINDAC	18610		HIGHGAIN	1		TAURC	1		RCTAU	1		RCTAUFRAC	1		livetime	9.449638	seconds	runtime	10.000490	seconds	input_count_rate	23577.835408	cps	output_count_rate	19390.749078	cps	triggers	222802	seconds	events_in_run	193917	seconds	channel	content		1	0
2	0
3	0
4	0
5	0
6	0
7	0
8	0
9	0
10	0
11	0
12	0
13	0
14	0
15	0
16	0
17	0
18	0
19	0
20	0
21	0
22	0
23	0
24	0
25	0
26	0
27	0
28	0
29	0
30	0
31	19
32	11
33	7
34	9
35	15
36	14
37	12
38	11
39	12
40	18
41	14
42	15
43	16
44	15
45	16
46	9
47	15
48	13
49	17
50	19
51	14
52	14
53	15
54	8
55	6
56	18
57	6
58	10
59	9
60	10
61	9
62	8
63	11
64	8
65	8
66	6
67	8
68	5
69	13
70	7
71	9
72	6
73	13
74	7
75	3
76	6
77	8
78	5
79	10
80	8
81	11
82	11
83	8
84	12
85	6
86	5
87	7
88	7
89	8
90	7
91	13
92	7
93	3
94	18
95	26
96	16
97	13
98	19
99	7
100	9
101	9
102	14
103	7
104	8
105	9
106	10
107	15
108	6
109	10
110	11
111	7
112	5
113	9
114	5
115	4
116	4
117	6
118	2
119	5
120	5
121	2
122	5
123	7
124	6
125	5
126	4
127	9
128	4
129	4
130	5
131	6
132	5
133	4
134	4
135	6
136	0
137	10
138	8
139	3
140	3
141	4
142	3
143	3
144	2
145	2
146	3
147	5
148	5
149	4
150	5
151	5
152	3
153	5
154	4
155	2
156	3
157	7
158	10
159	16
160	16
161	21
162	31
163	32
164	30
165	19
166	18
167	11
168	11
169	7
170	7
171	8
172	3
173	6
174	7
175	7
176	8
177	6
178	13
179	9
180	13
181	33
182	19
183	21
184	16
185	19
186	11
187	10
188	3
189	5
190	3
191	8
192	5
193	6
194	8
195	9
196	28
197	49
198	81
199	122
200	184
201	249
202	317
203	292
204	281
205	236
206	186
207	120
208	54
209	52
210	19
211	15
212	4
213	7
214	9
215	13
216	21
217	26
218	40
219	51
220	57
221	57
222	61
223	37
224	27
225	22
226	13
227	13
228	5
229	10
230	6
231	2
232	3
233	0
234	4
235	9
236	5
237	3
238	6
239	8
240	21
241	18
242	37
243	54
244	78
245	119
246	135
247	169
248	157
249	156
250	131
251	103
252	72
253	64
254	47
255	47
256	43
257	34
258	30
259	30
260	14
261	15
262	12
263	12
264	17
265	14
266	17
267	30
268	27
269	34
270	40
271	42
272	41
273	45
274	24
275	21
276	26
277	11
278	16
279	11
280	8
281	12
282	9
283	11
284	19
285	12
286	12
287	18
288	13
289	22
290	15
291	27
292	14
293	18
294	27
295	11
296	14
297	16
298	23
299	11
300	21
301	12
302	11
303	12
304	11
305	10
306	5
307	12
308	16
309	19
310	14
311	8
312	11
313	18
314	21
315	18
316	20
317	42
318	66
319	83
320	94
321	135
322	143
323	148
324	153
325	163
326	115
327	85
328	73
329	50
330	47
331	32
332	35
333	37
334	28
335	31
336	30
337	39
338	56
339	75
340	123
341	224
342	357
343	673
344	1210
345	2025
346	3078
347	4554
348	5816
349	7000
350	7899
351	8190
352	7639
353	6730
354	5311
355	4033
356	2908
357	1763
358	1036
359	614
360	326
361	168
362	94
363	57
364	37
365	37
366	50
367	40
368	47
369	43
370	36
371	50
372	64
373	56
374	45
375	66
376	79
377	108
378	140
379	219
380	360
381	479
382	645
383	842
384	1008
385	1271
386	1378
387	1382
388	1264
389	1194
390	930
391	673
392	479
393	324
394	208
395	139
396	74
397	50
398	29
399	31
400	42
401	21
402	36
403	27
404	33
405	33
406	40
407	20
408	37
409	36
410	44
411	32
412	41
413	33
414	40
415	22
416	35
417	29
418	36
419	29
420	24
421	35
422	30
423	47
424	27
425	38
426	32
427	30
428	30
429	37
430	27
431	35
432	38
433	48
434	48
435	59
436	44
437	59
438	66
439	67
440	72
441	81
442	87
443	75
444	64
445	73
446	76
447	54
448	63
449	53
450	68
451	60
452	77
453	66
454	65
455	65
456	80
457	90
458	85
459	83
460	74
461	82
462	73
463	65
464	53
465	64
466	44
467	52
468	55
469	55
470	78
471	55
472	51
473	64
474	66
475	71
476	75
477	61
478	51
479	58
480	54
481	47
482	57
483	59
484	57
485	53
486	48
487	53
488	57
489	57
490	42
491	63
492	53
493	53
494	62
495	39
496	57
497	72
498	58
499	54
500	60
501	60
502	83
503	54
504	75
505	82
506	76
507	78
508	75
509	64
510	82
511	91
512	71
513	92
514	76
515	94
516	66
517	83
518	83
519	67
520	78
521	80
522	81
523	88
524	76
525	83
526	79
527	89
528	77
529	91
530	94
531	92
532	81
533	81
534	73
535	108
536	63
537	87
538	85
539	79
540	80
541	67
542	75
543	75
544	81
545	59
546	82
547	79
548	77
549	84
550	63
551	71
552	77
553	86
554	75
555	86
556	73
557	75
558	68
559	62
560	68
561	80
562	79
563	88
564	64
565	82
566	81
567	65
568	72
569	72
570	66
571	82
572	85
573	82
574	74
575	85
576	82
577	72
578	98
579	76
580	81
581	77
582	86
583	96
584	91
585	79
586	94
587	85
588	71
589	85
590	76
591	101
592	82
593	92
594	89
595	87
596	100
597	90
598	88
599	96
600	100
601	86
602	86
603	93
604	86
605	88
606	82
607	94
608	98
609	95
610	96
611	89
612	98
613	84
614	81
615	110
616	77
617	67
618	101
619	101
620	104
621	101
622	86
623	97
624	86
625	105
626	89
627	81
628	88
629	94
630	98
631	109
632	114
633	88
634	95
635	89
636	112
637	88
638	88
639	87
640	109
641	95
642	106
643	108
644	111
645	80
646	103
647	122
648	99
649	109
650	105
651	105
652	101
653	114
654	90
655	115
656	104
657	97
658	87
659	98
660	104
661	79
662	94
663	111
664	103
665	101
666	93
667	119
668	86
669	107
670	100
671	97
672	105
673	103
674	108
675	121
676	132
677	117
678	96
679	70
680	98
681	116
682	109
683	116
684	95
685	106
686	98
687	113
688	117
689	116
690	125
691	112
692	114
693	123
694	115
695	127
696	126
697	98
698	117
699	111
700	131
701	122
702	126
703	135
704	132
705	115
706	120
707	114
708	108
709	113
710	109
711	109
712	104
713	110
714	119
715	123
716	104
717	114
718	114
719	90
720	114
721	128
722	129
723	111
724	120
725	129
726	104
727	114
728	113
729	107
730	130
731	117
732	130
733	144
734	147
735	126
736	127
737	125
738	133
739	127
740	131
741	110
742	116
743	118
744	112
745	116
746	123
747	119
748	136
749	118
750	128
751	135
752	124
753	151
754	110
755	145
756	123
757	93
758	128
759	128
760	106
761	103
762	125
763	134
764	146
765	175
766	166
767	174
768	182
769	214
770	238
771	233
772	286
773	276
774	269
775	271
776	251
777	221
778	197
779	206
780	176
781	181
782	172
783	151
784	125
785	120
786	136
787	125
788	127
789	137
790	111
791	123
792	152
793	115
794	134
795	146
796	131
797	124
798	124
799	129
800	139
801	128
802	128
803	133
804	122
805	147
806	137
807	141
808	140
809	117
810	143
811	156
812	128
813	131
814	149
815	139
816	149
817	127
818	130
819	123
820	154
821	129
822	126
823	149
824	124
825	146
826	150
827	125
828	140
829	110
830	148
831	145
832	131
833	130
834	131
835	118
836	114
837	139
838	141
839	142
840	133
841	151
842	148
843	159
844	182
845	134
846	122
847	130
848	152
849	149
850	165
851	157
852	173
853	171
854	148
855	164
856	157
857	153
858	184
859	179
860	182
861	190
862	203
863	225
864	223
865	197
866	196
867	206
868	186
869	200
870	193
871	196
872	185
873	207
874	207
875	216
876	223
877	213
878	239
879	227
880	234
881	272
882	293
883	302
884	291
885	319
886	313
887	343
888	375
889	377
890	403
891	417
892	434
893	455
894	429
895	520
896	560
897	510
898	510
899	490
900	546
901	516
902	543
903	538
904	471
905	482
906	492
907	492
908	512
909	468
910	471
911	403
912	426
913	379
914	319
915	376
916	330
917	310
918	314
919	289
920	262
921	270
922	248
923	222
924	242
925	194
926	213
927	181
928	198
929	189
930	162
931	183
932	162
933	155
934	151
935	134
936	158
937	140
938	165
939	157
940	165
941	187
942	188
943	187
944	214
945	234
946	244
947	312
948	341
949	323
950	342
951	364
952	395
953	402
954	400
955	419
956	378
957	371
958	327
959	307
960	268
961	245
962	232
963	204
964	170
965	158
966	154
967	147
968	114
969	123
970	104
971	118
972	101
973	112
974	125
975	119
976	114
977	106
978	121
979	115
980	131
981	120
982	125
983	142
984	131
985	162
986	135
987	138
988	130
989	143
990	137
991	143
992	153
993	139
994	140
995	166
996	159
997	160
998	161
999	175
1000	169
1001	160
1002	199
1003	172
1004	181
1005	164
1006	156
1007	172
1008	177
1009	138
1010	182
1011	166
1012	152
1013	136
1014	125
1015	139
1016	134
1017	137
1018	132
1019	95
1020	126
1021	118
1022	119
1023	134
1024	117
