Date:	09/05/2018		Time:	00:33		Version no:	0.00		Project name:	55		Sample name:	222		Section name:	section		Position	499.115021	mm	E0	0.000000	keV	E1	1.000000	keV/channel	sample surface	6.397741	cm	Tube anode:	Mo		Tube voltage:	30	kV	Tube current:	50	mA	gain	10		std. database			resultfile	result		matrix element	11		sample thickness	1.000000		air passage	0.560000	cm	comments	in position		peaking_time	2.200000	m-sec	trigger_threshold	547.363281	V	mca_bin_width	22.090000	no:	number_mca_channels	1024.000000	no:	gap_time	0.150000	m-sec	trigger_peaking_time	0.200000	m-sec	GAINDAC	18610		HIGHGAIN	1		TAURC	1		RCTAU	1		RCTAUFRAC	1		livetime	9.364139	seconds	runtime	10.000489	seconds	input_count_rate	27271.059789	cps	output_count_rate	21803.534243	cps	triggers	255370	seconds	events_in_run	218046	seconds	channel	content		1	0
2	0
3	0
4	0
5	0
6	0
7	0
8	0
9	0
10	0
11	0
12	0
13	0
14	0
15	0
16	0
17	0
18	0
19	0
20	0
21	0
22	0
23	0
24	0
25	0
26	0
27	0
28	0
29	0
30	0
31	17
32	14
33	17
34	15
35	18
36	14
37	12
38	20
39	15
40	12
41	13
42	7
43	19
44	15
45	14
46	15
47	18
48	19
49	16
50	10
51	15
52	19
53	12
54	18
55	13
56	14
57	18
58	11
59	10
60	12
61	10
62	8
63	19
64	17
65	13
66	18
67	5
68	9
69	10
70	10
71	9
72	13
73	7
74	16
75	5
76	9
77	10
78	10
79	16
80	10
81	12
82	14
83	12
84	11
85	11
86	10
87	7
88	9
89	10
90	6
91	15
92	12
93	11
94	33
95	27
96	35
97	50
98	21
99	18
100	15
101	9
102	9
103	6
104	12
105	6
106	12
107	13
108	8
109	13
110	3
111	6
112	0
113	7
114	5
115	7
116	4
117	3
118	11
119	8
120	6
121	8
122	10
123	7
124	6
125	7
126	3
127	5
128	5
129	10
130	2
131	8
132	6
133	7
134	5
135	6
136	6
137	5
138	5
139	3
140	3
141	2
142	3
143	3
144	5
145	2
146	5
147	5
148	2
149	4
150	7
151	7
152	4
153	5
154	2
155	4
156	3
157	9
158	8
159	11
160	14
161	23
162	32
163	25
164	24
165	23
166	15
167	13
168	10
169	6
170	5
171	6
172	6
173	5
174	2
175	10
176	8
177	11
178	29
179	23
180	46
181	52
182	60
183	43
184	41
185	31
186	19
187	15
188	7
189	11
190	4
191	2
192	3
193	11
194	14
195	21
196	33
197	75
198	121
199	187
200	289
201	356
202	430
203	459
204	398
205	332
206	261
207	189
208	106
209	58
210	12
211	18
212	10
213	12
214	15
215	17
216	30
217	56
218	60
219	80
220	71
221	88
222	63
223	56
224	37
225	26
226	27
227	14
228	7
229	10
230	4
231	6
232	5
233	6
234	5
235	7
236	6
237	6
238	13
239	14
240	14
241	32
242	58
243	83
244	132
245	167
246	187
247	236
248	247
249	204
250	184
251	121
252	120
253	73
254	63
255	48
256	51
257	34
258	27
259	19
260	13
261	21
262	13
263	19
264	16
265	27
266	31
267	39
268	55
269	58
270	65
271	54
272	58
273	49
274	48
275	30
276	25
277	27
278	14
279	16
280	14
281	8
282	7
283	13
284	7
285	13
286	15
287	7
288	14
289	16
290	13
291	27
292	20
293	20
294	21
295	24
296	16
297	18
298	23
299	18
300	18
301	26
302	15
303	18
304	17
305	14
306	17
307	12
308	9
309	14
310	16
311	13
312	13
313	13
314	26
315	9
316	17
317	29
318	38
319	50
320	82
321	97
322	111
323	134
324	113
325	105
326	84
327	71
328	56
329	44
330	40
331	23
332	41
333	28
334	39
335	27
336	34
337	47
338	52
339	94
340	135
341	262
342	441
343	746
344	1335
345	2255
346	3353
347	4829
348	6473
349	7569
350	8725
351	8907
352	8393
353	7505
354	5979
355	4452
356	3064
357	2001
358	1142
359	637
360	342
361	183
362	73
363	73
364	53
365	47
366	51
367	47
368	52
369	64
370	42
371	67
372	67
373	62
374	61
375	87
376	91
377	108
378	149
379	224
380	340
381	503
382	674
383	887
384	1151
385	1256
386	1481
387	1524
388	1409
389	1160
390	977
391	770
392	573
393	334
394	248
395	151
396	85
397	55
398	41
399	34
400	23
401	31
402	31
403	37
404	39
405	45
406	30
407	37
408	33
409	38
410	39
411	34
412	27
413	38
414	37
415	30
416	41
417	28
418	46
419	31
420	40
421	36
422	32
423	28
424	34
425	24
426	37
427	22
428	40
429	53
430	42
431	50
432	34
433	43
434	41
435	58
436	54
437	75
438	67
439	75
440	67
441	84
442	73
443	83
444	90
445	70
446	76
447	63
448	60
449	74
450	59
451	71
452	46
453	71
454	66
455	94
456	79
457	101
458	96
459	102
460	89
461	103
462	106
463	85
464	68
465	67
466	60
467	72
468	61
469	85
470	79
471	80
472	62
473	89
474	77
475	66
476	84
477	79
478	66
479	61
480	61
481	50
482	75
483	56
484	52
485	63
486	73
487	46
488	77
489	65
490	71
491	59
492	60
493	72
494	69
495	65
496	58
497	68
498	55
499	60
500	70
501	64
502	79
503	70
504	77
505	74
506	82
507	95
508	75
509	80
510	75
511	97
512	79
513	101
514	89
515	76
516	98
517	107
518	92
519	81
520	93
521	94
522	104
523	102
524	103
525	120
526	105
527	84
528	103
529	115
530	124
531	116
532	91
533	93
534	109
535	83
536	93
537	77
538	84
539	101
540	82
541	82
542	80
543	89
544	84
545	88
546	92
547	86
548	103
549	76
550	81
551	85
552	91
553	80
554	78
555	89
556	86
557	103
558	88
559	80
560	84
561	81
562	89
563	80
564	87
565	87
566	90
567	80
568	93
569	83
570	60
571	99
572	98
573	95
574	79
575	85
576	81
577	102
578	98
579	87
580	88
581	86
582	81
583	132
584	98
585	101
586	100
587	89
588	98
589	100
590	94
591	74
592	97
593	103
594	96
595	100
596	109
597	81
598	111
599	96
600	113
601	115
602	127
603	107
604	89
605	118
606	87
607	84
608	110
609	101
610	113
611	95
612	108
613	100
614	111
615	95
616	110
617	104
618	100
619	91
620	101
621	124
622	95
623	94
624	113
625	104
626	93
627	93
628	103
629	105
630	118
631	95
632	101
633	93
634	98
635	92
636	108
637	102
638	106
639	109
640	108
641	112
642	117
643	131
644	83
645	121
646	115
647	137
648	114
649	123
650	114
651	112
652	114
653	126
654	134
655	107
656	121
657	126
658	114
659	106
660	106
661	115
662	138
663	133
664	117
665	115
666	123
667	103
668	122
669	115
670	110
671	130
672	100
673	107
674	105
675	130
676	93
677	116
678	116
679	113
680	115
681	110
682	131
683	111
684	120
685	137
686	113
687	136
688	126
689	123
690	122
691	126
692	100
693	129
694	123
695	149
696	133
697	121
698	137
699	154
700	131
701	145
702	138
703	143
704	128
705	108
706	138
707	128
708	132
709	162
710	112
711	139
712	113
713	134
714	133
715	133
716	146
717	126
718	130
719	137
720	137
721	125
722	142
723	145
724	107
725	119
726	145
727	135
728	145
729	120
730	154
731	146
732	151
733	161
734	133
735	153
736	130
737	141
738	138
739	132
740	143
741	151
742	140
743	170
744	132
745	142
746	166
747	138
748	149
749	154
750	136
751	147
752	158
753	150
754	140
755	158
756	144
757	140
758	140
759	165
760	144
761	151
762	155
763	157
764	178
765	216
766	216
767	246
768	242
769	291
770	327
771	328
772	356
773	404
774	359
775	376
776	352
777	348
778	277
779	248
780	243
781	209
782	173
783	174
784	175
785	146
786	142
787	149
788	130
789	125
790	154
791	139
792	125
793	147
794	127
795	127
796	140
797	129
798	148
799	159
800	128
801	160
802	139
803	151
804	145
805	146
806	149
807	130
808	172
809	153
810	163
811	180
812	163
813	158
814	144
815	161
816	145
817	149
818	133
819	135
820	156
821	160
822	157
823	161
824	138
825	152
826	140
827	149
828	170
829	151
830	156
831	142
832	152
833	159
834	172
835	199
836	168
837	148
838	150
839	147
840	156
841	149
842	155
843	170
844	156
845	168
846	156
847	166
848	159
849	168
850	179
851	192
852	176
853	196
854	177
855	176
856	180
857	202
858	209
859	235
860	214
861	227
862	226
863	236
864	247
865	213
866	254
867	231
868	219
869	247
870	249
871	209
872	236
873	263
874	229
875	239
876	225
877	281
878	282
879	286
880	306
881	344
882	292
883	324
884	345
885	331
886	363
887	390
888	421
889	445
890	450
891	479
892	488
893	467
894	553
895	530
896	597
897	589
898	576
899	565
900	583
901	590
902	576
903	566
904	593
905	553
906	573
907	563
908	531
909	529
910	500
911	464
912	442
913	432
914	400
915	365
916	363
917	306
918	329
919	325
920	299
921	261
922	277
923	243
924	263
925	225
926	222
927	241
928	217
929	192
930	164
931	191
932	175
933	191
934	181
935	180
936	171
937	185
938	189
939	183
940	179
941	193
942	216
943	227
944	221
945	263
946	279
947	320
948	342
949	411
950	405
951	438
952	408
953	474
954	477
955	468
956	447
957	382
958	367
959	356
960	315
961	293
962	245
963	241
964	222
965	184
966	177
967	144
968	151
969	135
970	142
971	134
972	140
973	137
974	138
975	138
976	142
977	131
978	112
979	123
980	133
981	142
982	149
983	145
984	134
985	152
986	150
987	165
988	158
989	153
990	147
991	155
992	166
993	188
994	162
995	195
996	148
997	184
998	183
999	198
1000	171
1001	194
1002	222
1003	177
1004	196
1005	162
1006	192
1007	199
1008	192
1009	191
1010	172
1011	176
1012	182
1013	143
1014	164
1015	153
1016	164
1017	157
1018	160
1019	141
1020	134
1021	151
1022	120
1023	125
1024	140
