Date:	09/05/2018		Time:	00:49		Version no:	0.00		Project name:	55		Sample name:	222		Section name:	section		Position	515.915039	mm	E0	0.000000	keV	E1	1.000000	keV/channel	sample surface	6.247847	cm	Tube anode:	Mo		Tube voltage:	30	kV	Tube current:	50	mA	gain	10		std. database			resultfile	result		matrix element	11		sample thickness	1.000000		air passage	0.560000	cm	comments	in position		peaking_time	2.200000	m-sec	trigger_threshold	547.363281	V	mca_bin_width	22.090000	no:	number_mca_channels	1024.000000	no:	gap_time	0.150000	m-sec	trigger_peaking_time	0.200000	m-sec	GAINDAC	18610		HIGHGAIN	1		TAURC	1		RCTAU	1		RCTAUFRAC	1		livetime	9.331275	seconds	runtime	10.000177	seconds	input_count_rate	29087.128413	cps	output_count_rate	23007.493228	cps	triggers	271420	seconds	events_in_run	230079	seconds	channel	content		1	0
2	0
3	0
4	0
5	0
6	0
7	0
8	0
9	0
10	0
11	0
12	0
13	0
14	0
15	0
16	0
17	0
18	0
19	0
20	0
21	0
22	0
23	0
24	0
25	0
26	0
27	0
28	0
29	0
30	0
31	14
32	16
33	16
34	17
35	14
36	12
37	16
38	13
39	19
40	9
41	24
42	22
43	16
44	18
45	13
46	14
47	19
48	10
49	6
50	19
51	14
52	12
53	10
54	8
55	14
56	11
57	11
58	9
59	16
60	8
61	11
62	18
63	11
64	6
65	11
66	16
67	11
68	5
69	13
70	8
71	7
72	8
73	8
74	10
75	5
76	6
77	6
78	6
79	7
80	16
81	17
82	15
83	11
84	18
85	6
86	11
87	5
88	9
89	8
90	9
91	7
92	15
93	16
94	20
95	23
96	34
97	31
98	33
99	23
100	21
101	20
102	9
103	5
104	10
105	8
106	8
107	3
108	17
109	8
110	15
111	8
112	8
113	7
114	1
115	4
116	8
117	2
118	9
119	7
120	3
121	5
122	4
123	6
124	5
125	7
126	3
127	6
128	7
129	4
130	6
131	3
132	10
133	5
134	5
135	2
136	1
137	2
138	4
139	3
140	2
141	4
142	5
143	2
144	2
145	6
146	8
147	6
148	4
149	5
150	10
151	10
152	8
153	8
154	2
155	7
156	2
157	10
158	7
159	7
160	22
161	29
162	31
163	23
164	24
165	21
166	12
167	8
168	5
169	9
170	10
171	4
172	7
173	2
174	7
175	9
176	12
177	14
178	20
179	32
180	44
181	46
182	47
183	49
184	31
185	25
186	21
187	16
188	13
189	6
190	9
191	7
192	6
193	8
194	10
195	22
196	45
197	58
198	130
199	203
200	263
201	390
202	445
203	477
204	435
205	338
206	272
207	165
208	100
209	57
210	24
211	16
212	11
213	13
214	17
215	28
216	33
217	57
218	58
219	81
220	84
221	78
222	75
223	70
224	44
225	31
226	21
227	17
228	13
229	12
230	6
231	10
232	6
233	9
234	6
235	2
236	7
237	7
238	7
239	12
240	17
241	42
242	63
243	93
244	131
245	176
246	218
247	253
248	264
249	240
250	237
251	140
252	122
253	74
254	69
255	57
256	50
257	41
258	38
259	29
260	26
261	17
262	20
263	10
264	17
265	31
266	26
267	41
268	44
269	63
270	56
271	70
272	64
273	55
274	47
275	42
276	28
277	24
278	17
279	12
280	13
281	14
282	10
283	11
284	12
285	12
286	21
287	19
288	20
289	13
290	15
291	15
292	15
293	11
294	18
295	23
296	24
297	22
298	24
299	19
300	17
301	17
302	17
303	22
304	22
305	12
306	12
307	14
308	15
309	14
310	15
311	16
312	17
313	15
314	25
315	25
316	31
317	35
318	43
319	60
320	70
321	88
322	103
323	111
324	131
325	97
326	98
327	82
328	64
329	43
330	31
331	28
332	26
333	40
334	35
335	44
336	37
337	44
338	55
339	99
340	127
341	233
342	513
343	892
344	1458
345	2457
346	3624
347	5314
348	7037
349	8554
350	9308
351	9534
352	9107
353	8010
354	6420
355	4749
356	3147
357	2111
358	1159
359	714
360	339
361	204
362	104
363	71
364	58
365	54
366	52
367	48
368	42
369	50
370	46
371	44
372	65
373	64
374	82
375	74
376	108
377	154
378	171
379	237
380	399
381	568
382	785
383	980
384	1286
385	1468
386	1478
387	1617
388	1437
389	1273
390	1068
391	785
392	580
393	356
394	236
395	153
396	102
397	69
398	40
399	33
400	35
401	27
402	32
403	27
404	28
405	36
406	36
407	49
408	35
409	39
410	31
411	41
412	43
413	41
414	35
415	25
416	34
417	22
418	48
419	31
420	44
421	30
422	45
423	45
424	32
425	36
426	38
427	49
428	41
429	44
430	34
431	36
432	42
433	50
434	46
435	61
436	54
437	87
438	82
439	89
440	80
441	95
442	89
443	99
444	102
445	68
446	73
447	88
448	74
449	76
450	58
451	60
452	68
453	84
454	80
455	90
456	68
457	86
458	94
459	81
460	103
461	102
462	86
463	88
464	90
465	68
466	82
467	84
468	70
469	69
470	67
471	74
472	99
473	70
474	91
475	81
476	68
477	74
478	79
479	82
480	69
481	76
482	65
483	46
484	62
485	54
486	65
487	77
488	70
489	60
490	81
491	52
492	60
493	55
494	59
495	72
496	73
497	67
498	71
499	62
500	72
501	85
502	74
503	94
504	90
505	89
506	87
507	85
508	98
509	79
510	89
511	73
512	103
513	80
514	80
515	94
516	85
517	94
518	79
519	85
520	105
521	101
522	82
523	85
524	101
525	112
526	102
527	105
528	115
529	126
530	106
531	104
532	130
533	117
534	95
535	94
536	104
537	89
538	77
539	73
540	111
541	85
542	88
543	85
544	92
545	98
546	98
547	112
548	88
549	99
550	108
551	82
552	87
553	95
554	86
555	100
556	84
557	95
558	76
559	94
560	83
561	78
562	79
563	75
564	74
565	64
566	84
567	78
568	83
569	90
570	104
571	96
572	88
573	78
574	90
575	91
576	106
577	87
578	81
579	79
580	101
581	84
582	107
583	119
584	101
585	108
586	92
587	98
588	84
589	126
590	87
591	109
592	88
593	128
594	102
595	106
596	109
597	123
598	95
599	107
600	86
601	110
602	117
603	113
604	97
605	104
606	115
607	106
608	93
609	137
610	109
611	121
612	124
613	121
614	114
615	108
616	118
617	104
618	106
619	120
620	105
621	104
622	123
623	97
624	122
625	109
626	112
627	111
628	95
629	116
630	108
631	92
632	135
633	127
634	118
635	101
636	104
637	109
638	113
639	110
640	127
641	121
642	122
643	123
644	113
645	115
646	92
647	116
648	137
649	109
650	113
651	115
652	132
653	111
654	138
655	105
656	115
657	116
658	128
659	125
660	102
661	120
662	105
663	112
664	125
665	110
666	126
667	115
668	137
669	135
670	110
671	116
672	105
673	126
674	102
675	143
676	135
677	141
678	119
679	127
680	122
681	127
682	119
683	129
684	140
685	125
686	116
687	127
688	128
689	118
690	131
691	133
692	148
693	127
694	124
695	112
696	149
697	137
698	139
699	117
700	140
701	142
702	118
703	162
704	136
705	152
706	128
707	147
708	149
709	142
710	132
711	155
712	131
713	125
714	122
715	154
716	141
717	138
718	138
719	148
720	122
721	129
722	154
723	143
724	129
725	148
726	162
727	165
728	149
729	134
730	148
731	138
732	154
733	147
734	142
735	146
736	143
737	131
738	152
739	142
740	159
741	147
742	157
743	154
744	144
745	141
746	139
747	166
748	145
749	125
750	155
751	160
752	148
753	163
754	143
755	148
756	133
757	148
758	168
759	144
760	172
761	189
762	205
763	189
764	188
765	196
766	253
767	246
768	280
769	310
770	327
771	340
772	350
773	375
774	363
775	350
776	352
777	311
778	282
779	278
780	247
781	187
782	197
783	202
784	165
785	165
786	155
787	140
788	146
789	150
790	133
791	122
792	112
793	125
794	141
795	143
796	143
797	165
798	156
799	161
800	159
801	138
802	152
803	163
804	134
805	159
806	151
807	145
808	156
809	141
810	147
811	185
812	142
813	147
814	146
815	161
816	152
817	148
818	162
819	167
820	164
821	151
822	151
823	156
824	165
825	167
826	153
827	151
828	156
829	181
830	150
831	143
832	159
833	173
834	169
835	156
836	159
837	137
838	179
839	148
840	174
841	156
842	175
843	147
844	152
845	177
846	154
847	169
848	177
849	158
850	176
851	174
852	206
853	169
854	201
855	189
856	164
857	213
858	210
859	220
860	197
861	205
862	225
863	216
864	248
865	256
866	256
867	284
868	273
869	214
870	252
871	252
872	224
873	256
874	255
875	240
876	280
877	283
878	296
879	277
880	301
881	282
882	317
883	341
884	355
885	387
886	378
887	417
888	456
889	466
890	453
891	489
892	534
893	526
894	553
895	550
896	609
897	572
898	580
899	584
900	618
901	615
902	609
903	599
904	617
905	564
906	559
907	582
908	519
909	546
910	524
911	466
912	501
913	458
914	433
915	386
916	385
917	365
918	344
919	323
920	290
921	305
922	256
923	282
924	259
925	262
926	246
927	208
928	206
929	207
930	200
931	223
932	175
933	189
934	196
935	164
936	214
937	176
938	174
939	195
940	202
941	212
942	204
943	236
944	241
945	276
946	285
947	335
948	351
949	396
950	435
951	447
952	450
953	496
954	494
955	472
956	425
957	416
958	384
959	376
960	357
961	291
962	260
963	231
964	215
965	198
966	166
967	164
968	147
969	145
970	140
971	137
972	126
973	137
974	140
975	128
976	168
977	145
978	142
979	147
980	146
981	134
982	140
983	160
984	146
985	162
986	137
987	163
988	158
989	143
990	162
991	147
992	169
993	169
994	185
995	175
996	197
997	185
998	200
999	206
1000	180
1001	199
1002	190
1003	179
1004	201
1005	176
1006	182
1007	192
1008	174
1009	182
1010	166
1011	190
1012	152
1013	203
1014	171
1015	147
1016	174
1017	180
1018	181
1019	154
1020	157
1021	136
1022	144
1023	143
1024	134
