Date:	08/05/2018		Time:	23:59		Version no:	0.00		Project name:	55		Sample name:	222		Section name:	section		Position	463.315033	mm	E0	0.000000	keV	E1	1.000000	keV/channel	sample surface	6.460791	cm	Tube anode:	Mo		Tube voltage:	30	kV	Tube current:	50	mA	gain	10		std. database			resultfile	result		matrix element	11		sample thickness	1.000000		air passage	0.560000	cm	comments	in position		peaking_time	2.200000	m-sec	trigger_threshold	547.363281	V	mca_bin_width	22.090000	no:	number_mca_channels	1024.000000	no:	gap_time	0.150000	m-sec	trigger_peaking_time	0.200000	m-sec	GAINDAC	18610		HIGHGAIN	1		TAURC	1		RCTAU	1		RCTAUFRAC	1		livetime	9.420797	seconds	runtime	10.000494	seconds	input_count_rate	26244.489213	cps	output_count_rate	21290.647390	cps	triggers	247244	seconds	events_in_run	212917	seconds	channel	content		1	0
2	0
3	0
4	0
5	0
6	0
7	0
8	0
9	0
10	0
11	0
12	0
13	0
14	0
15	0
16	0
17	0
18	0
19	0
20	0
21	0
22	0
23	0
24	0
25	0
26	0
27	0
28	0
29	0
30	0
31	12
32	13
33	16
34	10
35	13
36	9
37	11
38	13
39	18
40	10
41	12
42	9
43	6
44	19
45	15
46	17
47	8
48	16
49	8
50	11
51	8
52	7
53	9
54	11
55	9
56	22
57	10
58	20
59	17
60	11
61	12
62	7
63	11
64	14
65	11
66	7
67	14
68	9
69	11
70	10
71	5
72	9
73	11
74	5
75	4
76	6
77	3
78	10
79	8
80	16
81	12
82	13
83	9
84	13
85	10
86	8
87	8
88	5
89	5
90	8
91	9
92	8
93	13
94	14
95	28
96	18
97	20
98	21
99	21
100	11
101	12
102	6
103	6
104	4
105	6
106	14
107	9
108	17
109	9
110	11
111	8
112	11
113	5
114	3
115	7
116	4
117	7
118	3
119	3
120	1
121	2
122	5
123	6
124	4
125	9
126	3
127	9
128	5
129	2
130	2
131	5
132	2
133	5
134	2
135	10
136	4
137	2
138	2
139	1
140	10
141	3
142	1
143	7
144	3
145	8
146	1
147	4
148	4
149	6
150	2
151	2
152	6
153	8
154	4
155	5
156	3
157	7
158	9
159	7
160	24
161	18
162	24
163	25
164	21
165	23
166	20
167	6
168	14
169	9
170	3
171	4
172	4
173	6
174	11
175	7
176	13
177	10
178	18
179	26
180	38
181	48
182	46
183	33
184	31
185	23
186	19
187	12
188	10
189	6
190	3
191	5
192	3
193	8
194	14
195	16
196	41
197	61
198	99
199	189
200	259
201	360
202	431
203	406
204	426
205	353
206	256
207	177
208	97
209	58
210	32
211	20
212	8
213	13
214	18
215	17
216	31
217	43
218	54
219	66
220	69
221	76
222	60
223	57
224	34
225	36
226	22
227	17
228	17
229	6
230	5
231	2
232	4
233	5
234	7
235	4
236	2
237	4
238	9
239	7
240	26
241	29
242	51
243	84
244	136
245	169
246	237
247	228
248	228
249	237
250	212
251	162
252	115
253	89
254	64
255	55
256	41
257	31
258	34
259	29
260	22
261	16
262	15
263	18
264	17
265	17
266	27
267	32
268	50
269	56
270	65
271	70
272	58
273	52
274	54
275	46
276	27
277	22
278	14
279	14
280	10
281	9
282	7
283	8
284	13
285	15
286	17
287	13
288	16
289	21
290	29
291	24
292	29
293	21
294	22
295	14
296	19
297	25
298	15
299	19
300	20
301	15
302	19
303	19
304	15
305	13
306	18
307	12
308	11
309	16
310	19
311	11
312	16
313	14
314	14
315	19
316	32
317	41
318	67
319	107
320	138
321	166
322	195
323	206
324	201
325	207
326	141
327	128
328	88
329	58
330	50
331	54
332	33
333	35
334	34
335	37
336	46
337	58
338	62
339	90
340	135
341	252
342	432
343	870
344	1464
345	2555
346	3865
347	5638
348	7321
349	8906
350	9990
351	10362
352	9821
353	8704
354	6876
355	5189
356	3669
357	2356
358	1390
359	758
360	379
361	197
362	119
363	58
364	46
365	44
366	55
367	52
368	51
369	37
370	66
371	41
372	50
373	52
374	71
375	82
376	98
377	123
378	160
379	281
380	387
381	564
382	837
383	1033
384	1343
385	1491
386	1661
387	1670
388	1614
389	1412
390	1167
391	859
392	591
393	394
394	245
395	163
396	103
397	65
398	41
399	35
400	31
401	24
402	19
403	30
404	28
405	39
406	30
407	27
408	36
409	48
410	31
411	48
412	46
413	43
414	32
415	34
416	24
417	24
418	27
419	22
420	38
421	24
422	37
423	28
424	29
425	34
426	26
427	29
428	42
429	22
430	33
431	48
432	36
433	50
434	41
435	52
436	53
437	56
438	65
439	66
440	89
441	66
442	71
443	83
444	69
445	85
446	72
447	64
448	57
449	72
450	59
451	43
452	53
453	70
454	82
455	79
456	78
457	72
458	98
459	105
460	91
461	87
462	83
463	96
464	80
465	55
466	67
467	47
468	62
469	76
470	62
471	69
472	70
473	81
474	79
475	74
476	59
477	74
478	53
479	67
480	53
481	53
482	53
483	56
484	51
485	59
486	62
487	65
488	57
489	65
490	60
491	53
492	49
493	58
494	66
495	48
496	57
497	55
498	64
499	55
500	75
501	79
502	56
503	75
504	78
505	66
506	71
507	74
508	74
509	66
510	63
511	63
512	79
513	71
514	69
515	87
516	76
517	91
518	74
519	81
520	87
521	78
522	84
523	83
524	90
525	72
526	99
527	95
528	93
529	89
530	114
531	85
532	81
533	95
534	96
535	85
536	60
537	73
538	78
539	88
540	73
541	95
542	78
543	78
544	74
545	80
546	76
547	87
548	80
549	71
550	86
551	71
552	71
553	67
554	59
555	77
556	92
557	88
558	48
559	72
560	69
561	71
562	64
563	76
564	70
565	67
566	90
567	56
568	84
569	71
570	70
571	75
572	69
573	90
574	65
575	82
576	84
577	83
578	66
579	71
580	61
581	79
582	84
583	88
584	90
585	85
586	79
587	78
588	86
589	87
590	82
591	79
592	83
593	103
594	83
595	83
596	89
597	92
598	84
599	85
600	94
601	93
602	78
603	98
604	79
605	99
606	101
607	91
608	107
609	94
610	89
611	90
612	79
613	105
614	90
615	78
616	78
617	94
618	91
619	100
620	112
621	92
622	97
623	106
624	110
625	91
626	79
627	102
628	90
629	97
630	91
631	83
632	92
633	87
634	82
635	83
636	87
637	96
638	97
639	92
640	102
641	104
642	83
643	98
644	87
645	96
646	92
647	86
648	93
649	95
650	110
651	102
652	77
653	88
654	88
655	80
656	89
657	104
658	93
659	118
660	105
661	82
662	90
663	87
664	113
665	99
666	110
667	103
668	92
669	111
670	108
671	100
672	99
673	108
674	98
675	91
676	82
677	99
678	113
679	96
680	86
681	96
682	99
683	101
684	104
685	115
686	121
687	92
688	105
689	90
690	118
691	105
692	128
693	101
694	111
695	116
696	101
697	113
698	124
699	103
700	123
701	121
702	114
703	110
704	117
705	120
706	125
707	137
708	107
709	108
710	119
711	103
712	113
713	109
714	112
715	114
716	121
717	103
718	121
719	88
720	124
721	105
722	110
723	108
724	101
725	115
726	115
727	111
728	118
729	111
730	106
731	113
732	116
733	119
734	135
735	114
736	103
737	119
738	111
739	116
740	117
741	125
742	126
743	112
744	107
745	111
746	117
747	123
748	131
749	95
750	125
751	112
752	118
753	108
754	111
755	110
756	113
757	94
758	119
759	118
760	106
761	98
762	125
763	138
764	168
765	160
766	199
767	250
768	233
769	259
770	285
771	288
772	338
773	318
774	299
775	297
776	269
777	268
778	233
779	225
780	204
781	201
782	176
783	151
784	151
785	138
786	117
787	141
788	112
789	103
790	117
791	121
792	127
793	118
794	103
795	99
796	112
797	134
798	101
799	117
800	121
801	130
802	129
803	106
804	117
805	144
806	131
807	137
808	129
809	124
810	109
811	131
812	103
813	111
814	105
815	134
816	116
817	116
818	100
819	132
820	146
821	128
822	126
823	111
824	119
825	133
826	122
827	122
828	130
829	125
830	132
831	104
832	104
833	122
834	124
835	123
836	141
837	114
838	142
839	123
840	140
841	124
842	133
843	136
844	123
845	134
846	121
847	136
848	133
849	120
850	144
851	144
852	126
853	135
854	144
855	145
856	174
857	154
858	173
859	169
860	172
861	177
862	196
863	187
864	189
865	201
866	199
867	196
868	192
869	196
870	212
871	178
872	197
873	200
874	203
875	200
876	217
877	206
878	199
879	227
880	227
881	244
882	255
883	256
884	265
885	261
886	299
887	338
888	336
889	351
890	378
891	358
892	378
893	401
894	409
895	440
896	454
897	412
898	454
899	449
900	448
901	457
902	414
903	449
904	425
905	496
906	461
907	431
908	408
909	400
910	383
911	381
912	347
913	324
914	339
915	289
916	273
917	291
918	258
919	255
920	235
921	218
922	224
923	204
924	197
925	179
926	188
927	155
928	166
929	162
930	143
931	139
932	154
933	136
934	127
935	158
936	135
937	141
938	135
939	136
940	151
941	142
942	162
943	161
944	187
945	249
946	239
947	280
948	273
949	337
950	336
951	356
952	375
953	395
954	396
955	370
956	339
957	360
958	317
959	244
960	295
961	230
962	199
963	199
964	153
965	161
966	144
967	117
968	123
969	123
970	116
971	118
972	132
973	87
974	116
975	103
976	109
977	101
978	110
979	112
980	110
981	117
982	119
983	99
984	112
985	98
986	117
987	129
988	118
989	114
990	114
991	126
992	118
993	141
994	132
995	145
996	128
997	120
998	123
999	126
1000	142
1001	139
1002	129
1003	147
1004	142
1005	136
1006	141
1007	128
1008	157
1009	154
1010	158
1011	139
1012	122
1013	119
1014	132
1015	135
1016	117
1017	141
1018	124
1019	118
1020	104
1021	99
1022	88
1023	108
1024	98
