Date:	09/05/2018		Time:	00:53		Version no:	0.00		Project name:	55		Sample name:	222		Section name:	section		Position	519.515015	mm	E0	0.000000	keV	E1	1.000000	keV/channel	sample surface	6.212887	cm	Tube anode:	Mo		Tube voltage:	30	kV	Tube current:	50	mA	gain	10		std. database			resultfile	result		matrix element	11		sample thickness	1.000000		air passage	0.560000	cm	comments	in position		peaking_time	2.200000	m-sec	trigger_threshold	547.363281	V	mca_bin_width	22.090000	no:	number_mca_channels	1024.000000	no:	gap_time	0.150000	m-sec	trigger_peaking_time	0.200000	m-sec	GAINDAC	18610		HIGHGAIN	1		TAURC	1		RCTAU	1		RCTAUFRAC	1		livetime	9.357952	seconds	runtime	10.000489	seconds	input_count_rate	27378.853835	cps	output_count_rate	21880.030504	cps	triggers	256210	seconds	events_in_run	218811	seconds	channel	content		1	0
2	0
3	0
4	0
5	0
6	0
7	0
8	0
9	0
10	0
11	0
12	0
13	0
14	0
15	0
16	0
17	0
18	0
19	0
20	0
21	0
22	0
23	0
24	0
25	0
26	0
27	0
28	0
29	0
30	0
31	12
32	12
33	19
34	19
35	11
36	14
37	16
38	14
39	13
40	19
41	17
42	16
43	16
44	20
45	19
46	13
47	10
48	15
49	10
50	16
51	16
52	16
53	11
54	11
55	11
56	18
57	13
58	15
59	15
60	9
61	4
62	6
63	12
64	12
65	14
66	9
67	12
68	8
69	10
70	17
71	12
72	6
73	10
74	8
75	3
76	8
77	6
78	7
79	14
80	10
81	12
82	11
83	18
84	10
85	7
86	7
87	8
88	5
89	7
90	9
91	7
92	6
93	17
94	25
95	16
96	38
97	33
98	22
99	17
100	8
101	8
102	5
103	8
104	15
105	13
106	13
107	14
108	6
109	12
110	16
111	5
112	5
113	4
114	5
115	4
116	8
117	3
118	5
119	7
120	2
121	4
122	7
123	5
124	3
125	4
126	2
127	3
128	3
129	3
130	3
131	4
132	4
133	5
134	4
135	4
136	3
137	3
138	2
139	1
140	6
141	0
142	6
143	7
144	4
145	3
146	4
147	1
148	3
149	3
150	6
151	6
152	6
153	5
154	3
155	9
156	6
157	3
158	8
159	10
160	17
161	23
162	26
163	28
164	23
165	22
166	20
167	16
168	3
169	8
170	3
171	4
172	7
173	3
174	6
175	13
176	11
177	11
178	25
179	23
180	36
181	49
182	31
183	46
184	42
185	32
186	14
187	13
188	6
189	13
190	5
191	4
192	10
193	9
194	12
195	12
196	47
197	69
198	122
199	165
200	288
201	329
202	351
203	386
204	417
205	341
206	241
207	152
208	96
209	58
210	33
211	20
212	14
213	8
214	18
215	23
216	28
217	45
218	39
219	55
220	57
221	91
222	73
223	54
224	39
225	33
226	13
227	13
228	9
229	6
230	8
231	4
232	3
233	11
234	10
235	4
236	5
237	4
238	11
239	7
240	15
241	25
242	50
243	69
244	103
245	147
246	178
247	207
248	184
249	229
250	148
251	139
252	94
253	86
254	68
255	40
256	45
257	33
258	26
259	34
260	20
261	17
262	18
263	20
264	14
265	20
266	31
267	29
268	40
269	53
270	52
271	54
272	48
273	50
274	37
275	36
276	21
277	26
278	15
279	19
280	13
281	7
282	11
283	9
284	15
285	8
286	9
287	15
288	17
289	18
290	18
291	28
292	31
293	20
294	20
295	21
296	18
297	21
298	26
299	16
300	21
301	19
302	19
303	14
304	21
305	11
306	16
307	10
308	20
309	13
310	17
311	27
312	12
313	15
314	20
315	13
316	24
317	34
318	45
319	47
320	81
321	83
322	85
323	105
324	113
325	102
326	81
327	67
328	62
329	44
330	28
331	33
332	24
333	35
334	28
335	33
336	34
337	44
338	52
339	74
340	146
341	224
342	392
343	747
344	1325
345	2139
346	3416
347	4725
348	6319
349	7568
350	8622
351	8810
352	8182
353	7258
354	5812
355	4304
356	3092
357	1950
358	1166
359	638
360	322
361	185
362	101
363	73
364	47
365	43
366	36
367	39
368	45
369	50
370	69
371	48
372	58
373	58
374	61
375	52
376	70
377	132
378	153
379	229
380	333
381	479
382	720
383	929
384	1168
385	1266
386	1402
387	1510
388	1337
389	1214
390	958
391	703
392	546
393	390
394	200
395	128
396	86
397	62
398	39
399	32
400	18
401	32
402	33
403	26
404	31
405	26
406	29
407	39
408	34
409	47
410	44
411	47
412	40
413	43
414	37
415	38
416	39
417	29
418	46
419	33
420	32
421	35
422	36
423	25
424	30
425	38
426	34
427	45
428	38
429	40
430	37
431	49
432	37
433	54
434	60
435	66
436	59
437	73
438	64
439	74
440	85
441	91
442	83
443	82
444	88
445	78
446	77
447	67
448	48
449	71
450	57
451	64
452	78
453	59
454	72
455	106
456	105
457	89
458	96
459	88
460	92
461	86
462	94
463	77
464	90
465	80
466	58
467	62
468	59
469	66
470	59
471	78
472	90
473	72
474	80
475	62
476	65
477	94
478	68
479	56
480	67
481	47
482	59
483	60
484	57
485	56
486	71
487	57
488	64
489	73
490	64
491	62
492	69
493	61
494	60
495	70
496	72
497	56
498	71
499	74
500	51
501	70
502	70
503	92
504	87
505	88
506	96
507	75
508	83
509	90
510	95
511	99
512	86
513	90
514	80
515	77
516	80
517	92
518	100
519	80
520	91
521	98
522	99
523	93
524	82
525	103
526	84
527	132
528	106
529	120
530	110
531	117
532	114
533	105
534	99
535	110
536	97
537	79
538	92
539	81
540	81
541	94
542	89
543	105
544	75
545	98
546	109
547	100
548	86
549	88
550	75
551	86
552	63
553	83
554	64
555	98
556	79
557	84
558	85
559	88
560	90
561	83
562	78
563	77
564	92
565	74
566	83
567	86
568	97
569	94
570	75
571	100
572	106
573	92
574	80
575	112
576	85
577	100
578	90
579	95
580	106
581	91
582	101
583	81
584	86
585	89
586	100
587	104
588	78
589	101
590	107
591	88
592	101
593	91
594	95
595	113
596	105
597	126
598	81
599	105
600	106
601	111
602	105
603	103
604	125
605	110
606	103
607	98
608	108
609	91
610	115
611	98
612	108
613	119
614	117
615	127
616	102
617	108
618	117
619	122
620	104
621	110
622	104
623	119
624	111
625	116
626	110
627	123
628	119
629	123
630	119
631	120
632	83
633	105
634	120
635	101
636	109
637	110
638	105
639	142
640	134
641	144
642	102
643	105
644	114
645	110
646	119
647	122
648	123
649	130
650	125
651	107
652	120
653	127
654	112
655	108
656	124
657	130
658	120
659	123
660	105
661	123
662	119
663	109
664	118
665	133
666	131
667	134
668	114
669	117
670	116
671	99
672	116
673	132
674	111
675	112
676	121
677	120
678	129
679	153
680	131
681	123
682	122
683	124
684	131
685	129
686	124
687	142
688	130
689	130
690	128
691	131
692	131
693	116
694	124
695	135
696	147
697	123
698	116
699	145
700	139
701	151
702	142
703	144
704	154
705	145
706	113
707	130
708	153
709	137
710	137
711	155
712	134
713	146
714	130
715	155
716	149
717	116
718	127
719	135
720	140
721	148
722	132
723	157
724	160
725	148
726	141
727	151
728	148
729	143
730	122
731	147
732	150
733	160
734	172
735	135
736	147
737	150
738	169
739	141
740	167
741	146
742	151
743	147
744	128
745	143
746	143
747	127
748	149
749	154
750	149
751	137
752	139
753	166
754	148
755	147
756	136
757	146
758	140
759	151
760	160
761	153
762	176
763	179
764	175
765	192
766	229
767	242
768	271
769	286
770	317
771	352
772	378
773	328
774	341
775	362
776	328
777	314
778	278
779	256
780	259
781	202
782	195
783	174
784	180
785	163
786	151
787	160
788	154
789	139
790	150
791	146
792	153
793	149
794	144
795	142
796	142
797	148
798	143
799	152
800	144
801	148
802	155
803	157
804	164
805	157
806	167
807	176
808	136
809	164
810	177
811	155
812	142
813	153
814	163
815	139
816	143
817	163
818	188
819	161
820	171
821	172
822	148
823	134
824	144
825	178
826	140
827	151
828	131
829	155
830	167
831	149
832	152
833	154
834	171
835	150
836	130
837	150
838	156
839	154
840	165
841	157
842	167
843	167
844	166
845	164
846	151
847	168
848	161
849	189
850	169
851	162
852	197
853	157
854	225
855	163
856	222
857	192
858	225
859	213
860	247
861	220
862	263
863	266
864	223
865	245
866	244
867	271
868	218
869	254
870	253
871	226
872	261
873	258
874	266
875	262
876	266
877	281
878	241
879	283
880	266
881	343
882	295
883	290
884	369
885	352
886	391
887	419
888	425
889	438
890	504
891	468
892	531
893	532
894	536
895	578
896	600
897	574
898	601
899	624
900	602
901	577
902	651
903	625
904	613
905	585
906	594
907	577
908	482
909	521
910	453
911	476
912	503
913	475
914	447
915	383
916	349
917	365
918	347
919	310
920	330
921	287
922	282
923	300
924	223
925	230
926	229
927	230
928	228
929	206
930	208
931	225
932	186
933	180
934	159
935	171
936	190
937	168
938	200
939	184
940	202
941	197
942	208
943	225
944	250
945	303
946	330
947	328
948	369
949	366
950	426
951	426
952	494
953	439
954	461
955	469
956	440
957	430
958	364
959	342
960	304
961	322
962	266
963	206
964	232
965	180
966	184
967	143
968	144
969	135
970	131
971	148
972	140
973	139
974	125
975	146
976	132
977	120
978	144
979	144
980	143
981	129
982	148
983	135
984	127
985	144
986	140
987	171
988	159
989	170
990	175
991	175
992	185
993	160
994	165
995	181
996	172
997	191
998	202
999	175
1000	202
1001	169
1002	172
1003	222
1004	179
1005	206
1006	182
1007	171
1008	168
1009	181
1010	186
1011	198
1012	187
1013	200
1014	174
1015	181
1016	168
1017	165
1018	163
1019	141
1020	152
1021	160
1022	159
1023	130
1024	141
