Date:	09/05/2018		Time:	00:52		Version no:	0.00		Project name:	55		Sample name:	222		Section name:	section		Position	518.915039	mm	E0	0.000000	keV	E1	1.000000	keV/channel	sample surface	6.219880	cm	Tube anode:	Mo		Tube voltage:	30	kV	Tube current:	50	mA	gain	10		std. database			resultfile	result		matrix element	11		sample thickness	1.000000		air passage	0.560000	cm	comments	in position		peaking_time	2.200000	m-sec	trigger_threshold	547.363281	V	mca_bin_width	22.090000	no:	number_mca_channels	1024.000000	no:	gap_time	0.150000	m-sec	trigger_peaking_time	0.200000	m-sec	GAINDAC	18610		HIGHGAIN	1		TAURC	1		RCTAU	1		RCTAUFRAC	1		livetime	9.340128	seconds	runtime	10.000489	seconds	input_count_rate	28313.851802	cps	output_count_rate	22493.100537	cps	triggers	264455	seconds	events_in_run	224942	seconds	channel	content		1	0
2	0
3	0
4	0
5	0
6	0
7	0
8	0
9	0
10	0
11	0
12	0
13	0
14	0
15	0
16	0
17	0
18	0
19	0
20	0
21	0
22	0
23	0
24	0
25	0
26	0
27	0
28	0
29	0
30	0
31	21
32	12
33	11
34	12
35	18
36	24
37	17
38	17
39	14
40	24
41	15
42	15
43	10
44	22
45	14
46	15
47	13
48	19
49	11
50	11
51	16
52	17
53	13
54	14
55	20
56	12
57	16
58	11
59	13
60	13
61	5
62	7
63	16
64	7
65	17
66	15
67	15
68	5
69	9
70	11
71	9
72	7
73	3
74	11
75	10
76	9
77	9
78	7
79	13
80	6
81	18
82	16
83	10
84	15
85	9
86	8
87	5
88	8
89	9
90	8
91	11
92	10
93	16
94	18
95	33
96	35
97	32
98	26
99	19
100	16
101	17
102	8
103	12
104	8
105	3
106	8
107	8
108	8
109	9
110	10
111	10
112	7
113	7
114	4
115	7
116	6
117	8
118	6
119	4
120	11
121	6
122	4
123	6
124	4
125	4
126	7
127	7
128	3
129	7
130	8
131	5
132	3
133	3
134	3
135	4
136	5
137	6
138	7
139	6
140	2
141	5
142	8
143	6
144	4
145	1
146	4
147	9
148	6
149	6
150	5
151	4
152	5
153	5
154	8
155	6
156	10
157	11
158	4
159	15
160	16
161	25
162	19
163	30
164	20
165	23
166	15
167	12
168	9
169	8
170	2
171	3
172	5
173	12
174	7
175	9
176	10
177	23
178	11
179	30
180	30
181	55
182	44
183	44
184	49
185	31
186	21
187	16
188	11
189	10
190	6
191	6
192	7
193	11
194	13
195	20
196	32
197	57
198	110
199	184
200	275
201	386
202	420
203	456
204	396
205	357
206	246
207	165
208	102
209	60
210	30
211	16
212	18
213	14
214	14
215	26
216	34
217	43
218	48
219	59
220	75
221	68
222	75
223	65
224	40
225	33
226	16
227	17
228	14
229	10
230	4
231	5
232	5
233	4
234	7
235	3
236	6
237	5
238	8
239	12
240	15
241	27
242	54
243	83
244	112
245	132
246	170
247	220
248	234
249	199
250	164
251	140
252	111
253	73
254	69
255	61
256	44
257	35
258	44
259	38
260	23
261	17
262	18
263	18
264	14
265	26
266	29
267	31
268	42
269	39
270	55
271	64
272	66
273	49
274	44
275	35
276	16
277	14
278	22
279	11
280	20
281	14
282	6
283	20
284	22
285	16
286	15
287	17
288	13
289	18
290	17
291	18
292	20
293	19
294	28
295	17
296	15
297	25
298	20
299	17
300	12
301	24
302	20
303	25
304	16
305	15
306	15
307	13
308	17
309	19
310	12
311	19
312	11
313	15
314	20
315	13
316	21
317	37
318	39
319	57
320	73
321	86
322	94
323	99
324	89
325	91
326	66
327	64
328	58
329	42
330	40
331	32
332	32
333	27
334	41
335	40
336	26
337	42
338	62
339	98
340	104
341	243
342	387
343	742
344	1437
345	2235
346	3343
347	4929
348	6535
349	8013
350	8874
351	9080
352	8679
353	7522
354	5984
355	4505
356	3169
357	2068
358	1173
359	638
360	351
361	159
362	94
363	77
364	46
365	43
366	50
367	51
368	45
369	58
370	44
371	68
372	51
373	81
374	57
375	78
376	97
377	120
378	140
379	219
380	356
381	523
382	700
383	978
384	1093
385	1311
386	1421
387	1528
388	1453
389	1260
390	1067
391	763
392	566
393	337
394	199
395	134
396	91
397	55
398	37
399	30
400	35
401	33
402	25
403	38
404	38
405	34
406	32
407	44
408	36
409	44
410	37
411	39
412	44
413	41
414	34
415	45
416	39
417	30
418	31
419	37
420	37
421	30
422	43
423	39
424	45
425	41
426	34
427	26
428	34
429	44
430	44
431	53
432	48
433	52
434	49
435	48
436	70
437	72
438	71
439	79
440	92
441	75
442	80
443	95
444	95
445	94
446	80
447	78
448	71
449	61
450	67
451	83
452	64
453	74
454	75
455	80
456	81
457	91
458	94
459	103
460	94
461	94
462	110
463	91
464	71
465	74
466	58
467	58
468	79
469	63
470	94
471	75
472	72
473	86
474	80
475	85
476	83
477	59
478	73
479	75
480	51
481	78
482	78
483	56
484	74
485	42
486	59
487	69
488	66
489	82
490	70
491	78
492	78
493	80
494	78
495	62
496	77
497	71
498	67
499	75
500	66
501	68
502	80
503	92
504	83
505	94
506	81
507	97
508	109
509	88
510	78
511	88
512	89
513	102
514	85
515	87
516	93
517	105
518	88
519	93
520	73
521	88
522	95
523	114
524	118
525	119
526	118
527	116
528	129
529	109
530	100
531	103
532	111
533	94
534	103
535	69
536	88
537	97
538	84
539	108
540	86
541	98
542	80
543	90
544	92
545	108
546	110
547	97
548	87
549	86
550	81
551	103
552	93
553	95
554	82
555	109
556	102
557	83
558	89
559	94
560	87
561	86
562	92
563	86
564	75
565	105
566	94
567	75
568	73
569	71
570	85
571	78
572	114
573	90
574	90
575	102
576	88
577	107
578	101
579	91
580	70
581	96
582	93
583	101
584	99
585	95
586	93
587	96
588	101
589	102
590	94
591	92
592	104
593	110
594	107
595	114
596	110
597	115
598	89
599	109
600	98
601	96
602	120
603	110
604	119
605	117
606	114
607	111
608	94
609	108
610	98
611	123
612	127
613	130
614	98
615	119
616	110
617	113
618	112
619	124
620	127
621	99
622	103
623	126
624	119
625	98
626	118
627	118
628	135
629	98
630	113
631	116
632	98
633	101
634	103
635	125
636	102
637	135
638	125
639	122
640	120
641	128
642	132
643	129
644	107
645	135
646	130
647	125
648	112
649	122
650	138
651	98
652	131
653	119
654	128
655	119
656	116
657	138
658	115
659	125
660	118
661	131
662	119
663	140
664	122
665	125
666	121
667	125
668	135
669	126
670	116
671	122
672	131
673	134
674	127
675	136
676	103
677	143
678	119
679	119
680	154
681	143
682	125
683	117
684	131
685	135
686	154
687	125
688	112
689	126
690	153
691	140
692	109
693	133
694	123
695	133
696	153
697	130
698	143
699	131
700	119
701	140
702	158
703	134
704	145
705	154
706	161
707	151
708	144
709	129
710	132
711	143
712	136
713	150
714	144
715	138
716	116
717	133
718	140
719	149
720	122
721	135
722	151
723	133
724	142
725	148
726	152
727	143
728	144
729	181
730	132
731	142
732	122
733	175
734	157
735	132
736	148
737	154
738	149
739	144
740	161
741	159
742	141
743	174
744	117
745	139
746	143
747	150
748	154
749	140
750	150
751	160
752	143
753	140
754	128
755	139
756	162
757	133
758	153
759	136
760	151
761	161
762	173
763	166
764	190
765	214
766	210
767	249
768	291
769	311
770	336
771	324
772	377
773	362
774	401
775	340
776	363
777	335
778	304
779	283
780	269
781	231
782	189
783	212
784	169
785	150
786	154
787	173
788	169
789	153
790	150
791	149
792	148
793	150
794	149
795	152
796	154
797	147
798	153
799	144
800	138
801	136
802	135
803	150
804	173
805	148
806	145
807	167
808	162
809	151
810	154
811	171
812	159
813	144
814	155
815	135
816	174
817	127
818	176
819	162
820	176
821	209
822	147
823	165
824	181
825	172
826	163
827	169
828	167
829	142
830	167
831	153
832	157
833	144
834	167
835	174
836	168
837	159
838	170
839	174
840	162
841	180
842	145
843	162
844	160
845	143
846	180
847	163
848	162
849	161
850	150
851	173
852	179
853	218
854	174
855	181
856	197
857	211
858	205
859	225
860	240
861	239
862	226
863	229
864	262
865	277
866	246
867	243
868	241
869	226
870	278
871	233
872	219
873	274
874	260
875	268
876	264
877	264
878	272
879	283
880	299
881	321
882	313
883	337
884	346
885	385
886	425
887	434
888	471
889	409
890	462
891	474
892	521
893	558
894	566
895	601
896	596
897	601
898	600
899	629
900	612
901	609
902	650
903	616
904	556
905	563
906	619
907	585
908	557
909	518
910	464
911	472
912	488
913	403
914	415
915	383
916	395
917	359
918	346
919	343
920	322
921	297
922	283
923	291
924	245
925	241
926	216
927	245
928	208
929	212
930	187
931	196
932	213
933	187
934	193
935	195
936	190
937	183
938	177
939	191
940	175
941	217
942	175
943	222
944	251
945	271
946	304
947	331
948	368
949	398
950	416
951	385
952	504
953	457
954	483
955	470
956	477
957	442
958	408
959	381
960	300
961	295
962	256
963	213
964	211
965	190
966	164
967	138
968	149
969	146
970	140
971	159
972	139
973	158
974	157
975	143
976	131
977	166
978	145
979	118
980	152
981	150
982	139
983	136
984	146
985	157
986	149
987	149
988	156
989	137
990	175
991	168
992	171
993	179
994	173
995	193
996	162
997	174
998	171
999	177
1000	204
1001	198
1002	179
1003	186
1004	195
1005	210
1006	200
1007	191
1008	216
1009	204
1010	201
1011	212
1012	206
1013	185
1014	174
1015	172
1016	165
1017	154
1018	147
1019	145
1020	158
1021	134
1022	140
1023	132
1024	131
