Date:	09/05/2018		Time:	00:00		Version no:	0.00		Project name:	55		Sample name:	222		Section name:	section		Position	464.515045	mm	E0	0.000000	keV	E1	1.000000	keV/channel	sample surface	6.472706	cm	Tube anode:	Mo		Tube voltage:	30	kV	Tube current:	50	mA	gain	10		std. database			resultfile	result		matrix element	11		sample thickness	1.000000		air passage	0.560000	cm	comments	in position		peaking_time	2.200000	m-sec	trigger_threshold	547.363281	V	mca_bin_width	22.090000	no:	number_mca_channels	1024.000000	no:	gap_time	0.150000	m-sec	trigger_peaking_time	0.200000	m-sec	GAINDAC	18610		HIGHGAIN	1		TAURC	1		RCTAU	1		RCTAUFRAC	1		livetime	9.420383	seconds	runtime	10.000492	seconds	input_count_rate	26060.298694	cps	output_count_rate	21189.257489	cps	triggers	245498	seconds	events_in_run	211903	seconds	channel	content		1	0
2	0
3	0
4	0
5	0
6	0
7	0
8	0
9	0
10	0
11	0
12	0
13	0
14	0
15	0
16	0
17	0
18	0
19	0
20	0
21	0
22	0
23	0
24	0
25	0
26	0
27	0
28	0
29	0
30	0
31	12
32	12
33	11
34	10
35	17
36	16
37	10
38	9
39	16
40	7
41	13
42	10
43	21
44	6
45	3
46	18
47	21
48	10
49	12
50	13
51	13
52	12
53	9
54	11
55	6
56	13
57	14
58	17
59	12
60	9
61	3
62	10
63	3
64	6
65	4
66	15
67	7
68	6
69	8
70	5
71	14
72	6
73	10
74	7
75	5
76	7
77	4
78	7
79	8
80	8
81	16
82	12
83	7
84	13
85	19
86	10
87	7
88	5
89	7
90	6
91	8
92	8
93	21
94	17
95	32
96	26
97	25
98	25
99	14
100	15
101	13
102	8
103	9
104	8
105	11
106	18
107	11
108	15
109	5
110	11
111	7
112	9
113	3
114	4
115	1
116	3
117	6
118	5
119	4
120	6
121	5
122	2
123	3
124	12
125	4
126	3
127	2
128	7
129	2
130	2
131	3
132	1
133	7
134	5
135	5
136	1
137	5
138	0
139	6
140	5
141	2
142	5
143	5
144	2
145	5
146	4
147	5
148	8
149	2
150	9
151	6
152	2
153	1
154	2
155	3
156	9
157	8
158	9
159	11
160	20
161	14
162	33
163	29
164	33
165	29
166	20
167	19
168	11
169	5
170	6
171	2
172	3
173	4
174	9
175	6
176	9
177	13
178	26
179	22
180	28
181	38
182	34
183	38
184	28
185	27
186	15
187	16
188	12
189	8
190	2
191	6
192	4
193	7
194	12
195	27
196	33
197	64
198	123
199	194
200	284
201	390
202	478
203	452
204	513
205	385
206	272
207	217
208	106
209	52
210	31
211	22
212	13
213	12
214	17
215	23
216	30
217	42
218	62
219	70
220	96
221	88
222	79
223	44
224	45
225	34
226	33
227	20
228	8
229	5
230	7
231	3
232	7
233	3
234	2
235	5
236	4
237	4
238	6
239	14
240	10
241	26
242	49
243	76
244	103
245	156
246	181
247	203
248	229
249	199
250	180
251	142
252	100
253	88
254	62
255	61
256	43
257	31
258	45
259	42
260	24
261	21
262	14
263	17
264	15
265	18
266	29
267	44
268	42
269	40
270	46
271	64
272	54
273	42
274	37
275	37
276	29
277	21
278	16
279	15
280	14
281	12
282	10
283	12
284	11
285	14
286	9
287	16
288	20
289	21
290	20
291	19
292	15
293	16
294	12
295	20
296	21
297	26
298	14
299	16
300	22
301	15
302	14
303	17
304	16
305	15
306	14
307	8
308	16
309	12
310	14
311	8
312	13
313	23
314	15
315	23
316	46
317	45
318	60
319	111
320	130
321	187
322	221
323	186
324	212
325	175
326	149
327	136
328	106
329	71
330	63
331	41
332	29
333	38
334	22
335	37
336	42
337	39
338	63
339	66
340	142
341	249
342	446
343	857
344	1487
345	2432
346	3803
347	5533
348	7264
349	8627
350	9825
351	10182
352	9646
353	8450
354	6874
355	5009
356	3636
357	2182
358	1365
359	743
360	431
361	211
362	113
363	72
364	36
365	45
366	58
367	40
368	40
369	46
370	47
371	48
372	42
373	59
374	75
375	69
376	87
377	113
378	139
379	280
380	349
381	538
382	704
383	1013
384	1290
385	1529
386	1589
387	1684
388	1583
389	1418
390	1140
391	865
392	605
393	430
394	260
395	170
396	90
397	67
398	37
399	30
400	25
401	24
402	35
403	30
404	34
405	35
406	28
407	40
408	31
409	37
410	38
411	36
412	28
413	37
414	33
415	39
416	30
417	31
418	31
419	27
420	41
421	40
422	41
423	33
424	38
425	31
426	36
427	29
428	28
429	28
430	33
431	26
432	46
433	37
434	49
435	39
436	47
437	61
438	57
439	78
440	92
441	93
442	88
443	65
444	75
445	65
446	64
447	60
448	58
449	72
450	57
451	60
452	69
453	74
454	64
455	53
456	74
457	84
458	82
459	77
460	75
461	79
462	90
463	65
464	87
465	68
466	63
467	57
468	56
469	57
470	70
471	60
472	63
473	65
474	61
475	56
476	63
477	55
478	61
479	58
480	38
481	57
482	47
483	49
484	52
485	56
486	50
487	59
488	52
489	59
490	67
491	51
492	76
493	61
494	48
495	54
496	59
497	55
498	58
499	71
500	61
501	80
502	71
503	72
504	59
505	61
506	58
507	63
508	93
509	70
510	81
511	68
512	67
513	67
514	84
515	77
516	71
517	77
518	70
519	84
520	72
521	70
522	90
523	91
524	94
525	86
526	86
527	102
528	98
529	96
530	88
531	86
532	94
533	91
534	83
535	74
536	82
537	75
538	79
539	70
540	67
541	73
542	83
543	67
544	81
545	73
546	84
547	74
548	65
549	73
550	89
551	73
552	64
553	62
554	69
555	50
556	76
557	68
558	65
559	81
560	65
561	74
562	68
563	83
564	76
565	73
566	74
567	75
568	67
569	76
570	80
571	80
572	78
573	76
574	82
575	73
576	89
577	85
578	84
579	88
580	87
581	76
582	86
583	91
584	71
585	79
586	84
587	109
588	97
589	78
590	82
591	81
592	90
593	80
594	90
595	78
596	84
597	93
598	84
599	95
600	83
601	84
602	68
603	96
604	68
605	97
606	81
607	77
608	106
609	91
610	76
611	96
612	96
613	97
614	87
615	97
616	109
617	93
618	109
619	98
620	105
621	85
622	107
623	111
624	102
625	86
626	100
627	84
628	102
629	98
630	91
631	85
632	105
633	86
634	90
635	97
636	94
637	88
638	93
639	110
640	89
641	91
642	93
643	103
644	90
645	85
646	85
647	100
648	100
649	108
650	97
651	88
652	106
653	98
654	93
655	95
656	97
657	100
658	87
659	86
660	119
661	97
662	102
663	82
664	95
665	85
666	98
667	105
668	97
669	107
670	102
671	102
672	95
673	93
674	99
675	90
676	90
677	103
678	112
679	85
680	94
681	111
682	106
683	81
684	84
685	111
686	96
687	124
688	98
689	97
690	106
691	109
692	98
693	104
694	100
695	96
696	102
697	128
698	111
699	127
700	131
701	117
702	125
703	117
704	131
705	118
706	139
707	98
708	85
709	103
710	124
711	104
712	99
713	117
714	106
715	135
716	126
717	132
718	99
719	118
720	111
721	130
722	103
723	104
724	113
725	118
726	132
727	109
728	113
729	130
730	128
731	132
732	96
733	118
734	118
735	103
736	111
737	132
738	119
739	85
740	147
741	118
742	103
743	114
744	106
745	112
746	106
747	107
748	113
749	128
750	117
751	130
752	131
753	128
754	115
755	105
756	126
757	115
758	124
759	133
760	110
761	137
762	100
763	155
764	158
765	168
766	185
767	241
768	200
769	238
770	310
771	303
772	324
773	336
774	355
775	324
776	294
777	285
778	238
779	216
780	198
781	175
782	165
783	143
784	126
785	146
786	131
787	115
788	109
789	135
790	121
791	115
792	110
793	110
794	114
795	127
796	119
797	125
798	111
799	109
800	110
801	124
802	124
803	120
804	107
805	125
806	118
807	133
808	126
809	120
810	95
811	95
812	118
813	121
814	125
815	139
816	123
817	115
818	119
819	149
820	145
821	142
822	132
823	139
824	116
825	110
826	117
827	115
828	107
829	129
830	113
831	132
832	109
833	123
834	147
835	138
836	134
837	136
838	137
839	133
840	132
841	109
842	144
843	139
844	140
845	115
846	127
847	124
848	116
849	140
850	139
851	135
852	121
853	143
854	155
855	158
856	144
857	196
858	177
859	167
860	182
861	184
862	186
863	191
864	212
865	206
866	208
867	210
868	197
869	225
870	189
871	181
872	183
873	217
874	208
875	178
876	191
877	181
878	230
879	209
880	225
881	244
882	272
883	259
884	265
885	257
886	309
887	341
888	298
889	310
890	372
891	358
892	390
893	405
894	436
895	447
896	426
897	442
898	469
899	473
900	469
901	484
902	450
903	436
904	464
905	449
906	396
907	455
908	407
909	391
910	416
911	354
912	344
913	315
914	347
915	300
916	267
917	276
918	286
919	275
920	228
921	244
922	236
923	191
924	207
925	191
926	180
927	162
928	180
929	165
930	162
931	181
932	153
933	150
934	146
935	161
936	140
937	141
938	128
939	151
940	161
941	157
942	179
943	213
944	235
945	210
946	232
947	303
948	306
949	322
950	357
951	396
952	386
953	375
954	408
955	373
956	378
957	363
958	331
959	299
960	257
961	225
962	228
963	192
964	168
965	139
966	140
967	130
968	137
969	98
970	122
971	123
972	108
973	102
974	105
975	104
976	115
977	115
978	122
979	115
980	102
981	101
982	117
983	113
984	105
985	121
986	135
987	108
988	122
989	104
990	120
991	128
992	116
993	149
994	136
995	138
996	143
997	147
998	135
999	154
1000	144
1001	137
1002	143
1003	133
1004	130
1005	147
1006	155
1007	136
1008	138
1009	136
1010	145
1011	113
1012	166
1013	137
1014	123
1015	128
1016	130
1017	119
1018	138
1019	108
1020	102
1021	103
1022	120
1023	103
1024	97
