Date:	09/05/2018		Time:	00:16		Version no:	0.00		Project name:	55		Sample name:	222		Section name:	section		Position	481.315033	mm	E0	0.000000	keV	E1	1.000000	keV/channel	sample surface	6.469131	cm	Tube anode:	Mo		Tube voltage:	30	kV	Tube current:	50	mA	gain	10		std. database			resultfile	result		matrix element	11		sample thickness	1.000000		air passage	0.560000	cm	comments	in position		peaking_time	2.200000	m-sec	trigger_threshold	547.363281	V	mca_bin_width	22.090000	no:	number_mca_channels	1024.000000	no:	gap_time	0.150000	m-sec	trigger_peaking_time	0.200000	m-sec	GAINDAC	18610		HIGHGAIN	1		TAURC	1		RCTAU	1		RCTAUFRAC	1		livetime	9.412500	seconds	runtime	10.000200	seconds	input_count_rate	26434.316069	cps	output_count_rate	21402.771945	cps	triggers	248813	seconds	events_in_run	214032	seconds	channel	content		1	0
2	0
3	0
4	0
5	0
6	0
7	0
8	0
9	0
10	0
11	0
12	0
13	0
14	0
15	0
16	0
17	0
18	0
19	0
20	0
21	0
22	0
23	0
24	0
25	0
26	0
27	0
28	0
29	0
30	0
31	9
32	15
33	18
34	20
35	16
36	12
37	11
38	14
39	12
40	17
41	13
42	11
43	17
44	13
45	16
46	13
47	13
48	14
49	14
50	13
51	15
52	7
53	5
54	9
55	9
56	11
57	6
58	13
59	8
60	17
61	7
62	8
63	12
64	13
65	12
66	10
67	9
68	7
69	4
70	7
71	9
72	8
73	7
74	9
75	5
76	8
77	9
78	5
79	9
80	9
81	8
82	15
83	12
84	10
85	12
86	8
87	6
88	7
89	3
90	7
91	8
92	13
93	17
94	20
95	19
96	23
97	24
98	14
99	9
100	12
101	11
102	4
103	11
104	4
105	9
106	10
107	5
108	10
109	9
110	9
111	7
112	9
113	5
114	10
115	5
116	2
117	7
118	6
119	1
120	5
121	8
122	4
123	4
124	3
125	4
126	7
127	0
128	7
129	4
130	4
131	2
132	6
133	2
134	4
135	5
136	4
137	8
138	4
139	1
140	4
141	2
142	2
143	4
144	1
145	7
146	3
147	5
148	8
149	6
150	6
151	6
152	5
153	1
154	3
155	5
156	8
157	6
158	8
159	8
160	17
161	16
162	22
163	32
164	30
165	26
166	12
167	11
168	9
169	8
170	6
171	7
172	5
173	7
174	8
175	6
176	13
177	10
178	20
179	29
180	42
181	33
182	40
183	44
184	28
185	25
186	15
187	10
188	8
189	7
190	5
191	4
192	4
193	4
194	21
195	26
196	40
197	70
198	149
199	173
200	305
201	366
202	423
203	491
204	419
205	386
206	267
207	216
208	102
209	63
210	31
211	10
212	14
213	13
214	8
215	18
216	28
217	66
218	59
219	73
220	87
221	99
222	66
223	63
224	47
225	36
226	23
227	13
228	10
229	7
230	5
231	4
232	4
233	4
234	3
235	4
236	3
237	2
238	7
239	10
240	13
241	39
242	58
243	81
244	111
245	142
246	173
247	209
248	215
249	185
250	161
251	118
252	105
253	82
254	58
255	47
256	47
257	53
258	38
259	26
260	29
261	19
262	12
263	19
264	12
265	22
266	34
267	61
268	44
269	51
270	69
271	46
272	53
273	50
274	33
275	26
276	20
277	19
278	10
279	9
280	15
281	10
282	12
283	13
284	18
285	7
286	16
287	16
288	27
289	16
290	15
291	20
292	26
293	22
294	21
295	31
296	24
297	18
298	25
299	15
300	24
301	19
302	17
303	16
304	16
305	17
306	14
307	13
308	9
309	16
310	12
311	14
312	6
313	14
314	19
315	13
316	22
317	30
318	30
319	66
320	84
321	89
322	119
323	161
324	121
325	146
326	101
327	82
328	52
329	52
330	46
331	39
332	28
333	35
334	24
335	34
336	37
337	42
338	49
339	90
340	147
341	268
342	467
343	911
344	1545
345	2615
346	3946
347	5596
348	7443
349	8974
350	9856
351	10406
352	9881
353	8465
354	7042
355	5273
356	3449
357	2289
358	1381
359	742
360	439
361	223
362	109
363	65
364	51
365	43
366	39
367	44
368	43
369	40
370	57
371	54
372	46
373	64
374	77
375	84
376	90
377	122
378	179
379	259
380	390
381	605
382	813
383	1038
384	1362
385	1508
386	1667
387	1676
388	1613
389	1429
390	1130
391	823
392	581
393	423
394	258
395	164
396	88
397	52
398	46
399	42
400	27
401	28
402	29
403	26
404	41
405	30
406	33
407	41
408	41
409	46
410	37
411	39
412	36
413	35
414	21
415	34
416	25
417	34
418	43
419	32
420	24
421	29
422	20
423	29
424	34
425	30
426	34
427	32
428	39
429	37
430	33
431	34
432	33
433	40
434	36
435	39
436	50
437	59
438	59
439	66
440	70
441	69
442	70
443	69
444	75
445	65
446	60
447	62
448	59
449	47
450	54
451	52
452	61
453	54
454	54
455	73
456	66
457	70
458	72
459	90
460	80
461	96
462	82
463	74
464	62
465	52
466	54
467	60
468	72
469	65
470	60
471	78
472	60
473	61
474	75
475	68
476	44
477	69
478	54
479	55
480	59
481	60
482	43
483	56
484	54
485	64
486	55
487	63
488	60
489	50
490	59
491	58
492	53
493	45
494	61
495	62
496	56
497	56
498	68
499	60
500	61
501	81
502	59
503	70
504	73
505	89
506	75
507	61
508	72
509	67
510	76
511	70
512	71
513	91
514	63
515	69
516	54
517	59
518	68
519	72
520	69
521	92
522	64
523	79
524	79
525	87
526	105
527	85
528	86
529	86
530	79
531	87
532	91
533	76
534	74
535	95
536	77
537	86
538	66
539	71
540	74
541	75
542	78
543	71
544	76
545	72
546	75
547	63
548	56
549	64
550	78
551	74
552	68
553	74
554	70
555	80
556	64
557	58
558	85
559	53
560	79
561	65
562	81
563	70
564	53
565	64
566	77
567	69
568	75
569	66
570	62
571	67
572	76
573	71
574	78
575	70
576	79
577	85
578	82
579	85
580	71
581	78
582	80
583	85
584	72
585	83
586	75
587	82
588	71
589	90
590	74
591	79
592	86
593	72
594	76
595	84
596	81
597	76
598	73
599	80
600	89
601	82
602	82
603	82
604	97
605	74
606	71
607	76
608	76
609	76
610	82
611	108
612	71
613	94
614	93
615	82
616	83
617	100
618	84
619	78
620	102
621	89
622	79
623	100
624	79
625	77
626	96
627	93
628	95
629	93
630	87
631	101
632	96
633	67
634	78
635	90
636	99
637	93
638	102
639	94
640	89
641	112
642	98
643	100
644	94
645	100
646	92
647	82
648	87
649	96
650	96
651	85
652	110
653	106
654	108
655	93
656	97
657	107
658	100
659	95
660	102
661	102
662	92
663	103
664	92
665	99
666	88
667	95
668	108
669	86
670	96
671	91
672	100
673	117
674	98
675	108
676	102
677	97
678	95
679	114
680	93
681	106
682	108
683	89
684	114
685	97
686	78
687	102
688	72
689	106
690	104
691	126
692	104
693	102
694	98
695	105
696	98
697	125
698	114
699	108
700	114
701	103
702	121
703	109
704	115
705	120
706	134
707	126
708	92
709	127
710	108
711	122
712	123
713	93
714	99
715	129
716	109
717	119
718	107
719	96
720	118
721	93
722	82
723	108
724	99
725	113
726	102
727	94
728	107
729	112
730	127
731	113
732	114
733	102
734	115
735	119
736	109
737	137
738	153
739	114
740	107
741	108
742	119
743	121
744	131
745	106
746	113
747	100
748	108
749	121
750	107
751	116
752	108
753	131
754	128
755	116
756	128
757	116
758	131
759	128
760	115
761	130
762	134
763	135
764	121
765	193
766	187
767	227
768	262
769	260
770	305
771	333
772	349
773	368
774	316
775	332
776	326
777	296
778	289
779	269
780	216
781	190
782	186
783	126
784	138
785	146
786	118
787	118
788	120
789	124
790	129
791	121
792	122
793	121
794	111
795	110
796	122
797	108
798	128
799	103
800	145
801	127
802	133
803	117
804	136
805	128
806	132
807	114
808	136
809	124
810	104
811	114
812	126
813	113
814	104
815	117
816	147
817	122
818	125
819	118
820	136
821	115
822	126
823	126
824	121
825	109
826	135
827	138
828	132
829	123
830	137
831	150
832	121
833	126
834	130
835	116
836	138
837	118
838	131
839	147
840	140
841	108
842	126
843	133
844	136
845	126
846	119
847	126
848	133
849	127
850	143
851	162
852	111
853	127
854	129
855	145
856	155
857	173
858	158
859	203
860	176
861	184
862	204
863	210
864	216
865	232
866	214
867	224
868	219
869	193
870	202
871	214
872	196
873	203
874	184
875	206
876	233
877	208
878	206
879	240
880	210
881	226
882	256
883	262
884	260
885	289
886	254
887	313
888	289
889	346
890	352
891	361
892	402
893	389
894	449
895	424
896	440
897	471
898	480
899	463
900	476
901	473
902	439
903	479
904	483
905	420
906	422
907	427
908	390
909	388
910	391
911	367
912	376
913	313
914	340
915	338
916	293
917	264
918	279
919	251
920	257
921	235
922	235
923	200
924	212
925	187
926	171
927	180
928	177
929	180
930	179
931	161
932	133
933	159
934	143
935	149
936	161
937	166
938	133
939	149
940	169
941	182
942	178
943	190
944	208
945	219
946	279
947	250
948	297
949	334
950	362
951	392
952	357
953	424
954	391
955	399
956	377
957	328
958	294
959	311
960	293
961	268
962	250
963	207
964	163
965	163
966	138
967	143
968	130
969	128
970	112
971	107
972	114
973	108
974	112
975	99
976	104
977	98
978	136
979	128
980	120
981	121
982	104
983	138
984	113
985	110
986	116
987	114
988	130
989	119
990	135
991	129
992	134
993	157
994	146
995	117
996	136
997	127
998	147
999	139
1000	160
1001	143
1002	124
1003	166
1004	140
1005	163
1006	163
1007	140
1008	151
1009	140
1010	135
1011	129
1012	141
1013	138
1014	143
1015	135
1016	123
1017	130
1018	105
1019	123
1020	114
1021	118
1022	116
1023	106
1024	125
