Date:	08/05/2018		Time:	23:59		Version no:	0.00		Project name:	55		Sample name:	222		Section name:	section		Position	462.915039	mm	E0	0.000000	keV	E1	1.000000	keV/channel	sample surface	6.454479	cm	Tube anode:	Mo		Tube voltage:	30	kV	Tube current:	50	mA	gain	10		std. database			resultfile	result		matrix element	11		sample thickness	1.000000		air passage	0.560000	cm	comments	in position		peaking_time	2.200000	m-sec	trigger_threshold	547.363281	V	mca_bin_width	22.090000	no:	number_mca_channels	1024.000000	no:	gap_time	0.150000	m-sec	trigger_peaking_time	0.200000	m-sec	GAINDAC	18610		HIGHGAIN	1		TAURC	1		RCTAU	1		RCTAUFRAC	1		livetime	9.431733	seconds	runtime	10.000007	seconds	input_count_rate	25372.538119	cps	output_count_rate	20670.385117	cps	triggers	239307	seconds	events_in_run	206704	seconds	channel	content		1	0
2	0
3	0
4	0
5	0
6	0
7	0
8	0
9	0
10	0
11	0
12	0
13	0
14	0
15	0
16	0
17	0
18	0
19	0
20	0
21	0
22	0
23	0
24	0
25	0
26	0
27	0
28	0
29	0
30	0
31	12
32	16
33	17
34	9
35	14
36	13
37	10
38	14
39	12
40	15
41	10
42	11
43	15
44	6
45	17
46	14
47	11
48	11
49	21
50	14
51	8
52	15
53	11
54	10
55	6
56	12
57	11
58	15
59	14
60	5
61	9
62	11
63	7
64	12
65	7
66	12
67	6
68	5
69	12
70	11
71	4
72	6
73	6
74	7
75	11
76	4
77	7
78	9
79	18
80	10
81	7
82	10
83	16
84	10
85	12
86	9
87	8
88	8
89	6
90	9
91	8
92	9
93	7
94	14
95	22
96	23
97	24
98	14
99	14
100	14
101	6
102	14
103	7
104	11
105	5
106	7
107	4
108	15
109	4
110	10
111	10
112	6
113	5
114	5
115	4
116	9
117	5
118	3
119	2
120	4
121	3
122	7
123	5
124	6
125	6
126	6
127	8
128	2
129	4
130	4
131	3
132	1
133	2
134	3
135	6
136	4
137	2
138	4
139	3
140	4
141	1
142	5
143	7
144	4
145	8
146	5
147	4
148	3
149	6
150	3
151	4
152	6
153	8
154	11
155	8
156	4
157	6
158	13
159	12
160	13
161	18
162	35
163	11
164	28
165	13
166	5
167	9
168	5
169	9
170	3
171	4
172	3
173	2
174	4
175	10
176	8
177	13
178	19
179	14
180	32
181	40
182	32
183	35
184	39
185	23
186	11
187	13
188	8
189	7
190	7
191	1
192	8
193	4
194	14
195	21
196	35
197	61
198	97
199	177
200	216
201	326
202	395
203	399
204	384
205	318
206	202
207	183
208	85
209	52
210	24
211	21
212	15
213	11
214	14
215	24
216	24
217	41
218	48
219	54
220	74
221	61
222	63
223	50
224	42
225	28
226	18
227	12
228	7
229	4
230	4
231	7
232	4
233	1
234	4
235	0
236	7
237	7
238	8
239	9
240	17
241	23
242	54
243	82
244	99
245	179
246	191
247	223
248	242
249	197
250	166
251	129
252	116
253	82
254	62
255	40
256	37
257	45
258	29
259	33
260	20
261	18
262	16
263	7
264	7
265	21
266	23
267	36
268	61
269	54
270	49
271	57
272	53
273	48
274	42
275	30
276	25
277	28
278	13
279	19
280	15
281	14
282	7
283	8
284	16
285	17
286	18
287	12
288	18
289	16
290	13
291	14
292	17
293	23
294	22
295	18
296	22
297	17
298	16
299	14
300	21
301	16
302	14
303	20
304	21
305	12
306	15
307	13
308	15
309	13
310	20
311	16
312	16
313	14
314	15
315	23
316	39
317	35
318	73
319	79
320	149
321	164
322	189
323	182
324	210
325	167
326	152
327	120
328	93
329	72
330	64
331	44
332	35
333	33
334	29
335	29
336	39
337	47
338	51
339	82
340	129
341	226
342	435
343	775
344	1432
345	2256
346	3623
347	5117
348	6700
349	8262
350	9285
351	9650
352	9043
353	7914
354	6605
355	4831
356	3389
357	2181
358	1278
359	698
360	335
361	182
362	102
363	61
364	61
365	46
366	56
367	51
368	34
369	36
370	48
371	48
372	42
373	66
374	60
375	78
376	90
377	134
378	167
379	232
380	359
381	553
382	763
383	989
384	1281
385	1403
386	1557
387	1549
388	1526
389	1243
390	1036
391	860
392	562
393	392
394	237
395	162
396	88
397	58
398	34
399	25
400	32
401	24
402	23
403	29
404	34
405	29
406	29
407	45
408	31
409	52
410	35
411	39
412	26
413	24
414	38
415	41
416	29
417	36
418	39
419	45
420	28
421	31
422	40
423	33
424	25
425	36
426	40
427	30
428	29
429	37
430	41
431	30
432	34
433	34
434	43
435	29
436	60
437	53
438	75
439	84
440	66
441	72
442	69
443	71
444	63
445	64
446	74
447	59
448	51
449	73
450	52
451	68
452	64
453	70
454	65
455	60
456	68
457	90
458	85
459	83
460	94
461	63
462	78
463	67
464	56
465	63
466	60
467	52
468	64
469	56
470	56
471	61
472	71
473	63
474	73
475	69
476	59
477	58
478	64
479	52
480	66
481	53
482	45
483	60
484	65
485	53
486	43
487	44
488	61
489	57
490	60
491	54
492	51
493	54
494	58
495	63
496	66
497	55
498	63
499	51
500	69
501	61
502	67
503	73
504	62
505	80
506	74
507	52
508	85
509	78
510	76
511	92
512	67
513	86
514	60
515	72
516	78
517	79
518	86
519	87
520	76
521	83
522	78
523	86
524	80
525	83
526	96
527	90
528	79
529	87
530	89
531	97
532	97
533	98
534	86
535	80
536	81
537	90
538	75
539	72
540	74
541	82
542	83
543	84
544	80
545	86
546	82
547	70
548	92
549	78
550	86
551	74
552	62
553	74
554	82
555	68
556	79
557	49
558	67
559	71
560	76
561	84
562	76
563	73
564	75
565	79
566	80
567	70
568	79
569	80
570	80
571	86
572	64
573	80
574	81
575	92
576	80
577	73
578	83
579	85
580	88
581	70
582	77
583	91
584	82
585	68
586	86
587	90
588	105
589	81
590	88
591	94
592	89
593	97
594	70
595	97
596	86
597	105
598	100
599	93
600	88
601	91
602	74
603	85
604	91
605	83
606	94
607	94
608	99
609	90
610	91
611	79
612	88
613	100
614	97
615	71
616	107
617	100
618	86
619	105
620	96
621	97
622	91
623	100
624	90
625	97
626	80
627	103
628	98
629	96
630	95
631	77
632	92
633	98
634	89
635	97
636	92
637	91
638	109
639	97
640	102
641	103
642	87
643	99
644	105
645	108
646	116
647	88
648	97
649	89
650	95
651	105
652	86
653	103
654	98
655	111
656	88
657	89
658	91
659	121
660	89
661	99
662	97
663	86
664	99
665	104
666	82
667	75
668	113
669	93
670	88
671	113
672	104
673	86
674	97
675	105
676	96
677	119
678	105
679	105
680	98
681	104
682	116
683	91
684	122
685	118
686	97
687	107
688	113
689	109
690	99
691	95
692	115
693	111
694	116
695	144
696	134
697	119
698	98
699	127
700	98
701	115
702	115
703	113
704	128
705	113
706	128
707	124
708	102
709	87
710	119
711	112
712	131
713	107
714	98
715	111
716	126
717	101
718	120
719	122
720	102
721	105
722	115
723	123
724	113
725	100
726	105
727	128
728	125
729	104
730	136
731	108
732	144
733	135
734	143
735	139
736	124
737	111
738	116
739	122
740	104
741	138
742	107
743	114
744	131
745	113
746	119
747	126
748	146
749	128
750	130
751	105
752	98
753	103
754	134
755	112
756	113
757	127
758	122
759	141
760	108
761	158
762	149
763	148
764	135
765	185
766	209
767	214
768	261
769	281
770	259
771	315
772	315
773	328
774	322
775	338
776	317
777	292
778	264
779	244
780	215
781	169
782	175
783	160
784	150
785	114
786	120
787	114
788	118
789	128
790	122
791	134
792	129
793	120
794	97
795	119
796	119
797	130
798	111
799	126
800	116
801	133
802	111
803	116
804	103
805	134
806	125
807	112
808	102
809	120
810	121
811	130
812	126
813	119
814	137
815	120
816	128
817	127
818	112
819	138
820	125
821	131
822	132
823	137
824	114
825	111
826	139
827	126
828	109
829	140
830	137
831	140
832	133
833	105
834	118
835	154
836	135
837	130
838	130
839	136
840	149
841	135
842	131
843	134
844	117
845	145
846	148
847	131
848	131
849	118
850	135
851	136
852	153
853	142
854	131
855	146
856	177
857	167
858	184
859	184
860	198
861	199
862	209
863	189
864	206
865	214
866	205
867	197
868	195
869	208
870	208
871	172
872	219
873	199
874	214
875	232
876	195
877	208
878	214
879	204
880	234
881	222
882	243
883	266
884	289
885	255
886	301
887	300
888	322
889	336
890	363
891	356
892	378
893	419
894	417
895	465
896	429
897	438
898	443
899	505
900	497
901	453
902	471
903	450
904	479
905	457
906	455
907	447
908	435
909	401
910	399
911	379
912	366
913	360
914	337
915	334
916	315
917	293
918	288
919	245
920	255
921	247
922	224
923	215
924	202
925	174
926	169
927	158
928	170
929	152
930	173
931	164
932	180
933	153
934	129
935	154
936	140
937	136
938	122
939	138
940	149
941	170
942	173
943	151
944	207
945	218
946	239
947	275
948	294
949	305
950	367
951	363
952	384
953	401
954	415
955	389
956	367
957	383
958	319
959	309
960	265
961	284
962	197
963	195
964	173
965	146
966	148
967	120
968	113
969	115
970	121
971	102
972	122
973	98
974	97
975	121
976	109
977	99
978	106
979	112
980	120
981	111
982	107
983	98
984	152
985	114
986	110
987	124
988	124
989	148
990	137
991	124
992	128
993	142
994	132
995	140
996	164
997	160
998	137
999	153
1000	144
1001	148
1002	135
1003	149
1004	155
1005	150
1006	151
1007	154
1008	163
1009	151
1010	167
1011	145
1012	156
1013	134
1014	136
1015	123
1016	107
1017	121
1018	115
1019	128
1020	104
1021	119
1022	119
1023	94
1024	113
