Date:	08/05/2018		Time:	23:47		Version no:	0.00		Project name:	55		Sample name:	222		Section name:	section		Position	449.915039	mm	E0	0.000000	keV	E1	1.000000	keV/channel	sample surface	6.339429	cm	Tube anode:	Mo		Tube voltage:	30	kV	Tube current:	50	mA	gain	10		std. database			resultfile	result		matrix element	11		sample thickness	1.000000		air passage	0.560000	cm	comments	in position		peaking_time	2.200000	m-sec	trigger_threshold	547.363281	V	mca_bin_width	22.090000	no:	number_mca_channels	1024.000000	no:	gap_time	0.150000	m-sec	trigger_peaking_time	0.200000	m-sec	GAINDAC	18610		HIGHGAIN	1		TAURC	1		RCTAU	1		RCTAUFRAC	1		livetime	9.437288	seconds	runtime	10.000493	seconds	input_count_rate	24250.187130	cps	output_count_rate	19880.320298	cps	triggers	228856	seconds	events_in_run	198813	seconds	channel	content		1	0
2	0
3	0
4	0
5	0
6	0
7	0
8	0
9	0
10	0
11	0
12	0
13	0
14	0
15	0
16	0
17	0
18	0
19	0
20	0
21	0
22	0
23	0
24	0
25	0
26	0
27	0
28	0
29	0
30	0
31	16
32	15
33	6
34	12
35	12
36	11
37	18
38	16
39	19
40	15
41	10
42	12
43	11
44	10
45	20
46	15
47	12
48	13
49	12
50	11
51	10
52	3
53	13
54	12
55	12
56	11
57	10
58	16
59	3
60	12
61	5
62	12
63	12
64	11
65	9
66	9
67	3
68	5
69	8
70	9
71	6
72	8
73	8
74	6
75	3
76	11
77	6
78	8
79	8
80	9
81	10
82	12
83	9
84	6
85	11
86	7
87	5
88	3
89	6
90	5
91	11
92	5
93	14
94	8
95	21
96	25
97	24
98	18
99	12
100	9
101	5
102	6
103	5
104	8
105	7
106	12
107	8
108	6
109	6
110	8
111	5
112	4
113	11
114	5
115	4
116	2
117	3
118	5
119	3
120	6
121	5
122	2
123	6
124	5
125	6
126	1
127	8
128	6
129	6
130	4
131	4
132	3
133	4
134	4
135	6
136	5
137	6
138	5
139	3
140	1
141	5
142	3
143	0
144	2
145	6
146	4
147	2
148	1
149	7
150	8
151	5
152	3
153	7
154	6
155	4
156	4
157	9
158	8
159	13
160	15
161	16
162	22
163	24
164	33
165	17
166	18
167	13
168	9
169	3
170	4
171	6
172	6
173	7
174	8
175	4
176	7
177	8
178	11
179	17
180	16
181	18
182	31
183	33
184	27
185	25
186	17
187	18
188	5
189	7
190	9
191	7
192	5
193	6
194	10
195	18
196	29
197	65
198	94
199	144
200	239
201	314
202	342
203	373
204	366
205	275
206	238
207	164
208	77
209	49
210	21
211	5
212	12
213	11
214	10
215	19
216	26
217	25
218	44
219	49
220	60
221	63
222	51
223	56
224	38
225	31
226	15
227	20
228	3
229	2
230	4
231	4
232	4
233	6
234	4
235	7
236	2
237	3
238	5
239	12
240	19
241	26
242	40
243	73
244	66
245	104
246	141
247	183
248	171
249	154
250	137
251	112
252	95
253	75
254	54
255	53
256	41
257	31
258	29
259	25
260	18
261	16
262	11
263	10
264	7
265	15
266	26
267	27
268	35
269	38
270	42
271	46
272	37
273	32
274	33
275	27
276	22
277	26
278	18
279	14
280	10
281	6
282	13
283	14
284	12
285	16
286	12
287	16
288	17
289	10
290	15
291	10
292	15
293	19
294	29
295	18
296	23
297	28
298	22
299	16
300	21
301	15
302	20
303	15
304	15
305	11
306	12
307	10
308	10
309	14
310	20
311	9
312	13
313	16
314	15
315	21
316	22
317	42
318	66
319	73
320	106
321	145
322	154
323	187
324	155
325	165
326	129
327	91
328	59
329	57
330	33
331	38
332	26
333	36
334	26
335	40
336	37
337	43
338	48
339	73
340	118
341	212
342	415
343	714
344	1276
345	2100
346	3306
347	4719
348	6153
349	7211
350	8244
351	8311
352	8009
353	7043
354	5589
355	4167
356	2936
357	1894
358	1088
359	606
360	343
361	170
362	110
363	66
364	61
365	43
366	30
367	36
368	49
369	34
370	47
371	43
372	50
373	81
374	68
375	72
376	106
377	103
378	155
379	240
380	321
381	479
382	624
383	913
384	1111
385	1279
386	1372
387	1336
388	1274
389	1146
390	913
391	698
392	514
393	344
394	213
395	129
396	74
397	46
398	31
399	28
400	27
401	22
402	28
403	30
404	29
405	40
406	38
407	32
408	35
409	39
410	41
411	31
412	29
413	49
414	39
415	34
416	38
417	35
418	40
419	28
420	27
421	35
422	29
423	31
424	37
425	40
426	44
427	30
428	38
429	37
430	33
431	30
432	42
433	34
434	48
435	50
436	43
437	69
438	69
439	58
440	84
441	70
442	79
443	76
444	82
445	76
446	68
447	62
448	53
449	65
450	55
451	47
452	65
453	66
454	63
455	59
456	70
457	84
458	77
459	98
460	83
461	77
462	73
463	78
464	74
465	72
466	55
467	64
468	66
469	49
470	60
471	54
472	60
473	54
474	73
475	47
476	59
477	46
478	52
479	68
480	32
481	62
482	73
483	56
484	57
485	51
486	54
487	60
488	50
489	56
490	59
491	69
492	50
493	63
494	75
495	46
496	73
497	44
498	66
499	50
500	59
501	66
502	73
503	63
504	65
505	79
506	72
507	70
508	72
509	94
510	75
511	76
512	79
513	86
514	83
515	78
516	75
517	70
518	80
519	76
520	71
521	74
522	81
523	108
524	69
525	87
526	93
527	85
528	99
529	100
530	89
531	92
532	90
533	97
534	83
535	102
536	80
537	80
538	76
539	65
540	77
541	77
542	78
543	82
544	83
545	71
546	92
547	86
548	95
549	81
550	72
551	90
552	59
553	63
554	72
555	77
556	73
557	70
558	79
559	74
560	84
561	81
562	72
563	66
564	75
565	81
566	68
567	77
568	65
569	83
570	82
571	84
572	71
573	78
574	67
575	71
576	75
577	81
578	81
579	80
580	91
581	100
582	93
583	82
584	100
585	77
586	79
587	97
588	91
589	86
590	87
591	72
592	87
593	80
594	84
595	85
596	102
597	89
598	87
599	86
600	82
601	94
602	104
603	89
604	97
605	93
606	79
607	89
608	86
609	85
610	96
611	107
612	91
613	88
614	80
615	74
616	100
617	92
618	102
619	99
620	103
621	98
622	89
623	98
624	90
625	82
626	101
627	90
628	108
629	101
630	98
631	95
632	94
633	106
634	106
635	100
636	97
637	99
638	102
639	93
640	98
641	98
642	109
643	98
644	105
645	90
646	110
647	102
648	115
649	109
650	93
651	101
652	114
653	115
654	113
655	112
656	112
657	82
658	124
659	89
660	97
661	119
662	95
663	100
664	95
665	114
666	101
667	113
668	93
669	111
670	107
671	112
672	106
673	119
674	108
675	103
676	93
677	80
678	101
679	122
680	98
681	116
682	107
683	96
684	96
685	103
686	113
687	112
688	117
689	118
690	117
691	98
692	109
693	140
694	117
695	146
696	106
697	136
698	155
699	133
700	127
701	92
702	118
703	126
704	122
705	126
706	128
707	116
708	103
709	126
710	131
711	121
712	108
713	115
714	117
715	109
716	111
717	97
718	118
719	106
720	123
721	126
722	136
723	124
724	111
725	133
726	122
727	135
728	106
729	120
730	112
731	119
732	109
733	125
734	124
735	142
736	125
737	121
738	129
739	114
740	112
741	130
742	112
743	114
744	130
745	111
746	107
747	135
748	136
749	124
750	118
751	138
752	137
753	122
754	118
755	144
756	130
757	148
758	116
759	131
760	145
761	131
762	143
763	147
764	172
765	175
766	185
767	215
768	248
769	279
770	307
771	285
772	339
773	308
774	330
775	325
776	321
777	262
778	261
779	233
780	222
781	191
782	168
783	173
784	152
785	132
786	153
787	147
788	134
789	126
790	109
791	123
792	142
793	135
794	137
795	123
796	135
797	125
798	130
799	131
800	116
801	133
802	125
803	120
804	129
805	136
806	140
807	154
808	139
809	130
810	134
811	120
812	131
813	134
814	134
815	141
816	130
817	164
818	130
819	173
820	148
821	124
822	122
823	135
824	128
825	118
826	127
827	124
828	145
829	146
830	138
831	141
832	121
833	124
834	133
835	150
836	153
837	149
838	136
839	130
840	138
841	145
842	151
843	148
844	170
845	168
846	136
847	163
848	135
849	155
850	126
851	150
852	162
853	173
854	153
855	155
856	165
857	197
858	167
859	188
860	199
861	190
862	205
863	214
864	194
865	209
866	178
867	208
868	209
869	184
870	227
871	183
872	201
873	214
874	227
875	217
876	211
877	247
878	217
879	236
880	248
881	250
882	291
883	294
884	290
885	296
886	319
887	353
888	377
889	364
890	376
891	396
892	389
893	442
894	497
895	462
896	485
897	505
898	517
899	541
900	526
901	544
902	533
903	514
904	542
905	477
906	454
907	491
908	452
909	457
910	427
911	410
912	361
913	416
914	370
915	329
916	311
917	289
918	265
919	262
920	275
921	252
922	234
923	234
924	234
925	197
926	216
927	193
928	213
929	190
930	174
931	152
932	169
933	159
934	137
935	163
936	128
937	158
938	155
939	157
940	173
941	174
942	190
943	194
944	215
945	211
946	270
947	254
948	345
949	346
950	361
951	380
952	407
953	409
954	427
955	376
956	399
957	385
958	371
959	287
960	286
961	240
962	210
963	200
964	180
965	170
966	145
967	137
968	125
969	118
970	129
971	117
972	108
973	107
974	114
975	140
976	117
977	122
978	127
979	136
980	124
981	106
982	131
983	124
984	110
985	146
986	138
987	145
988	108
989	151
990	125
991	129
992	157
993	130
994	144
995	130
996	138
997	175
998	145
999	148
1000	182
1001	175
1002	179
1003	169
1004	157
1005	171
1006	145
1007	171
1008	162
1009	179
1010	171
1011	156
1012	168
1013	150
1014	155
1015	149
1016	147
1017	117
1018	142
1019	136
1020	122
1021	116
1022	126
1023	97
1024	100
