Date:	09/05/2018		Time:	00:27		Version no:	0.00		Project name:	55		Sample name:	222		Section name:	section		Position	492.315033	mm	E0	0.000000	keV	E1	1.000000	keV/channel	sample surface	6.437729	cm	Tube anode:	Mo		Tube voltage:	30	kV	Tube current:	50	mA	gain	10		std. database			resultfile	result		matrix element	11		sample thickness	1.000000		air passage	0.560000	cm	comments	in position		peaking_time	2.200000	m-sec	trigger_threshold	547.363281	V	mca_bin_width	22.090000	no:	number_mca_channels	1024.000000	no:	gap_time	0.150000	m-sec	trigger_peaking_time	0.200000	m-sec	GAINDAC	18610		HIGHGAIN	1		TAURC	1		RCTAU	1		RCTAUFRAC	1		livetime	9.327471	seconds	runtime	10.000491	seconds	input_count_rate	30548.043933	cps	output_count_rate	24068.917735	cps	triggers	284936	seconds	events_in_run	240701	seconds	channel	content		1	0
2	0
3	0
4	0
5	0
6	0
7	0
8	0
9	0
10	0
11	0
12	0
13	0
14	0
15	0
16	0
17	0
18	0
19	0
20	0
21	0
22	0
23	0
24	0
25	0
26	0
27	0
28	0
29	0
30	0
31	13
32	17
33	15
34	14
35	14
36	16
37	13
38	23
39	6
40	13
41	16
42	20
43	14
44	12
45	22
46	10
47	12
48	8
49	13
50	8
51	14
52	13
53	17
54	19
55	14
56	16
57	11
58	13
59	16
60	13
61	7
62	6
63	10
64	12
65	7
66	7
67	11
68	6
69	11
70	10
71	11
72	6
73	8
74	3
75	9
76	6
77	8
78	13
79	10
80	15
81	15
82	13
83	13
84	16
85	16
86	8
87	8
88	11
89	5
90	7
91	14
92	12
93	21
94	22
95	34
96	28
97	40
98	36
99	22
100	11
101	6
102	6
103	9
104	12
105	7
106	7
107	12
108	7
109	16
110	14
111	9
112	6
113	10
114	9
115	12
116	12
117	3
118	8
119	7
120	3
121	9
122	4
123	5
124	7
125	5
126	7
127	8
128	9
129	6
130	7
131	3
132	5
133	3
134	3
135	2
136	4
137	8
138	4
139	2
140	5
141	2
142	4
143	3
144	4
145	4
146	4
147	3
148	1
149	2
150	7
151	8
152	6
153	13
154	6
155	5
156	6
157	3
158	11
159	13
160	7
161	20
162	18
163	20
164	17
165	26
166	12
167	9
168	7
169	9
170	10
171	4
172	5
173	9
174	7
175	2
176	11
177	18
178	24
179	36
180	39
181	46
182	62
183	43
184	52
185	40
186	24
187	13
188	7
189	10
190	5
191	7
192	8
193	7
194	17
195	24
196	42
197	65
198	123
199	169
200	278
201	377
202	439
203	464
204	458
205	359
206	247
207	181
208	99
209	61
210	19
211	17
212	13
213	9
214	18
215	16
216	26
217	38
218	50
219	64
220	77
221	70
222	87
223	50
224	52
225	34
226	25
227	9
228	13
229	6
230	2
231	6
232	5
233	4
234	3
235	7
236	3
237	4
238	11
239	13
240	18
241	29
242	54
243	85
244	110
245	179
246	194
247	229
248	242
249	245
250	196
251	149
252	109
253	97
254	80
255	66
256	52
257	51
258	44
259	38
260	27
261	15
262	22
263	19
264	17
265	26
266	34
267	38
268	40
269	51
270	52
271	67
272	71
273	64
274	52
275	28
276	20
277	12
278	16
279	13
280	18
281	13
282	10
283	14
284	13
285	19
286	18
287	21
288	12
289	26
290	21
291	13
292	29
293	19
294	26
295	20
296	17
297	32
298	26
299	16
300	18
301	23
302	13
303	20
304	17
305	23
306	13
307	21
308	16
309	11
310	17
311	18
312	11
313	17
314	25
315	19
316	36
317	66
318	77
319	93
320	121
321	185
322	177
323	191
324	166
325	154
326	167
327	109
328	101
329	70
330	57
331	34
332	49
333	34
334	41
335	38
336	51
337	45
338	75
339	73
340	157
341	308
342	585
343	978
344	1758
345	2950
346	4495
347	6317
348	8507
349	10035
350	11411
351	11795
352	11098
353	9960
354	7975
355	5878
356	4097
357	2602
358	1551
359	869
360	449
361	238
362	140
363	87
364	47
365	51
366	53
367	62
368	58
369	51
370	52
371	64
372	63
373	75
374	79
375	92
376	115
377	149
378	183
379	249
380	457
381	667
382	906
383	1180
384	1547
385	1802
386	1881
387	1929
388	1727
389	1580
390	1186
391	963
392	694
393	428
394	246
395	199
396	88
397	68
398	35
399	37
400	32
401	33
402	38
403	33
404	30
405	31
406	37
407	47
408	39
409	38
410	50
411	41
412	27
413	39
414	41
415	34
416	35
417	35
418	32
419	45
420	41
421	33
422	31
423	38
424	29
425	22
426	38
427	39
428	35
429	39
430	34
431	42
432	34
433	50
434	51
435	62
436	57
437	59
438	92
439	69
440	77
441	94
442	91
443	69
444	75
445	85
446	81
447	69
448	60
449	63
450	58
451	63
452	68
453	77
454	64
455	91
456	80
457	79
458	90
459	72
460	93
461	85
462	95
463	83
464	65
465	69
466	63
467	68
468	68
469	61
470	64
471	65
472	69
473	74
474	69
475	90
476	74
477	67
478	63
479	53
480	63
481	61
482	50
483	57
484	59
485	63
486	63
487	66
488	67
489	70
490	62
491	56
492	63
493	68
494	63
495	47
496	71
497	65
498	73
499	59
500	58
501	77
502	76
503	74
504	63
505	82
506	68
507	85
508	79
509	75
510	79
511	94
512	82
513	94
514	63
515	83
516	80
517	86
518	83
519	85
520	75
521	81
522	90
523	85
524	94
525	92
526	109
527	87
528	113
529	107
530	101
531	105
532	92
533	114
534	99
535	85
536	100
537	86
538	92
539	74
540	89
541	76
542	83
543	89
544	96
545	80
546	91
547	74
548	88
549	92
550	98
551	85
552	92
553	85
554	76
555	88
556	65
557	72
558	81
559	84
560	79
561	72
562	82
563	80
564	78
565	71
566	77
567	82
568	93
569	77
570	76
571	96
572	88
573	96
574	88
575	89
576	91
577	93
578	75
579	95
580	79
581	97
582	79
583	69
584	101
585	107
586	87
587	89
588	100
589	96
590	94
591	91
592	107
593	82
594	89
595	97
596	72
597	88
598	99
599	100
600	87
601	97
602	90
603	99
604	103
605	104
606	90
607	97
608	112
609	97
610	104
611	102
612	84
613	107
614	90
615	97
616	114
617	117
618	104
619	94
620	109
621	90
622	107
623	104
624	111
625	89
626	104
627	101
628	111
629	106
630	90
631	95
632	95
633	99
634	107
635	111
636	105
637	101
638	113
639	100
640	104
641	93
642	110
643	117
644	111
645	103
646	111
647	108
648	110
649	119
650	97
651	113
652	89
653	100
654	105
655	128
656	128
657	95
658	124
659	119
660	103
661	103
662	96
663	95
664	111
665	112
666	119
667	90
668	103
669	108
670	115
671	126
672	100
673	104
674	106
675	126
676	122
677	107
678	112
679	121
680	106
681	93
682	135
683	116
684	93
685	105
686	124
687	112
688	123
689	135
690	99
691	121
692	128
693	108
694	122
695	133
696	134
697	128
698	124
699	105
700	144
701	105
702	122
703	133
704	131
705	129
706	135
707	139
708	127
709	137
710	132
711	116
712	127
713	122
714	122
715	118
716	123
717	124
718	113
719	133
720	123
721	119
722	131
723	113
724	109
725	121
726	125
727	136
728	125
729	99
730	132
731	123
732	127
733	119
734	136
735	153
736	132
737	120
738	119
739	148
740	129
741	128
742	115
743	116
744	138
745	123
746	131
747	122
748	126
749	134
750	126
751	134
752	128
753	153
754	148
755	115
756	138
757	134
758	146
759	133
760	163
761	130
762	149
763	124
764	160
765	199
766	230
767	172
768	246
769	268
770	319
771	304
772	322
773	337
774	326
775	366
776	275
777	278
778	262
779	237
780	215
781	181
782	181
783	178
784	153
785	137
786	142
787	120
788	147
789	131
790	119
791	122
792	155
793	141
794	133
795	126
796	139
797	120
798	113
799	131
800	118
801	137
802	152
803	128
804	121
805	150
806	171
807	135
808	130
809	130
810	155
811	139
812	145
813	120
814	166
815	138
816	153
817	156
818	129
819	137
820	143
821	131
822	151
823	162
824	153
825	150
826	144
827	129
828	167
829	136
830	148
831	124
832	133
833	138
834	139
835	156
836	149
837	157
838	142
839	144
840	158
841	150
842	155
843	135
844	135
845	141
846	146
847	160
848	154
849	149
850	163
851	154
852	162
853	167
854	178
855	163
856	155
857	190
858	189
859	205
860	215
861	214
862	205
863	215
864	238
865	243
866	201
867	225
868	213
869	191
870	220
871	201
872	226
873	203
874	206
875	213
876	228
877	233
878	250
879	218
880	273
881	310
882	295
883	288
884	303
885	333
886	346
887	365
888	370
889	432
890	419
891	448
892	418
893	469
894	461
895	466
896	527
897	499
898	527
899	534
900	526
901	529
902	548
903	489
904	522
905	532
906	497
907	507
908	464
909	446
910	434
911	471
912	413
913	394
914	391
915	348
916	328
917	337
918	303
919	293
920	276
921	275
922	227
923	245
924	218
925	253
926	204
927	187
928	192
929	215
930	190
931	168
932	186
933	160
934	174
935	165
936	171
937	152
938	172
939	179
940	148
941	177
942	201
943	210
944	229
945	247
946	289
947	285
948	328
949	372
950	400
951	395
952	396
953	428
954	414
955	452
956	399
957	385
958	334
959	326
960	330
961	257
962	245
963	219
964	195
965	201
966	168
967	131
968	160
969	117
970	114
971	138
972	115
973	116
974	138
975	111
976	151
977	128
978	120
979	135
980	127
981	134
982	148
983	123
984	120
985	141
986	140
987	142
988	131
989	131
990	138
991	168
992	137
993	138
994	139
995	144
996	170
997	179
998	193
999	161
1000	186
1001	172
1002	173
1003	166
1004	151
1005	182
1006	197
1007	175
1008	168
1009	173
1010	158
1011	166
1012	159
1013	167
1014	114
1015	151
1016	135
1017	150
1018	142
1019	131
1020	123
1021	121
1022	132
1023	116
1024	132
