Date:	09/05/2018		Time:	00:44		Version no:	0.00		Project name:	55		Sample name:	222		Section name:	section		Position	509.915039	mm	E0	0.000000	keV	E1	1.000000	keV/channel	sample surface	6.301766	cm	Tube anode:	Mo		Tube voltage:	30	kV	Tube current:	50	mA	gain	10		std. database			resultfile	result		matrix element	11		sample thickness	1.000000		air passage	0.560000	cm	comments	in position		peaking_time	2.200000	m-sec	trigger_threshold	547.363281	V	mca_bin_width	22.090000	no:	number_mca_channels	1024.000000	no:	gap_time	0.150000	m-sec	trigger_peaking_time	0.200000	m-sec	GAINDAC	18610		HIGHGAIN	1		TAURC	1		RCTAU	1		RCTAUFRAC	1		livetime	9.365002	seconds	runtime	10.000492	seconds	input_count_rate	27201.597061	cps	output_count_rate	21754.429682	cps	triggers	254743	seconds	events_in_run	217555	seconds	channel	content		1	0
2	0
3	0
4	0
5	0
6	0
7	0
8	0
9	0
10	0
11	0
12	0
13	0
14	0
15	0
16	0
17	0
18	0
19	0
20	0
21	0
22	0
23	0
24	0
25	0
26	0
27	0
28	0
29	0
30	0
31	13
32	12
33	23
34	7
35	17
36	11
37	18
38	12
39	17
40	16
41	11
42	19
43	17
44	12
45	21
46	13
47	13
48	18
49	15
50	15
51	18
52	9
53	11
54	15
55	16
56	10
57	13
58	18
59	10
60	11
61	12
62	12
63	8
64	11
65	11
66	9
67	7
68	11
69	9
70	10
71	5
72	5
73	10
74	4
75	11
76	9
77	7
78	8
79	9
80	11
81	11
82	10
83	15
84	14
85	10
86	10
87	7
88	5
89	10
90	4
91	6
92	18
93	19
94	25
95	27
96	32
97	33
98	26
99	12
100	16
101	8
102	8
103	11
104	7
105	6
106	11
107	5
108	13
109	9
110	16
111	11
112	10
113	7
114	7
115	2
116	4
117	2
118	5
119	5
120	5
121	3
122	10
123	4
124	4
125	7
126	3
127	3
128	9
129	3
130	4
131	5
132	4
133	1
134	1
135	6
136	2
137	5
138	8
139	2
140	3
141	3
142	6
143	3
144	1
145	6
146	2
147	1
148	2
149	2
150	5
151	7
152	3
153	2
154	4
155	6
156	8
157	5
158	12
159	13
160	13
161	25
162	22
163	28
164	29
165	22
166	21
167	13
168	9
169	2
170	3
171	6
172	5
173	7
174	11
175	5
176	7
177	13
178	16
179	19
180	33
181	40
182	47
183	53
184	38
185	28
186	24
187	15
188	11
189	9
190	2
191	4
192	7
193	7
194	14
195	27
196	40
197	73
198	125
199	177
200	251
201	358
202	412
203	442
204	409
205	352
206	254
207	170
208	91
209	42
210	32
211	21
212	11
213	13
214	12
215	17
216	23
217	43
218	41
219	60
220	70
221	71
222	65
223	48
224	39
225	32
226	12
227	11
228	8
229	9
230	6
231	2
232	4
233	5
234	5
235	4
236	3
237	6
238	7
239	8
240	14
241	25
242	47
243	74
244	109
245	151
246	208
247	229
248	201
249	196
250	168
251	160
252	108
253	75
254	52
255	51
256	40
257	39
258	32
259	23
260	23
261	11
262	13
263	13
264	11
265	26
266	19
267	30
268	42
269	53
270	55
271	53
272	51
273	51
274	47
275	26
276	31
277	22
278	18
279	17
280	12
281	12
282	10
283	17
284	14
285	11
286	16
287	18
288	14
289	20
290	22
291	20
292	24
293	24
294	18
295	22
296	17
297	20
298	25
299	18
300	17
301	16
302	20
303	16
304	18
305	11
306	22
307	8
308	21
309	10
310	20
311	16
312	22
313	19
314	18
315	22
316	29
317	40
318	37
319	54
320	79
321	85
322	89
323	84
324	87
325	98
326	91
327	62
328	50
329	49
330	46
331	31
332	29
333	25
334	31
335	29
336	37
337	37
338	47
339	86
340	121
341	209
342	429
343	761
344	1345
345	2220
346	3471
347	4866
348	6257
349	7654
350	8822
351	8967
352	8345
353	7431
354	5848
355	4454
356	3020
357	1922
358	1143
359	645
360	334
361	196
362	97
363	77
364	46
365	41
366	39
367	52
368	49
369	47
370	45
371	57
372	51
373	46
374	65
375	72
376	113
377	114
378	186
379	227
380	331
381	510
382	693
383	943
384	1103
385	1360
386	1437
387	1482
388	1392
389	1230
390	1054
391	740
392	502
393	330
394	247
395	123
396	57
397	62
398	36
399	39
400	34
401	38
402	34
403	36
404	37
405	39
406	43
407	31
408	44
409	34
410	41
411	39
412	34
413	32
414	44
415	41
416	32
417	47
418	29
419	29
420	28
421	37
422	24
423	35
424	32
425	38
426	38
427	26
428	42
429	40
430	35
431	43
432	39
433	39
434	53
435	47
436	51
437	62
438	75
439	79
440	87
441	90
442	102
443	72
444	97
445	76
446	83
447	61
448	67
449	60
450	67
451	67
452	79
453	71
454	76
455	81
456	79
457	100
458	94
459	81
460	99
461	94
462	85
463	74
464	72
465	71
466	78
467	85
468	71
469	69
470	85
471	86
472	77
473	77
474	60
475	79
476	68
477	79
478	66
479	82
480	66
481	55
482	51
483	62
484	60
485	62
486	63
487	65
488	76
489	68
490	59
491	69
492	64
493	65
494	61
495	54
496	70
497	62
498	59
499	100
500	79
501	62
502	70
503	80
504	82
505	81
506	85
507	116
508	79
509	95
510	79
511	71
512	82
513	65
514	91
515	76
516	87
517	91
518	86
519	100
520	87
521	92
522	98
523	114
524	107
525	97
526	104
527	116
528	112
529	85
530	100
531	104
532	93
533	93
534	92
535	112
536	81
537	84
538	81
539	91
540	81
541	113
542	77
543	81
544	90
545	87
546	91
547	93
548	92
549	90
550	96
551	77
552	81
553	82
554	85
555	78
556	93
557	78
558	79
559	95
560	71
561	83
562	100
563	84
564	67
565	97
566	91
567	78
568	90
569	82
570	80
571	68
572	82
573	74
574	87
575	88
576	89
577	79
578	91
579	84
580	76
581	90
582	95
583	81
584	93
585	101
586	90
587	98
588	98
589	106
590	99
591	101
592	107
593	98
594	111
595	112
596	104
597	109
598	100
599	104
600	112
601	96
602	85
603	114
604	103
605	94
606	104
607	106
608	104
609	126
610	115
611	110
612	113
613	108
614	118
615	98
616	113
617	109
618	98
619	102
620	105
621	109
622	108
623	119
624	103
625	117
626	95
627	99
628	112
629	101
630	92
631	114
632	111
633	101
634	91
635	110
636	114
637	96
638	103
639	94
640	121
641	106
642	117
643	116
644	128
645	112
646	119
647	116
648	133
649	121
650	104
651	115
652	117
653	125
654	110
655	129
656	116
657	134
658	126
659	113
660	116
661	105
662	111
663	115
664	108
665	117
666	114
667	120
668	115
669	111
670	121
671	122
672	122
673	112
674	119
675	113
676	120
677	122
678	131
679	128
680	139
681	122
682	151
683	114
684	134
685	128
686	116
687	109
688	120
689	107
690	133
691	146
692	129
693	113
694	132
695	132
696	132
697	128
698	137
699	135
700	132
701	128
702	133
703	149
704	119
705	137
706	145
707	150
708	117
709	128
710	123
711	134
712	142
713	126
714	148
715	135
716	134
717	138
718	144
719	136
720	119
721	156
722	162
723	131
724	126
725	135
726	134
727	140
728	128
729	165
730	161
731	136
732	118
733	163
734	134
735	143
736	143
737	152
738	117
739	128
740	146
741	165
742	156
743	138
744	138
745	129
746	167
747	138
748	147
749	141
750	147
751	141
752	145
753	147
754	154
755	156
756	143
757	158
758	121
759	138
760	172
761	157
762	151
763	170
764	188
765	182
766	239
767	234
768	293
769	300
770	312
771	343
772	356
773	363
774	330
775	345
776	327
777	302
778	275
779	286
780	206
781	230
782	194
783	173
784	154
785	165
786	148
787	145
788	151
789	147
790	144
791	136
792	145
793	134
794	145
795	137
796	127
797	155
798	141
799	130
800	140
801	155
802	129
803	134
804	142
805	129
806	157
807	151
808	154
809	142
810	148
811	143
812	152
813	147
814	160
815	159
816	155
817	148
818	150
819	139
820	153
821	170
822	158
823	167
824	139
825	136
826	147
827	133
828	136
829	167
830	164
831	156
832	147
833	174
834	165
835	151
836	151
837	147
838	167
839	135
840	151
841	159
842	159
843	144
844	170
845	172
846	185
847	164
848	159
849	167
850	169
851	169
852	190
853	180
854	188
855	184
856	191
857	197
858	221
859	219
860	217
861	231
862	216
863	225
864	221
865	242
866	223
867	220
868	238
869	253
870	199
871	243
872	251
873	227
874	241
875	247
876	238
877	247
878	287
879	263
880	296
881	303
882	273
883	321
884	339
885	328
886	341
887	368
888	438
889	435
890	470
891	489
892	470
893	504
894	498
895	560
896	570
897	586
898	562
899	572
900	597
901	638
902	573
903	563
904	555
905	569
906	565
907	579
908	491
909	529
910	489
911	448
912	455
913	436
914	428
915	401
916	355
917	342
918	361
919	295
920	283
921	272
922	256
923	263
924	273
925	237
926	217
927	213
928	224
929	198
930	202
931	228
932	160
933	165
934	176
935	201
936	191
937	170
938	191
939	180
940	201
941	220
942	200
943	227
944	241
945	273
946	301
947	298
948	344
949	351
950	377
951	411
952	459
953	451
954	442
955	454
956	457
957	418
958	374
959	341
960	303
961	269
962	275
963	223
964	215
965	172
966	158
967	173
968	139
969	153
970	135
971	139
972	148
973	132
974	151
975	136
976	150
977	113
978	143
979	113
980	167
981	147
982	142
983	166
984	131
985	150
986	141
987	157
988	144
989	162
990	151
991	183
992	151
993	155
994	186
995	170
996	145
997	175
998	184
999	168
1000	204
1001	196
1002	195
1003	174
1004	192
1005	185
1006	220
1007	195
1008	188
1009	160
1010	187
1011	168
1012	162
1013	159
1014	151
1015	176
1016	144
1017	151
1018	175
1019	159
1020	152
1021	122
1022	134
1023	118
1024	120
