Date:	08/05/2018		Time:	23:45		Version no:	0.00		Project name:	55		Sample name:	222		Section name:	section		Position	447.915039	mm	E0	0.000000	keV	E1	1.000000	keV/channel	sample surface	6.323420	cm	Tube anode:	Mo		Tube voltage:	30	kV	Tube current:	50	mA	gain	10		std. database			resultfile	result		matrix element	11		sample thickness	1.000000		air passage	0.560000	cm	comments	in position		peaking_time	2.200000	m-sec	trigger_threshold	547.363281	V	mca_bin_width	22.090000	no:	number_mca_channels	1024.000000	no:	gap_time	0.150000	m-sec	trigger_peaking_time	0.200000	m-sec	GAINDAC	18610		HIGHGAIN	1		TAURC	1		RCTAU	1		RCTAUFRAC	1		livetime	9.408613	seconds	runtime	10.000493	seconds	input_count_rate	25944.951205	cps	output_count_rate	21030.863599	cps	triggers	244106	seconds	events_in_run	210319	seconds	channel	content		1	0
2	0
3	0
4	0
5	0
6	0
7	0
8	0
9	0
10	0
11	0
12	0
13	0
14	0
15	0
16	0
17	0
18	0
19	0
20	0
21	0
22	0
23	0
24	0
25	0
26	0
27	0
28	0
29	0
30	0
31	6
32	13
33	15
34	16
35	7
36	10
37	18
38	15
39	17
40	16
41	8
42	13
43	8
44	17
45	15
46	12
47	11
48	16
49	14
50	13
51	22
52	15
53	14
54	13
55	10
56	12
57	8
58	19
59	11
60	14
61	10
62	6
63	9
64	14
65	8
66	11
67	8
68	8
69	10
70	12
71	9
72	7
73	4
74	2
75	12
76	6
77	11
78	7
79	6
80	15
81	17
82	9
83	9
84	14
85	14
86	13
87	6
88	5
89	5
90	5
91	9
92	6
93	8
94	14
95	14
96	25
97	15
98	16
99	10
100	14
101	7
102	11
103	6
104	6
105	11
106	9
107	4
108	12
109	9
110	8
111	7
112	1
113	6
114	7
115	4
116	0
117	5
118	6
119	4
120	8
121	6
122	5
123	3
124	3
125	8
126	5
127	9
128	2
129	4
130	9
131	5
132	6
133	5
134	6
135	11
136	3
137	3
138	3
139	5
140	4
141	3
142	5
143	6
144	5
145	3
146	4
147	2
148	3
149	6
150	8
151	4
152	3
153	5
154	4
155	4
156	5
157	10
158	7
159	14
160	21
161	25
162	16
163	20
164	29
165	19
166	15
167	14
168	7
169	4
170	5
171	7
172	8
173	3
174	9
175	8
176	8
177	7
178	16
179	19
180	26
181	34
182	27
183	23
184	27
185	25
186	12
187	13
188	5
189	7
190	6
191	7
192	6
193	7
194	2
195	18
196	28
197	42
198	97
199	126
200	222
201	265
202	328
203	355
204	302
205	285
206	207
207	110
208	76
209	54
210	21
211	19
212	13
213	5
214	13
215	16
216	22
217	36
218	44
219	52
220	61
221	60
222	64
223	38
224	37
225	20
226	12
227	7
228	7
229	9
230	3
231	7
232	5
233	3
234	3
235	3
236	5
237	6
238	8
239	14
240	17
241	21
242	42
243	62
244	87
245	138
246	140
247	195
248	184
249	156
250	169
251	116
252	81
253	74
254	62
255	41
256	55
257	48
258	33
259	30
260	27
261	16
262	20
263	12
264	10
265	21
266	17
267	33
268	31
269	42
270	52
271	51
272	58
273	52
274	47
275	35
276	24
277	21
278	12
279	17
280	9
281	12
282	10
283	7
284	12
285	11
286	20
287	10
288	10
289	12
290	17
291	20
292	17
293	21
294	17
295	21
296	32
297	14
298	19
299	19
300	13
301	13
302	19
303	17
304	19
305	16
306	11
307	15
308	23
309	17
310	12
311	11
312	13
313	10
314	26
315	22
316	20
317	55
318	71
319	108
320	124
321	164
322	230
323	218
324	230
325	210
326	193
327	140
328	107
329	70
330	39
331	41
332	30
333	23
334	32
335	25
336	38
337	55
338	56
339	73
340	120
341	237
342	422
343	789
344	1322
345	2259
346	3523
347	5013
348	6515
349	8021
350	9163
351	9284
352	8635
353	7559
354	6273
355	4591
356	3241
357	2096
358	1231
359	712
360	336
361	194
362	107
363	74
364	72
365	52
366	48
367	46
368	45
369	42
370	52
371	61
372	49
373	61
374	79
375	82
376	94
377	123
378	177
379	248
380	379
381	521
382	717
383	916
384	1188
385	1358
386	1559
387	1562
388	1450
389	1243
390	1109
391	823
392	531
393	362
394	210
395	110
396	83
397	46
398	53
399	35
400	26
401	35
402	21
403	23
404	33
405	29
406	37
407	45
408	41
409	42
410	48
411	38
412	36
413	38
414	35
415	27
416	29
417	34
418	36
419	31
420	37
421	32
422	32
423	34
424	26
425	38
426	38
427	36
428	42
429	38
430	42
431	34
432	44
433	42
434	44
435	51
436	53
437	56
438	57
439	59
440	101
441	55
442	75
443	69
444	79
445	75
446	77
447	63
448	74
449	66
450	66
451	68
452	64
453	72
454	67
455	89
456	59
457	77
458	78
459	88
460	81
461	72
462	81
463	64
464	72
465	54
466	69
467	49
468	61
469	66
470	57
471	41
472	69
473	62
474	62
475	75
476	75
477	59
478	63
479	58
480	63
481	55
482	54
483	48
484	62
485	53
486	62
487	68
488	70
489	63
490	60
491	67
492	45
493	69
494	59
495	67
496	66
497	72
498	61
499	77
500	64
501	79
502	79
503	53
504	75
505	89
506	84
507	65
508	73
509	93
510	99
511	83
512	66
513	88
514	100
515	87
516	97
517	90
518	68
519	74
520	81
521	95
522	103
523	87
524	95
525	99
526	92
527	99
528	81
529	107
530	99
531	95
532	99
533	88
534	99
535	100
536	76
537	81
538	71
539	88
540	80
541	88
542	90
543	89
544	77
545	83
546	83
547	91
548	80
549	85
550	67
551	78
552	87
553	63
554	81
555	68
556	66
557	67
558	91
559	82
560	79
561	89
562	55
563	84
564	87
565	73
566	81
567	62
568	75
569	87
570	76
571	79
572	75
573	102
574	94
575	87
576	95
577	84
578	80
579	96
580	94
581	79
582	84
583	98
584	83
585	81
586	93
587	74
588	101
589	90
590	112
591	93
592	102
593	101
594	84
595	103
596	94
597	97
598	90
599	103
600	90
601	88
602	83
603	104
604	114
605	96
606	95
607	91
608	96
609	99
610	88
611	101
612	99
613	99
614	104
615	113
616	95
617	103
618	89
619	99
620	96
621	110
622	91
623	89
624	113
625	118
626	89
627	101
628	109
629	105
630	96
631	103
632	104
633	104
634	94
635	101
636	98
637	81
638	97
639	102
640	111
641	112
642	115
643	119
644	97
645	88
646	106
647	104
648	96
649	119
650	136
651	114
652	106
653	108
654	100
655	114
656	133
657	124
658	121
659	109
660	102
661	93
662	101
663	103
664	116
665	109
666	113
667	112
668	111
669	111
670	97
671	118
672	105
673	121
674	132
675	106
676	116
677	107
678	113
679	121
680	96
681	107
682	113
683	118
684	99
685	100
686	114
687	104
688	109
689	104
690	114
691	98
692	123
693	125
694	117
695	118
696	129
697	128
698	130
699	130
700	137
701	135
702	141
703	134
704	116
705	129
706	114
707	111
708	126
709	110
710	121
711	106
712	120
713	124
714	131
715	112
716	132
717	117
718	131
719	127
720	116
721	127
722	120
723	132
724	129
725	127
726	115
727	113
728	127
729	115
730	124
731	122
732	138
733	126
734	145
735	136
736	127
737	134
738	129
739	143
740	140
741	134
742	121
743	132
744	119
745	118
746	122
747	129
748	132
749	122
750	124
751	140
752	135
753	103
754	138
755	136
756	142
757	119
758	124
759	156
760	133
761	141
762	128
763	146
764	171
765	178
766	197
767	182
768	213
769	241
770	246
771	258
772	261
773	309
774	307
775	281
776	267
777	242
778	244
779	194
780	186
781	180
782	160
783	163
784	147
785	162
786	123
787	130
788	142
789	128
790	130
791	147
792	134
793	133
794	120
795	145
796	135
797	130
798	134
799	125
800	138
801	118
802	131
803	128
804	119
805	145
806	126
807	135
808	125
809	152
810	131
811	145
812	135
813	162
814	164
815	135
816	135
817	143
818	143
819	127
820	139
821	162
822	144
823	137
824	142
825	137
826	147
827	135
828	179
829	144
830	130
831	130
832	140
833	134
834	119
835	144
836	143
837	154
838	136
839	135
840	140
841	142
842	152
843	156
844	150
845	153
846	169
847	159
848	150
849	141
850	156
851	152
852	125
853	167
854	169
855	156
856	165
857	165
858	195
859	176
860	171
861	208
862	201
863	181
864	204
865	193
866	180
867	192
868	211
869	220
870	210
871	181
872	212
873	219
874	202
875	222
876	208
877	253
878	232
879	258
880	249
881	274
882	295
883	287
884	306
885	346
886	338
887	367
888	372
889	430
890	418
891	463
892	449
893	487
894	464
895	518
896	533
897	526
898	522
899	530
900	561
901	528
902	594
903	518
904	570
905	499
906	489
907	513
908	500
909	483
910	442
911	425
912	422
913	378
914	398
915	331
916	356
917	317
918	304
919	265
920	290
921	260
922	257
923	241
924	240
925	196
926	207
927	166
928	185
929	169
930	182
931	172
932	145
933	165
934	160
935	178
936	163
937	138
938	162
939	165
940	177
941	168
942	178
943	165
944	226
945	223
946	241
947	284
948	338
949	366
950	354
951	380
952	378
953	424
954	407
955	391
956	391
957	381
958	328
959	290
960	291
961	259
962	217
963	186
964	189
965	159
966	167
967	128
968	119
969	116
970	115
971	126
972	114
973	135
974	126
975	114
976	133
977	111
978	127
979	117
980	118
981	123
982	121
983	142
984	142
985	124
986	126
987	107
988	141
989	131
990	147
991	173
992	152
993	155
994	164
995	183
996	140
997	167
998	171
999	187
1000	157
1001	170
1002	164
1003	192
1004	163
1005	144
1006	180
1007	186
1008	168
1009	152
1010	174
1011	165
1012	166
1013	141
1014	138
1015	142
1016	148
1017	152
1018	136
1019	112
1020	130
1021	139
1022	122
1023	109
1024	109
