Date:	08/05/2018		Time:	23:59		Version no:	0.00		Project name:	55		Sample name:	222		Section name:	section		Position	463.115021	mm	E0	0.000000	keV	E1	1.000000	keV/channel	sample surface	6.457638	cm	Tube anode:	Mo		Tube voltage:	30	kV	Tube current:	50	mA	gain	10		std. database			resultfile	result		matrix element	11		sample thickness	1.000000		air passage	0.560000	cm	comments	in position		peaking_time	2.200000	m-sec	trigger_threshold	547.363281	V	mca_bin_width	22.090000	no:	number_mca_channels	1024.000000	no:	gap_time	0.150000	m-sec	trigger_peaking_time	0.200000	m-sec	GAINDAC	18610		HIGHGAIN	1		TAURC	1		RCTAU	1		RCTAUFRAC	1		livetime	9.413343	seconds	runtime	10.000496	seconds	input_count_rate	26513.322068	cps	output_count_rate	21462.435463	cps	triggers	249579	seconds	events_in_run	214635	seconds	channel	content		1	0
2	0
3	0
4	0
5	0
6	0
7	0
8	0
9	0
10	0
11	0
12	0
13	0
14	0
15	0
16	0
17	0
18	0
19	0
20	0
21	0
22	0
23	0
24	0
25	0
26	0
27	0
28	0
29	0
30	0
31	10
32	14
33	15
34	10
35	11
36	10
37	11
38	11
39	14
40	18
41	11
42	16
43	9
44	10
45	9
46	6
47	11
48	15
49	16
50	9
51	10
52	9
53	10
54	11
55	18
56	13
57	7
58	10
59	11
60	16
61	6
62	10
63	9
64	9
65	11
66	10
67	8
68	9
69	11
70	7
71	11
72	9
73	6
74	3
75	11
76	6
77	7
78	10
79	15
80	15
81	10
82	14
83	14
84	10
85	7
86	10
87	4
88	5
89	12
90	1
91	5
92	8
93	12
94	21
95	20
96	30
97	25
98	21
99	18
100	12
101	8
102	8
103	5
104	10
105	5
106	10
107	7
108	6
109	4
110	8
111	7
112	8
113	6
114	5
115	5
116	5
117	8
118	1
119	4
120	7
121	1
122	6
123	3
124	5
125	6
126	9
127	5
128	5
129	7
130	3
131	2
132	3
133	3
134	4
135	4
136	4
137	2
138	6
139	1
140	5
141	4
142	4
143	3
144	4
145	2
146	5
147	4
148	2
149	4
150	7
151	4
152	6
153	8
154	5
155	3
156	5
157	9
158	10
159	11
160	16
161	27
162	20
163	23
164	23
165	18
166	17
167	10
168	3
169	5
170	3
171	3
172	7
173	9
174	10
175	10
176	8
177	14
178	21
179	21
180	40
181	32
182	39
183	46
184	25
185	27
186	18
187	15
188	13
189	7
190	6
191	7
192	2
193	5
194	7
195	28
196	31
197	67
198	111
199	191
200	269
201	370
202	459
203	433
204	416
205	332
206	279
207	181
208	123
209	45
210	31
211	24
212	10
213	12
214	13
215	17
216	22
217	33
218	54
219	62
220	58
221	88
222	59
223	65
224	44
225	31
226	21
227	17
228	7
229	8
230	4
231	10
232	3
233	2
234	2
235	4
236	8
237	5
238	8
239	15
240	17
241	35
242	45
243	83
244	115
245	179
246	223
247	218
248	254
249	218
250	179
251	149
252	122
253	98
254	86
255	46
256	46
257	40
258	31
259	21
260	21
261	21
262	18
263	16
264	19
265	23
266	19
267	33
268	57
269	42
270	52
271	65
272	69
273	59
274	49
275	44
276	27
277	20
278	10
279	17
280	12
281	7
282	13
283	18
284	7
285	17
286	15
287	8
288	16
289	19
290	18
291	23
292	13
293	25
294	22
295	23
296	19
297	16
298	28
299	18
300	28
301	16
302	20
303	11
304	16
305	24
306	17
307	13
308	16
309	16
310	13
311	18
312	18
313	20
314	15
315	23
316	36
317	46
318	80
319	113
320	161
321	159
322	186
323	228
324	208
325	186
326	153
327	147
328	88
329	77
330	56
331	38
332	28
333	42
334	33
335	44
336	46
337	54
338	55
339	84
340	133
341	252
342	477
343	953
344	1508
345	2539
346	3860
347	5563
348	7437
349	9057
350	9899
351	10428
352	9933
353	8380
354	6908
355	5258
356	3699
357	2325
358	1403
359	802
360	456
361	238
362	114
363	91
364	60
365	54
366	52
367	43
368	49
369	59
370	44
371	49
372	61
373	49
374	70
375	83
376	98
377	117
378	173
379	271
380	364
381	574
382	768
383	978
384	1248
385	1555
386	1641
387	1652
388	1617
389	1385
390	1098
391	818
392	611
393	394
394	280
395	166
396	89
397	60
398	36
399	34
400	35
401	36
402	29
403	42
404	28
405	43
406	29
407	35
408	37
409	30
410	53
411	37
412	31
413	26
414	26
415	28
416	32
417	29
418	31
419	28
420	39
421	29
422	22
423	37
424	40
425	30
426	34
427	45
428	48
429	39
430	38
431	46
432	35
433	43
434	58
435	57
436	60
437	72
438	58
439	62
440	81
441	84
442	106
443	99
444	60
445	72
446	66
447	62
448	64
449	58
450	72
451	54
452	65
453	65
454	71
455	80
456	95
457	93
458	80
459	95
460	84
461	86
462	75
463	75
464	74
465	75
466	56
467	51
468	51
469	65
470	62
471	71
472	68
473	89
474	65
475	65
476	62
477	64
478	58
479	64
480	46
481	43
482	59
483	50
484	57
485	49
486	74
487	53
488	66
489	62
490	53
491	52
492	77
493	55
494	62
495	64
496	52
497	62
498	62
499	65
500	72
501	65
502	81
503	61
504	82
505	63
506	70
507	72
508	79
509	81
510	82
511	80
512	79
513	78
514	69
515	87
516	99
517	67
518	72
519	97
520	77
521	72
522	98
523	70
524	80
525	89
526	91
527	93
528	82
529	84
530	107
531	111
532	106
533	84
534	103
535	83
536	94
537	84
538	83
539	89
540	94
541	93
542	78
543	93
544	72
545	58
546	87
547	64
548	96
549	82
550	87
551	80
552	75
553	60
554	63
555	86
556	69
557	68
558	71
559	73
560	81
561	73
562	76
563	81
564	78
565	69
566	77
567	74
568	86
569	83
570	89
571	79
572	75
573	78
574	87
575	86
576	88
577	88
578	85
579	71
580	86
581	72
582	68
583	90
584	91
585	80
586	83
587	79
588	84
589	89
590	93
591	93
592	94
593	73
594	97
595	102
596	99
597	83
598	73
599	93
600	85
601	85
602	80
603	84
604	95
605	88
606	89
607	85
608	87
609	85
610	92
611	80
612	86
613	91
614	95
615	103
616	87
617	110
618	113
619	109
620	108
621	77
622	87
623	87
624	111
625	104
626	94
627	92
628	92
629	92
630	94
631	97
632	84
633	117
634	104
635	73
636	112
637	100
638	101
639	98
640	89
641	88
642	96
643	110
644	89
645	93
646	107
647	104
648	124
649	99
650	101
651	88
652	102
653	96
654	87
655	88
656	79
657	77
658	88
659	94
660	104
661	103
662	100
663	96
664	91
665	104
666	104
667	86
668	96
669	94
670	108
671	94
672	103
673	96
674	111
675	107
676	101
677	122
678	92
679	110
680	93
681	113
682	113
683	89
684	103
685	101
686	99
687	103
688	116
689	117
690	132
691	109
692	133
693	109
694	128
695	106
696	104
697	104
698	126
699	109
700	113
701	115
702	122
703	120
704	113
705	121
706	141
707	115
708	110
709	118
710	109
711	101
712	103
713	115
714	101
715	132
716	113
717	112
718	104
719	133
720	110
721	109
722	114
723	124
724	122
725	112
726	136
727	118
728	129
729	113
730	136
731	112
732	124
733	118
734	117
735	118
736	114
737	120
738	121
739	96
740	106
741	113
742	105
743	127
744	116
745	130
746	125
747	91
748	124
749	115
750	114
751	107
752	133
753	140
754	104
755	117
756	144
757	123
758	109
759	112
760	105
761	125
762	148
763	143
764	141
765	148
766	165
767	198
768	247
769	275
770	252
771	284
772	354
773	325
774	349
775	296
776	279
777	277
778	259
779	240
780	208
781	154
782	169
783	146
784	137
785	137
786	149
787	138
788	115
789	114
790	128
791	118
792	113
793	113
794	103
795	100
796	106
797	115
798	125
799	130
800	139
801	125
802	96
803	128
804	111
805	121
806	141
807	136
808	121
809	139
810	130
811	135
812	133
813	120
814	138
815	128
816	131
817	125
818	127
819	128
820	138
821	146
822	112
823	113
824	120
825	107
826	132
827	126
828	124
829	125
830	128
831	148
832	123
833	126
834	121
835	130
836	129
837	149
838	148
839	132
840	126
841	125
842	120
843	117
844	140
845	137
846	105
847	135
848	126
849	134
850	146
851	132
852	141
853	133
854	142
855	141
856	167
857	158
858	145
859	192
860	195
861	179
862	208
863	204
864	205
865	220
866	188
867	199
868	190
869	179
870	181
871	228
872	181
873	212
874	176
875	183
876	225
877	197
878	205
879	212
880	221
881	258
882	241
883	243
884	287
885	265
886	296
887	320
888	304
889	307
890	380
891	357
892	420
893	394
894	441
895	429
896	426
897	421
898	448
899	470
900	461
901	481
902	483
903	397
904	442
905	441
906	467
907	434
908	438
909	374
910	348
911	363
912	336
913	331
914	309
915	341
916	293
917	289
918	273
919	256
920	226
921	215
922	231
923	227
924	191
925	218
926	185
927	130
928	164
929	184
930	160
931	151
932	153
933	150
934	146
935	169
936	139
937	140
938	149
939	125
940	166
941	145
942	159
943	192
944	226
945	212
946	244
947	264
948	287
949	323
950	341
951	358
952	403
953	389
954	355
955	384
956	370
957	331
958	329
959	284
960	258
961	229
962	207
963	219
964	170
965	156
966	161
967	142
968	115
969	109
970	109
971	99
972	120
973	104
974	105
975	118
976	127
977	102
978	97
979	114
980	117
981	113
982	92
983	110
984	104
985	124
986	143
987	126
988	121
989	139
990	125
991	127
992	102
993	139
994	155
995	124
996	130
997	131
998	127
999	149
1000	122
1001	131
1002	150
1003	132
1004	128
1005	151
1006	151
1007	145
1008	138
1009	123
1010	147
1011	155
1012	126
1013	139
1014	133
1015	112
1016	119
1017	127
1018	124
1019	111
1020	111
1021	114
1022	109
1023	106
1024	104
