Date:	08/05/2018		Time:	23:52		Version no:	0.00		Project name:	55		Sample name:	222		Section name:	section		Position	455.115021	mm	E0	0.000000	keV	E1	1.000000	keV/channel	sample surface	6.378014	cm	Tube anode:	Mo		Tube voltage:	30	kV	Tube current:	50	mA	gain	10		std. database			resultfile	result		matrix element	11		sample thickness	1.000000		air passage	0.560000	cm	comments	in position		peaking_time	2.200000	m-sec	trigger_threshold	547.363281	V	mca_bin_width	22.090000	no:	number_mca_channels	1024.000000	no:	gap_time	0.150000	m-sec	trigger_peaking_time	0.200000	m-sec	GAINDAC	18610		HIGHGAIN	1		TAURC	1		RCTAU	1		RCTAUFRAC	1		livetime	9.432303	seconds	runtime	10.000491	seconds	input_count_rate	25046.798750	cps	output_count_rate	20448.395575	cps	triggers	236249	seconds	events_in_run	204494	seconds	channel	content		1	0
2	0
3	0
4	0
5	0
6	0
7	0
8	0
9	0
10	0
11	0
12	0
13	0
14	0
15	0
16	0
17	0
18	0
19	0
20	0
21	0
22	0
23	0
24	0
25	0
26	0
27	0
28	0
29	0
30	0
31	10
32	12
33	13
34	13
35	13
36	12
37	11
38	15
39	12
40	8
41	13
42	5
43	14
44	8
45	17
46	12
47	22
48	13
49	9
50	8
51	15
52	17
53	13
54	16
55	13
56	12
57	9
58	10
59	9
60	11
61	7
62	8
63	10
64	8
65	11
66	8
67	8
68	10
69	3
70	2
71	8
72	10
73	7
74	6
75	5
76	4
77	8
78	13
79	5
80	11
81	10
82	8
83	10
84	11
85	3
86	8
87	10
88	9
89	12
90	11
91	6
92	8
93	12
94	20
95	18
96	27
97	33
98	20
99	26
100	9
101	17
102	9
103	9
104	8
105	9
106	14
107	9
108	15
109	8
110	9
111	5
112	10
113	2
114	5
115	2
116	9
117	7
118	7
119	3
120	5
121	5
122	7
123	3
124	6
125	9
126	8
127	3
128	6
129	3
130	3
131	6
132	6
133	4
134	2
135	3
136	1
137	7
138	3
139	3
140	4
141	2
142	3
143	1
144	3
145	2
146	2
147	1
148	7
149	7
150	9
151	2
152	4
153	0
154	3
155	3
156	5
157	3
158	4
159	13
160	19
161	27
162	26
163	33
164	34
165	18
166	27
167	11
168	4
169	4
170	3
171	6
172	4
173	6
174	3
175	5
176	6
177	10
178	22
179	18
180	20
181	24
182	29
183	44
184	38
185	25
186	10
187	8
188	9
189	7
190	4
191	9
192	7
193	7
194	10
195	24
196	26
197	57
198	98
199	182
200	267
201	322
202	446
203	423
204	403
205	350
206	242
207	156
208	101
209	61
210	30
211	13
212	8
213	5
214	12
215	25
216	24
217	30
218	59
219	79
220	66
221	73
222	57
223	53
224	27
225	19
226	23
227	11
228	12
229	9
230	6
231	4
232	11
233	4
234	3
235	8
236	6
237	3
238	8
239	4
240	15
241	27
242	46
243	75
244	94
245	140
246	188
247	194
248	213
249	200
250	181
251	121
252	86
253	73
254	52
255	48
256	43
257	37
258	27
259	27
260	17
261	17
262	18
263	13
264	16
265	17
266	32
267	30
268	46
269	50
270	53
271	48
272	54
273	50
274	40
275	38
276	25
277	18
278	22
279	11
280	12
281	13
282	7
283	8
284	14
285	11
286	14
287	13
288	15
289	9
290	18
291	18
292	15
293	20
294	21
295	19
296	24
297	23
298	25
299	23
300	21
301	19
302	12
303	13
304	21
305	14
306	11
307	16
308	10
309	17
310	19
311	10
312	11
313	21
314	12
315	26
316	50
317	55
318	110
319	125
320	195
321	249
322	304
323	300
324	302
325	236
326	215
327	176
328	133
329	99
330	61
331	61
332	50
333	34
334	39
335	54
336	41
337	38
338	51
339	71
340	132
341	232
342	414
343	728
344	1339
345	2236
346	3418
347	4857
348	6433
349	7889
350	8899
351	9038
352	8603
353	7579
354	6102
355	4723
356	3194
357	2026
358	1231
359	712
360	367
361	187
362	102
363	69
364	61
365	46
366	35
367	39
368	44
369	40
370	52
371	47
372	53
373	66
374	55
375	84
376	81
377	107
378	154
379	216
380	336
381	494
382	643
383	964
384	1154
385	1381
386	1419
387	1492
388	1389
389	1236
390	1016
391	702
392	487
393	337
394	204
395	130
396	98
397	51
398	36
399	41
400	23
401	38
402	31
403	24
404	34
405	34
406	29
407	32
408	27
409	31
410	49
411	47
412	25
413	36
414	40
415	31
416	42
417	40
418	31
419	44
420	36
421	29
422	32
423	34
424	34
425	32
426	31
427	41
428	36
429	36
430	52
431	33
432	30
433	44
434	39
435	48
436	42
437	60
438	53
439	63
440	71
441	72
442	80
443	83
444	80
445	79
446	56
447	67
448	55
449	58
450	58
451	59
452	51
453	83
454	83
455	82
456	76
457	84
458	71
459	92
460	87
461	88
462	79
463	72
464	73
465	56
466	74
467	44
468	53
469	60
470	54
471	62
472	62
473	72
474	64
475	61
476	56
477	50
478	56
479	67
480	60
481	53
482	47
483	62
484	51
485	61
486	51
487	55
488	69
489	72
490	69
491	70
492	59
493	60
494	72
495	61
496	65
497	62
498	66
499	64
500	72
501	74
502	72
503	80
504	76
505	71
506	73
507	93
508	82
509	77
510	80
511	80
512	85
513	80
514	80
515	76
516	68
517	81
518	73
519	74
520	87
521	82
522	93
523	91
524	94
525	112
526	92
527	77
528	110
529	95
530	95
531	87
532	98
533	89
534	94
535	94
536	91
537	73
538	71
539	79
540	94
541	90
542	103
543	74
544	82
545	91
546	80
547	85
548	76
549	89
550	68
551	84
552	75
553	81
554	72
555	73
556	91
557	67
558	66
559	61
560	93
561	74
562	70
563	91
564	88
565	85
566	81
567	71
568	79
569	81
570	84
571	68
572	84
573	82
574	71
575	89
576	81
577	78
578	86
579	82
580	83
581	81
582	74
583	83
584	89
585	95
586	92
587	81
588	74
589	96
590	78
591	72
592	81
593	84
594	83
595	94
596	94
597	82
598	101
599	109
600	99
601	102
602	103
603	100
604	85
605	105
606	93
607	78
608	85
609	86
610	104
611	90
612	85
613	87
614	101
615	106
616	90
617	94
618	93
619	97
620	108
621	108
622	91
623	99
624	93
625	77
626	88
627	94
628	99
629	77
630	97
631	92
632	89
633	101
634	85
635	100
636	93
637	75
638	120
639	64
640	97
641	92
642	90
643	91
644	91
645	96
646	108
647	86
648	107
649	100
650	101
651	114
652	92
653	111
654	107
655	84
656	92
657	91
658	102
659	115
660	91
661	99
662	109
663	117
664	117
665	97
666	113
667	104
668	103
669	101
670	99
671	120
672	111
673	108
674	104
675	86
676	96
677	114
678	109
679	119
680	117
681	98
682	106
683	148
684	109
685	119
686	108
687	96
688	109
689	98
690	105
691	116
692	115
693	90
694	103
695	102
696	97
697	132
698	98
699	116
700	93
701	124
702	106
703	105
704	103
705	135
706	111
707	136
708	103
709	125
710	133
711	106
712	94
713	126
714	120
715	114
716	131
717	123
718	103
719	109
720	143
721	133
722	118
723	105
724	117
725	115
726	124
727	124
728	113
729	124
730	123
731	117
732	114
733	126
734	137
735	118
736	127
737	122
738	127
739	126
740	135
741	139
742	115
743	117
744	109
745	129
746	132
747	122
748	121
749	131
750	129
751	120
752	140
753	121
754	113
755	139
756	135
757	133
758	128
759	119
760	119
761	130
762	140
763	146
764	167
765	188
766	173
767	220
768	264
769	259
770	313
771	294
772	304
773	312
774	345
775	298
776	294
777	282
778	243
779	244
780	204
781	177
782	160
783	166
784	126
785	139
786	144
787	136
788	149
789	130
790	135
791	136
792	130
793	133
794	124
795	101
796	113
797	106
798	133
799	138
800	140
801	120
802	124
803	138
804	157
805	123
806	126
807	125
808	141
809	122
810	113
811	117
812	119
813	104
814	125
815	128
816	129
817	121
818	149
819	116
820	133
821	153
822	131
823	132
824	117
825	149
826	153
827	147
828	131
829	122
830	150
831	123
832	121
833	135
834	114
835	122
836	114
837	130
838	133
839	140
840	135
841	136
842	154
843	135
844	130
845	146
846	140
847	145
848	130
849	179
850	160
851	147
852	147
853	134
854	157
855	179
856	167
857	155
858	189
859	177
860	186
861	187
862	209
863	206
864	195
865	209
866	201
867	204
868	205
869	209
870	193
871	216
872	206
873	221
874	193
875	217
876	198
877	216
878	242
879	228
880	227
881	274
882	267
883	262
884	293
885	307
886	296
887	345
888	330
889	383
890	390
891	416
892	433
893	422
894	423
895	451
896	456
897	483
898	481
899	479
900	487
901	478
902	540
903	493
904	453
905	469
906	439
907	495
908	444
909	421
910	428
911	389
912	385
913	384
914	352
915	333
916	311
917	298
918	283
919	263
920	248
921	247
922	233
923	202
924	220
925	209
926	195
927	180
928	187
929	197
930	173
931	155
932	172
933	147
934	167
935	150
936	152
937	127
938	153
939	145
940	177
941	127
942	188
943	182
944	201
945	215
946	249
947	310
948	311
949	323
950	346
951	379
952	394
953	395
954	406
955	367
956	359
957	369
958	320
959	284
960	246
961	235
962	229
963	195
964	194
965	157
966	147
967	124
968	129
969	91
970	120
971	93
972	89
973	121
974	107
975	103
976	109
977	129
978	105
979	107
980	94
981	119
982	110
983	129
984	116
985	117
986	137
987	126
988	126
989	135
990	119
991	139
992	126
993	138
994	152
995	129
996	136
997	148
998	152
999	143
1000	154
1001	143
1002	164
1003	152
1004	154
1005	155
1006	144
1007	158
1008	144
1009	153
1010	131
1011	147
1012	127
1013	140
1014	131
1015	137
1016	118
1017	144
1018	144
1019	117
1020	88
1021	119
1022	103
1023	103
1024	99
