Date:	09/05/2018		Time:	00:04		Version no:	0.00		Project name:	55		Sample name:	222		Section name:	section		Position	467.915039	mm	E0	0.000000	keV	E1	1.000000	keV/channel	sample surface	6.475765	cm	Tube anode:	Mo		Tube voltage:	30	kV	Tube current:	50	mA	gain	10		std. database			resultfile	result		matrix element	11		sample thickness	1.000000		air passage	0.560000	cm	comments	in position		peaking_time	2.200000	m-sec	trigger_threshold	547.363281	V	mca_bin_width	22.090000	no:	number_mca_channels	1024.000000	no:	gap_time	0.150000	m-sec	trigger_peaking_time	0.200000	m-sec	GAINDAC	18610		HIGHGAIN	1		TAURC	1		RCTAU	1		RCTAUFRAC	1		livetime	9.395680	seconds	runtime	10.000493	seconds	input_count_rate	27951.462800	cps	output_count_rate	22395.196365	cps	triggers	262623	seconds	events_in_run	223963	seconds	channel	content		1	0
2	0
3	0
4	0
5	0
6	0
7	0
8	0
9	0
10	0
11	0
12	0
13	0
14	0
15	0
16	0
17	0
18	0
19	0
20	0
21	0
22	0
23	0
24	0
25	0
26	0
27	0
28	0
29	0
30	0
31	11
32	11
33	11
34	15
35	13
36	14
37	16
38	12
39	10
40	11
41	11
42	14
43	8
44	14
45	10
46	14
47	15
48	13
49	13
50	12
51	8
52	11
53	11
54	7
55	14
56	17
57	13
58	11
59	10
60	10
61	13
62	7
63	11
64	5
65	8
66	6
67	5
68	14
69	10
70	11
71	9
72	8
73	8
74	7
75	9
76	8
77	6
78	14
79	10
80	6
81	11
82	13
83	9
84	13
85	11
86	7
87	12
88	12
89	5
90	5
91	6
92	8
93	18
94	23
95	19
96	28
97	21
98	17
99	13
100	10
101	12
102	6
103	4
104	10
105	14
106	12
107	5
108	10
109	9
110	2
111	8
112	8
113	3
114	4
115	2
116	7
117	3
118	4
119	2
120	0
121	5
122	5
123	6
124	4
125	5
126	6
127	5
128	4
129	4
130	6
131	2
132	7
133	3
134	4
135	5
136	2
137	7
138	1
139	4
140	6
141	1
142	7
143	3
144	7
145	2
146	0
147	3
148	4
149	4
150	7
151	5
152	6
153	6
154	6
155	4
156	4
157	5
158	7
159	15
160	16
161	18
162	25
163	28
164	26
165	23
166	19
167	12
168	7
169	2
170	9
171	5
172	7
173	9
174	4
175	7
176	12
177	15
178	15
179	20
180	34
181	30
182	47
183	34
184	29
185	26
186	21
187	20
188	5
189	8
190	8
191	4
192	2
193	6
194	15
195	18
196	25
197	55
198	123
199	176
200	249
201	347
202	421
203	436
204	359
205	345
206	226
207	152
208	105
209	60
210	25
211	12
212	8
213	12
214	14
215	16
216	25
217	31
218	48
219	54
220	75
221	66
222	62
223	52
224	47
225	26
226	15
227	11
228	8
229	7
230	3
231	7
232	8
233	6
234	2
235	6
236	1
237	3
238	5
239	14
240	19
241	34
242	41
243	71
244	89
245	150
246	218
247	206
248	225
249	218
250	190
251	149
252	101
253	79
254	89
255	65
256	65
257	67
258	37
259	31
260	29
261	23
262	17
263	11
264	10
265	22
266	24
267	29
268	50
269	52
270	68
271	60
272	59
273	59
274	50
275	34
276	36
277	21
278	8
279	7
280	16
281	16
282	14
283	17
284	12
285	11
286	19
287	13
288	24
289	23
290	27
291	24
292	19
293	19
294	17
295	26
296	21
297	21
298	21
299	20
300	26
301	27
302	19
303	16
304	15
305	21
306	11
307	22
308	18
309	20
310	11
311	12
312	12
313	26
314	21
315	22
316	37
317	52
318	77
319	94
320	137
321	164
322	215
323	223
324	195
325	195
326	146
327	121
328	97
329	75
330	66
331	43
332	36
333	32
334	34
335	37
336	47
337	61
338	68
339	81
340	150
341	282
342	495
343	906
344	1755
345	2724
346	4299
347	6161
348	8001
349	9946
350	11126
351	11460
352	10808
353	9532
354	7877
355	5804
356	4111
357	2571
358	1516
359	833
360	475
361	245
362	139
363	89
364	48
365	49
366	48
367	47
368	52
369	48
370	54
371	59
372	56
373	58
374	67
375	82
376	105
377	127
378	180
379	285
380	417
381	639
382	812
383	1140
384	1469
385	1718
386	1802
387	1907
388	1712
389	1533
390	1246
391	903
392	686
393	447
394	306
395	167
396	100
397	56
398	47
399	30
400	25
401	24
402	39
403	26
404	33
405	30
406	28
407	38
408	28
409	32
410	39
411	28
412	44
413	28
414	21
415	21
416	23
417	24
418	28
419	38
420	34
421	36
422	23
423	31
424	37
425	27
426	37
427	42
428	37
429	31
430	21
431	31
432	36
433	41
434	52
435	45
436	43
437	69
438	68
439	70
440	81
441	82
442	72
443	66
444	64
445	71
446	68
447	79
448	75
449	72
450	58
451	60
452	58
453	58
454	63
455	65
456	74
457	82
458	76
459	86
460	80
461	81
462	72
463	78
464	68
465	64
466	56
467	43
468	53
469	61
470	65
471	61
472	62
473	72
474	71
475	50
476	61
477	59
478	56
479	61
480	51
481	62
482	46
483	61
484	50
485	52
486	62
487	48
488	48
489	46
490	46
491	52
492	40
493	62
494	60
495	58
496	52
497	57
498	56
499	55
500	47
501	52
502	72
503	82
504	71
505	74
506	69
507	84
508	75
509	79
510	79
511	55
512	81
513	92
514	86
515	82
516	82
517	72
518	71
519	79
520	67
521	73
522	71
523	79
524	75
525	97
526	76
527	82
528	90
529	87
530	89
531	79
532	81
533	72
534	89
535	96
536	67
537	75
538	62
539	71
540	61
541	80
542	80
543	86
544	86
545	88
546	70
547	83
548	71
549	65
550	73
551	74
552	82
553	70
554	75
555	74
556	72
557	59
558	67
559	74
560	89
561	71
562	70
563	59
564	66
565	76
566	54
567	86
568	77
569	82
570	69
571	82
572	67
573	86
574	66
575	84
576	75
577	90
578	74
579	94
580	72
581	74
582	69
583	65
584	90
585	92
586	74
587	85
588	65
589	81
590	84
591	74
592	84
593	82
594	92
595	91
596	79
597	73
598	70
599	91
600	88
601	73
602	72
603	93
604	91
605	66
606	80
607	91
608	78
609	76
610	77
611	64
612	109
613	96
614	98
615	112
616	96
617	100
618	92
619	92
620	79
621	70
622	107
623	92
624	99
625	86
626	86
627	87
628	111
629	82
630	96
631	89
632	86
633	78
634	96
635	89
636	94
637	114
638	92
639	109
640	74
641	95
642	61
643	86
644	86
645	96
646	94
647	91
648	81
649	105
650	110
651	85
652	95
653	100
654	97
655	113
656	91
657	80
658	95
659	97
660	87
661	92
662	86
663	104
664	88
665	87
666	96
667	111
668	78
669	96
670	103
671	100
672	100
673	100
674	118
675	90
676	103
677	107
678	97
679	121
680	89
681	87
682	86
683	111
684	92
685	107
686	110
687	106
688	102
689	78
690	86
691	96
692	105
693	104
694	110
695	95
696	118
697	94
698	136
699	128
700	104
701	134
702	126
703	139
704	131
705	103
706	111
707	121
708	116
709	103
710	102
711	133
712	112
713	130
714	107
715	110
716	96
717	125
718	115
719	108
720	103
721	97
722	114
723	105
724	110
725	113
726	110
727	93
728	130
729	110
730	113
731	132
732	122
733	121
734	106
735	141
736	128
737	122
738	113
739	111
740	131
741	127
742	104
743	119
744	116
745	120
746	104
747	120
748	116
749	117
750	112
751	135
752	103
753	114
754	111
755	120
756	106
757	100
758	115
759	108
760	131
761	134
762	134
763	139
764	120
765	155
766	183
767	211
768	215
769	260
770	279
771	294
772	303
773	321
774	287
775	325
776	291
777	274
778	227
779	233
780	194
781	172
782	185
783	144
784	139
785	143
786	127
787	119
788	112
789	127
790	119
791	134
792	116
793	129
794	123
795	124
796	105
797	130
798	110
799	107
800	113
801	111
802	93
803	104
804	113
805	123
806	112
807	125
808	120
809	113
810	135
811	109
812	107
813	124
814	122
815	122
816	125
817	129
818	142
819	135
820	130
821	121
822	114
823	139
824	144
825	116
826	135
827	135
828	122
829	125
830	122
831	142
832	135
833	122
834	132
835	105
836	122
837	121
838	117
839	118
840	121
841	116
842	139
843	113
844	133
845	126
846	147
847	115
848	142
849	123
850	121
851	146
852	170
853	144
854	150
855	143
856	157
857	175
858	156
859	179
860	181
861	172
862	183
863	194
864	180
865	177
866	205
867	199
868	179
869	186
870	184
871	203
872	193
873	172
874	176
875	218
876	184
877	200
878	207
879	201
880	225
881	236
882	230
883	257
884	260
885	298
886	286
887	319
888	343
889	364
890	362
891	381
892	389
893	388
894	416
895	392
896	452
897	456
898	450
899	443
900	461
901	464
902	443
903	466
904	430
905	481
906	475
907	430
908	437
909	412
910	370
911	427
912	331
913	346
914	337
915	296
916	269
917	280
918	236
919	250
920	231
921	240
922	236
923	212
924	192
925	195
926	175
927	190
928	167
929	149
930	171
931	158
932	170
933	150
934	156
935	163
936	131
937	125
938	133
939	164
940	154
941	172
942	167
943	188
944	207
945	207
946	205
947	278
948	286
949	326
950	356
951	381
952	386
953	404
954	386
955	413
956	410
957	347
958	333
959	288
960	266
961	229
962	233
963	198
964	181
965	152
966	135
967	124
968	116
969	110
970	117
971	119
972	116
973	98
974	89
975	113
976	103
977	95
978	94
979	120
980	118
981	119
982	124
983	113
984	119
985	129
986	116
987	123
988	115
989	114
990	123
991	128
992	127
993	112
994	131
995	133
996	138
997	138
998	152
999	131
1000	130
1001	153
1002	167
1003	149
1004	145
1005	159
1006	140
1007	140
1008	133
1009	165
1010	120
1011	148
1012	124
1013	141
1014	142
1015	134
1016	141
1017	116
1018	143
1019	139
1020	117
1021	128
1022	113
1023	94
1024	99
