Date:	09/05/2018		Time:	00:57		Version no:	0.00		Project name:	55		Sample name:	222		Section name:	section		Position	524.115051	mm	E0	0.000000	keV	E1	1.000000	keV/channel	sample surface	6.151151	cm	Tube anode:	Mo		Tube voltage:	30	kV	Tube current:	50	mA	gain	10		std. database			resultfile	result		matrix element	11		sample thickness	1.000000		air passage	0.560000	cm	comments	in position		peaking_time	2.200000	m-sec	trigger_threshold	547.363281	V	mca_bin_width	22.090000	no:	number_mca_channels	1024.000000	no:	gap_time	0.150000	m-sec	trigger_peaking_time	0.200000	m-sec	GAINDAC	18610		HIGHGAIN	1		TAURC	1		RCTAU	1		RCTAUFRAC	1		livetime	9.367977	seconds	runtime	10.000490	seconds	input_count_rate	26832.688142	cps	output_count_rate	21527.544289	cps	triggers	251368	seconds	events_in_run	215286	seconds	channel	content		1	0
2	0
3	0
4	0
5	0
6	0
7	0
8	0
9	0
10	0
11	0
12	0
13	0
14	0
15	0
16	0
17	0
18	0
19	0
20	0
21	0
22	0
23	0
24	0
25	0
26	0
27	0
28	0
29	0
30	0
31	20
32	15
33	16
34	22
35	16
36	14
37	14
38	13
39	13
40	17
41	14
42	21
43	14
44	14
45	14
46	29
47	14
48	21
49	18
50	14
51	12
52	26
53	15
54	16
55	12
56	11
57	14
58	17
59	18
60	10
61	17
62	12
63	13
64	9
65	6
66	13
67	7
68	14
69	6
70	10
71	8
72	6
73	10
74	9
75	10
76	11
77	12
78	8
79	7
80	17
81	11
82	14
83	15
84	10
85	12
86	10
87	10
88	7
89	10
90	7
91	14
92	12
93	18
94	27
95	34
96	27
97	28
98	26
99	27
100	12
101	10
102	10
103	14
104	5
105	8
106	8
107	6
108	13
109	5
110	10
111	8
112	7
113	7
114	5
115	7
116	1
117	4
118	5
119	7
120	4
121	5
122	5
123	3
124	7
125	4
126	11
127	4
128	9
129	4
130	4
131	11
132	3
133	9
134	5
135	1
136	8
137	1
138	3
139	5
140	4
141	4
142	6
143	5
144	10
145	8
146	3
147	3
148	2
149	2
150	6
151	4
152	5
153	4
154	5
155	4
156	4
157	12
158	9
159	10
160	18
161	23
162	28
163	21
164	27
165	22
166	19
167	14
168	7
169	5
170	2
171	3
172	7
173	5
174	13
175	10
176	13
177	16
178	21
179	37
180	38
181	43
182	42
183	40
184	33
185	29
186	18
187	16
188	8
189	10
190	6
191	4
192	10
193	7
194	20
195	19
196	39
197	65
198	129
199	172
200	258
201	327
202	392
203	428
204	379
205	320
206	237
207	149
208	115
209	31
210	30
211	15
212	8
213	9
214	16
215	13
216	24
217	33
218	44
219	66
220	78
221	77
222	70
223	69
224	31
225	27
226	22
227	19
228	13
229	4
230	8
231	1
232	4
233	3
234	4
235	1
236	8
237	6
238	10
239	11
240	12
241	24
242	57
243	79
244	113
245	141
246	192
247	199
248	189
249	189
250	186
251	142
252	115
253	79
254	61
255	43
256	31
257	30
258	27
259	17
260	16
261	16
262	9
263	13
264	18
265	19
266	22
267	40
268	38
269	37
270	53
271	49
272	58
273	52
274	40
275	41
276	25
277	18
278	12
279	15
280	10
281	8
282	14
283	12
284	10
285	9
286	12
287	16
288	18
289	14
290	23
291	15
292	24
293	28
294	21
295	12
296	26
297	16
298	22
299	25
300	13
301	26
302	23
303	21
304	12
305	18
306	11
307	15
308	15
309	18
310	13
311	19
312	12
313	17
314	15
315	17
316	18
317	16
318	45
319	62
320	69
321	71
322	84
323	81
324	83
325	89
326	83
327	54
328	44
329	61
330	45
331	30
332	27
333	27
334	19
335	31
336	38
337	44
338	64
339	83
340	126
341	232
342	379
343	747
344	1260
345	2055
346	3234
347	4612
348	6018
349	7181
350	8127
351	8394
352	7908
353	6923
354	5693
355	4125
356	2909
357	1837
358	1059
359	624
360	339
361	159
362	91
363	53
364	47
365	36
366	40
367	42
368	42
369	46
370	39
371	46
372	53
373	63
374	65
375	77
376	85
377	115
378	158
379	257
380	351
381	538
382	652
383	932
384	1046
385	1279
386	1356
387	1339
388	1325
389	1150
390	883
391	664
392	534
393	328
394	219
395	135
396	71
397	57
398	37
399	23
400	32
401	38
402	34
403	36
404	39
405	35
406	35
407	34
408	46
409	46
410	41
411	42
412	43
413	34
414	39
415	32
416	41
417	26
418	37
419	32
420	39
421	41
422	37
423	34
424	35
425	49
426	42
427	36
428	36
429	39
430	38
431	45
432	47
433	35
434	49
435	51
436	69
437	73
438	77
439	94
440	85
441	78
442	93
443	76
444	69
445	62
446	81
447	70
448	73
449	65
450	54
451	74
452	60
453	89
454	80
455	82
456	83
457	74
458	78
459	100
460	97
461	94
462	76
463	92
464	77
465	59
466	73
467	60
468	77
469	73
470	73
471	67
472	95
473	78
474	88
475	94
476	57
477	56
478	57
479	62
480	61
481	67
482	52
483	60
484	53
485	58
486	58
487	55
488	76
489	64
490	53
491	54
492	55
493	70
494	60
495	74
496	73
497	78
498	53
499	68
500	65
501	74
502	68
503	73
504	92
505	84
506	75
507	83
508	73
509	97
510	89
511	94
512	81
513	73
514	87
515	87
516	99
517	88
518	95
519	86
520	85
521	80
522	92
523	79
524	97
525	112
526	117
527	96
528	110
529	99
530	104
531	115
532	94
533	114
534	85
535	105
536	107
537	94
538	85
539	79
540	85
541	96
542	81
543	82
544	87
545	83
546	88
547	104
548	83
549	84
550	91
551	87
552	83
553	87
554	89
555	82
556	75
557	82
558	74
559	87
560	83
561	68
562	82
563	92
564	81
565	86
566	86
567	86
568	95
569	78
570	81
571	93
572	88
573	72
574	91
575	89
576	86
577	77
578	80
579	101
580	96
581	98
582	104
583	109
584	91
585	85
586	93
587	96
588	95
589	86
590	98
591	114
592	89
593	101
594	107
595	115
596	75
597	109
598	94
599	91
600	99
601	107
602	95
603	117
604	105
605	112
606	118
607	101
608	120
609	111
610	95
611	111
612	108
613	114
614	109
615	103
616	102
617	115
618	107
619	100
620	136
621	109
622	99
623	96
624	102
625	107
626	115
627	111
628	93
629	99
630	107
631	102
632	95
633	109
634	113
635	114
636	116
637	118
638	107
639	114
640	112
641	96
642	107
643	118
644	111
645	94
646	108
647	125
648	118
649	118
650	122
651	129
652	131
653	126
654	110
655	117
656	133
657	114
658	126
659	115
660	112
661	108
662	120
663	127
664	107
665	117
666	106
667	106
668	102
669	119
670	131
671	130
672	135
673	122
674	129
675	122
676	110
677	123
678	120
679	106
680	105
681	105
682	106
683	123
684	124
685	140
686	137
687	111
688	102
689	133
690	114
691	138
692	126
693	141
694	139
695	124
696	143
697	152
698	133
699	138
700	133
701	133
702	159
703	138
704	154
705	125
706	135
707	117
708	134
709	152
710	116
711	138
712	131
713	128
714	157
715	140
716	149
717	136
718	122
719	119
720	112
721	151
722	162
723	132
724	133
725	142
726	143
727	154
728	177
729	141
730	154
731	148
732	160
733	152
734	128
735	147
736	140
737	137
738	178
739	135
740	150
741	122
742	150
743	140
744	163
745	150
746	143
747	133
748	133
749	148
750	137
751	140
752	149
753	152
754	153
755	143
756	141
757	149
758	144
759	165
760	146
761	158
762	154
763	152
764	180
765	185
766	235
767	237
768	287
769	302
770	300
771	373
772	371
773	391
774	352
775	359
776	371
777	317
778	285
779	275
780	235
781	238
782	200
783	191
784	156
785	163
786	178
787	151
788	160
789	140
790	136
791	162
792	172
793	138
794	145
795	144
796	136
797	162
798	146
799	158
800	149
801	134
802	148
803	136
804	138
805	139
806	155
807	148
808	153
809	175
810	152
811	171
812	159
813	153
814	178
815	170
816	151
817	143
818	170
819	162
820	168
821	160
822	174
823	146
824	153
825	160
826	133
827	147
828	149
829	154
830	154
831	149
832	149
833	155
834	164
835	172
836	155
837	168
838	158
839	149
840	174
841	166
842	169
843	155
844	199
845	169
846	186
847	182
848	179
849	172
850	179
851	192
852	225
853	194
854	196
855	178
856	210
857	219
858	219
859	208
860	209
861	233
862	232
863	248
864	256
865	235
866	241
867	239
868	261
869	248
870	299
871	219
872	240
873	251
874	238
875	276
876	262
877	279
878	271
879	300
880	277
881	317
882	336
883	323
884	342
885	372
886	428
887	416
888	442
889	469
890	484
891	521
892	538
893	542
894	561
895	591
896	548
897	597
898	575
899	611
900	683
901	644
902	654
903	630
904	594
905	574
906	556
907	554
908	596
909	544
910	477
911	483
912	462
913	444
914	438
915	376
916	397
917	339
918	370
919	369
920	277
921	275
922	296
923	267
924	235
925	232
926	234
927	238
928	202
929	212
930	235
931	187
932	199
933	197
934	189
935	194
936	196
937	202
938	181
939	173
940	206
941	220
942	221
943	218
944	253
945	280
946	318
947	298
948	375
949	395
950	397
951	442
952	453
953	448
954	461
955	453
956	475
957	411
958	389
959	364
960	329
961	310
962	246
963	234
964	193
965	172
966	172
967	147
968	172
969	134
970	149
971	158
972	148
973	162
974	136
975	125
976	137
977	115
978	129
979	127
980	153
981	148
982	154
983	177
984	148
985	136
986	148
987	138
988	157
989	159
990	167
991	166
992	180
993	175
994	162
995	179
996	185
997	197
998	169
999	198
1000	194
1001	183
1002	187
1003	180
1004	198
1005	212
1006	219
1007	210
1008	183
1009	168
1010	195
1011	191
1012	184
1013	165
1014	161
1015	163
1016	149
1017	153
1018	171
1019	147
1020	154
1021	133
1022	150
1023	145
1024	126
