Date:	09/05/2018		Time:	00:21		Version no:	0.00		Project name:	55		Sample name:	222		Section name:	section		Position	485.915039	mm	E0	0.000000	keV	E1	1.000000	keV/channel	sample surface	6.464200	cm	Tube anode:	Mo		Tube voltage:	30	kV	Tube current:	50	mA	gain	10		std. database			resultfile	result		matrix element	11		sample thickness	1.000000		air passage	0.560000	cm	comments	in position		peaking_time	2.200000	m-sec	trigger_threshold	547.363281	V	mca_bin_width	22.090000	no:	number_mca_channels	1024.000000	no:	gap_time	0.150000	m-sec	trigger_peaking_time	0.200000	m-sec	GAINDAC	18610		HIGHGAIN	1		TAURC	1		RCTAU	1		RCTAUFRAC	1		livetime	9.342475	seconds	runtime	10.000490	seconds	input_count_rate	29646.426035	cps	output_count_rate	23444.850265	cps	triggers	276971	seconds	events_in_run	234460	seconds	channel	content		1	0
2	0
3	0
4	0
5	0
6	0
7	0
8	0
9	0
10	0
11	0
12	0
13	0
14	0
15	0
16	0
17	0
18	0
19	0
20	0
21	0
22	0
23	0
24	0
25	0
26	0
27	0
28	0
29	0
30	0
31	12
32	20
33	15
34	18
35	12
36	12
37	13
38	15
39	20
40	8
41	13
42	12
43	17
44	12
45	11
46	14
47	15
48	12
49	17
50	20
51	15
52	12
53	10
54	17
55	13
56	9
57	15
58	10
59	9
60	14
61	13
62	14
63	8
64	14
65	11
66	9
67	16
68	10
69	9
70	9
71	6
72	9
73	8
74	10
75	17
76	10
77	4
78	6
79	11
80	12
81	9
82	13
83	15
84	8
85	16
86	10
87	7
88	6
89	10
90	6
91	9
92	12
93	15
94	24
95	35
96	33
97	36
98	26
99	19
100	13
101	15
102	12
103	10
104	7
105	11
106	7
107	15
108	11
109	17
110	10
111	8
112	12
113	6
114	6
115	5
116	8
117	1
118	4
119	4
120	4
121	4
122	2
123	5
124	3
125	7
126	2
127	6
128	5
129	1
130	4
131	4
132	6
133	4
134	6
135	2
136	3
137	3
138	9
139	3
140	6
141	3
142	2
143	6
144	6
145	6
146	2
147	4
148	4
149	5
150	5
151	7
152	5
153	6
154	7
155	5
156	9
157	4
158	3
159	12
160	19
161	23
162	22
163	30
164	19
165	19
166	20
167	12
168	7
169	7
170	10
171	6
172	5
173	5
174	6
175	7
176	18
177	11
178	17
179	28
180	47
181	34
182	53
183	48
184	48
185	37
186	22
187	17
188	9
189	11
190	10
191	6
192	5
193	8
194	19
195	12
196	35
197	64
198	113
199	186
200	282
201	364
202	446
203	466
204	428
205	342
206	270
207	184
208	112
209	69
210	30
211	11
212	18
213	15
214	20
215	27
216	28
217	48
218	58
219	72
220	79
221	66
222	65
223	56
224	43
225	36
226	17
227	15
228	11
229	7
230	10
231	6
232	5
233	7
234	6
235	4
236	13
237	6
238	6
239	13
240	11
241	30
242	51
243	76
244	106
245	146
246	176
247	237
248	192
249	219
250	177
251	145
252	113
253	97
254	69
255	71
256	60
257	35
258	42
259	29
260	8
261	15
262	19
263	14
264	17
265	30
266	27
267	32
268	47
269	59
270	50
271	60
272	62
273	46
274	42
275	31
276	29
277	23
278	20
279	9
280	8
281	11
282	12
283	13
284	16
285	17
286	14
287	18
288	21
289	17
290	20
291	30
292	25
293	28
294	18
295	21
296	19
297	28
298	33
299	16
300	16
301	15
302	23
303	18
304	12
305	17
306	15
307	22
308	15
309	18
310	9
311	20
312	10
313	21
314	23
315	30
316	30
317	40
318	62
319	78
320	136
321	178
322	183
323	191
324	172
325	175
326	168
327	128
328	86
329	76
330	45
331	41
332	33
333	29
334	39
335	41
336	44
337	38
338	53
339	79
340	150
341	274
342	559
343	859
344	1574
345	2684
346	4106
347	6206
348	7704
349	9606
350	10581
351	11010
352	10737
353	9332
354	7625
355	5664
356	3855
357	2501
358	1545
359	830
360	443
361	248
362	122
363	82
364	55
365	55
366	45
367	58
368	42
369	62
370	56
371	55
372	61
373	48
374	65
375	78
376	112
377	127
378	174
379	273
380	438
381	610
382	845
383	1126
384	1423
385	1664
386	1813
387	1773
388	1738
389	1489
390	1213
391	943
392	654
393	410
394	281
395	175
396	97
397	69
398	46
399	37
400	24
401	28
402	28
403	34
404	27
405	35
406	31
407	45
408	37
409	40
410	26
411	35
412	29
413	28
414	39
415	30
416	35
417	25
418	35
419	32
420	35
421	34
422	36
423	28
424	26
425	32
426	31
427	25
428	46
429	37
430	39
431	47
432	46
433	41
434	46
435	50
436	54
437	63
438	68
439	62
440	75
441	75
442	81
443	70
444	79
445	72
446	60
447	67
448	68
449	49
450	67
451	67
452	54
453	67
454	75
455	82
456	69
457	91
458	110
459	102
460	91
461	99
462	89
463	87
464	79
465	59
466	71
467	57
468	57
469	81
470	61
471	70
472	80
473	81
474	84
475	78
476	62
477	66
478	80
479	54
480	57
481	46
482	53
483	75
484	55
485	56
486	55
487	66
488	54
489	65
490	58
491	57
492	70
493	49
494	40
495	52
496	70
497	62
498	74
499	63
500	66
501	67
502	76
503	79
504	76
505	79
506	79
507	74
508	81
509	90
510	77
511	81
512	94
513	94
514	97
515	102
516	76
517	78
518	83
519	85
520	90
521	91
522	83
523	109
524	81
525	103
526	98
527	107
528	115
529	112
530	103
531	104
532	87
533	82
534	87
535	105
536	71
537	96
538	79
539	71
540	75
541	96
542	77
543	95
544	95
545	78
546	86
547	78
548	68
549	89
550	80
551	69
552	90
553	80
554	98
555	81
556	76
557	81
558	92
559	65
560	72
561	77
562	68
563	78
564	77
565	82
566	88
567	79
568	83
569	89
570	88
571	84
572	89
573	88
574	109
575	83
576	93
577	84
578	85
579	104
580	86
581	95
582	78
583	84
584	91
585	95
586	88
587	97
588	96
589	94
590	83
591	93
592	79
593	98
594	94
595	83
596	100
597	91
598	95
599	91
600	86
601	87
602	77
603	87
604	103
605	100
606	83
607	103
608	98
609	106
610	84
611	89
612	94
613	97
614	91
615	98
616	95
617	112
618	127
619	109
620	115
621	104
622	85
623	103
624	100
625	92
626	92
627	88
628	97
629	89
630	123
631	84
632	110
633	102
634	109
635	105
636	109
637	109
638	90
639	100
640	106
641	92
642	93
643	123
644	100
645	95
646	114
647	105
648	108
649	117
650	109
651	105
652	112
653	120
654	97
655	112
656	120
657	116
658	128
659	91
660	84
661	84
662	116
663	110
664	100
665	98
666	111
667	111
668	112
669	99
670	117
671	94
672	101
673	114
674	116
675	111
676	111
677	133
678	125
679	99
680	95
681	97
682	116
683	119
684	109
685	131
686	107
687	105
688	111
689	133
690	115
691	118
692	105
693	118
694	118
695	113
696	140
697	96
698	122
699	163
700	128
701	133
702	132
703	130
704	144
705	120
706	133
707	113
708	131
709	123
710	111
711	111
712	130
713	124
714	120
715	129
716	128
717	141
718	128
719	133
720	119
721	121
722	135
723	130
724	148
725	136
726	127
727	158
728	113
729	118
730	141
731	126
732	123
733	140
734	138
735	128
736	136
737	147
738	123
739	117
740	131
741	138
742	134
743	116
744	113
745	145
746	111
747	126
748	123
749	117
750	127
751	145
752	103
753	125
754	156
755	140
756	145
757	118
758	118
759	133
760	151
761	175
762	145
763	176
764	149
765	188
766	206
767	221
768	235
769	301
770	275
771	305
772	342
773	321
774	326
775	340
776	336
777	291
778	288
779	238
780	249
781	219
782	176
783	181
784	144
785	147
786	143
787	146
788	99
789	137
790	124
791	129
792	149
793	140
794	147
795	149
796	136
797	117
798	110
799	137
800	112
801	118
802	140
803	149
804	147
805	127
806	162
807	138
808	134
809	151
810	128
811	154
812	141
813	142
814	147
815	132
816	143
817	154
818	140
819	148
820	156
821	162
822	145
823	152
824	157
825	129
826	146
827	157
828	129
829	132
830	145
831	139
832	130
833	135
834	121
835	154
836	135
837	148
838	134
839	134
840	148
841	152
842	151
843	146
844	140
845	152
846	150
847	162
848	159
849	148
850	161
851	137
852	166
853	158
854	187
855	160
856	169
857	196
858	202
859	194
860	191
861	191
862	222
863	217
864	218
865	252
866	234
867	236
868	205
869	238
870	242
871	204
872	217
873	232
874	217
875	198
876	247
877	260
878	257
879	284
880	264
881	258
882	293
883	343
884	289
885	334
886	355
887	358
888	368
889	407
890	405
891	439
892	468
893	428
894	471
895	522
896	483
897	528
898	511
899	544
900	514
901	521
902	574
903	578
904	545
905	593
906	517
907	450
908	506
909	453
910	439
911	419
912	414
913	421
914	384
915	406
916	347
917	320
918	302
919	306
920	285
921	272
922	287
923	262
924	221
925	244
926	213
927	201
928	220
929	184
930	151
931	200
932	169
933	178
934	168
935	169
936	186
937	177
938	168
939	153
940	207
941	165
942	183
943	217
944	250
945	253
946	251
947	302
948	317
949	353
950	363
951	399
952	460
953	466
954	407
955	423
956	409
957	385
958	377
959	369
960	308
961	286
962	234
963	200
964	180
965	171
966	174
967	135
968	150
969	135
970	123
971	126
972	117
973	124
974	153
975	85
976	129
977	141
978	109
979	133
980	122
981	137
982	133
983	142
984	120
985	147
986	133
987	140
988	153
989	132
990	157
991	136
992	163
993	155
994	156
995	156
996	164
997	174
998	153
999	153
1000	160
1001	163
1002	177
1003	159
1004	171
1005	175
1006	175
1007	179
1008	202
1009	163
1010	170
1011	178
1012	166
1013	159
1014	146
1015	150
1016	143
1017	138
1018	139
1019	141
1020	149
1021	127
1022	130
1023	122
1024	115
