Date:	08/05/2018		Time:	23:55		Version no:	0.00		Project name:	55		Sample name:	222		Section name:	section		Position	459.115021	mm	E0	0.000000	keV	E1	1.000000	keV/channel	sample surface	6.421724	cm	Tube anode:	Mo		Tube voltage:	30	kV	Tube current:	50	mA	gain	10		std. database			resultfile	result		matrix element	11		sample thickness	1.000000		air passage	0.560000	cm	comments	in position		peaking_time	2.200000	m-sec	trigger_threshold	547.363281	V	mca_bin_width	22.090000	no:	number_mca_channels	1024.000000	no:	gap_time	0.150000	m-sec	trigger_peaking_time	0.200000	m-sec	GAINDAC	18610		HIGHGAIN	1		TAURC	1		RCTAU	1		RCTAUFRAC	1		livetime	9.439113	seconds	runtime	10.000492	seconds	input_count_rate	25114.436603	cps	output_count_rate	20529.789934	cps	triggers	237058	seconds	events_in_run	205308	seconds	channel	content		1	0
2	0
3	0
4	0
5	0
6	0
7	0
8	0
9	0
10	0
11	0
12	0
13	0
14	0
15	0
16	0
17	0
18	0
19	0
20	0
21	0
22	0
23	0
24	0
25	0
26	0
27	0
28	0
29	0
30	0
31	19
32	17
33	8
34	10
35	9
36	15
37	15
38	12
39	12
40	19
41	10
42	14
43	13
44	14
45	7
46	6
47	7
48	10
49	6
50	14
51	7
52	6
53	11
54	12
55	16
56	12
57	15
58	8
59	7
60	5
61	8
62	7
63	8
64	11
65	7
66	8
67	10
68	11
69	9
70	8
71	10
72	10
73	7
74	11
75	5
76	11
77	7
78	11
79	8
80	4
81	15
82	10
83	16
84	13
85	7
86	12
87	6
88	5
89	11
90	7
91	5
92	7
93	14
94	24
95	41
96	30
97	20
98	33
99	21
100	13
101	12
102	14
103	8
104	10
105	10
106	8
107	12
108	13
109	12
110	7
111	8
112	7
113	6
114	11
115	8
116	5
117	4
118	4
119	11
120	7
121	1
122	3
123	1
124	2
125	4
126	7
127	8
128	5
129	4
130	2
131	4
132	6
133	2
134	8
135	2
136	1
137	0
138	3
139	2
140	5
141	5
142	4
143	6
144	5
145	5
146	6
147	4
148	5
149	8
150	1
151	7
152	5
153	4
154	9
155	4
156	4
157	6
158	10
159	9
160	15
161	27
162	31
163	16
164	25
165	20
166	23
167	8
168	8
169	9
170	2
171	4
172	4
173	4
174	7
175	17
176	17
177	11
178	11
179	21
180	34
181	34
182	44
183	41
184	39
185	29
186	22
187	15
188	7
189	7
190	2
191	0
192	3
193	8
194	10
195	21
196	33
197	71
198	104
199	189
200	232
201	360
202	379
203	449
204	392
205	329
206	232
207	167
208	98
209	59
210	28
211	12
212	9
213	14
214	13
215	19
216	22
217	40
218	49
219	65
220	74
221	79
222	65
223	51
224	43
225	31
226	20
227	12
228	11
229	7
230	4
231	2
232	4
233	5
234	3
235	6
236	4
237	6
238	8
239	12
240	20
241	35
242	62
243	95
244	128
245	167
246	189
247	242
248	227
249	208
250	180
251	157
252	99
253	80
254	60
255	69
256	38
257	28
258	29
259	27
260	23
261	17
262	12
263	20
264	17
265	20
266	25
267	28
268	39
269	52
270	54
271	51
272	72
273	40
274	54
275	37
276	27
277	22
278	19
279	16
280	18
281	14
282	12
283	10
284	14
285	4
286	16
287	19
288	13
289	20
290	23
291	22
292	17
293	26
294	17
295	11
296	18
297	20
298	15
299	17
300	30
301	15
302	17
303	14
304	13
305	19
306	17
307	15
308	16
309	19
310	15
311	14
312	13
313	18
314	18
315	26
316	44
317	65
318	81
319	122
320	168
321	213
322	219
323	289
324	257
325	219
326	218
327	155
328	133
329	85
330	65
331	60
332	35
333	34
334	42
335	33
336	37
337	62
338	48
339	91
340	143
341	242
342	431
343	860
344	1351
345	2417
346	3663
347	5229
348	6876
349	8430
350	9315
351	9556
352	9246
353	7807
354	6431
355	4829
356	3238
357	2084
358	1263
359	693
360	433
361	209
362	124
363	76
364	48
365	55
366	47
367	46
368	44
369	51
370	59
371	46
372	52
373	57
374	62
375	94
376	87
377	119
378	191
379	234
380	352
381	522
382	722
383	1026
384	1231
385	1428
386	1588
387	1565
388	1534
389	1294
390	975
391	787
392	564
393	347
394	230
395	133
396	92
397	53
398	48
399	40
400	23
401	24
402	24
403	34
404	32
405	19
406	33
407	26
408	46
409	34
410	24
411	46
412	33
413	45
414	28
415	29
416	30
417	25
418	20
419	31
420	31
421	23
422	31
423	30
424	36
425	34
426	50
427	35
428	32
429	37
430	35
431	38
432	36
433	30
434	40
435	40
436	54
437	70
438	64
439	76
440	56
441	75
442	62
443	77
444	67
445	53
446	70
447	67
448	61
449	68
450	53
451	55
452	49
453	58
454	66
455	68
456	74
457	78
458	76
459	90
460	87
461	75
462	73
463	73
464	56
465	65
466	75
467	71
468	47
469	62
470	58
471	68
472	65
473	68
474	63
475	65
476	74
477	67
478	49
479	56
480	47
481	62
482	51
483	35
484	55
485	50
486	48
487	58
488	52
489	49
490	53
491	63
492	66
493	47
494	62
495	57
496	64
497	40
498	43
499	56
500	61
501	66
502	75
503	68
504	67
505	63
506	62
507	74
508	86
509	73
510	70
511	87
512	66
513	74
514	62
515	86
516	100
517	81
518	74
519	94
520	87
521	73
522	74
523	88
524	83
525	92
526	103
527	108
528	86
529	98
530	93
531	84
532	96
533	81
534	95
535	84
536	73
537	78
538	79
539	67
540	63
541	103
542	68
543	71
544	76
545	79
546	87
547	81
548	89
549	81
550	78
551	64
552	66
553	69
554	61
555	55
556	62
557	78
558	81
559	73
560	87
561	82
562	70
563	77
564	72
565	56
566	76
567	70
568	75
569	67
570	68
571	84
572	78
573	86
574	81
575	71
576	87
577	87
578	89
579	73
580	86
581	88
582	82
583	79
584	62
585	72
586	93
587	67
588	88
589	66
590	93
591	83
592	92
593	93
594	84
595	84
596	92
597	81
598	82
599	73
600	77
601	104
602	90
603	76
604	73
605	94
606	73
607	87
608	73
609	99
610	79
611	81
612	78
613	101
614	76
615	83
616	79
617	89
618	92
619	72
620	113
621	100
622	91
623	77
624	79
625	91
626	106
627	96
628	85
629	104
630	77
631	84
632	92
633	83
634	97
635	80
636	67
637	89
638	76
639	104
640	111
641	89
642	95
643	77
644	88
645	101
646	93
647	88
648	102
649	114
650	97
651	97
652	101
653	96
654	84
655	78
656	109
657	89
658	83
659	115
660	111
661	91
662	100
663	89
664	90
665	101
666	97
667	96
668	85
669	96
670	107
671	101
672	99
673	112
674	87
675	82
676	89
677	116
678	91
679	98
680	93
681	95
682	99
683	111
684	106
685	71
686	86
687	94
688	105
689	113
690	116
691	88
692	103
693	122
694	109
695	114
696	110
697	127
698	119
699	103
700	121
701	108
702	124
703	115
704	97
705	110
706	123
707	105
708	102
709	95
710	115
711	112
712	96
713	107
714	111
715	114
716	97
717	110
718	120
719	108
720	94
721	114
722	116
723	110
724	112
725	116
726	121
727	111
728	110
729	106
730	115
731	126
732	124
733	142
734	112
735	123
736	127
737	124
738	130
739	120
740	119
741	124
742	120
743	110
744	107
745	113
746	107
747	109
748	109
749	132
750	113
751	89
752	97
753	99
754	88
755	118
756	104
757	108
758	104
759	135
760	124
761	147
762	140
763	146
764	163
765	146
766	192
767	210
768	233
769	259
770	302
771	297
772	273
773	286
774	273
775	305
776	265
777	297
778	215
779	239
780	207
781	179
782	167
783	167
784	125
785	144
786	136
787	121
788	114
789	115
790	119
791	114
792	116
793	93
794	127
795	107
796	112
797	107
798	113
799	128
800	115
801	130
802	117
803	129
804	111
805	104
806	104
807	139
808	105
809	130
810	136
811	118
812	104
813	115
814	145
815	126
816	139
817	129
818	120
819	123
820	123
821	125
822	137
823	117
824	115
825	114
826	129
827	112
828	120
829	153
830	126
831	132
832	162
833	128
834	125
835	139
836	142
837	148
838	115
839	123
840	136
841	114
842	141
843	117
844	111
845	134
846	139
847	147
848	148
849	147
850	123
851	119
852	156
853	141
854	160
855	149
856	163
857	157
858	176
859	174
860	171
861	209
862	174
863	213
864	186
865	188
866	198
867	180
868	213
869	178
870	189
871	188
872	200
873	185
874	179
875	185
876	192
877	199
878	195
879	223
880	225
881	240
882	246
883	279
884	245
885	262
886	275
887	313
888	310
889	360
890	334
891	339
892	386
893	350
894	432
895	452
896	429
897	442
898	480
899	464
900	462
901	431
902	521
903	416
904	466
905	449
906	443
907	415
908	384
909	398
910	373
911	361
912	342
913	343
914	305
915	315
916	322
917	284
918	266
919	280
920	227
921	202
922	209
923	215
924	213
925	182
926	182
927	199
928	171
929	178
930	160
931	160
932	161
933	161
934	154
935	134
936	153
937	132
938	159
939	148
940	145
941	171
942	196
943	177
944	206
945	207
946	241
947	222
948	305
949	306
950	348
951	375
952	369
953	394
954	402
955	393
956	340
957	347
958	328
959	311
960	271
961	232
962	212
963	177
964	165
965	150
966	148
967	128
968	124
969	124
970	100
971	88
972	112
973	95
974	96
975	102
976	107
977	111
978	116
979	105
980	119
981	114
982	111
983	136
984	96
985	111
986	107
987	112
988	112
989	162
990	118
991	125
992	125
993	124
994	153
995	141
996	142
997	123
998	142
999	125
1000	149
1001	142
1002	140
1003	142
1004	168
1005	142
1006	141
1007	145
1008	123
1009	168
1010	127
1011	130
1012	145
1013	130
1014	131
1015	117
1016	113
1017	131
1018	122
1019	118
1020	89
1021	108
1022	124
1023	107
1024	90
