Date:	09/05/2018		Time:	00:49		Version no:	0.00		Project name:	55		Sample name:	222		Section name:	section		Position	515.115051	mm	E0	0.000000	keV	E1	1.000000	keV/channel	sample surface	6.260174	cm	Tube anode:	Mo		Tube voltage:	30	kV	Tube current:	50	mA	gain	10		std. database			resultfile	result		matrix element	11		sample thickness	1.000000		air passage	0.560000	cm	comments	in position		peaking_time	2.200000	m-sec	trigger_threshold	547.363281	V	mca_bin_width	22.090000	no:	number_mca_channels	1024.000000	no:	gap_time	0.150000	m-sec	trigger_peaking_time	0.200000	m-sec	GAINDAC	18610		HIGHGAIN	1		TAURC	1		RCTAU	1		RCTAUFRAC	1		livetime	9.354064	seconds	runtime	10.000491	seconds	input_count_rate	27471.695725	cps	output_count_rate	21916.223475	cps	triggers	256972	seconds	events_in_run	219173	seconds	channel	content		1	0
2	0
3	0
4	0
5	0
6	0
7	0
8	0
9	0
10	0
11	0
12	0
13	0
14	0
15	0
16	0
17	0
18	0
19	0
20	0
21	0
22	0
23	0
24	0
25	0
26	0
27	0
28	0
29	0
30	0
31	16
32	24
33	18
34	11
35	18
36	17
37	17
38	18
39	14
40	17
41	16
42	12
43	10
44	18
45	13
46	12
47	9
48	12
49	16
50	11
51	14
52	20
53	13
54	6
55	13
56	16
57	20
58	9
59	14
60	12
61	13
62	9
63	16
64	13
65	12
66	10
67	10
68	16
69	11
70	10
71	7
72	8
73	10
74	10
75	8
76	14
77	15
78	10
79	13
80	10
81	11
82	16
83	16
84	14
85	9
86	9
87	8
88	8
89	8
90	5
91	11
92	8
93	14
94	14
95	27
96	26
97	31
98	27
99	28
100	14
101	13
102	15
103	12
104	8
105	10
106	13
107	12
108	11
109	14
110	12
111	4
112	12
113	7
114	5
115	3
116	5
117	4
118	7
119	2
120	6
121	3
122	4
123	3
124	8
125	1
126	6
127	9
128	3
129	5
130	4
131	4
132	9
133	5
134	2
135	4
136	3
137	6
138	3
139	4
140	5
141	1
142	4
143	5
144	5
145	6
146	7
147	3
148	4
149	3
150	4
151	4
152	13
153	1
154	0
155	7
156	6
157	3
158	5
159	13
160	8
161	15
162	21
163	23
164	28
165	24
166	11
167	11
168	3
169	5
170	6
171	12
172	9
173	7
174	9
175	14
176	12
177	30
178	18
179	30
180	27
181	43
182	48
183	46
184	39
185	33
186	28
187	13
188	10
189	2
190	4
191	3
192	5
193	6
194	9
195	27
196	47
197	59
198	122
199	214
200	293
201	367
202	450
203	431
204	427
205	330
206	251
207	179
208	101
209	54
210	26
211	20
212	8
213	17
214	14
215	22
216	42
217	46
218	42
219	70
220	68
221	77
222	64
223	56
224	36
225	29
226	14
227	22
228	2
229	5
230	5
231	5
232	11
233	5
234	3
235	4
236	6
237	4
238	8
239	11
240	22
241	24
242	51
243	63
244	117
245	166
246	198
247	222
248	218
249	197
250	200
251	131
252	101
253	73
254	75
255	50
256	49
257	33
258	25
259	30
260	16
261	23
262	18
263	18
264	16
265	23
266	30
267	41
268	33
269	58
270	66
271	74
272	43
273	49
274	23
275	34
276	29
277	21
278	20
279	8
280	13
281	14
282	17
283	11
284	7
285	9
286	15
287	12
288	14
289	23
290	15
291	14
292	18
293	15
294	16
295	26
296	18
297	15
298	13
299	23
300	15
301	20
302	14
303	20
304	9
305	11
306	10
307	19
308	13
309	12
310	17
311	10
312	20
313	11
314	19
315	13
316	18
317	36
318	34
319	58
320	83
321	81
322	113
323	107
324	115
325	106
326	76
327	86
328	64
329	41
330	41
331	25
332	30
333	34
334	38
335	32
336	38
337	37
338	62
339	87
340	101
341	204
342	403
343	776
344	1327
345	2198
346	3457
347	4807
348	6262
349	7690
350	8367
351	8740
352	8396
353	7361
354	5845
355	4436
356	2987
357	1918
358	1093
359	607
360	296
361	165
362	111
363	62
364	52
365	47
366	49
367	41
368	50
369	42
370	70
371	42
372	56
373	51
374	34
375	76
376	96
377	124
378	177
379	232
380	379
381	494
382	680
383	934
384	1100
385	1369
386	1410
387	1481
388	1431
389	1195
390	948
391	757
392	487
393	374
394	252
395	136
396	80
397	57
398	41
399	39
400	44
401	36
402	23
403	28
404	35
405	40
406	33
407	39
408	45
409	47
410	49
411	39
412	54
413	28
414	43
415	45
416	31
417	42
418	34
419	30
420	33
421	34
422	36
423	32
424	43
425	29
426	48
427	40
428	45
429	36
430	52
431	42
432	49
433	39
434	61
435	61
436	61
437	55
438	58
439	87
440	92
441	97
442	80
443	73
444	99
445	82
446	62
447	76
448	72
449	81
450	60
451	69
452	63
453	62
454	75
455	83
456	87
457	88
458	83
459	99
460	104
461	99
462	78
463	84
464	78
465	75
466	70
467	61
468	71
469	77
470	66
471	95
472	74
473	90
474	61
475	66
476	76
477	72
478	62
479	65
480	57
481	50
482	57
483	56
484	61
485	57
486	70
487	51
488	70
489	57
490	63
491	67
492	65
493	67
494	64
495	70
496	56
497	81
498	67
499	64
500	94
501	56
502	63
503	66
504	94
505	77
506	82
507	89
508	73
509	77
510	66
511	70
512	93
513	85
514	97
515	82
516	64
517	94
518	91
519	80
520	94
521	83
522	92
523	113
524	109
525	79
526	109
527	113
528	115
529	101
530	99
531	103
532	94
533	99
534	99
535	85
536	92
537	87
538	73
539	86
540	74
541	79
542	100
543	90
544	83
545	84
546	77
547	87
548	75
549	95
550	96
551	83
552	85
553	87
554	86
555	67
556	82
557	88
558	86
559	97
560	81
561	72
562	78
563	73
564	104
565	82
566	72
567	77
568	98
569	86
570	99
571	99
572	84
573	86
574	96
575	86
576	96
577	100
578	86
579	92
580	89
581	109
582	82
583	81
584	95
585	96
586	91
587	96
588	105
589	108
590	98
591	115
592	98
593	110
594	112
595	118
596	90
597	97
598	102
599	102
600	99
601	103
602	127
603	87
604	111
605	109
606	101
607	82
608	114
609	104
610	88
611	117
612	103
613	97
614	80
615	111
616	93
617	121
618	107
619	103
620	95
621	97
622	85
623	124
624	117
625	99
626	117
627	118
628	126
629	118
630	120
631	110
632	135
633	113
634	119
635	101
636	111
637	112
638	125
639	105
640	120
641	125
642	109
643	123
644	115
645	109
646	111
647	133
648	103
649	125
650	97
651	127
652	108
653	124
654	131
655	137
656	120
657	126
658	114
659	109
660	107
661	118
662	117
663	103
664	89
665	121
666	102
667	113
668	120
669	123
670	120
671	113
672	110
673	133
674	101
675	135
676	113
677	120
678	117
679	120
680	135
681	107
682	117
683	129
684	132
685	122
686	119
687	105
688	120
689	124
690	131
691	117
692	105
693	128
694	140
695	149
696	139
697	122
698	148
699	138
700	126
701	138
702	127
703	117
704	151
705	156
706	122
707	137
708	141
709	117
710	151
711	136
712	134
713	147
714	145
715	138
716	137
717	145
718	142
719	134
720	134
721	159
722	152
723	132
724	138
725	134
726	145
727	153
728	160
729	170
730	130
731	137
732	164
733	151
734	152
735	156
736	150
737	145
738	147
739	145
740	128
741	156
742	146
743	141
744	134
745	156
746	145
747	130
748	137
749	147
750	148
751	146
752	140
753	123
754	152
755	125
756	142
757	152
758	157
759	150
760	155
761	150
762	172
763	194
764	168
765	216
766	242
767	234
768	274
769	326
770	335
771	385
772	333
773	387
774	374
775	348
776	377
777	343
778	277
779	276
780	250
781	210
782	175
783	178
784	162
785	156
786	149
787	137
788	150
789	156
790	145
791	145
792	150
793	154
794	128
795	163
796	139
797	169
798	167
799	145
800	151
801	123
802	121
803	156
804	177
805	167
806	140
807	146
808	137
809	159
810	146
811	145
812	137
813	139
814	142
815	161
816	157
817	178
818	138
819	174
820	145
821	158
822	158
823	173
824	152
825	156
826	144
827	158
828	143
829	169
830	161
831	151
832	160
833	155
834	153
835	144
836	160
837	162
838	160
839	138
840	157
841	150
842	136
843	164
844	170
845	164
846	164
847	127
848	158
849	172
850	171
851	150
852	151
853	200
854	175
855	187
856	212
857	201
858	201
859	230
860	222
861	216
862	233
863	236
864	244
865	251
866	267
867	254
868	249
869	259
870	235
871	241
872	238
873	239
874	243
875	274
876	232
877	242
878	281
879	281
880	298
881	287
882	333
883	304
884	374
885	348
886	410
887	407
888	419
889	471
890	485
891	484
892	505
893	541
894	547
895	566
896	562
897	577
898	641
899	582
900	639
901	585
902	602
903	611
904	592
905	566
906	558
907	541
908	537
909	504
910	522
911	482
912	456
913	464
914	467
915	387
916	374
917	365
918	360
919	324
920	312
921	267
922	268
923	251
924	271
925	226
926	224
927	233
928	224
929	193
930	222
931	176
932	176
933	185
934	177
935	164
936	179
937	182
938	166
939	187
940	185
941	201
942	227
943	215
944	258
945	284
946	277
947	320
948	376
949	375
950	432
951	443
952	457
953	456
954	449
955	476
956	432
957	423
958	395
959	341
960	328
961	271
962	261
963	214
964	195
965	172
966	185
967	166
968	154
969	155
970	155
971	134
972	127
973	147
974	136
975	142
976	120
977	126
978	149
979	137
980	139
981	150
982	142
983	163
984	152
985	164
986	158
987	174
988	160
989	180
990	163
991	146
992	157
993	177
994	177
995	176
996	176
997	178
998	180
999	204
1000	175
1001	211
1002	229
1003	211
1004	211
1005	193
1006	193
1007	179
1008	180
1009	181
1010	182
1011	176
1012	170
1013	163
1014	167
1015	168
1016	123
1017	161
1018	151
1019	146
1020	155
1021	137
1022	168
1023	151
1024	136
