Date:	09/05/2018		Time:	00:05		Version no:	0.00		Project name:	55		Sample name:	222		Section name:	section		Position	469.515045	mm	E0	0.000000	keV	E1	1.000000	keV/channel	sample surface	6.488198	cm	Tube anode:	Mo		Tube voltage:	30	kV	Tube current:	50	mA	gain	10		std. database			resultfile	result		matrix element	11		sample thickness	1.000000		air passage	0.560000	cm	comments	in position		peaking_time	2.200000	m-sec	trigger_threshold	547.363281	V	mca_bin_width	22.090000	no:	number_mca_channels	1024.000000	no:	gap_time	0.150000	m-sec	trigger_peaking_time	0.200000	m-sec	GAINDAC	18610		HIGHGAIN	1		TAURC	1		RCTAU	1		RCTAUFRAC	1		livetime	9.338525	seconds	runtime	10.000509	seconds	input_count_rate	31065.720359	cps	output_count_rate	24434.856754	cps	triggers	290108	seconds	events_in_run	244361	seconds	channel	content		1	0
2	0
3	0
4	0
5	0
6	0
7	0
8	0
9	0
10	0
11	0
12	0
13	0
14	0
15	0
16	0
17	0
18	0
19	0
20	0
21	0
22	0
23	0
24	0
25	0
26	0
27	0
28	0
29	0
30	0
31	20
32	13
33	16
34	11
35	15
36	12
37	11
38	9
39	7
40	18
41	12
42	15
43	18
44	11
45	14
46	6
47	10
48	12
49	16
50	6
51	13
52	11
53	12
54	10
55	12
56	12
57	12
58	14
59	12
60	12
61	12
62	14
63	11
64	11
65	13
66	6
67	8
68	12
69	8
70	7
71	5
72	4
73	5
74	7
75	6
76	9
77	8
78	11
79	9
80	11
81	14
82	15
83	19
84	14
85	11
86	13
87	7
88	5
89	5
90	4
91	8
92	8
93	22
94	20
95	22
96	30
97	30
98	26
99	23
100	19
101	17
102	4
103	10
104	12
105	10
106	11
107	10
108	13
109	10
110	9
111	6
112	8
113	3
114	6
115	6
116	5
117	6
118	4
119	3
120	9
121	4
122	7
123	7
124	2
125	3
126	5
127	5
128	6
129	8
130	7
131	3
132	4
133	4
134	1
135	1
136	3
137	3
138	5
139	4
140	3
141	1
142	2
143	4
144	5
145	5
146	10
147	7
148	2
149	4
150	7
151	2
152	6
153	6
154	8
155	5
156	3
157	9
158	9
159	11
160	15
161	27
162	24
163	29
164	19
165	24
166	13
167	10
168	5
169	10
170	6
171	5
172	7
173	5
174	7
175	7
176	10
177	13
178	16
179	26
180	30
181	39
182	52
183	43
184	36
185	30
186	25
187	17
188	7
189	4
190	10
191	4
192	11
193	5
194	12
195	19
196	33
197	64
198	110
199	189
200	297
201	378
202	438
203	465
204	410
205	364
206	286
207	184
208	115
209	62
210	27
211	15
212	12
213	6
214	19
215	16
216	26
217	39
218	63
219	68
220	85
221	81
222	63
223	78
224	38
225	29
226	30
227	13
228	15
229	13
230	9
231	10
232	5
233	1
234	6
235	5
236	9
237	5
238	10
239	14
240	15
241	20
242	34
243	76
244	111
245	162
246	198
247	225
248	241
249	213
250	182
251	154
252	106
253	105
254	80
255	70
256	60
257	64
258	57
259	38
260	24
261	28
262	16
263	17
264	33
265	16
266	22
267	42
268	40
269	55
270	56
271	69
272	66
273	44
274	51
275	32
276	34
277	17
278	16
279	12
280	10
281	10
282	20
283	17
284	17
285	16
286	12
287	16
288	15
289	15
290	23
291	24
292	18
293	17
294	26
295	24
296	31
297	23
298	16
299	24
300	34
301	21
302	16
303	16
304	9
305	11
306	20
307	20
308	20
309	13
310	17
311	22
312	17
313	19
314	20
315	30
316	37
317	55
318	70
319	127
320	129
321	165
322	233
323	206
324	225
325	204
326	186
327	148
328	103
329	84
330	63
331	45
332	30
333	47
334	41
335	46
336	58
337	44
338	81
339	112
340	151
341	343
342	599
343	1122
344	1953
345	3246
346	4977
347	7049
348	9422
349	11235
350	12708
351	13040
352	12344
353	10806
354	8709
355	6616
356	4534
357	2836
358	1733
359	932
360	537
361	258
362	136
363	77
364	72
365	53
366	52
367	72
368	55
369	60
370	60
371	70
372	69
373	75
374	78
375	108
376	124
377	157
378	254
379	350
380	509
381	688
382	981
383	1260
384	1674
385	1933
386	2170
387	2091
388	1961
389	1720
390	1375
391	1056
392	789
393	519
394	323
395	163
396	97
397	54
398	56
399	30
400	23
401	32
402	33
403	36
404	28
405	39
406	36
407	26
408	36
409	39
410	41
411	49
412	33
413	30
414	33
415	40
416	44
417	26
418	28
419	27
420	34
421	21
422	42
423	27
424	35
425	31
426	38
427	30
428	32
429	27
430	40
431	37
432	35
433	42
434	51
435	54
436	45
437	75
438	70
439	89
440	68
441	69
442	74
443	85
444	79
445	72
446	64
447	65
448	65
449	69
450	61
451	63
452	59
453	64
454	94
455	77
456	73
457	89
458	74
459	92
460	78
461	89
462	68
463	64
464	56
465	70
466	61
467	60
468	51
469	62
470	53
471	61
472	69
473	67
474	63
475	73
476	63
477	60
478	58
479	55
480	67
481	54
482	50
483	53
484	66
485	61
486	58
487	58
488	63
489	61
490	53
491	53
492	53
493	64
494	64
495	77
496	62
497	69
498	58
499	53
500	64
501	90
502	72
503	77
504	71
505	61
506	52
507	75
508	78
509	91
510	70
511	76
512	84
513	83
514	87
515	69
516	81
517	76
518	69
519	71
520	80
521	89
522	85
523	84
524	80
525	93
526	110
527	126
528	113
529	98
530	103
531	96
532	83
533	82
534	100
535	97
536	84
537	82
538	81
539	87
540	72
541	81
542	93
543	69
544	91
545	86
546	85
547	96
548	75
549	77
550	79
551	75
552	87
553	60
554	83
555	74
556	70
557	91
558	70
559	72
560	75
561	91
562	70
563	79
564	73
565	63
566	73
567	55
568	67
569	74
570	74
571	73
572	63
573	83
574	80
575	70
576	71
577	70
578	99
579	71
580	71
581	81
582	77
583	84
584	90
585	74
586	82
587	77
588	72
589	74
590	84
591	69
592	95
593	88
594	89
595	95
596	85
597	87
598	80
599	73
600	91
601	111
602	86
603	85
604	88
605	69
606	86
607	97
608	93
609	90
610	93
611	92
612	96
613	91
614	99
615	86
616	84
617	107
618	110
619	101
620	91
621	93
622	96
623	97
624	87
625	93
626	97
627	97
628	75
629	78
630	106
631	89
632	92
633	90
634	98
635	111
636	110
637	90
638	79
639	72
640	100
641	74
642	107
643	103
644	108
645	114
646	103
647	84
648	96
649	81
650	125
651	95
652	93
653	101
654	77
655	113
656	113
657	92
658	98
659	109
660	89
661	88
662	95
663	107
664	84
665	111
666	86
667	86
668	97
669	93
670	131
671	86
672	110
673	97
674	109
675	111
676	113
677	103
678	106
679	121
680	110
681	106
682	103
683	89
684	119
685	104
686	106
687	125
688	111
689	103
690	107
691	118
692	95
693	115
694	134
695	112
696	116
697	131
698	106
699	118
700	126
701	120
702	134
703	114
704	119
705	118
706	125
707	108
708	125
709	102
710	124
711	109
712	105
713	106
714	100
715	121
716	109
717	111
718	113
719	109
720	119
721	113
722	116
723	114
724	116
725	94
726	110
727	125
728	132
729	141
730	131
731	114
732	116
733	118
734	118
735	107
736	118
737	115
738	124
739	128
740	123
741	117
742	112
743	123
744	130
745	109
746	110
747	124
748	103
749	98
750	124
751	110
752	124
753	127
754	124
755	131
756	129
757	131
758	138
759	115
760	119
761	128
762	149
763	157
764	162
765	200
766	207
767	215
768	246
769	283
770	315
771	349
772	365
773	389
774	371
775	327
776	327
777	315
778	272
779	251
780	210
781	180
782	165
783	173
784	160
785	158
786	125
787	131
788	158
789	117
790	123
791	110
792	110
793	123
794	122
795	118
796	110
797	123
798	115
799	124
800	111
801	130
802	122
803	134
804	119
805	111
806	134
807	127
808	129
809	115
810	140
811	138
812	128
813	133
814	136
815	119
816	116
817	101
818	129
819	160
820	106
821	127
822	136
823	123
824	141
825	133
826	122
827	140
828	126
829	127
830	127
831	122
832	135
833	126
834	138
835	152
836	135
837	123
838	128
839	140
840	118
841	134
842	120
843	114
844	117
845	135
846	151
847	121
848	139
849	134
850	143
851	142
852	156
853	155
854	127
855	129
856	164
857	160
858	187
859	168
860	178
861	197
862	209
863	193
864	216
865	195
866	220
867	202
868	203
869	194
870	206
871	173
872	197
873	177
874	201
875	193
876	213
877	203
878	217
879	216
880	214
881	248
882	261
883	285
884	264
885	277
886	321
887	320
888	296
889	363
890	359
891	398
892	376
893	401
894	423
895	409
896	456
897	448
898	450
899	482
900	459
901	470
902	432
903	457
904	472
905	424
906	456
907	457
908	430
909	374
910	372
911	389
912	339
913	320
914	315
915	302
916	276
917	306
918	268
919	265
920	221
921	220
922	214
923	192
924	218
925	224
926	210
927	199
928	168
929	166
930	159
931	155
932	149
933	152
934	142
935	140
936	171
937	154
938	146
939	144
940	159
941	144
942	161
943	194
944	199
945	248
946	245
947	324
948	307
949	316
950	388
951	372
952	408
953	394
954	408
955	387
956	387
957	414
958	326
959	306
960	288
961	235
962	214
963	197
964	147
965	177
966	163
967	120
968	117
969	88
970	123
971	123
972	90
973	107
974	120
975	118
976	111
977	104
978	98
979	115
980	115
981	121
982	124
983	109
984	109
985	110
986	110
987	100
988	127
989	138
990	105
991	151
992	141
993	129
994	136
995	138
996	151
997	142
998	145
999	132
1000	131
1001	173
1002	132
1003	148
1004	126
1005	144
1006	142
1007	151
1008	128
1009	136
1010	149
1011	150
1012	135
1013	129
1014	118
1015	133
1016	140
1017	120
1018	118
1019	100
1020	107
1021	114
1022	93
1023	114
1024	113
