Date:	09/05/2018		Time:	00:55		Version no:	0.00		Project name:	55		Sample name:	222		Section name:	section		Position	522.315002	mm	E0	0.000000	keV	E1	1.000000	keV/channel	sample surface	6.181093	cm	Tube anode:	Mo		Tube voltage:	30	kV	Tube current:	50	mA	gain	10		std. database			resultfile	result		matrix element	11		sample thickness	1.000000		air passage	0.560000	cm	comments	in position		peaking_time	2.200000	m-sec	trigger_threshold	547.363281	V	mca_bin_width	22.090000	no:	number_mca_channels	1024.000000	no:	gap_time	0.150000	m-sec	trigger_peaking_time	0.200000	m-sec	GAINDAC	18610		HIGHGAIN	1		TAURC	1		RCTAU	1		RCTAUFRAC	1		livetime	9.344808	seconds	runtime	10.000492	seconds	input_count_rate	27985.379689	cps	output_count_rate	22279.003873	cps	triggers	261518	seconds	events_in_run	222801	seconds	channel	content		1	0
2	0
3	0
4	0
5	0
6	0
7	0
8	0
9	0
10	0
11	0
12	0
13	0
14	0
15	0
16	0
17	0
18	0
19	0
20	0
21	0
22	0
23	0
24	0
25	0
26	0
27	0
28	0
29	0
30	0
31	14
32	13
33	16
34	18
35	21
36	16
37	10
38	16
39	19
40	14
41	21
42	18
43	15
44	19
45	22
46	15
47	9
48	18
49	22
50	10
51	10
52	9
53	10
54	9
55	13
56	12
57	16
58	14
59	14
60	13
61	19
62	11
63	13
64	9
65	8
66	15
67	9
68	12
69	8
70	10
71	13
72	5
73	11
74	10
75	6
76	15
77	5
78	8
79	9
80	9
81	14
82	17
83	12
84	18
85	15
86	7
87	11
88	11
89	10
90	10
91	8
92	13
93	20
94	18
95	27
96	36
97	24
98	25
99	29
100	17
101	12
102	11
103	17
104	12
105	11
106	7
107	13
108	12
109	13
110	17
111	8
112	8
113	6
114	8
115	5
116	4
117	9
118	4
119	8
120	4
121	8
122	5
123	8
124	7
125	9
126	6
127	9
128	1
129	7
130	5
131	4
132	10
133	5
134	4
135	7
136	2
137	6
138	6
139	5
140	8
141	3
142	5
143	4
144	6
145	2
146	6
147	3
148	4
149	5
150	2
151	5
152	2
153	4
154	5
155	2
156	3
157	1
158	7
159	12
160	12
161	29
162	19
163	13
164	25
165	25
166	19
167	13
168	8
169	4
170	8
171	4
172	6
173	12
174	5
175	10
176	6
177	12
178	22
179	31
180	36
181	36
182	48
183	50
184	35
185	35
186	22
187	19
188	11
189	6
190	4
191	4
192	4
193	8
194	9
195	22
196	43
197	64
198	116
199	197
200	262
201	355
202	425
203	437
204	426
205	354
206	257
207	170
208	94
209	56
210	30
211	22
212	8
213	10
214	17
215	22
216	29
217	31
218	64
219	65
220	67
221	65
222	66
223	62
224	38
225	27
226	21
227	14
228	6
229	10
230	7
231	6
232	5
233	5
234	3
235	6
236	5
237	4
238	9
239	7
240	11
241	23
242	42
243	95
244	143
245	184
246	204
247	199
248	201
249	225
250	193
251	142
252	106
253	76
254	54
255	47
256	47
257	47
258	34
259	21
260	22
261	16
262	21
263	11
264	10
265	38
266	28
267	43
268	42
269	51
270	58
271	73
272	48
273	48
274	46
275	22
276	21
277	24
278	20
279	13
280	15
281	8
282	7
283	12
284	5
285	16
286	17
287	15
288	18
289	19
290	17
291	21
292	13
293	21
294	19
295	22
296	22
297	21
298	25
299	16
300	19
301	22
302	17
303	15
304	18
305	9
306	10
307	13
308	20
309	18
310	18
311	8
312	23
313	18
314	12
315	15
316	24
317	24
318	32
319	49
320	63
321	69
322	97
323	102
324	83
325	70
326	66
327	56
328	33
329	48
330	31
331	35
332	34
333	29
334	28
335	35
336	46
337	48
338	65
339	84
340	140
341	227
342	428
343	797
344	1311
345	2151
346	3359
347	4926
348	6434
349	7872
350	8629
351	8806
352	8245
353	7290
354	5923
355	4473
356	2932
357	1936
358	1125
359	613
360	338
361	174
362	96
363	59
364	52
365	56
366	49
367	27
368	41
369	39
370	51
371	54
372	65
373	63
374	65
375	75
376	99
377	111
378	158
379	223
380	351
381	531
382	666
383	902
384	1130
385	1376
386	1459
387	1515
388	1436
389	1207
390	1018
391	683
392	544
393	344
394	198
395	147
396	74
397	72
398	41
399	32
400	39
401	35
402	41
403	52
404	37
405	27
406	37
407	37
408	35
409	47
410	55
411	53
412	21
413	29
414	35
415	39
416	32
417	30
418	31
419	38
420	39
421	42
422	30
423	37
424	37
425	43
426	39
427	40
428	37
429	43
430	41
431	41
432	40
433	44
434	42
435	43
436	55
437	78
438	87
439	92
440	89
441	80
442	70
443	71
444	97
445	72
446	71
447	67
448	74
449	69
450	68
451	78
452	68
453	68
454	70
455	79
456	74
457	85
458	83
459	87
460	96
461	73
462	75
463	82
464	85
465	68
466	82
467	78
468	71
469	80
470	72
471	62
472	71
473	99
474	100
475	82
476	67
477	66
478	60
479	63
480	68
481	60
482	55
483	56
484	55
485	69
486	59
487	74
488	66
489	78
490	66
491	61
492	57
493	70
494	64
495	69
496	65
497	83
498	75
499	81
500	80
501	68
502	74
503	74
504	73
505	89
506	83
507	89
508	81
509	81
510	65
511	88
512	88
513	108
514	88
515	78
516	108
517	102
518	91
519	99
520	91
521	97
522	84
523	113
524	95
525	101
526	103
527	107
528	109
529	102
530	113
531	109
532	100
533	103
534	91
535	107
536	93
537	108
538	89
539	68
540	94
541	91
542	85
543	114
544	88
545	80
546	88
547	93
548	97
549	84
550	80
551	71
552	89
553	74
554	97
555	82
556	101
557	91
558	80
559	100
560	68
561	75
562	88
563	90
564	79
565	89
566	87
567	107
568	93
569	95
570	74
571	99
572	90
573	98
574	82
575	102
576	79
577	103
578	77
579	95
580	104
581	101
582	112
583	87
584	89
585	100
586	94
587	80
588	99
589	100
590	104
591	114
592	89
593	96
594	108
595	113
596	119
597	118
598	94
599	121
600	114
601	115
602	87
603	124
604	97
605	87
606	99
607	106
608	97
609	115
610	126
611	116
612	101
613	110
614	110
615	98
616	119
617	105
618	99
619	128
620	125
621	120
622	137
623	124
624	98
625	126
626	135
627	129
628	102
629	101
630	108
631	119
632	134
633	111
634	130
635	115
636	105
637	109
638	120
639	106
640	129
641	118
642	110
643	106
644	104
645	91
646	127
647	113
648	115
649	125
650	111
651	127
652	117
653	125
654	127
655	132
656	134
657	127
658	109
659	125
660	124
661	99
662	120
663	101
664	105
665	127
666	116
667	106
668	117
669	131
670	115
671	111
672	124
673	124
674	133
675	133
676	115
677	107
678	111
679	123
680	130
681	123
682	115
683	107
684	116
685	130
686	134
687	132
688	136
689	129
690	156
691	152
692	117
693	130
694	122
695	124
696	146
697	139
698	131
699	151
700	160
701	164
702	132
703	133
704	149
705	120
706	146
707	142
708	147
709	147
710	143
711	124
712	130
713	151
714	136
715	114
716	154
717	120
718	153
719	131
720	153
721	107
722	163
723	145
724	159
725	149
726	145
727	153
728	138
729	150
730	151
731	173
732	156
733	143
734	142
735	161
736	163
737	140
738	150
739	145
740	150
741	149
742	159
743	135
744	157
745	160
746	149
747	131
748	150
749	170
750	165
751	130
752	161
753	159
754	156
755	153
756	134
757	157
758	166
759	157
760	171
761	164
762	168
763	168
764	189
765	185
766	212
767	260
768	308
769	321
770	333
771	385
772	373
773	414
774	344
775	410
776	326
777	314
778	315
779	239
780	261
781	234
782	208
783	201
784	169
785	175
786	179
787	144
788	175
789	165
790	154
791	150
792	143
793	140
794	143
795	150
796	152
797	150
798	157
799	127
800	142
801	138
802	138
803	159
804	139
805	143
806	161
807	144
808	157
809	164
810	152
811	170
812	144
813	173
814	161
815	159
816	139
817	164
818	162
819	157
820	162
821	169
822	148
823	176
824	140
825	181
826	159
827	149
828	158
829	172
830	153
831	154
832	174
833	197
834	170
835	169
836	171
837	168
838	145
839	174
840	158
841	174
842	170
843	164
844	187
845	170
846	153
847	181
848	169
849	193
850	163
851	182
852	195
853	200
854	204
855	201
856	191
857	211
858	223
859	236
860	262
861	235
862	251
863	242
864	251
865	244
866	244
867	266
868	256
869	248
870	249
871	243
872	264
873	225
874	264
875	230
876	266
877	317
878	277
879	302
880	306
881	324
882	316
883	378
884	350
885	391
886	443
887	485
888	435
889	469
890	493
891	530
892	491
893	520
894	515
895	561
896	599
897	570
898	612
899	586
900	632
901	631
902	622
903	637
904	612
905	581
906	606
907	575
908	593
909	508
910	521
911	494
912	423
913	446
914	426
915	420
916	399
917	390
918	337
919	334
920	305
921	280
922	294
923	273
924	267
925	282
926	228
927	242
928	201
929	239
930	236
931	200
932	181
933	178
934	176
935	192
936	187
937	205
938	186
939	189
940	210
941	218
942	238
943	232
944	247
945	281
946	286
947	330
948	370
949	376
950	448
951	436
952	488
953	472
954	465
955	463
956	473
957	430
958	423
959	380
960	353
961	273
962	261
963	232
964	227
965	173
966	172
967	169
968	158
969	171
970	155
971	143
972	131
973	143
974	135
975	119
976	125
977	130
978	143
979	160
980	161
981	129
982	131
983	177
984	167
985	144
986	138
987	173
988	146
989	169
990	166
991	182
992	186
993	172
994	184
995	168
996	202
997	180
998	177
999	228
1000	194
1001	187
1002	205
1003	219
1004	209
1005	180
1006	158
1007	214
1008	195
1009	175
1010	178
1011	182
1012	190
1013	179
1014	172
1015	182
1016	176
1017	141
1018	155
1019	159
1020	145
1021	151
1022	147
1023	127
1024	148
