Date:	09/05/2018		Time:	00:57		Version no:	0.00		Project name:	55		Sample name:	222		Section name:	section		Position	523.715027	mm	E0	0.000000	keV	E1	1.000000	keV/channel	sample surface	6.157258	cm	Tube anode:	Mo		Tube voltage:	30	kV	Tube current:	50	mA	gain	10		std. database			resultfile	result		matrix element	11		sample thickness	1.000000		air passage	0.560000	cm	comments	in position		peaking_time	2.200000	m-sec	trigger_threshold	547.363281	V	mca_bin_width	22.090000	no:	number_mca_channels	1024.000000	no:	gap_time	0.150000	m-sec	trigger_peaking_time	0.200000	m-sec	GAINDAC	18610		HIGHGAIN	1		TAURC	1		RCTAU	1		RCTAUFRAC	1		livetime	9.371095	seconds	runtime	10.000492	seconds	input_count_rate	26530.410234	cps	output_count_rate	21316.151245	cps	triggers	248619	seconds	events_in_run	213172	seconds	channel	content		1	0
2	0
3	0
4	0
5	0
6	0
7	0
8	0
9	0
10	0
11	0
12	0
13	0
14	0
15	0
16	0
17	0
18	0
19	0
20	0
21	0
22	0
23	0
24	0
25	0
26	0
27	0
28	0
29	0
30	0
31	17
32	12
33	13
34	15
35	12
36	18
37	13
38	10
39	17
40	20
41	16
42	13
43	12
44	16
45	12
46	16
47	16
48	20
49	15
50	15
51	19
52	15
53	11
54	16
55	9
56	12
57	15
58	17
59	14
60	6
61	10
62	9
63	6
64	10
65	14
66	9
67	4
68	10
69	9
70	6
71	11
72	8
73	13
74	9
75	7
76	11
77	10
78	9
79	12
80	19
81	19
82	19
83	15
84	10
85	8
86	10
87	7
88	6
89	8
90	9
91	4
92	6
93	12
94	20
95	29
96	16
97	29
98	20
99	14
100	14
101	15
102	7
103	14
104	14
105	8
106	11
107	16
108	11
109	11
110	7
111	5
112	5
113	8
114	3
115	9
116	2
117	4
118	5
119	1
120	4
121	8
122	5
123	2
124	6
125	7
126	9
127	5
128	4
129	11
130	2
131	5
132	5
133	3
134	4
135	8
136	3
137	4
138	5
139	0
140	3
141	5
142	5
143	5
144	2
145	9
146	7
147	3
148	2
149	6
150	6
151	7
152	7
153	12
154	4
155	9
156	6
157	6
158	6
159	8
160	19
161	16
162	24
163	25
164	25
165	23
166	14
167	8
168	7
169	4
170	3
171	4
172	6
173	3
174	9
175	9
176	11
177	16
178	14
179	22
180	25
181	39
182	48
183	40
184	43
185	30
186	18
187	12
188	9
189	8
190	2
191	2
192	4
193	8
194	12
195	15
196	46
197	74
198	117
199	178
200	256
201	348
202	369
203	411
204	385
205	328
206	214
207	154
208	82
209	47
210	35
211	15
212	11
213	9
214	17
215	19
216	21
217	38
218	43
219	66
220	76
221	69
222	57
223	49
224	32
225	23
226	18
227	16
228	7
229	11
230	1
231	4
232	6
233	6
234	4
235	4
236	5
237	11
238	8
239	5
240	15
241	29
242	47
243	79
244	99
245	163
246	183
247	218
248	226
249	215
250	172
251	144
252	88
253	68
254	71
255	53
256	39
257	36
258	32
259	22
260	20
261	18
262	14
263	11
264	16
265	23
266	31
267	35
268	43
269	46
270	44
271	51
272	58
273	48
274	38
275	34
276	21
277	18
278	15
279	11
280	12
281	8
282	18
283	11
284	8
285	17
286	15
287	22
288	19
289	15
290	17
291	19
292	12
293	10
294	16
295	19
296	20
297	21
298	15
299	14
300	14
301	21
302	18
303	18
304	9
305	18
306	19
307	19
308	17
309	12
310	18
311	12
312	17
313	13
314	14
315	18
316	22
317	32
318	35
319	51
320	73
321	89
322	90
323	89
324	96
325	83
326	85
327	58
328	53
329	37
330	29
331	30
332	34
333	26
334	25
335	37
336	29
337	31
338	49
339	78
340	128
341	241
342	398
343	695
344	1332
345	2108
346	3239
347	4547
348	5951
349	7453
350	8149
351	8213
352	7910
353	6897
354	5604
355	4125
356	2730
357	1738
358	1082
359	603
360	300
361	159
362	84
363	71
364	54
365	44
366	40
367	39
368	36
369	50
370	44
371	41
372	56
373	59
374	55
375	86
376	98
377	120
378	158
379	234
380	324
381	453
382	642
383	849
384	1118
385	1196
386	1390
387	1376
388	1292
389	1179
390	883
391	681
392	512
393	344
394	217
395	116
396	85
397	63
398	32
399	21
400	36
401	31
402	36
403	31
404	30
405	32
406	33
407	34
408	38
409	38
410	41
411	41
412	36
413	34
414	27
415	37
416	31
417	38
418	34
419	26
420	30
421	31
422	29
423	36
424	30
425	35
426	41
427	35
428	42
429	33
430	25
431	33
432	43
433	39
434	49
435	53
436	50
437	68
438	54
439	85
440	66
441	84
442	96
443	76
444	89
445	68
446	85
447	62
448	67
449	91
450	84
451	63
452	61
453	66
454	78
455	77
456	82
457	83
458	98
459	82
460	93
461	76
462	94
463	69
464	64
465	68
466	55
467	63
468	59
469	68
470	76
471	78
472	79
473	71
474	83
475	73
476	71
477	80
478	65
479	52
480	69
481	54
482	49
483	75
484	58
485	57
486	69
487	50
488	67
489	71
490	58
491	70
492	72
493	56
494	69
495	73
496	61
497	71
498	78
499	77
500	72
501	61
502	68
503	89
504	92
505	69
506	93
507	92
508	84
509	82
510	80
511	85
512	86
513	75
514	90
515	91
516	95
517	78
518	85
519	75
520	86
521	107
522	99
523	103
524	102
525	99
526	106
527	99
528	103
529	115
530	97
531	100
532	97
533	82
534	114
535	105
536	77
537	71
538	94
539	78
540	71
541	84
542	94
543	81
544	84
545	113
546	93
547	82
548	95
549	61
550	77
551	72
552	76
553	76
554	74
555	79
556	92
557	80
558	87
559	88
560	96
561	81
562	86
563	84
564	73
565	104
566	94
567	80
568	80
569	89
570	102
571	100
572	96
573	97
574	90
575	81
576	75
577	93
578	95
579	82
580	78
581	89
582	87
583	103
584	80
585	90
586	91
587	103
588	88
589	85
590	86
591	84
592	92
593	102
594	96
595	88
596	101
597	81
598	95
599	101
600	119
601	90
602	89
603	105
604	93
605	90
606	111
607	107
608	101
609	122
610	100
611	122
612	103
613	110
614	100
615	118
616	88
617	111
618	92
619	113
620	123
621	115
622	105
623	98
624	121
625	109
626	113
627	115
628	126
629	119
630	91
631	82
632	106
633	94
634	101
635	106
636	101
637	110
638	116
639	104
640	99
641	109
642	132
643	105
644	121
645	106
646	122
647	115
648	129
649	128
650	102
651	131
652	147
653	117
654	139
655	125
656	127
657	105
658	116
659	109
660	110
661	122
662	134
663	122
664	102
665	127
666	113
667	112
668	103
669	129
670	135
671	129
672	113
673	118
674	119
675	138
676	121
677	132
678	136
679	120
680	132
681	116
682	123
683	127
684	103
685	147
686	123
687	139
688	116
689	117
690	138
691	125
692	130
693	118
694	162
695	122
696	138
697	133
698	139
699	155
700	138
701	122
702	152
703	129
704	133
705	146
706	157
707	123
708	128
709	132
710	146
711	134
712	127
713	137
714	132
715	125
716	135
717	108
718	141
719	146
720	138
721	126
722	145
723	146
724	150
725	138
726	151
727	149
728	128
729	119
730	148
731	137
732	144
733	128
734	150
735	141
736	139
737	128
738	151
739	154
740	140
741	150
742	147
743	129
744	168
745	134
746	143
747	153
748	142
749	141
750	137
751	143
752	153
753	144
754	141
755	125
756	138
757	148
758	131
759	142
760	148
761	161
762	145
763	170
764	191
765	180
766	197
767	237
768	275
769	293
770	329
771	341
772	371
773	390
774	393
775	368
776	357
777	300
778	312
779	270
780	196
781	218
782	201
783	189
784	169
785	156
786	140
787	161
788	151
789	135
790	128
791	143
792	143
793	156
794	151
795	128
796	146
797	144
798	138
799	153
800	154
801	130
802	144
803	139
804	150
805	138
806	160
807	145
808	163
809	155
810	145
811	146
812	129
813	157
814	150
815	150
816	165
817	159
818	184
819	175
820	162
821	166
822	173
823	172
824	156
825	157
826	150
827	155
828	167
829	139
830	140
831	147
832	174
833	159
834	157
835	144
836	144
837	160
838	161
839	164
840	160
841	169
842	141
843	172
844	176
845	179
846	179
847	158
848	170
849	192
850	178
851	161
852	165
853	187
854	190
855	189
856	196
857	242
858	223
859	205
860	211
861	245
862	234
863	231
864	238
865	224
866	247
867	268
868	239
869	233
870	253
871	260
872	250
873	246
874	241
875	239
876	263
877	254
878	283
879	259
880	314
881	319
882	335
883	314
884	332
885	373
886	408
887	398
888	457
889	495
890	462
891	488
892	503
893	527
894	526
895	553
896	575
897	562
898	583
899	597
900	595
901	577
902	621
903	615
904	574
905	591
906	581
907	553
908	569
909	524
910	488
911	484
912	455
913	460
914	375
915	407
916	401
917	325
918	359
919	306
920	284
921	276
922	273
923	271
924	238
925	244
926	230
927	227
928	239
929	216
930	207
931	201
932	196
933	194
934	164
935	178
936	192
937	170
938	198
939	204
940	189
941	215
942	203
943	255
944	266
945	249
946	290
947	321
948	381
949	445
950	415
951	428
952	527
953	459
954	424
955	462
956	459
957	412
958	406
959	326
960	310
961	290
962	281
963	242
964	186
965	189
966	180
967	173
968	153
969	150
970	136
971	148
972	132
973	148
974	135
975	141
976	151
977	121
978	138
979	136
980	166
981	126
982	141
983	137
984	156
985	156
986	148
987	167
988	155
989	131
990	164
991	166
992	168
993	157
994	181
995	178
996	180
997	184
998	174
999	205
1000	195
1001	187
1002	191
1003	189
1004	206
1005	173
1006	192
1007	192
1008	183
1009	178
1010	165
1011	199
1012	207
1013	155
1014	167
1015	174
1016	174
1017	156
1018	135
1019	163
1020	141
1021	141
1022	129
1023	126
1024	120
