Date:	08/05/2018		Time:	23:57		Version no:	0.00		Project name:	55		Sample name:	222		Section name:	section		Position	460.515045	mm	E0	0.000000	keV	E1	1.000000	keV/channel	sample surface	6.437847	cm	Tube anode:	Mo		Tube voltage:	30	kV	Tube current:	50	mA	gain	10		std. database			resultfile	result		matrix element	11		sample thickness	1.000000		air passage	0.560000	cm	comments	in position		peaking_time	2.200000	m-sec	trigger_threshold	547.363281	V	mca_bin_width	22.090000	no:	number_mca_channels	1024.000000	no:	gap_time	0.150000	m-sec	trigger_peaking_time	0.200000	m-sec	GAINDAC	18610		HIGHGAIN	1		TAURC	1		RCTAU	1		RCTAUFRAC	1		livetime	9.440660	seconds	runtime	10.000490	seconds	input_count_rate	25225.355007	cps	output_count_rate	20640.989417	cps	triggers	238144	seconds	events_in_run	206420	seconds	channel	content		1	0
2	0
3	0
4	0
5	0
6	0
7	0
8	0
9	0
10	0
11	0
12	0
13	0
14	0
15	0
16	0
17	0
18	0
19	0
20	0
21	0
22	0
23	0
24	0
25	0
26	0
27	0
28	0
29	0
30	0
31	10
32	7
33	10
34	14
35	6
36	7
37	12
38	12
39	16
40	8
41	14
42	14
43	10
44	14
45	8
46	9
47	17
48	13
49	13
50	10
51	8
52	5
53	12
54	8
55	12
56	13
57	9
58	11
59	11
60	7
61	10
62	12
63	13
64	9
65	10
66	11
67	6
68	7
69	11
70	7
71	8
72	8
73	4
74	11
75	7
76	6
77	4
78	7
79	9
80	11
81	11
82	14
83	15
84	10
85	8
86	7
87	10
88	7
89	7
90	9
91	7
92	15
93	19
94	17
95	26
96	32
97	27
98	26
99	20
100	11
101	9
102	6
103	10
104	7
105	20
106	7
107	15
108	17
109	10
110	7
111	6
112	6
113	7
114	7
115	7
116	9
117	6
118	9
119	4
120	1
121	6
122	4
123	2
124	4
125	7
126	3
127	4
128	3
129	5
130	4
131	6
132	6
133	4
134	1
135	6
136	5
137	3
138	4
139	3
140	1
141	4
142	2
143	2
144	4
145	8
146	6
147	11
148	6
149	3
150	3
151	3
152	6
153	2
154	0
155	5
156	6
157	7
158	10
159	16
160	21
161	18
162	25
163	29
164	36
165	24
166	19
167	14
168	5
169	5
170	3
171	2
172	4
173	6
174	4
175	10
176	13
177	15
178	18
179	31
180	30
181	43
182	35
183	34
184	35
185	28
186	13
187	13
188	15
189	5
190	3
191	5
192	3
193	10
194	10
195	22
196	47
197	78
198	108
199	190
200	299
201	359
202	479
203	475
204	454
205	384
206	282
207	210
208	109
209	53
210	34
211	20
212	9
213	13
214	11
215	19
216	32
217	40
218	54
219	75
220	78
221	81
222	56
223	54
224	33
225	36
226	25
227	14
228	10
229	4
230	4
231	8
232	5
233	5
234	5
235	5
236	6
237	6
238	10
239	15
240	19
241	30
242	56
243	99
244	130
245	162
246	228
247	266
248	251
249	248
250	190
251	150
252	128
253	105
254	78
255	48
256	44
257	47
258	33
259	20
260	24
261	20
262	18
263	14
264	19
265	20
266	28
267	48
268	58
269	60
270	48
271	68
272	76
273	68
274	38
275	37
276	19
277	16
278	22
279	13
280	11
281	9
282	10
283	10
284	15
285	11
286	12
287	17
288	15
289	17
290	25
291	17
292	18
293	17
294	15
295	14
296	13
297	19
298	21
299	21
300	22
301	19
302	14
303	19
304	11
305	8
306	13
307	9
308	15
309	17
310	15
311	12
312	12
313	10
314	16
315	29
316	35
317	42
318	83
319	115
320	160
321	211
322	241
323	285
324	243
325	252
326	230
327	173
328	139
329	86
330	82
331	31
332	32
333	38
334	36
335	37
336	48
337	43
338	50
339	75
340	136
341	245
342	427
343	816
344	1426
345	2409
346	3794
347	5262
348	6981
349	8583
350	9625
351	9807
352	9481
353	8457
354	6790
355	5120
356	3439
357	2232
358	1377
359	741
360	401
361	228
362	116
363	80
364	76
365	37
366	53
367	33
368	44
369	48
370	57
371	50
372	55
373	58
374	71
375	72
376	98
377	135
378	170
379	263
380	380
381	509
382	755
383	1093
384	1216
385	1463
386	1593
387	1626
388	1503
389	1368
390	1095
391	800
392	583
393	383
394	253
395	142
396	81
397	70
398	35
399	32
400	29
401	21
402	35
403	32
404	27
405	33
406	39
407	29
408	24
409	16
410	34
411	35
412	33
413	38
414	27
415	40
416	34
417	33
418	30
419	28
420	36
421	26
422	28
423	29
424	28
425	25
426	35
427	37
428	26
429	30
430	30
431	37
432	31
433	36
434	38
435	40
436	55
437	56
438	70
439	73
440	71
441	66
442	89
443	65
444	70
445	62
446	57
447	58
448	56
449	50
450	59
451	70
452	62
453	60
454	55
455	59
456	81
457	81
458	72
459	82
460	85
461	79
462	80
463	77
464	53
465	79
466	51
467	63
468	58
469	76
470	61
471	59
472	75
473	64
474	64
475	73
476	56
477	59
478	69
479	57
480	53
481	54
482	57
483	54
484	54
485	56
486	50
487	67
488	54
489	50
490	66
491	67
492	63
493	46
494	50
495	51
496	58
497	49
498	59
499	49
500	61
501	62
502	66
503	70
504	74
505	77
506	77
507	63
508	74
509	77
510	71
511	73
512	79
513	80
514	68
515	58
516	73
517	79
518	78
519	79
520	86
521	78
522	88
523	78
524	92
525	80
526	92
527	87
528	82
529	89
530	82
531	96
532	87
533	78
534	78
535	80
536	75
537	72
538	75
539	77
540	65
541	78
542	63
543	71
544	70
545	74
546	76
547	85
548	88
549	77
550	81
551	61
552	61
553	79
554	72
555	76
556	71
557	70
558	61
559	65
560	57
561	77
562	58
563	78
564	75
565	95
566	62
567	62
568	75
569	80
570	59
571	69
572	69
573	68
574	78
575	62
576	81
577	65
578	74
579	78
580	73
581	91
582	79
583	71
584	73
585	74
586	81
587	76
588	78
589	55
590	96
591	74
592	109
593	74
594	80
595	77
596	70
597	78
598	87
599	76
600	96
601	83
602	86
603	88
604	74
605	86
606	66
607	89
608	66
609	83
610	93
611	81
612	73
613	87
614	92
615	78
616	84
617	70
618	100
619	86
620	99
621	117
622	92
623	81
624	97
625	101
626	88
627	102
628	81
629	93
630	86
631	81
632	86
633	80
634	100
635	95
636	93
637	75
638	93
639	98
640	104
641	78
642	85
643	94
644	99
645	103
646	91
647	92
648	100
649	76
650	81
651	84
652	94
653	106
654	94
655	94
656	105
657	85
658	86
659	97
660	90
661	112
662	84
663	90
664	89
665	85
666	87
667	93
668	74
669	98
670	105
671	112
672	88
673	85
674	87
675	90
676	96
677	91
678	105
679	93
680	89
681	101
682	83
683	106
684	119
685	102
686	106
687	103
688	98
689	79
690	107
691	98
692	85
693	87
694	103
695	121
696	103
697	110
698	98
699	110
700	94
701	95
702	96
703	116
704	121
705	106
706	90
707	130
708	90
709	117
710	102
711	104
712	103
713	117
714	119
715	107
716	116
717	110
718	103
719	97
720	106
721	102
722	106
723	96
724	110
725	111
726	113
727	107
728	125
729	115
730	104
731	117
732	121
733	129
734	120
735	118
736	132
737	118
738	106
739	126
740	105
741	138
742	102
743	110
744	116
745	118
746	124
747	109
748	136
749	114
750	99
751	116
752	97
753	95
754	121
755	117
756	106
757	123
758	125
759	121
760	139
761	121
762	131
763	137
764	156
765	145
766	153
767	172
768	253
769	207
770	229
771	237
772	282
773	287
774	284
775	301
776	255
777	239
778	243
779	210
780	194
781	184
782	153
783	145
784	127
785	129
786	115
787	115
788	110
789	110
790	115
791	109
792	100
793	105
794	105
795	104
796	113
797	115
798	123
799	104
800	112
801	111
802	118
803	110
804	113
805	126
806	117
807	111
808	115
809	110
810	96
811	128
812	124
813	109
814	103
815	109
816	131
817	127
818	137
819	128
820	136
821	121
822	111
823	135
824	126
825	119
826	104
827	116
828	129
829	133
830	135
831	134
832	125
833	132
834	123
835	123
836	107
837	131
838	119
839	126
840	98
841	120
842	116
843	120
844	122
845	121
846	128
847	134
848	125
849	142
850	128
851	119
852	139
853	155
854	123
855	142
856	142
857	153
858	157
859	191
860	176
861	175
862	170
863	193
864	210
865	186
866	190
867	197
868	190
869	208
870	172
871	191
872	180
873	196
874	153
875	195
876	196
877	226
878	214
879	211
880	212
881	236
882	236
883	260
884	269
885	249
886	255
887	303
888	313
889	337
890	302
891	363
892	375
893	402
894	410
895	393
896	426
897	424
898	438
899	399
900	428
901	439
902	426
903	465
904	428
905	446
906	433
907	411
908	402
909	381
910	387
911	389
912	337
913	343
914	294
915	314
916	283
917	274
918	251
919	235
920	212
921	203
922	212
923	209
924	186
925	173
926	183
927	191
928	155
929	148
930	140
931	142
932	117
933	144
934	156
935	141
936	129
937	170
938	162
939	150
940	141
941	136
942	156
943	181
944	221
945	225
946	221
947	255
948	251
949	339
950	343
951	338
952	409
953	363
954	408
955	365
956	346
957	343
958	333
959	297
960	260
961	228
962	181
963	199
964	161
965	143
966	135
967	107
968	104
969	97
970	98
971	110
972	92
973	112
974	103
975	109
976	119
977	95
978	96
979	111
980	121
981	91
982	109
983	117
984	107
985	139
986	115
987	106
988	126
989	113
990	124
991	130
992	118
993	124
994	126
995	133
996	118
997	133
998	129
999	134
1000	132
1001	149
1002	134
1003	137
1004	140
1005	139
1006	134
1007	141
1008	130
1009	132
1010	151
1011	138
1012	131
1013	137
1014	128
1015	132
1016	116
1017	117
1018	127
1019	120
1020	108
1021	114
1022	108
1023	110
1024	109
