Date:	09/05/2018		Time:	01:01		Version no:	0.00		Project name:	55		Sample name:	222		Section name:	section		Position	527.915039	mm	E0	0.000000	keV	E1	1.000000	keV/channel	sample surface	6.101470	cm	Tube anode:	Mo		Tube voltage:	30	kV	Tube current:	50	mA	gain	10		std. database			resultfile	result		matrix element	11		sample thickness	1.000000		air passage	0.560000	cm	comments	in position		peaking_time	2.200000	m-sec	trigger_threshold	547.363281	V	mca_bin_width	22.090000	no:	number_mca_channels	1024.000000	no:	gap_time	0.150000	m-sec	trigger_peaking_time	0.200000	m-sec	GAINDAC	18610		HIGHGAIN	1		TAURC	1		RCTAU	1		RCTAUFRAC	1		livetime	9.506951	seconds	runtime	10.000061	seconds	input_count_rate	20695.804140	cps	output_count_rate	17340.794568	cps	triggers	196754	seconds	events_in_run	173409	seconds	channel	content		1	0
2	0
3	0
4	0
5	0
6	0
7	0
8	0
9	0
10	0
11	0
12	0
13	0
14	0
15	0
16	0
17	0
18	0
19	0
20	0
21	0
22	0
23	0
24	0
25	0
26	0
27	0
28	0
29	0
30	0
31	12
32	9
33	15
34	20
35	12
36	23
37	8
38	13
39	11
40	16
41	13
42	13
43	16
44	14
45	17
46	13
47	15
48	13
49	10
50	11
51	11
52	8
53	12
54	12
55	15
56	11
57	10
58	14
59	10
60	10
61	10
62	13
63	14
64	10
65	8
66	9
67	10
68	8
69	10
70	10
71	6
72	9
73	9
74	5
75	7
76	6
77	7
78	9
79	9
80	6
81	12
82	10
83	18
84	12
85	6
86	5
87	5
88	12
89	3
90	8
91	5
92	6
93	17
94	18
95	22
96	27
97	19
98	31
99	16
100	10
101	12
102	6
103	7
104	4
105	3
106	9
107	15
108	14
109	11
110	8
111	5
112	2
113	7
114	3
115	5
116	7
117	5
118	3
119	3
120	6
121	3
122	3
123	7
124	6
125	7
126	9
127	6
128	3
129	1
130	7
131	1
132	3
133	4
134	2
135	1
136	1
137	3
138	6
139	3
140	5
141	4
142	4
143	4
144	1
145	3
146	2
147	6
148	3
149	2
150	1
151	2
152	8
153	5
154	3
155	6
156	6
157	7
158	7
159	8
160	17
161	33
162	32
163	34
164	18
165	27
166	18
167	14
168	10
169	7
170	5
171	6
172	5
173	9
174	5
175	9
176	3
177	5
178	16
179	21
180	23
181	26
182	29
183	29
184	28
185	22
186	15
187	9
188	9
189	6
190	1
191	5
192	1
193	3
194	10
195	11
196	38
197	46
198	82
199	113
200	172
201	216
202	257
203	275
204	283
205	225
206	175
207	122
208	49
209	29
210	24
211	7
212	6
213	9
214	5
215	13
216	17
217	22
218	39
219	46
220	35
221	54
222	61
223	33
224	18
225	15
226	11
227	5
228	4
229	3
230	3
231	7
232	3
233	6
234	7
235	4
236	3
237	5
238	1
239	8
240	15
241	19
242	40
243	46
244	89
245	96
246	127
247	170
248	149
249	153
250	132
251	97
252	91
253	53
254	51
255	48
256	25
257	42
258	30
259	23
260	11
261	14
262	7
263	14
264	17
265	14
266	19
267	26
268	30
269	41
270	44
271	55
272	39
273	22
274	28
275	24
276	22
277	22
278	11
279	5
280	14
281	7
282	10
283	6
284	11
285	8
286	10
287	12
288	9
289	11
290	15
291	10
292	17
293	12
294	25
295	12
296	21
297	4
298	9
299	12
300	8
301	16
302	19
303	11
304	15
305	8
306	10
307	12
308	10
309	12
310	7
311	9
312	7
313	13
314	10
315	10
316	17
317	15
318	35
319	36
320	49
321	51
322	63
323	76
324	68
325	63
326	42
327	39
328	35
329	26
330	23
331	27
332	27
333	14
334	27
335	19
336	26
337	36
338	41
339	55
340	79
341	158
342	306
343	526
344	1028
345	1551
346	2387
347	3409
348	4410
349	5418
350	6118
351	6168
352	5674
353	5061
354	4098
355	3041
356	2180
357	1354
358	815
359	417
360	234
361	113
362	89
363	36
364	30
365	31
366	36
367	32
368	37
369	39
370	33
371	36
372	39
373	47
374	61
375	50
376	71
377	69
378	123
379	154
380	243
381	377
382	487
383	691
384	846
385	960
386	980
387	1023
388	978
389	847
390	661
391	538
392	352
393	234
394	142
395	81
396	79
397	38
398	30
399	25
400	24
401	24
402	16
403	24
404	33
405	22
406	34
407	29
408	29
409	36
410	41
411	37
412	41
413	22
414	39
415	23
416	34
417	28
418	32
419	22
420	17
421	39
422	23
423	25
424	25
425	38
426	26
427	21
428	31
429	25
430	26
431	28
432	30
433	36
434	44
435	45
436	42
437	38
438	71
439	76
440	63
441	54
442	67
443	59
444	44
445	58
446	50
447	55
448	46
449	47
450	55
451	60
452	56
453	48
454	53
455	48
456	48
457	75
458	66
459	58
460	89
461	72
462	61
463	65
464	51
465	62
466	44
467	53
468	52
469	48
470	48
471	57
472	64
473	53
474	59
475	56
476	56
477	44
478	49
479	54
480	51
481	38
482	52
483	42
484	42
485	34
486	52
487	51
488	59
489	52
490	55
491	52
492	58
493	51
494	48
495	48
496	59
497	47
498	63
499	57
500	62
501	50
502	56
503	52
504	71
505	72
506	65
507	67
508	71
509	64
510	74
511	68
512	58
513	83
514	66
515	67
516	76
517	65
518	53
519	67
520	81
521	88
522	79
523	82
524	94
525	74
526	97
527	86
528	82
529	89
530	94
531	83
532	90
533	57
534	81
535	76
536	68
537	68
538	70
539	76
540	67
541	75
542	77
543	66
544	70
545	68
546	68
547	62
548	69
549	74
550	63
551	68
552	45
553	62
554	68
555	70
556	71
557	65
558	65
559	72
560	59
561	71
562	77
563	67
564	66
565	75
566	73
567	81
568	82
569	69
570	76
571	60
572	75
573	75
574	65
575	68
576	73
577	77
578	73
579	76
580	73
581	72
582	78
583	79
584	79
585	66
586	83
587	77
588	93
589	89
590	68
591	86
592	85
593	83
594	82
595	71
596	88
597	80
598	85
599	86
600	86
601	82
602	90
603	86
604	94
605	80
606	88
607	74
608	81
609	99
610	74
611	80
612	87
613	76
614	98
615	91
616	92
617	87
618	81
619	91
620	94
621	99
622	103
623	81
624	97
625	104
626	76
627	97
628	95
629	92
630	97
631	90
632	100
633	88
634	78
635	79
636	86
637	75
638	97
639	85
640	108
641	105
642	98
643	114
644	89
645	102
646	111
647	98
648	82
649	112
650	105
651	111
652	90
653	90
654	110
655	102
656	108
657	106
658	98
659	87
660	91
661	86
662	103
663	99
664	103
665	97
666	106
667	108
668	95
669	94
670	114
671	96
672	114
673	89
674	89
675	115
676	97
677	99
678	98
679	111
680	112
681	115
682	110
683	115
684	138
685	110
686	100
687	116
688	98
689	105
690	118
691	116
692	111
693	103
694	121
695	105
696	103
697	112
698	108
699	117
700	107
701	126
702	132
703	100
704	112
705	105
706	113
707	125
708	125
709	120
710	118
711	92
712	114
713	120
714	102
715	110
716	102
717	121
718	108
719	118
720	115
721	112
722	113
723	122
724	148
725	104
726	115
727	135
728	114
729	124
730	126
731	125
732	126
733	109
734	112
735	119
736	131
737	131
738	123
739	140
740	135
741	115
742	134
743	128
744	146
745	107
746	130
747	123
748	124
749	133
750	109
751	119
752	127
753	113
754	129
755	125
756	126
757	118
758	133
759	144
760	136
761	145
762	166
763	125
764	156
765	163
766	203
767	197
768	231
769	257
770	259
771	279
772	300
773	247
774	290
775	296
776	280
777	247
778	259
779	221
780	227
781	169
782	152
783	171
784	136
785	148
786	155
787	122
788	118
789	131
790	134
791	113
792	121
793	124
794	149
795	128
796	133
797	135
798	113
799	151
800	135
801	113
802	137
803	131
804	123
805	141
806	125
807	117
808	131
809	122
810	134
811	141
812	133
813	132
814	134
815	149
816	131
817	141
818	162
819	150
820	136
821	130
822	132
823	144
824	140
825	125
826	136
827	122
828	145
829	141
830	133
831	137
832	129
833	128
834	137
835	155
836	143
837	155
838	126
839	125
840	143
841	129
842	122
843	139
844	156
845	149
846	146
847	132
848	141
849	142
850	144
851	150
852	175
853	170
854	149
855	167
856	176
857	189
858	190
859	172
860	201
861	206
862	210
863	221
864	193
865	208
866	190
867	213
868	195
869	216
870	190
871	231
872	220
873	216
874	201
875	223
876	209
877	212
878	227
879	220
880	249
881	281
882	262
883	323
884	320
885	341
886	360
887	359
888	369
889	376
890	411
891	421
892	414
893	430
894	475
895	536
896	523
897	524
898	549
899	563
900	518
901	568
902	499
903	558
904	537
905	488
906	486
907	465
908	469
909	463
910	437
911	434
912	408
913	392
914	350
915	394
916	361
917	349
918	302
919	275
920	283
921	253
922	242
923	226
924	208
925	222
926	207
927	199
928	188
929	172
930	185
931	183
932	178
933	182
934	179
935	150
936	158
937	169
938	155
939	160
940	151
941	194
942	180
943	181
944	194
945	253
946	266
947	275
948	338
949	331
950	373
951	366
952	416
953	453
954	398
955	408
956	384
957	382
958	366
959	301
960	304
961	285
962	236
963	192
964	195
965	168
966	160
967	119
968	135
969	139
970	125
971	118
972	116
973	135
974	125
975	120
976	126
977	139
978	130
979	133
980	108
981	115
982	137
983	135
984	131
985	133
986	153
987	138
988	148
989	147
990	162
991	152
992	137
993	178
994	151
995	156
996	165
997	164
998	171
999	161
1000	201
1001	191
1002	155
1003	167
1004	174
1005	158
1006	172
1007	177
1008	183
1009	166
1010	164
1011	171
1012	165
1013	156
1014	164
1015	162
1016	139
1017	141
1018	139
1019	156
1020	144
1021	131
1022	150
1023	120
1024	111
