Date:	09/05/2018		Time:	00:22		Version no:	0.00		Project name:	55		Sample name:	222		Section name:	section		Position	487.315033	mm	E0	0.000000	keV	E1	1.000000	keV/channel	sample surface	6.457633	cm	Tube anode:	Mo		Tube voltage:	30	kV	Tube current:	50	mA	gain	10		std. database			resultfile	result		matrix element	11		sample thickness	1.000000		air passage	0.560000	cm	comments	in position		peaking_time	2.200000	m-sec	trigger_threshold	547.363281	V	mca_bin_width	22.090000	no:	number_mca_channels	1024.000000	no:	gap_time	0.150000	m-sec	trigger_peaking_time	0.200000	m-sec	GAINDAC	18610		HIGHGAIN	1		TAURC	1		RCTAU	1		RCTAUFRAC	1		livetime	9.335152	seconds	runtime	10.000491	seconds	input_count_rate	29799.943268	cps	output_count_rate	23488.446248	cps	triggers	278187	seconds	events_in_run	234896	seconds	channel	content		1	0
2	0
3	0
4	0
5	0
6	0
7	0
8	0
9	0
10	0
11	0
12	0
13	0
14	0
15	0
16	0
17	0
18	0
19	0
20	0
21	0
22	0
23	0
24	0
25	0
26	0
27	0
28	0
29	0
30	0
31	10
32	22
33	13
34	11
35	17
36	12
37	16
38	21
39	9
40	12
41	20
42	16
43	11
44	12
45	16
46	13
47	8
48	17
49	12
50	14
51	17
52	18
53	16
54	13
55	8
56	9
57	16
58	10
59	10
60	10
61	13
62	11
63	11
64	8
65	8
66	11
67	13
68	12
69	3
70	8
71	7
72	7
73	8
74	5
75	8
76	6
77	7
78	9
79	9
80	19
81	15
82	10
83	15
84	10
85	11
86	12
87	11
88	6
89	11
90	4
91	7
92	12
93	17
94	21
95	27
96	24
97	37
98	31
99	21
100	17
101	11
102	10
103	7
104	8
105	9
106	10
107	10
108	13
109	13
110	8
111	11
112	11
113	7
114	8
115	9
116	3
117	6
118	4
119	6
120	6
121	5
122	6
123	2
124	10
125	6
126	2
127	5
128	5
129	11
130	5
131	8
132	6
133	8
134	2
135	1
136	2
137	2
138	5
139	1
140	4
141	2
142	4
143	4
144	5
145	4
146	4
147	4
148	6
149	1
150	4
151	10
152	5
153	7
154	2
155	7
156	7
157	3
158	10
159	12
160	22
161	10
162	24
163	23
164	18
165	27
166	20
167	13
168	11
169	8
170	5
171	4
172	3
173	5
174	9
175	12
176	9
177	15
178	25
179	34
180	32
181	50
182	47
183	59
184	41
185	25
186	26
187	19
188	10
189	6
190	5
191	7
192	10
193	3
194	10
195	21
196	31
197	67
198	142
199	188
200	272
201	366
202	435
203	469
204	470
205	370
206	277
207	181
208	113
209	95
210	45
211	27
212	8
213	12
214	12
215	15
216	32
217	48
218	49
219	56
220	73
221	75
222	73
223	66
224	53
225	31
226	18
227	20
228	4
229	11
230	9
231	4
232	8
233	3
234	4
235	8
236	5
237	3
238	10
239	8
240	20
241	27
242	49
243	103
244	123
245	152
246	211
247	220
248	234
249	221
250	188
251	123
252	121
253	99
254	73
255	66
256	69
257	33
258	37
259	32
260	23
261	22
262	12
263	18
264	26
265	27
266	29
267	34
268	38
269	45
270	64
271	55
272	69
273	55
274	44
275	41
276	22
277	20
278	7
279	12
280	10
281	11
282	14
283	21
284	11
285	15
286	14
287	21
288	19
289	14
290	16
291	14
292	28
293	21
294	16
295	18
296	17
297	23
298	16
299	18
300	19
301	21
302	19
303	16
304	21
305	20
306	15
307	16
308	13
309	17
310	18
311	21
312	18
313	14
314	18
315	27
316	23
317	33
318	50
319	77
320	104
321	143
322	121
323	140
324	147
325	124
326	129
327	88
328	66
329	58
330	43
331	44
332	35
333	27
334	27
335	39
336	46
337	63
338	63
339	95
340	126
341	264
342	534
343	936
344	1650
345	2627
346	4138
347	6078
348	8015
349	9734
350	10861
351	11327
352	10759
353	9513
354	7758
355	5781
356	3880
357	2527
358	1501
359	840
360	482
361	262
362	142
363	71
364	60
365	41
366	42
367	34
368	45
369	42
370	61
371	55
372	60
373	54
374	74
375	86
376	110
377	153
378	182
379	314
380	388
381	600
382	841
383	1126
384	1385
385	1662
386	1812
387	1832
388	1762
389	1498
390	1270
391	968
392	682
393	453
394	273
395	190
396	109
397	78
398	48
399	40
400	36
401	28
402	43
403	21
404	25
405	45
406	29
407	40
408	26
409	42
410	39
411	35
412	26
413	36
414	36
415	45
416	44
417	34
418	30
419	37
420	39
421	31
422	41
423	44
424	39
425	34
426	37
427	33
428	34
429	42
430	38
431	34
432	34
433	38
434	45
435	57
436	51
437	70
438	80
439	75
440	79
441	80
442	82
443	79
444	80
445	68
446	74
447	78
448	64
449	61
450	67
451	67
452	58
453	73
454	70
455	61
456	79
457	83
458	88
459	79
460	72
461	75
462	71
463	90
464	76
465	66
466	52
467	63
468	54
469	48
470	70
471	63
472	80
473	75
474	98
475	57
476	71
477	52
478	61
479	52
480	51
481	59
482	52
483	60
484	60
485	71
486	65
487	67
488	53
489	71
490	63
491	65
492	60
493	66
494	66
495	66
496	65
497	71
498	57
499	64
500	62
501	54
502	61
503	66
504	80
505	89
506	84
507	89
508	93
509	84
510	79
511	70
512	76
513	84
514	60
515	94
516	81
517	87
518	91
519	98
520	84
521	92
522	77
523	72
524	76
525	88
526	95
527	107
528	84
529	98
530	81
531	107
532	94
533	103
534	95
535	91
536	74
537	90
538	83
539	84
540	84
541	89
542	91
543	77
544	72
545	91
546	86
547	85
548	74
549	82
550	89
551	85
552	55
553	65
554	70
555	77
556	73
557	77
558	72
559	84
560	75
561	72
562	84
563	89
564	77
565	89
566	80
567	88
568	74
569	74
570	97
571	86
572	75
573	97
574	86
575	93
576	99
577	88
578	89
579	70
580	88
581	76
582	74
583	84
584	98
585	86
586	97
587	84
588	98
589	68
590	79
591	79
592	81
593	103
594	87
595	84
596	89
597	107
598	92
599	90
600	86
601	94
602	84
603	100
604	86
605	96
606	99
607	71
608	99
609	99
610	80
611	94
612	89
613	114
614	87
615	91
616	103
617	102
618	101
619	114
620	91
621	90
622	88
623	101
624	94
625	86
626	92
627	91
628	101
629	104
630	129
631	109
632	112
633	110
634	87
635	105
636	97
637	108
638	108
639	105
640	112
641	133
642	105
643	102
644	97
645	105
646	121
647	98
648	102
649	98
650	110
651	108
652	123
653	104
654	115
655	114
656	108
657	85
658	100
659	105
660	108
661	99
662	101
663	104
664	98
665	108
666	114
667	90
668	84
669	129
670	129
671	117
672	118
673	130
674	103
675	105
676	118
677	91
678	110
679	128
680	92
681	92
682	110
683	123
684	130
685	89
686	101
687	105
688	110
689	124
690	109
691	88
692	119
693	114
694	111
695	119
696	151
697	114
698	150
699	132
700	143
701	133
702	139
703	147
704	128
705	142
706	124
707	115
708	139
709	125
710	113
711	147
712	119
713	139
714	122
715	109
716	153
717	118
718	130
719	128
720	131
721	138
722	126
723	133
724	117
725	137
726	136
727	127
728	121
729	146
730	139
731	162
732	146
733	129
734	129
735	144
736	136
737	139
738	142
739	142
740	147
741	129
742	110
743	136
744	114
745	132
746	137
747	140
748	128
749	138
750	134
751	137
752	90
753	120
754	114
755	140
756	129
757	133
758	130
759	130
760	129
761	142
762	155
763	148
764	166
765	191
766	198
767	208
768	237
769	262
770	301
771	306
772	357
773	361
774	318
775	336
776	286
777	280
778	291
779	254
780	239
781	213
782	178
783	180
784	142
785	144
786	153
787	135
788	147
789	146
790	135
791	131
792	142
793	137
794	140
795	141
796	132
797	130
798	126
799	136
800	134
801	142
802	138
803	140
804	123
805	130
806	139
807	136
808	138
809	147
810	135
811	131
812	131
813	144
814	151
815	136
816	136
817	127
818	135
819	131
820	138
821	157
822	140
823	165
824	143
825	115
826	119
827	140
828	139
829	133
830	151
831	130
832	160
833	149
834	150
835	143
836	155
837	138
838	127
839	138
840	113
841	143
842	126
843	144
844	155
845	153
846	169
847	152
848	137
849	164
850	150
851	179
852	154
853	183
854	158
855	184
856	199
857	203
858	195
859	213
860	217
861	199
862	228
863	227
864	212
865	219
866	216
867	241
868	219
869	233
870	220
871	236
872	213
873	217
874	222
875	250
876	243
877	227
878	229
879	247
880	251
881	246
882	264
883	286
884	292
885	316
886	323
887	394
888	382
889	393
890	419
891	482
892	414
893	471
894	427
895	473
896	501
897	518
898	531
899	574
900	536
901	561
902	572
903	539
904	512
905	487
906	512
907	476
908	467
909	495
910	408
911	417
912	408
913	388
914	358
915	356
916	304
917	326
918	261
919	280
920	302
921	259
922	250
923	250
924	228
925	191
926	242
927	193
928	186
929	214
930	183
931	167
932	153
933	165
934	170
935	151
936	154
937	144
938	174
939	156
940	175
941	194
942	203
943	208
944	225
945	259
946	268
947	270
948	316
949	343
950	395
951	364
952	447
953	445
954	440
955	406
956	380
957	418
958	381
959	341
960	298
961	284
962	219
963	192
964	178
965	171
966	175
967	154
968	145
969	125
970	129
971	129
972	122
973	116
974	109
975	110
976	129
977	130
978	145
979	141
980	102
981	134
982	112
983	118
984	132
985	133
986	136
987	131
988	133
989	150
990	161
991	154
992	167
993	145
994	178
995	133
996	176
997	170
998	160
999	144
1000	185
1001	198
1002	166
1003	190
1004	170
1005	177
1006	164
1007	174
1008	171
1009	143
1010	191
1011	174
1012	151
1013	161
1014	146
1015	130
1016	150
1017	139
1018	144
1019	158
1020	127
1021	145
1022	108
1023	120
1024	115
