Date:	09/05/2018		Time:	00:57		Version no:	0.00		Project name:	55		Sample name:	222		Section name:	section		Position	524.315002	mm	E0	0.000000	keV	E1	1.000000	keV/channel	sample surface	6.148032	cm	Tube anode:	Mo		Tube voltage:	30	kV	Tube current:	50	mA	gain	10		std. database			resultfile	result		matrix element	11		sample thickness	1.000000		air passage	0.560000	cm	comments	in position		peaking_time	2.200000	m-sec	trigger_threshold	547.363281	V	mca_bin_width	22.090000	no:	number_mca_channels	1024.000000	no:	gap_time	0.150000	m-sec	trigger_peaking_time	0.200000	m-sec	GAINDAC	18610		HIGHGAIN	1		TAURC	1		RCTAU	1		RCTAUFRAC	1		livetime	9.364274	seconds	runtime	10.000497	seconds	input_count_rate	26886.333019	cps	output_count_rate	21563.128744	cps	triggers	251771	seconds	events_in_run	215642	seconds	channel	content		1	0
2	0
3	0
4	0
5	0
6	0
7	0
8	0
9	0
10	0
11	0
12	0
13	0
14	0
15	0
16	0
17	0
18	0
19	0
20	0
21	0
22	0
23	0
24	0
25	0
26	0
27	0
28	0
29	0
30	0
31	22
32	18
33	21
34	15
35	20
36	18
37	16
38	15
39	13
40	13
41	19
42	18
43	19
44	18
45	20
46	22
47	20
48	21
49	11
50	11
51	16
52	20
53	13
54	16
55	11
56	13
57	14
58	15
59	11
60	11
61	16
62	12
63	14
64	15
65	10
66	17
67	14
68	14
69	15
70	9
71	10
72	12
73	9
74	13
75	8
76	7
77	9
78	12
79	9
80	7
81	14
82	21
83	15
84	10
85	13
86	7
87	9
88	10
89	10
90	9
91	10
92	13
93	14
94	26
95	24
96	26
97	28
98	20
99	19
100	19
101	12
102	7
103	7
104	6
105	11
106	8
107	12
108	10
109	12
110	9
111	7
112	1
113	6
114	9
115	3
116	6
117	7
118	3
119	3
120	4
121	3
122	10
123	5
124	2
125	5
126	7
127	5
128	6
129	5
130	4
131	6
132	5
133	6
134	3
135	6
136	4
137	3
138	5
139	4
140	8
141	7
142	2
143	4
144	5
145	7
146	4
147	11
148	6
149	4
150	5
151	3
152	4
153	7
154	5
155	11
156	5
157	9
158	8
159	15
160	23
161	15
162	30
163	33
164	28
165	19
166	15
167	18
168	6
169	6
170	7
171	5
172	6
173	7
174	6
175	5
176	13
177	12
178	10
179	23
180	35
181	39
182	36
183	57
184	40
185	30
186	19
187	8
188	9
189	10
190	8
191	6
192	6
193	10
194	13
195	17
196	34
197	57
198	100
199	184
200	244
201	320
202	372
203	422
204	373
205	338
206	262
207	170
208	108
209	49
210	30
211	23
212	12
213	13
214	9
215	24
216	28
217	30
218	44
219	67
220	61
221	58
222	73
223	43
224	43
225	34
226	20
227	12
228	13
229	4
230	6
231	10
232	5
233	2
234	5
235	11
236	8
237	4
238	3
239	9
240	20
241	29
242	45
243	75
244	126
245	159
246	173
247	214
248	219
249	193
250	178
251	114
252	107
253	74
254	60
255	52
256	37
257	34
258	43
259	36
260	16
261	15
262	18
263	12
264	20
265	13
266	22
267	32
268	43
269	48
270	55
271	65
272	64
273	50
274	45
275	35
276	24
277	23
278	17
279	16
280	11
281	9
282	15
283	14
284	17
285	15
286	14
287	15
288	13
289	20
290	22
291	16
292	19
293	18
294	18
295	27
296	15
297	23
298	21
299	14
300	20
301	10
302	18
303	7
304	18
305	11
306	17
307	8
308	17
309	18
310	21
311	17
312	18
313	12
314	17
315	11
316	27
317	27
318	33
319	49
320	63
321	95
322	96
323	89
324	92
325	80
326	68
327	64
328	53
329	49
330	30
331	29
332	29
333	32
334	31
335	32
336	39
337	57
338	63
339	81
340	118
341	199
342	385
343	665
344	1187
345	2065
346	3254
347	4541
348	6055
349	7142
350	8206
351	8435
352	8182
353	6942
354	5816
355	4274
356	2912
357	1953
358	1060
359	626
360	309
361	167
362	95
363	68
364	56
365	44
366	39
367	36
368	39
369	26
370	50
371	50
372	51
373	54
374	70
375	75
376	68
377	103
378	153
379	213
380	315
381	443
382	688
383	875
384	1125
385	1273
386	1336
387	1392
388	1278
389	1206
390	953
391	715
392	489
393	334
394	181
395	114
396	75
397	61
398	46
399	32
400	33
401	27
402	32
403	24
404	51
405	34
406	38
407	34
408	36
409	42
410	39
411	31
412	37
413	29
414	33
415	37
416	22
417	41
418	34
419	33
420	33
421	42
422	35
423	32
424	32
425	43
426	35
427	42
428	46
429	39
430	29
431	33
432	39
433	49
434	48
435	56
436	55
437	70
438	84
439	87
440	69
441	94
442	89
443	86
444	84
445	56
446	66
447	81
448	86
449	62
450	59
451	55
452	73
453	65
454	71
455	85
456	84
457	86
458	89
459	82
460	98
461	92
462	77
463	78
464	77
465	81
466	58
467	69
468	62
469	80
470	72
471	75
472	90
473	79
474	90
475	77
476	74
477	83
478	67
479	63
480	69
481	59
482	61
483	47
484	56
485	52
486	66
487	72
488	78
489	71
490	71
491	78
492	75
493	74
494	56
495	56
496	60
497	67
498	72
499	73
500	87
501	72
502	71
503	88
504	80
505	90
506	79
507	93
508	100
509	87
510	79
511	74
512	93
513	81
514	74
515	86
516	80
517	96
518	95
519	94
520	105
521	89
522	97
523	108
524	94
525	92
526	116
527	109
528	109
529	128
530	120
531	96
532	100
533	99
534	90
535	97
536	91
537	79
538	90
539	90
540	71
541	99
542	87
543	74
544	80
545	100
546	100
547	99
548	113
549	90
550	65
551	72
552	95
553	91
554	93
555	78
556	83
557	92
558	84
559	95
560	95
561	71
562	78
563	67
564	84
565	92
566	74
567	82
568	89
569	75
570	84
571	92
572	96
573	91
574	74
575	84
576	100
577	88
578	82
579	93
580	103
581	92
582	89
583	106
584	95
585	100
586	76
587	82
588	102
589	108
590	105
591	87
592	107
593	88
594	114
595	96
596	99
597	109
598	98
599	105
600	113
601	96
602	101
603	130
604	98
605	78
606	92
607	117
608	101
609	110
610	114
611	95
612	115
613	109
614	107
615	112
616	115
617	124
618	103
619	107
620	119
621	103
622	116
623	112
624	101
625	101
626	103
627	103
628	116
629	94
630	111
631	126
632	97
633	104
634	114
635	95
636	110
637	114
638	115
639	118
640	110
641	135
642	105
643	124
644	88
645	105
646	112
647	108
648	111
649	115
650	116
651	131
652	133
653	109
654	113
655	118
656	114
657	121
658	128
659	148
660	122
661	106
662	117
663	109
664	118
665	120
666	114
667	124
668	112
669	124
670	107
671	116
672	106
673	124
674	117
675	129
676	127
677	128
678	133
679	121
680	152
681	118
682	108
683	129
684	138
685	119
686	151
687	120
688	139
689	137
690	136
691	121
692	108
693	119
694	117
695	135
696	146
697	143
698	133
699	131
700	122
701	140
702	133
703	134
704	141
705	131
706	135
707	119
708	147
709	147
710	123
711	123
712	136
713	133
714	128
715	135
716	134
717	120
718	134
719	150
720	136
721	135
722	151
723	131
724	152
725	144
726	157
727	124
728	138
729	144
730	143
731	161
732	160
733	141
734	150
735	162
736	157
737	145
738	175
739	121
740	167
741	163
742	151
743	150
744	151
745	131
746	143
747	157
748	159
749	127
750	111
751	145
752	128
753	159
754	142
755	140
756	156
757	144
758	148
759	122
760	146
761	132
762	176
763	178
764	176
765	192
766	226
767	238
768	277
769	301
770	320
771	336
772	360
773	352
774	352
775	364
776	340
777	346
778	284
779	243
780	230
781	204
782	172
783	174
784	170
785	179
786	139
787	155
788	135
789	122
790	171
791	155
792	134
793	146
794	140
795	138
796	161
797	171
798	137
799	159
800	138
801	171
802	180
803	143
804	137
805	150
806	157
807	148
808	162
809	148
810	159
811	166
812	156
813	165
814	173
815	178
816	158
817	156
818	158
819	166
820	145
821	178
822	166
823	163
824	158
825	165
826	148
827	155
828	153
829	158
830	154
831	148
832	160
833	141
834	153
835	151
836	167
837	161
838	175
839	138
840	159
841	165
842	168
843	176
844	167
845	177
846	167
847	159
848	155
849	188
850	177
851	183
852	207
853	195
854	187
855	181
856	194
857	204
858	206
859	184
860	230
861	234
862	220
863	242
864	226
865	245
866	248
867	257
868	260
869	232
870	255
871	237
872	255
873	221
874	225
875	237
876	270
877	284
878	270
879	301
880	309
881	316
882	325
883	328
884	374
885	348
886	399
887	412
888	473
889	492
890	490
891	516
892	492
893	562
894	598
895	563
896	605
897	611
898	649
899	625
900	618
901	617
902	619
903	593
904	635
905	567
906	574
907	548
908	521
909	502
910	557
911	476
912	463
913	438
914	419
915	386
916	373
917	377
918	342
919	296
920	319
921	290
922	295
923	292
924	265
925	253
926	231
927	213
928	215
929	205
930	185
931	215
932	203
933	201
934	187
935	193
936	177
937	180
938	176
939	154
940	189
941	210
942	222
943	254
944	261
945	264
946	294
947	323
948	361
949	338
950	413
951	414
952	458
953	484
954	461
955	465
956	470
957	459
958	364
959	342
960	335
961	263
962	290
963	230
964	202
965	211
966	157
967	155
968	165
969	155
970	160
971	147
972	158
973	142
974	139
975	171
976	124
977	146
978	157
979	142
980	138
981	117
982	138
983	146
984	172
985	164
986	159
987	157
988	176
989	155
990	169
991	176
992	186
993	182
994	181
995	179
996	191
997	183
998	177
999	180
1000	200
1001	187
1002	209
1003	178
1004	209
1005	174
1006	188
1007	191
1008	188
1009	175
1010	201
1011	192
1012	208
1013	154
1014	168
1015	169
1016	151
1017	187
1018	179
1019	168
1020	142
1021	149
1022	146
1023	146
1024	126
