Date:	09/05/2018		Time:	00:12		Version no:	0.00		Project name:	55		Sample name:	222		Section name:	section		Position	476.315033	mm	E0	0.000000	keV	E1	1.000000	keV/channel	sample surface	6.483634	cm	Tube anode:	Mo		Tube voltage:	30	kV	Tube current:	50	mA	gain	10		std. database			resultfile	result		matrix element	11		sample thickness	1.000000		air passage	0.560000	cm	comments	in position		peaking_time	2.200000	m-sec	trigger_threshold	547.363281	V	mca_bin_width	22.090000	no:	number_mca_channels	1024.000000	no:	gap_time	0.150000	m-sec	trigger_peaking_time	0.200000	m-sec	GAINDAC	18610		HIGHGAIN	1		TAURC	1		RCTAU	1		RCTAUFRAC	1		livetime	9.394610	seconds	runtime	10.000499	seconds	input_count_rate	27734.306044	cps	output_count_rate	22319.785796	cps	triggers	260553	seconds	events_in_run	223209	seconds	channel	content		1	0
2	0
3	0
4	0
5	0
6	0
7	0
8	0
9	0
10	0
11	0
12	0
13	0
14	0
15	0
16	0
17	0
18	0
19	0
20	0
21	0
22	0
23	0
24	0
25	0
26	0
27	0
28	0
29	0
30	0
31	11
32	18
33	16
34	17
35	10
36	12
37	9
38	10
39	21
40	14
41	7
42	13
43	13
44	13
45	15
46	18
47	9
48	10
49	11
50	13
51	13
52	10
53	10
54	11
55	16
56	9
57	12
58	9
59	13
60	7
61	13
62	10
63	14
64	7
65	9
66	8
67	6
68	8
69	7
70	8
71	8
72	12
73	11
74	2
75	8
76	8
77	2
78	9
79	6
80	14
81	18
82	17
83	14
84	17
85	11
86	4
87	8
88	7
89	7
90	12
91	8
92	11
93	17
94	29
95	21
96	26
97	32
98	14
99	13
100	11
101	9
102	8
103	3
104	2
105	9
106	15
107	10
108	11
109	13
110	5
111	7
112	7
113	3
114	8
115	8
116	3
117	8
118	3
119	3
120	2
121	3
122	10
123	8
124	9
125	6
126	3
127	2
128	5
129	7
130	4
131	4
132	6
133	6
134	5
135	1
136	4
137	5
138	1
139	1
140	6
141	7
142	5
143	5
144	5
145	4
146	6
147	3
148	6
149	2
150	2
151	5
152	4
153	9
154	3
155	7
156	7
157	6
158	12
159	9
160	11
161	22
162	19
163	27
164	17
165	18
166	15
167	8
168	4
169	4
170	7
171	3
172	6
173	6
174	4
175	11
176	11
177	10
178	17
179	25
180	28
181	44
182	36
183	45
184	35
185	33
186	34
187	19
188	10
189	6
190	3
191	8
192	10
193	3
194	10
195	28
196	31
197	79
198	104
199	166
200	257
201	379
202	410
203	454
204	399
205	350
206	270
207	182
208	107
209	44
210	30
211	18
212	11
213	12
214	8
215	17
216	28
217	34
218	52
219	66
220	85
221	76
222	73
223	40
224	51
225	19
226	14
227	7
228	11
229	5
230	5
231	6
232	8
233	5
234	10
235	5
236	3
237	7
238	10
239	4
240	17
241	29
242	44
243	66
244	112
245	144
246	172
247	188
248	204
249	204
250	187
251	129
252	91
253	62
254	75
255	54
256	53
257	45
258	37
259	33
260	18
261	18
262	18
263	24
264	19
265	21
266	30
267	34
268	40
269	47
270	60
271	62
272	64
273	53
274	52
275	36
276	36
277	29
278	14
279	9
280	13
281	12
282	10
283	14
284	15
285	15
286	11
287	21
288	15
289	21
290	16
291	26
292	19
293	29
294	17
295	21
296	20
297	26
298	13
299	19
300	19
301	20
302	18
303	23
304	18
305	18
306	17
307	26
308	12
309	14
310	14
311	18
312	22
313	23
314	20
315	21
316	33
317	31
318	58
319	90
320	114
321	126
322	163
323	164
324	159
325	128
326	112
327	102
328	73
329	56
330	57
331	35
332	29
333	34
334	37
335	38
336	38
337	42
338	61
339	108
340	143
341	265
342	511
343	931
344	1557
345	2693
346	4071
347	5941
348	7698
349	9561
350	10912
351	11236
352	10646
353	9181
354	7675
355	5734
356	4035
357	2510
358	1469
359	838
360	445
361	242
362	142
363	82
364	53
365	47
366	41
367	48
368	54
369	42
370	50
371	46
372	63
373	46
374	69
375	89
376	98
377	139
378	182
379	262
380	417
381	646
382	878
383	1086
384	1409
385	1700
386	1742
387	1839
388	1761
389	1507
390	1265
391	906
392	640
393	449
394	280
395	197
396	102
397	55
398	38
399	46
400	22
401	30
402	36
403	31
404	29
405	20
406	34
407	37
408	37
409	44
410	37
411	27
412	50
413	30
414	38
415	34
416	38
417	26
418	25
419	22
420	25
421	37
422	33
423	27
424	38
425	24
426	32
427	28
428	41
429	32
430	35
431	46
432	46
433	33
434	49
435	46
436	50
437	62
438	85
439	80
440	72
441	62
442	73
443	90
444	65
445	72
446	66
447	68
448	62
449	57
450	63
451	48
452	60
453	65
454	66
455	77
456	53
457	78
458	90
459	68
460	96
461	75
462	56
463	83
464	71
465	61
466	55
467	52
468	55
469	55
470	60
471	56
472	50
473	58
474	60
475	64
476	61
477	43
478	54
479	55
480	39
481	52
482	55
483	40
484	65
485	61
486	51
487	58
488	47
489	59
490	64
491	60
492	56
493	57
494	52
495	55
496	55
497	54
498	52
499	60
500	55
501	56
502	66
503	67
504	64
505	69
506	72
507	71
508	62
509	87
510	69
511	70
512	79
513	73
514	85
515	68
516	73
517	89
518	74
519	68
520	63
521	85
522	86
523	75
524	74
525	86
526	90
527	93
528	96
529	99
530	110
531	92
532	120
533	88
534	95
535	79
536	97
537	94
538	64
539	89
540	94
541	92
542	82
543	89
544	71
545	71
546	77
547	65
548	54
549	85
550	71
551	75
552	62
553	75
554	66
555	78
556	73
557	62
558	62
559	70
560	73
561	81
562	63
563	71
564	76
565	63
566	60
567	76
568	48
569	70
570	73
571	66
572	88
573	73
574	77
575	77
576	84
577	88
578	71
579	68
580	97
581	86
582	80
583	82
584	72
585	56
586	73
587	78
588	70
589	86
590	86
591	83
592	81
593	64
594	84
595	72
596	90
597	91
598	85
599	84
600	78
601	86
602	77
603	70
604	78
605	101
606	76
607	90
608	83
609	73
610	104
611	82
612	93
613	78
614	99
615	78
616	91
617	86
618	107
619	86
620	104
621	83
622	94
623	78
624	73
625	92
626	104
627	107
628	91
629	83
630	112
631	92
632	109
633	98
634	84
635	80
636	91
637	104
638	109
639	89
640	98
641	94
642	83
643	88
644	102
645	92
646	96
647	86
648	94
649	105
650	102
651	68
652	103
653	86
654	110
655	92
656	94
657	107
658	106
659	79
660	81
661	99
662	100
663	91
664	89
665	104
666	99
667	98
668	91
669	92
670	102
671	95
672	108
673	92
674	106
675	93
676	95
677	90
678	119
679	101
680	107
681	98
682	118
683	95
684	105
685	94
686	94
687	102
688	89
689	104
690	99
691	104
692	97
693	102
694	97
695	118
696	103
697	102
698	137
699	131
700	136
701	130
702	133
703	116
704	103
705	94
706	122
707	104
708	116
709	114
710	110
711	112
712	110
713	91
714	124
715	105
716	121
717	119
718	101
719	113
720	113
721	111
722	121
723	107
724	119
725	135
726	107
727	116
728	111
729	99
730	123
731	115
732	117
733	118
734	104
735	122
736	122
737	115
738	130
739	129
740	114
741	108
742	134
743	121
744	104
745	87
746	107
747	130
748	117
749	117
750	108
751	145
752	125
753	115
754	116
755	123
756	96
757	120
758	113
759	136
760	137
761	116
762	120
763	168
764	155
765	170
766	184
767	224
768	258
769	254
770	260
771	312
772	305
773	335
774	358
775	354
776	302
777	285
778	287
779	241
780	207
781	178
782	174
783	171
784	143
785	137
786	135
787	132
788	117
789	122
790	126
791	108
792	114
793	125
794	104
795	131
796	123
797	121
798	126
799	110
800	113
801	138
802	129
803	116
804	128
805	122
806	122
807	121
808	128
809	116
810	140
811	123
812	143
813	130
814	134
815	113
816	142
817	121
818	133
819	161
820	118
821	135
822	135
823	150
824	132
825	126
826	118
827	124
828	128
829	127
830	129
831	134
832	128
833	139
834	126
835	137
836	150
837	114
838	124
839	143
840	145
841	160
842	149
843	131
844	161
845	128
846	129
847	136
848	140
849	141
850	137
851	128
852	146
853	147
854	140
855	163
856	133
857	168
858	172
859	186
860	171
861	214
862	196
863	189
864	191
865	204
866	214
867	199
868	180
869	185
870	198
871	184
872	203
873	143
874	189
875	209
876	183
877	211
878	221
879	230
880	213
881	249
882	282
883	275
884	279
885	296
886	289
887	335
888	338
889	334
890	396
891	359
892	370
893	410
894	437
895	430
896	445
897	418
898	469
899	469
900	470
901	495
902	456
903	533
904	461
905	495
906	478
907	467
908	468
909	411
910	359
911	385
912	375
913	355
914	357
915	321
916	297
917	285
918	252
919	276
920	243
921	258
922	215
923	209
924	210
925	197
926	186
927	221
928	171
929	164
930	193
931	151
932	137
933	150
934	143
935	146
936	169
937	127
938	184
939	147
940	139
941	147
942	183
943	196
944	173
945	218
946	255
947	284
948	326
949	346
950	367
951	362
952	396
953	397
954	416
955	397
956	391
957	362
958	321
959	310
960	304
961	220
962	223
963	200
964	171
965	127
966	145
967	144
968	119
969	107
970	111
971	103
972	125
973	120
974	101
975	119
976	113
977	120
978	109
979	108
980	113
981	134
982	102
983	131
984	120
985	119
986	118
987	119
988	120
989	118
990	119
991	156
992	141
993	132
994	131
995	119
996	154
997	155
998	138
999	156
1000	146
1001	163
1002	154
1003	156
1004	156
1005	148
1006	149
1007	143
1008	161
1009	158
1010	124
1011	153
1012	147
1013	158
1014	127
1015	136
1016	147
1017	114
1018	106
1019	119
1020	116
1021	103
1022	117
1023	100
1024	100
