Date:	09/05/2018		Time:	00:09		Version no:	0.00		Project name:	55		Sample name:	222		Section name:	section		Position	473.915039	mm	E0	0.000000	keV	E1	1.000000	keV/channel	sample surface	6.484933	cm	Tube anode:	Mo		Tube voltage:	30	kV	Tube current:	50	mA	gain	10		std. database			resultfile	result		matrix element	11		sample thickness	1.000000		air passage	0.560000	cm	comments	in position		peaking_time	2.200000	m-sec	trigger_threshold	547.363281	V	mca_bin_width	22.090000	no:	number_mca_channels	1024.000000	no:	gap_time	0.150000	m-sec	trigger_peaking_time	0.200000	m-sec	GAINDAC	18610		HIGHGAIN	1		TAURC	1		RCTAU	1		RCTAUFRAC	1		livetime	9.410860	seconds	runtime	10.000495	seconds	input_count_rate	26848.237037	cps	output_count_rate	21721.224365	cps	triggers	252665	seconds	events_in_run	217223	seconds	channel	content		1	0
2	0
3	0
4	0
5	0
6	0
7	0
8	0
9	0
10	0
11	0
12	0
13	0
14	0
15	0
16	0
17	0
18	0
19	0
20	0
21	0
22	0
23	0
24	0
25	0
26	0
27	0
28	0
29	0
30	0
31	10
32	10
33	18
34	12
35	16
36	4
37	19
38	12
39	9
40	11
41	12
42	9
43	11
44	12
45	12
46	15
47	16
48	19
49	4
50	9
51	14
52	12
53	19
54	6
55	10
56	8
57	14
58	13
59	8
60	13
61	12
62	7
63	8
64	12
65	11
66	7
67	9
68	10
69	9
70	8
71	4
72	3
73	7
74	5
75	8
76	5
77	3
78	6
79	8
80	9
81	12
82	11
83	19
84	9
85	14
86	8
87	8
88	7
89	5
90	6
91	4
92	5
93	14
94	13
95	14
96	38
97	18
98	17
99	13
100	16
101	8
102	6
103	10
104	6
105	11
106	10
107	9
108	7
109	8
110	9
111	5
112	9
113	9
114	5
115	7
116	4
117	4
118	7
119	5
120	5
121	10
122	4
123	4
124	7
125	5
126	3
127	7
128	8
129	6
130	4
131	7
132	2
133	6
134	4
135	5
136	5
137	6
138	8
139	2
140	4
141	3
142	3
143	3
144	5
145	2
146	2
147	7
148	5
149	5
150	3
151	2
152	6
153	3
154	1
155	10
156	3
157	4
158	7
159	15
160	19
161	20
162	14
163	29
164	26
165	16
166	11
167	15
168	6
169	8
170	2
171	5
172	3
173	5
174	3
175	8
176	9
177	10
178	19
179	17
180	27
181	40
182	31
183	33
184	32
185	28
186	24
187	9
188	18
189	7
190	3
191	3
192	7
193	8
194	10
195	17
196	38
197	68
198	124
199	203
200	285
201	379
202	447
203	446
204	470
205	379
206	270
207	166
208	119
209	52
210	28
211	15
212	14
213	12
214	13
215	17
216	28
217	34
218	57
219	69
220	66
221	58
222	63
223	53
224	50
225	17
226	22
227	12
228	8
229	5
230	9
231	6
232	3
233	2
234	8
235	4
236	5
237	7
238	3
239	13
240	18
241	32
242	40
243	72
244	88
245	142
246	157
247	202
248	213
249	201
250	167
251	122
252	98
253	75
254	65
255	41
256	54
257	49
258	37
259	28
260	25
261	11
262	9
263	14
264	18
265	16
266	31
267	36
268	37
269	52
270	45
271	68
272	61
273	40
274	40
275	34
276	26
277	17
278	18
279	11
280	17
281	13
282	9
283	12
284	10
285	14
286	18
287	19
288	16
289	16
290	13
291	23
292	20
293	17
294	21
295	21
296	19
297	19
298	16
299	17
300	32
301	22
302	17
303	17
304	13
305	17
306	18
307	15
308	10
309	12
310	12
311	22
312	14
313	15
314	20
315	32
316	23
317	52
318	59
319	81
320	122
321	146
322	138
323	164
324	147
325	157
326	145
327	110
328	79
329	53
330	38
331	32
332	37
333	32
334	37
335	35
336	43
337	56
338	69
339	79
340	135
341	255
342	489
343	881
344	1561
345	2516
346	4006
347	5848
348	7684
349	9344
350	10251
351	10728
352	10345
353	8817
354	7415
355	5284
356	3756
357	2350
358	1470
359	842
360	403
361	228
362	105
363	82
364	58
365	53
366	40
367	37
368	41
369	43
370	53
371	56
372	56
373	62
374	81
375	78
376	82
377	110
378	166
379	272
380	378
381	601
382	764
383	1130
384	1413
385	1602
386	1810
387	1766
388	1675
389	1416
390	1160
391	902
392	656
393	398
394	262
395	165
396	96
397	61
398	44
399	47
400	38
401	26
402	34
403	16
404	21
405	24
406	26
407	33
408	34
409	44
410	41
411	48
412	27
413	28
414	35
415	38
416	33
417	37
418	21
419	31
420	24
421	22
422	28
423	34
424	30
425	33
426	33
427	21
428	43
429	37
430	32
431	27
432	39
433	32
434	52
435	51
436	51
437	56
438	64
439	73
440	72
441	88
442	79
443	44
444	75
445	59
446	66
447	67
448	59
449	61
450	60
451	64
452	58
453	64
454	68
455	76
456	72
457	63
458	78
459	95
460	77
461	80
462	63
463	55
464	66
465	64
466	60
467	61
468	65
469	52
470	52
471	53
472	67
473	63
474	55
475	56
476	63
477	68
478	71
479	62
480	41
481	62
482	56
483	49
484	43
485	47
486	58
487	60
488	52
489	64
490	55
491	70
492	46
493	58
494	58
495	61
496	68
497	45
498	50
499	68
500	69
501	78
502	68
503	72
504	84
505	69
506	66
507	65
508	79
509	75
510	102
511	79
512	79
513	77
514	86
515	64
516	79
517	74
518	72
519	74
520	81
521	85
522	91
523	85
524	91
525	86
526	97
527	90
528	87
529	95
530	108
531	87
532	85
533	85
534	80
535	74
536	79
537	80
538	70
539	89
540	68
541	68
542	82
543	80
544	80
545	74
546	86
547	76
548	58
549	82
550	61
551	69
552	69
553	62
554	77
555	93
556	81
557	77
558	68
559	76
560	67
561	76
562	74
563	86
564	70
565	75
566	85
567	65
568	74
569	75
570	75
571	72
572	73
573	61
574	82
575	85
576	89
577	88
578	97
579	85
580	90
581	83
582	73
583	77
584	79
585	66
586	84
587	93
588	77
589	88
590	83
591	71
592	86
593	94
594	77
595	93
596	97
597	93
598	82
599	96
600	99
601	104
602	89
603	83
604	63
605	76
606	100
607	90
608	77
609	87
610	81
611	84
612	101
613	91
614	100
615	82
616	86
617	72
618	120
619	96
620	73
621	88
622	82
623	97
624	89
625	101
626	81
627	86
628	89
629	102
630	89
631	85
632	113
633	91
634	88
635	104
636	102
637	123
638	104
639	80
640	122
641	96
642	100
643	98
644	104
645	102
646	87
647	97
648	82
649	88
650	100
651	97
652	85
653	85
654	110
655	102
656	86
657	89
658	105
659	94
660	112
661	94
662	89
663	100
664	104
665	96
666	88
667	97
668	98
669	75
670	91
671	93
672	91
673	91
674	103
675	99
676	104
677	98
678	105
679	100
680	114
681	96
682	108
683	94
684	109
685	98
686	88
687	103
688	87
689	99
690	123
691	112
692	114
693	118
694	103
695	95
696	110
697	104
698	119
699	106
700	111
701	114
702	118
703	113
704	124
705	99
706	104
707	112
708	96
709	110
710	112
711	106
712	109
713	112
714	119
715	106
716	108
717	101
718	92
719	107
720	119
721	109
722	101
723	95
724	107
725	115
726	108
727	110
728	104
729	106
730	127
731	116
732	135
733	132
734	128
735	113
736	128
737	141
738	123
739	129
740	119
741	120
742	116
743	110
744	121
745	131
746	132
747	103
748	121
749	107
750	120
751	126
752	117
753	114
754	114
755	111
756	97
757	104
758	129
759	118
760	120
761	137
762	141
763	162
764	157
765	177
766	198
767	231
768	243
769	276
770	302
771	290
772	316
773	320
774	359
775	350
776	324
777	322
778	262
779	277
780	223
781	183
782	178
783	152
784	131
785	137
786	117
787	112
788	122
789	117
790	122
791	120
792	118
793	128
794	117
795	140
796	105
797	119
798	108
799	140
800	132
801	122
802	115
803	112
804	130
805	103
806	121
807	123
808	128
809	123
810	127
811	122
812	139
813	126
814	123
815	122
816	123
817	126
818	116
819	123
820	142
821	123
822	135
823	127
824	109
825	146
826	119
827	135
828	140
829	126
830	131
831	114
832	119
833	130
834	122
835	141
836	125
837	114
838	141
839	144
840	129
841	120
842	123
843	139
844	134
845	142
846	135
847	125
848	143
849	148
850	140
851	115
852	152
853	138
854	149
855	151
856	165
857	162
858	163
859	207
860	171
861	200
862	184
863	210
864	185
865	213
866	195
867	202
868	203
869	206
870	196
871	178
872	182
873	184
874	176
875	196
876	195
877	243
878	196
879	228
880	225
881	197
882	241
883	251
884	274
885	285
886	304
887	321
888	341
889	338
890	339
891	387
892	393
893	403
894	434
895	441
896	409
897	444
898	442
899	440
900	481
901	437
902	455
903	437
904	504
905	469
906	426
907	427
908	429
909	395
910	405
911	348
912	341
913	342
914	357
915	265
916	303
917	283
918	293
919	250
920	243
921	239
922	192
923	186
924	218
925	174
926	188
927	193
928	156
929	153
930	156
931	160
932	175
933	151
934	136
935	142
936	150
937	156
938	133
939	152
940	132
941	158
942	183
943	170
944	196
945	198
946	228
947	269
948	318
949	315
950	342
951	340
952	374
953	405
954	371
955	414
956	394
957	378
958	321
959	296
960	284
961	238
962	215
963	177
964	147
965	153
966	127
967	120
968	112
969	115
970	102
971	121
972	119
973	94
974	96
975	109
976	109
977	115
978	109
979	108
980	106
981	117
982	102
983	115
984	100
985	124
986	131
987	131
988	117
989	131
990	105
991	107
992	122
993	139
994	125
995	141
996	132
997	130
998	133
999	135
1000	148
1001	135
1002	162
1003	134
1004	142
1005	162
1006	147
1007	149
1008	137
1009	134
1010	124
1011	130
1012	132
1013	143
1014	146
1015	130
1016	133
1017	127
1018	117
1019	123
1020	112
1021	111
1022	101
1023	111
1024	103
