Date:	09/05/2018		Time:	00:27		Version no:	0.00		Project name:	55		Sample name:	222		Section name:	section		Position	492.515045	mm	E0	0.000000	keV	E1	1.000000	keV/channel	sample surface	6.436473	cm	Tube anode:	Mo		Tube voltage:	30	kV	Tube current:	50	mA	gain	10		std. database			resultfile	result		matrix element	11		sample thickness	1.000000		air passage	0.560000	cm	comments	in position		peaking_time	2.200000	m-sec	trigger_threshold	547.363281	V	mca_bin_width	22.090000	no:	number_mca_channels	1024.000000	no:	gap_time	0.150000	m-sec	trigger_peaking_time	0.200000	m-sec	GAINDAC	18610		HIGHGAIN	1		TAURC	1		RCTAU	1		RCTAUFRAC	1		livetime	9.335072	seconds	runtime	10.000482	seconds	input_count_rate	30080.003668	cps	output_count_rate	23764.455504	cps	triggers	280799	seconds	events_in_run	237656	seconds	channel	content		1	0
2	0
3	0
4	0
5	0
6	0
7	0
8	0
9	0
10	0
11	0
12	0
13	0
14	0
15	0
16	0
17	0
18	0
19	0
20	0
21	0
22	0
23	0
24	0
25	0
26	0
27	0
28	0
29	0
30	0
31	11
32	13
33	20
34	7
35	16
36	26
37	15
38	10
39	13
40	19
41	11
42	13
43	7
44	13
45	12
46	13
47	15
48	13
49	14
50	11
51	15
52	6
53	14
54	15
55	10
56	14
57	13
58	13
59	11
60	12
61	4
62	9
63	13
64	15
65	7
66	9
67	7
68	10
69	10
70	6
71	11
72	8
73	12
74	7
75	7
76	10
77	10
78	12
79	9
80	8
81	18
82	13
83	8
84	8
85	15
86	4
87	7
88	5
89	8
90	5
91	11
92	15
93	14
94	37
95	32
96	33
97	29
98	18
99	20
100	17
101	10
102	7
103	12
104	12
105	11
106	8
107	11
108	13
109	7
110	8
111	9
112	9
113	4
114	9
115	5
116	5
117	4
118	7
119	8
120	6
121	12
122	3
123	7
124	8
125	2
126	6
127	5
128	5
129	4
130	6
131	1
132	10
133	6
134	7
135	6
136	5
137	1
138	3
139	5
140	3
141	3
142	6
143	2
144	7
145	5
146	5
147	6
148	6
149	3
150	4
151	8
152	5
153	2
154	2
155	5
156	7
157	8
158	6
159	10
160	22
161	19
162	17
163	25
164	32
165	19
166	12
167	9
168	8
169	3
170	7
171	4
172	7
173	7
174	11
175	7
176	11
177	10
178	23
179	24
180	45
181	53
182	52
183	56
184	48
185	26
186	24
187	19
188	13
189	11
190	2
191	6
192	6
193	8
194	9
195	20
196	49
197	73
198	129
199	186
200	275
201	347
202	469
203	454
204	433
205	363
206	290
207	166
208	118
209	64
210	30
211	16
212	12
213	7
214	14
215	20
216	28
217	39
218	63
219	61
220	82
221	81
222	79
223	56
224	34
225	23
226	23
227	8
228	9
229	10
230	9
231	11
232	2
233	7
234	4
235	7
236	8
237	4
238	9
239	12
240	19
241	19
242	41
243	86
244	115
245	160
246	184
247	229
248	219
249	200
250	169
251	126
252	127
253	84
254	88
255	53
256	51
257	43
258	39
259	29
260	19
261	19
262	12
263	23
264	16
265	21
266	37
267	34
268	41
269	51
270	48
271	61
272	58
273	58
274	59
275	38
276	29
277	20
278	16
279	6
280	14
281	10
282	11
283	18
284	19
285	11
286	20
287	18
288	17
289	17
290	23
291	18
292	20
293	18
294	25
295	23
296	21
297	26
298	24
299	32
300	29
301	18
302	17
303	20
304	20
305	14
306	14
307	16
308	20
309	18
310	19
311	13
312	15
313	26
314	19
315	17
316	32
317	45
318	54
319	95
320	104
321	125
322	141
323	144
324	136
325	143
326	132
327	89
328	78
329	53
330	49
331	45
332	29
333	35
334	38
335	54
336	45
337	56
338	63
339	89
340	141
341	268
342	546
343	984
344	1760
345	3027
346	4415
347	6413
348	8348
349	10108
350	11223
351	11822
352	10979
353	9622
354	7868
355	5603
356	3950
357	2549
358	1471
359	830
360	420
361	261
362	118
363	87
364	77
365	50
366	65
367	58
368	45
369	39
370	50
371	69
372	58
373	82
374	78
375	106
376	114
377	154
378	198
379	276
380	466
381	678
382	857
383	1162
384	1531
385	1769
386	1893
387	1918
388	1758
389	1531
390	1217
391	948
392	712
393	431
394	289
395	162
396	90
397	76
398	41
399	36
400	23
401	32
402	32
403	31
404	39
405	30
406	41
407	32
408	39
409	28
410	37
411	40
412	40
413	36
414	39
415	36
416	28
417	35
418	34
419	41
420	35
421	34
422	40
423	41
424	33
425	31
426	40
427	35
428	34
429	25
430	36
431	38
432	47
433	55
434	46
435	44
436	60
437	66
438	65
439	69
440	86
441	84
442	79
443	70
444	60
445	73
446	80
447	52
448	63
449	72
450	65
451	63
452	55
453	80
454	63
455	85
456	64
457	74
458	93
459	95
460	93
461	85
462	91
463	64
464	63
465	60
466	58
467	60
468	67
469	66
470	68
471	69
472	72
473	67
474	72
475	74
476	75
477	62
478	58
479	59
480	64
481	57
482	57
483	59
484	55
485	49
486	57
487	70
488	58
489	77
490	54
491	61
492	72
493	58
494	62
495	75
496	60
497	49
498	62
499	53
500	58
501	66
502	58
503	77
504	76
505	83
506	89
507	71
508	77
509	73
510	86
511	80
512	89
513	79
514	70
515	88
516	70
517	103
518	75
519	87
520	87
521	82
522	85
523	104
524	64
525	101
526	104
527	89
528	91
529	112
530	112
531	100
532	90
533	90
534	105
535	84
536	86
537	90
538	93
539	86
540	91
541	86
542	87
543	92
544	82
545	70
546	79
547	88
548	82
549	66
550	90
551	80
552	78
553	76
554	78
555	79
556	84
557	73
558	89
559	88
560	78
561	74
562	86
563	81
564	77
565	74
566	79
567	74
568	83
569	91
570	75
571	82
572	86
573	79
574	69
575	89
576	70
577	73
578	74
579	80
580	73
581	96
582	78
583	81
584	86
585	84
586	84
587	87
588	96
589	85
590	79
591	94
592	97
593	90
594	72
595	90
596	108
597	86
598	93
599	92
600	93
601	90
602	83
603	99
604	91
605	93
606	98
607	99
608	98
609	103
610	99
611	81
612	91
613	84
614	99
615	87
616	104
617	79
618	89
619	94
620	97
621	103
622	87
623	98
624	114
625	76
626	91
627	91
628	98
629	96
630	86
631	87
632	115
633	101
634	104
635	98
636	99
637	110
638	109
639	92
640	109
641	85
642	95
643	104
644	93
645	91
646	111
647	107
648	102
649	99
650	103
651	103
652	118
653	114
654	103
655	112
656	98
657	98
658	111
659	110
660	98
661	114
662	109
663	105
664	121
665	99
666	110
667	101
668	105
669	91
670	103
671	111
672	109
673	103
674	102
675	92
676	126
677	110
678	96
679	92
680	115
681	114
682	113
683	118
684	115
685	110
686	113
687	83
688	122
689	122
690	121
691	130
692	116
693	108
694	113
695	147
696	139
697	99
698	132
699	130
700	122
701	130
702	127
703	136
704	135
705	120
706	129
707	139
708	124
709	108
710	147
711	126
712	127
713	107
714	121
715	145
716	122
717	122
718	130
719	97
720	111
721	133
722	133
723	118
724	113
725	130
726	133
727	128
728	145
729	134
730	142
731	137
732	151
733	150
734	141
735	138
736	141
737	131
738	113
739	139
740	128
741	130
742	116
743	149
744	130
745	132
746	97
747	121
748	141
749	122
750	119
751	116
752	115
753	144
754	158
755	107
756	116
757	128
758	133
759	140
760	131
761	128
762	149
763	137
764	173
765	173
766	192
767	215
768	251
769	285
770	256
771	288
772	382
773	352
774	313
775	294
776	287
777	286
778	247
779	244
780	217
781	202
782	178
783	177
784	132
785	140
786	122
787	123
788	142
789	138
790	135
791	142
792	133
793	124
794	113
795	154
796	150
797	137
798	120
799	140
800	141
801	119
802	140
803	125
804	124
805	132
806	137
807	141
808	147
809	135
810	132
811	136
812	139
813	142
814	134
815	164
816	141
817	127
818	157
819	138
820	134
821	145
822	144
823	133
824	145
825	161
826	152
827	121
828	150
829	130
830	129
831	128
832	146
833	120
834	147
835	151
836	132
837	142
838	125
839	142
840	151
841	148
842	152
843	149
844	156
845	138
846	163
847	138
848	175
849	127
850	147
851	164
852	139
853	151
854	183
855	183
856	172
857	166
858	185
859	200
860	201
861	203
862	201
863	212
864	223
865	231
866	236
867	211
868	227
869	200
870	226
871	208
872	215
873	230
874	221
875	214
876	233
877	224
878	255
879	254
880	244
881	291
882	269
883	309
884	344
885	326
886	328
887	332
888	378
889	420
890	425
891	436
892	461
893	444
894	417
895	497
896	518
897	565
898	544
899	542
900	517
901	543
902	544
903	586
904	502
905	530
906	527
907	492
908	460
909	475
910	431
911	398
912	358
913	372
914	373
915	353
916	360
917	310
918	311
919	265
920	240
921	266
922	255
923	262
924	230
925	235
926	194
927	199
928	179
929	182
930	177
931	168
932	178
933	179
934	182
935	178
936	174
937	157
938	155
939	164
940	173
941	180
942	175
943	189
944	218
945	241
946	279
947	295
948	336
949	363
950	400
951	398
952	408
953	413
954	438
955	383
956	437
957	415
958	337
959	363
960	303
961	243
962	239
963	202
964	195
965	156
966	151
967	174
968	148
969	128
970	143
971	122
972	128
973	105
974	123
975	114
976	132
977	136
978	120
979	133
980	129
981	128
982	128
983	123
984	143
985	114
986	121
987	116
988	130
989	148
990	175
991	150
992	155
993	132
994	152
995	184
996	178
997	157
998	162
999	164
1000	179
1001	186
1002	195
1003	124
1004	168
1005	201
1006	164
1007	156
1008	161
1009	162
1010	159
1011	146
1012	182
1013	130
1014	165
1015	164
1016	153
1017	141
1018	137
1019	139
1020	126
1021	153
1022	123
1023	108
1024	116
