Date:	09/05/2018		Time:	00:25		Version no:	0.00		Project name:	55		Sample name:	222		Section name:	section		Position	490.315033	mm	E0	0.000000	keV	E1	1.000000	keV/channel	sample surface	6.444944	cm	Tube anode:	Mo		Tube voltage:	30	kV	Tube current:	50	mA	gain	10		std. database			resultfile	result		matrix element	11		sample thickness	1.000000		air passage	0.560000	cm	comments	in position		peaking_time	2.200000	m-sec	trigger_threshold	547.363281	V	mca_bin_width	22.090000	no:	number_mca_channels	1024.000000	no:	gap_time	0.150000	m-sec	trigger_peaking_time	0.200000	m-sec	GAINDAC	18610		HIGHGAIN	1		TAURC	1		RCTAU	1		RCTAUFRAC	1		livetime	9.339446	seconds	runtime	10.000493	seconds	input_count_rate	29843.741474	cps	output_count_rate	23560.638932	cps	triggers	278724	seconds	events_in_run	235618	seconds	channel	content		1	0
2	0
3	0
4	0
5	0
6	0
7	0
8	0
9	0
10	0
11	0
12	0
13	0
14	0
15	0
16	0
17	0
18	0
19	0
20	0
21	0
22	0
23	0
24	0
25	0
26	0
27	0
28	0
29	0
30	0
31	13
32	16
33	18
34	15
35	13
36	9
37	13
38	13
39	10
40	12
41	17
42	15
43	7
44	12
45	12
46	13
47	7
48	11
49	10
50	20
51	16
52	12
53	17
54	7
55	14
56	14
57	16
58	9
59	9
60	11
61	9
62	7
63	12
64	12
65	6
66	7
67	14
68	10
69	9
70	7
71	7
72	5
73	9
74	9
75	8
76	7
77	4
78	10
79	15
80	10
81	15
82	16
83	13
84	16
85	12
86	11
87	4
88	4
89	3
90	4
91	7
92	12
93	13
94	15
95	27
96	31
97	35
98	25
99	21
100	14
101	13
102	9
103	11
104	0
105	14
106	4
107	13
108	7
109	9
110	12
111	8
112	5
113	5
114	6
115	7
116	6
117	6
118	4
119	6
120	6
121	9
122	6
123	2
124	6
125	6
126	2
127	2
128	9
129	6
130	3
131	2
132	6
133	2
134	8
135	3
136	5
137	7
138	4
139	5
140	12
141	1
142	5
143	2
144	5
145	4
146	6
147	5
148	6
149	2
150	5
151	10
152	6
153	7
154	6
155	6
156	3
157	6
158	4
159	12
160	16
161	24
162	20
163	27
164	24
165	22
166	22
167	7
168	9
169	12
170	6
171	5
172	1
173	6
174	7
175	6
176	6
177	18
178	20
179	33
180	44
181	45
182	53
183	60
184	44
185	37
186	25
187	18
188	9
189	9
190	3
191	5
192	11
193	9
194	10
195	15
196	33
197	75
198	127
199	171
200	260
201	393
202	464
203	468
204	449
205	357
206	279
207	178
208	109
209	37
210	30
211	13
212	11
213	14
214	14
215	22
216	32
217	52
218	54
219	73
220	78
221	79
222	62
223	49
224	42
225	26
226	20
227	9
228	9
229	12
230	8
231	2
232	4
233	5
234	3
235	7
236	5
237	4
238	8
239	16
240	22
241	31
242	59
243	74
244	123
245	171
246	233
247	210
248	228
249	193
250	195
251	144
252	123
253	83
254	66
255	72
256	56
257	48
258	33
259	32
260	24
261	17
262	20
263	16
264	17
265	22
266	27
267	45
268	31
269	56
270	47
271	76
272	66
273	48
274	56
275	32
276	28
277	20
278	19
279	9
280	14
281	7
282	23
283	16
284	5
285	20
286	14
287	23
288	17
289	25
290	22
291	35
292	23
293	24
294	21
295	25
296	15
297	19
298	19
299	16
300	17
301	24
302	25
303	22
304	17
305	19
306	19
307	11
308	11
309	16
310	20
311	8
312	10
313	18
314	14
315	32
316	30
317	57
318	61
319	119
320	110
321	139
322	177
323	207
324	170
325	184
326	146
327	116
328	103
329	60
330	36
331	45
332	38
333	41
334	37
335	45
336	44
337	58
338	61
339	90
340	163
341	298
342	506
343	932
344	1695
345	2753
346	4284
347	6116
348	7898
349	9772
350	10941
351	11467
352	10779
353	9572
354	7514
355	5717
356	3917
357	2490
358	1479
359	847
360	468
361	220
362	129
363	77
364	65
365	55
366	50
367	48
368	52
369	51
370	57
371	60
372	55
373	76
374	75
375	89
376	104
377	152
378	191
379	272
380	400
381	641
382	861
383	1176
384	1446
385	1661
386	1788
387	1925
388	1670
389	1490
390	1265
391	989
392	680
393	448
394	301
395	147
396	104
397	70
398	45
399	32
400	27
401	38
402	39
403	30
404	33
405	35
406	41
407	33
408	37
409	42
410	25
411	34
412	34
413	38
414	37
415	39
416	35
417	30
418	36
419	43
420	35
421	31
422	44
423	36
424	33
425	36
426	29
427	39
428	29
429	34
430	32
431	27
432	33
433	47
434	45
435	46
436	78
437	72
438	74
439	82
440	66
441	88
442	79
443	70
444	72
445	60
446	81
447	50
448	65
449	70
450	65
451	65
452	62
453	73
454	76
455	78
456	83
457	92
458	101
459	77
460	74
461	87
462	96
463	72
464	70
465	86
466	53
467	84
468	83
469	67
470	65
471	62
472	73
473	73
474	74
475	50
476	61
477	66
478	50
479	62
480	51
481	71
482	45
483	63
484	53
485	64
486	76
487	48
488	64
489	61
490	64
491	61
492	66
493	61
494	67
495	56
496	73
497	76
498	71
499	70
500	69
501	67
502	67
503	74
504	66
505	69
506	71
507	71
508	76
509	69
510	95
511	93
512	82
513	73
514	82
515	98
516	80
517	86
518	65
519	84
520	90
521	83
522	87
523	89
524	92
525	86
526	98
527	100
528	108
529	89
530	94
531	87
532	93
533	94
534	103
535	88
536	70
537	82
538	76
539	85
540	103
541	87
542	92
543	84
544	95
545	79
546	95
547	95
548	82
549	73
550	72
551	94
552	93
553	86
554	69
555	74
556	86
557	73
558	73
559	70
560	82
561	84
562	72
563	89
564	68
565	83
566	74
567	77
568	93
569	99
570	82
571	96
572	81
573	80
574	98
575	103
576	91
577	85
578	90
579	92
580	100
581	79
582	77
583	79
584	92
585	96
586	88
587	85
588	107
589	96
590	125
591	87
592	91
593	92
594	76
595	95
596	83
597	87
598	83
599	92
600	91
601	94
602	99
603	103
604	85
605	111
606	93
607	83
608	89
609	99
610	88
611	102
612	97
613	104
614	129
615	99
616	97
617	109
618	103
619	101
620	99
621	99
622	93
623	98
624	88
625	102
626	116
627	88
628	107
629	111
630	103
631	96
632	96
633	101
634	102
635	99
636	105
637	100
638	100
639	104
640	89
641	120
642	114
643	69
644	106
645	111
646	114
647	87
648	102
649	116
650	116
651	106
652	105
653	98
654	113
655	109
656	102
657	118
658	106
659	133
660	107
661	84
662	103
663	111
664	117
665	102
666	112
667	98
668	95
669	123
670	108
671	114
672	119
673	104
674	115
675	108
676	122
677	123
678	117
679	136
680	124
681	136
682	122
683	133
684	113
685	110
686	117
687	120
688	123
689	115
690	122
691	107
692	118
693	116
694	101
695	123
696	139
697	121
698	131
699	141
700	148
701	145
702	132
703	151
704	112
705	129
706	124
707	134
708	110
709	122
710	114
711	128
712	132
713	131
714	140
715	146
716	137
717	118
718	130
719	135
720	130
721	100
722	126
723	131
724	132
725	111
726	152
727	138
728	130
729	146
730	124
731	122
732	132
733	138
734	128
735	119
736	118
737	146
738	129
739	125
740	139
741	104
742	129
743	121
744	139
745	154
746	118
747	123
748	126
749	129
750	136
751	127
752	123
753	135
754	131
755	113
756	135
757	104
758	134
759	135
760	153
761	145
762	167
763	162
764	152
765	191
766	222
767	223
768	259
769	253
770	300
771	286
772	328
773	299
774	334
775	329
776	295
777	298
778	245
779	244
780	205
781	203
782	183
783	167
784	158
785	133
786	136
787	143
788	125
789	144
790	132
791	161
792	121
793	153
794	119
795	138
796	131
797	144
798	148
799	139
800	120
801	117
802	124
803	124
804	125
805	139
806	130
807	127
808	153
809	141
810	126
811	127
812	148
813	146
814	149
815	135
816	131
817	171
818	145
819	134
820	149
821	157
822	141
823	156
824	145
825	149
826	146
827	129
828	152
829	132
830	138
831	143
832	132
833	143
834	131
835	143
836	139
837	121
838	131
839	125
840	152
841	145
842	153
843	147
844	140
845	159
846	164
847	147
848	160
849	136
850	161
851	152
852	163
853	148
854	179
855	151
856	176
857	181
858	216
859	187
860	206
861	222
862	212
863	198
864	207
865	228
866	229
867	228
868	231
869	225
870	187
871	208
872	240
873	196
874	219
875	196
876	248
877	240
878	249
879	233
880	244
881	284
882	296
883	304
884	322
885	354
886	337
887	373
888	378
889	437
890	413
891	447
892	446
893	440
894	474
895	471
896	535
897	514
898	523
899	577
900	521
901	559
902	555
903	574
904	484
905	547
906	488
907	503
908	441
909	453
910	441
911	423
912	418
913	407
914	354
915	349
916	325
917	323
918	335
919	320
920	289
921	247
922	250
923	227
924	224
925	194
926	217
927	200
928	184
929	170
930	189
931	173
932	184
933	169
934	164
935	161
936	174
937	147
938	177
939	150
940	169
941	179
942	177
943	192
944	231
945	248
946	238
947	298
948	306
949	355
950	374
951	391
952	434
953	400
954	430
955	429
956	440
957	402
958	356
959	322
960	308
961	281
962	242
963	194
964	193
965	175
966	146
967	157
968	117
969	112
970	119
971	133
972	119
973	120
974	103
975	111
976	106
977	121
978	127
979	119
980	118
981	124
982	126
983	130
984	123
985	129
986	158
987	111
988	166
989	150
990	146
991	138
992	143
993	138
994	137
995	150
996	152
997	156
998	145
999	158
1000	182
1001	164
1002	167
1003	154
1004	180
1005	191
1006	184
1007	196
1008	151
1009	178
1010	181
1011	165
1012	153
1013	146
1014	149
1015	152
1016	153
1017	142
1018	152
1019	144
1020	128
1021	129
1022	139
1023	119
1024	112
