3
5
7
9
13
15
17
19
21
23
25
27
29
31
33
35
37
39
41
43
45
47
49
51
53
55
59
61
63
65
67
69
71
73
75
77
79
81
83
85
87
89
91
93
95
97
99
101
103
105
107
109
111
113
115
117
119
121
123
125
127
129
131
133
135
137
139
141
143
145
147
149
151
153
155
157
159
161
163
165
167
169
171
173
174
175
176
177
178
179
180
181
182
183
184
186
188
190
192
194
196
198
200
202
204
206
208
210
214
216
218
220
222
224
226
228
230
232
234
238
239
242
243
244
245
249
250
251
252
253
255
257
259
261
263
265
267
269
271
273
275
277
279
281
283
285
287
289
291
293
295
297
299
301
303
305
307
309
311
313
315
319
321
323
325
327
329
331
333
335
337
339
341
343
345
347
349
351
353
355